1780000 247
1780010 247
1780020 245
1780030 245
1780040 245
1780050 245
1780060 242
1780070 242
1780080 240
1780090 239
1780100 239
1780110 238
1780120 236
1780130 235
1780140 235
1780150 234
1780160 234
1780170 234
1780180 234
1780190 233
1780200 233
1780210 233
1780220 232
1780230 232
1780240 232
1780250 232
1780260 232
1780270 232
1780280 231
1780290 229
1780300 229
1780310 228
1780320 228
1780330 228
1780340 228
1780350 229
1780360 229
1780370 229
1780380 229
1780390 229
1780400 229
1780410 229
1780420 229
1780430 226
1780440 219
1780450 219
1780460 217
1780470 216
1780480 216
1780490 216
1780500 216
1780510 215
1780520 215
1780530 215
1780540 214
1780550 214
1780560 214
1780570 214
1780580 214
1780590 214
1780600 214
1780610 214
1780620 214
1780630 214
1780640 214
1780650 214
1780660 214
1780670 214
1780680 214
1780690 214
1780700 214
1780710 214
1780720 214
1780730 214
1780740 214
1780750 215
1780760 216
1780770 216
1780780 219
1780790 222
1780800 222
1780810 222
1780820 222
1780830 221
1780840 221
1780850 221
1780860 220
1780870 220
1780880 219
1780890 218
1780900 218
1780910 218
1780920 217
1780930 217
1780940 217
1780950 217
1780960 216
1780970 216
1780980 216
1780990 215
1781000 215
1781010 215
1781020 214
1781030 214
1781040 214
1781050 214
1781060 214
1781070 214
1781080 213
1781090 213
1781100 213
1781110 213
1781120 212
1781130 212
1781140 213
1781150 211
1781160 211
1781170 210
1781180 209
1781190 209
1781200 208
1781210 208
1781220 208
1781230 207
1781240 208
1781250 208
1781260 208
1781270 209
1781280 206
1781290 206
1781300 208
1781310 205
1781320 205
1781330 206
1781340 205
1781350 205
1781360 205
1781370 205
1781380 205
1781390 206
1781400 207
1781410 207
1781420 209
1781430 209
1781440 210
1781450 210
1781460 211
1781470 212
1781480 212
1781490 213
1781500 214
1781510 214
1781520 213
1781530 213
1781540 213
1781550 209
1781560 203
1781570 203
1781580 202
1781590 202
1781600 202
1781610 202
1781620 202
1781630 202
1781640 202
1781650 202
1781660 202
1781670 202
1781680 202
1781690 203
1781700 203
1781710 203
1781720 203
1781730 203
1781740 203
1781750 203
1781760 203
1781770 203
1781780 203
1781790 203
1781800 203
1781810 203
1781820 204
1781830 204
1781840 204
1781850 203
1781860 203
1781870 200
1781880 200
1781890 200
1781900 200
1781910 200
1781920 200
1781930 200
1781940 200
1781950 200
1781960 200
1781970 200
1781980 200
1781990 200
1782000 203
1782010 203
1782020 203
1782030 203
1782040 203
1782050 203
1782060 203
1782070 203
1782080 203
1782090 203
1782100 203
1782110 203
1782120 203
1782130 203
1782140 203
1782150 203
1782160 203
1782170 203
1782180 203
1782190 203
1782200 203
1782210 203
1782220 203
1782230 203
1782240 203
1782250 203
1782260 203
1782270 201
1782280 202
1782290 202
1782300 203
1782310 203
1782320 203
1782330 203
1782340 203
1782350 205
1782360 203
1782370 203
1782380 201
1782390 202
1782400 202
1782410 202
1782420 202
1782430 203
1782440 203
1782450 202
1782460 200
1782470 200
1782480 203
1782490 203
1782500 203
1782510 203
1782520 203
1782530 203
1782540 203
1782550 203
1782560 203
1782570 203
1782580 203
1782590 203
1782600 203
1782610 203
1782620 203
1782630 203
1782640 203
1782650 203
1782660 203
1782670 203
1782680 203
1782690 203
1782700 203
1782710 203
1782720 203
1782730 203
1782740 203
1782750 203
1782760 203
1782770 203
1782780 203
1782790 203
1782800 203
1782810 203
1782820 203
1782830 203
1782840 202
1782850 202
1782860 202
1782870 202
1782880 202
1782890 202
1782900 203
1782910 203
1782920 203
1782930 203
1782940 203
1782950 203
1782960 203
1782970 203
1782980 203
1782990 203
1783000 203
1783010 203
1783020 203
1783030 203
1783040 203
1783050 203
1783060 203
1783070 203
1783080 203
1783090 202
1783100 202
1783110 202
1783120 203
1783130 203
1783140 203
1783150 203
1783160 203
1783170 203
1783180 203
1783190 203
1783200 203
1783210 203
1783220 203
1783230 203
1783240 203
1783250 203
1783260 203
1783270 203
1783280 203
1783290 203
1783300 203
1783310 203
1783320 203
1783330 203
1783340 203
1783350 203
1783360 203
1783370 203
1783380 203
1783390 203
1783400 203
1783410 202
1783420 202
1783430 202
1783440 202
1783450 202
1783460 202
1783470 202
1783480 202
1783490 202
1783500 202
1783510 202
1783520 202
1783530 202
1783540 202
1783550 202
1783560 202
1783570 202
1783580 202
1783590 202
1783600 202
1783610 202
1783620 202
1783630 202
1783640 202
1783650 202
1783660 202
1783670 202
1783680 202
1783690 202
1783700 202
1783710 202
1783720 202
1783730 202
1783740 202
1783750 202
1783760 201
1783770 201
1783780 201
1783790 201
1783800 201
1783810 201
1783820 202
1783830 202
1783840 202
1783850 202
1783860 202
1783870 202
1783880 202
1783890 202
1783900 201
1783910 201
1783920 201
1783930 201
1783940 201
1783950 201
1783960 201
1783970 201
1783980 201
1783990 201
1784000 201
1784010 201
1784020 202
1784030 201
1784040 201
1784050 202
1784060 202
1784070 202
1784080 201
1784090 201
1784100 201
1784110 201
1784120 201
1784130 201
1784140 201
1784150 201
1784160 201
1784170 201
1784180 202
1784190 202
1784200 202
1784210 202
1784220 202
1784230 202
1784240 202
1784250 202
1784260 202
1784270 202
1784280 202
1784290 202
1784300 202
1784310 202
1784320 202
1784330 202
1784340 201
1784350 201
1784360 201
1784370 202
1784380 201
1784390 201
1784400 201
1784410 202
1784420 202
1784430 202
1784440 202
1784450 202
1784460 200
1784470 200
1784480 200
1784490 200
1784500 200
1784510 200
1784520 200
1784530 201
1784540 201
1784550 201
1784560 201
1784570 201
1784580 201
1784590 201
1784600 201
1784610 201
1784620 201
1784630 201
1784640 201
1784650 201
1784660 201
1784670 201
1784680 201
1784690 201
1784700 201
1784710 201
1784720 201
1784730 201
1784740 201
1784750 202
1784760 202
1784770 202
1784780 202
1784790 202
1784800 202
1784810 202
1784820 202
1784830 202
1784840 202
1784850 202
1784860 202
1784870 202
1784880 202
1784890 202
1784900 202
1784910 202
1784920 202
1784930 202
1784940 202
1784950 202
1784960 202
1784970 202
1784980 202
1784990 202
1785000 202
1785010 202
1785020 202
1785030 202
1785040 202
1785050 202
1785060 202
1785070 201
1785080 201
1785090 201
1785100 201
1785110 202
1785120 202
1785130 202
1785140 202
1785150 202
1785160 202
1785170 202
1785180 202
1785190 202
1785200 202
1785210 202
1785220 202
1785230 202
1785240 202
1785250 202
1785260 202
1785270 202
1785280 202
1785290 202
1785300 201
1785310 201
1785320 201
1785330 201
1785340 201
1785350 201
1785360 201
1785370 201
1785380 201
1785390 201
1785400 201
1785410 201
1785420 201
1785430 201
1785440 201
1785450 201
1785460 201
1785470 201
1785480 201
1785490 202
1785500 202
1785510 202
1785520 202
1785530 201
1785540 201
1785550 201
1785560 202
1785570 202
1785580 202
1785590 202
1785600 202
1785610 202
1785620 198
1785630 199
1785640 201
1785650 202
1785660 202
1785670 202
1785680 202
1785690 202
1785700 202
1785710 201
1785720 201
1785730 201
1785740 201
1785750 201
1785760 201
1785770 201
1785780 201
1785790 201
1785800 201
1785810 201
1785820 201
1785830 201
1785840 201
1785850 201
1785860 201
1785870 201
1785880 201
1785890 201
1785900 201
1785910 201
1785920 201
1785930 201
1785940 201
1785950 201
1785960 201
1785970 200
1785980 200
1785990 200
1786000 200
1786010 200
1786020 200
1786030 200
1786040 200
1786050 200
1786060 201
1786070 201
1786080 201
1786090 201
1786100 201
1786110 201
1786120 201
1786130 201
1786140 201
1786150 201
1786160 200
1786170 201
1786180 201
1786190 200
1786200 200
1786210 200
1786220 200
1786230 200
1786240 200
1786250 200
1786260 200
1786270 200
1786280 200
1786290 200
1786300 200
1786310 200
1786320 200
1786330 199
1786340 199
1786350 199
1786360 200
1786370 200
1786380 201
1786390 201
1786400 201
1786410 201
1786420 200
1786430 200
1786440 201
1786450 201
1786460 201
1786470 201
1786480 200
1786490 200
1786500 200
1786510 200
1786520 200
1786530 200
1786540 200
1786550 200
1786560 200
1786570 200
1786580 200
1786590 200
1786600 200
1786610 200
1786620 200
1786630 200
1786640 200
1786650 200
1786660 200
1786670 200
1786680 200
1786690 200
1786700 200
1786710 200
1786720 200
1786730 199
1786740 199
1786750 199
1786760 199
1786770 199
1786780 199
1786790 199
1786800 199
1786810 199
1786820 199
1786830 200
1786840 200
1786850 200
1786860 200
1786870 199
1786880 199
1786890 199
1786900 199
1786910 199
1786920 199
1786930 199
1786940 199
1786950 199
1786960 199
1786970 199
1786980 199
1786990 199
1787000 199
1787010 199
1787020 198
1787030 198
1787040 198
1787050 198
1787060 199
1787070 199
1787080 199
1787090 199
1787100 199
1787110 199
1787120 200
1787130 200
1787140 200
1787150 200
1787160 199
1787170 199
1787180 199
1787190 199
1787200 199
1787210 199
1787220 199
1787230 199
1787240 198
1787250 199
1787260 199
1787270 199
1787280 199
1787290 199
1787300 199
1787310 199
1787320 199
1787330 199
1787340 199
1787350 199
1787360 199
1787370 199
1787380 199
1787390 199
1787400 199
1787410 199
1787420 199
1787430 199
1787440 199
1787450 199
1787460 199
1787470 199
1787480 199
1787490 199
1787500 200
1787510 199
1787520 199
1787530 199
1787540 199
1787550 199
