1780000 203
1780010 203
1780020 203
1780030 203
1780040 203
1780050 203
1780060 203
1780070 203
1780080 203
1780090 203
1780100 203
1780110 203
1780120 203
1780130 203
1780140 203
1780150 203
1780160 203
1780170 203
1780180 203
1780190 203
1780200 203
1780210 203
1780220 203
1780230 203
1780240 203
1780250 203
1780260 203
1780270 203
1780280 203
1780290 203
1780300 203
1780310 203
1780320 203
1780330 203
1780340 205
1780350 206
1780360 206
1780370 207
1780380 207
1780390 207
1780400 207
1780410 207
1780420 207
1780430 208
1780440 208
1780450 208
1780460 207
1780470 206
1780480 206
1780490 206
1780500 206
1780510 207
1780520 207
1780530 208
1780540 206
1780550 206
1780560 206
1780570 206
1780580 206
1780590 206
1780600 206
1780610 206
1780620 206
1780630 206
1780640 206
1780650 206
1780660 206
1780670 206
1780680 206
1780690 206
1780700 206
1780710 206
1780720 206
1780730 206
1780740 206
1780750 206
1780760 206
1780770 206
1780780 206
1780790 206
1780800 206
1780810 206
1780820 206
1780830 206
1780840 206
1780850 206
1780860 205
1780870 205
1780880 205
1780890 206
1780900 206
1780910 206
1780920 206
1780930 206
1780940 206
1780950 206
1780960 206
1780970 205
1780980 205
1780990 206
1781000 206
1781010 205
1781020 205
1781030 205
1781040 205
1781050 206
1781060 206
1781070 205
1781080 205
1781090 205
1781100 206
1781110 205
1781120 205
1781130 205
1781140 205
1781150 205
1781160 205
1781170 205
1781180 205
1781190 205
1781200 205
1781210 205
1781220 205
1781230 205
1781240 205
1781250 205
1781260 205
1781270 205
1781280 205
1781290 205
1781300 205
1781310 205
1781320 205
1781330 205
1781340 205
1781350 205
1781360 205
1781370 205
1781380 205
1781390 205
1781400 205
1781410 205
1781420 205
1781430 205
1781440 205
1781450 205
1781460 204
1781470 204
1781480 204
1781490 205
1781500 205
1781510 205
1781520 205
1781530 205
1781540 205
1781550 205
1781560 205
1781570 205
1781580 205
1781590 205
1781600 205
1781610 205
1781620 205
1781630 205
1781640 205
1781650 205
1781660 205
1781670 205
1781680 205
1781690 205
1781700 205
1781710 205
1781720 205
1781730 205
1781740 205
1781750 205
1781760 205
1781770 204
1781780 204
1781790 204
1781800 204
1781810 204
1781820 203
1781830 203
1781840 204
1781850 205
1781860 205
1781870 205
1781880 205
1781890 205
1781900 205
1781910 205
1781920 205
1781930 205
1781940 205
1781950 205
1781960 205
1781970 205
1781980 204
1781990 204
1782000 204
1782010 203
1782020 203
1782030 204
1782040 205
1782050 205
1782060 204
1782070 204
1782080 204
1782090 204
1782100 204
1782110 204
1782120 204
1782130 204
1782140 204
1782150 204
1782160 204
1782170 204
1782180 204
1782190 205
1782200 205
1782210 204
1782220 204
1782230 205
1782240 205
1782250 205
1782260 205
1782270 205
1782280 205
1782290 205
1782300 205
1782310 205
1782320 205
1782330 205
1782340 205
1782350 205
1782360 205
1782370 205
1782380 205
1782390 205
1782400 205
1782410 205
1782420 204
1782430 204
1782440 204
1782450 204
1782460 204
1782470 205
1782480 204
1782490 204
1782500 204
1782510 204
1782520 204
1782530 204
1782540 204
1782550 204
1782560 204
1782570 204
1782580 204
1782590 204
1782600 204
1782610 204
1782620 204
1782630 204
1782640 204
1782650 204
1782660 204
1782670 204
1782680 204
1782690 204
1782700 204
1782710 204
1782720 204
1782730 204
1782740 204
1782750 204
1782760 204
1782770 204
1782780 204
1782790 204
1782800 204
1782810 204
1782820 204
1782830 204
1782840 204
1782850 204
1782860 204
1782870 204
1782880 204
1782890 204
1782900 204
1782910 204
1782920 204
1782930 204
1782940 204
1782950 203
1782960 203
1782970 203
1782980 203
1782990 203
1783000 203
1783010 203
1783020 203
1783030 204
1783040 204
1783050 204
1783060 204
1783070 204
1783080 204
1783090 204
1783100 204
1783110 203
1783120 203
1783130 203
1783140 203
1783150 203
1783160 203
1783170 203
1783180 203
1783190 203
1783200 203
1783210 203
1783220 203
1783230 203
1783240 203
1783250 203
1783260 203
1783270 203
1783280 204
1783290 204
1783300 204
1783310 204
1783320 204
1783330 204
1783340 204
1783350 204
1783360 204
1783370 204
1783380 204
1783390 204
1783400 204
1783410 204
1783420 204
1783430 204
1783440 204
1783450 204
1783460 204
1783470 204
1783480 204
1783490 204
1783500 204
1783510 204
1783520 204
1783530 204
1783540 204
1783550 204
1783560 204
1783570 204
1783580 204
1783590 204
1783600 204
1783610 204
1783620 204
1783630 204
1783640 204
1783650 204
1783660 204
1783670 204
1783680 204
1783690 204
1783700 204
1783710 204
1783720 204
1783730 204
1783740 204
1783750 204
1783760 204
1783770 204
1783780 204
1783790 204
1783800 204
1783810 204
1783820 204
1783830 204
1783840 204
1783850 204
1783860 204
1783870 204
1783880 204
1783890 204
1783900 204
1783910 204
1783920 204
1783930 204
1783940 204
1783950 204
1783960 203
1783970 203
1783980 203
1783990 203
1784000 203
1784010 203
1784020 203
1784030 203
1784040 203
1784050 203
1784060 203
1784070 203
1784080 203
1784090 203
1784100 204
1784110 203
1784120 203
1784130 203
1784140 204
1784150 203
1784160 203
1784170 203
1784180 203
1784190 203
1784200 203
1784210 203
1784220 203
1784230 203
1784240 203
1784250 203
1784260 203
1784270 203
1784280 203
1784290 203
1784300 203
1784310 203
1784320 203
1784330 203
1784340 203
1784350 203
1784360 203
1784370 203
1784380 203
1784390 203
1784400 203
1784410 203
1784420 203
1784430 203
1784440 203
1784450 203
1784460 203
1784470 203
1784480 203
1784490 203
1784500 203
1784510 203
1784520 203
1784530 203
1784540 203
1784550 203
1784560 203
1784570 203
1784580 203
1784590 203
1784600 203
1784610 203
1784620 203
1784630 203
1784640 203
1784650 203
1784660 203
1784670 203
1784680 203
1784690 203
1784700 203
1784710 203
1784720 203
1784730 203
1784740 203
1784750 203
1784760 202
1784770 202
1784780 202
1784790 202
1784800 202
1784810 202
1784820 202
1784830 202
1784840 202
1784850 202
1784860 202
1784870 203
1784880 203
1784890 203
1784900 203
1784910 203
1784920 203
1784930 203
1784940 203
1784950 203
1784960 203
1784970 203
1784980 202
1784990 202
1785000 202
1785010 202
1785020 202
1785030 202
1785040 202
1785050 202
1785060 202
1785070 202
1785080 202
1785090 202
1785100 203
1785110 203
1785120 203
1785130 203
1785140 202
1785150 202
1785160 202
1785170 203
1785180 203
1785190 202
1785200 202
1785210 202
1785220 203
1785230 203
1785240 203
1785250 202
1785260 202
1785270 202
1785280 202
1785290 202
1785300 202
1785310 202
1785320 202
1785330 202
1785340 202
1785350 202
1785360 202
1785370 202
1785380 202
1785390 202
1785400 202
1785410 202
1785420 202
1785430 202
1785440 202
1785450 202
1785460 202
1785470 202
1785480 202
1785490 202
1785500 202
1785510 202
1785520 202
1785530 202
1785540 202
1785550 202
1785560 202
1785570 202
1785580 202
1785590 202
1785600 202
1785610 202
1785620 202
1785630 202
1785640 202
1785650 202
1785660 202
1785670 202
1785680 202
1785690 202
1785700 202
1785710 202
1785720 202
1785730 201
1785740 202
1785750 202
1785760 202
1785770 202
1785780 202
1785790 202
1785800 202
1785810 202
1785820 202
1785830 201
1785840 201
1785850 201
1785860 201
1785870 201
1785880 201
1785890 202
1785900 202
1785910 202
1785920 202
1785930 202
1785940 202
1785950 202
1785960 202
1785970 202
1785980 202
1785990 201
1786000 201
1786010 201
1786020 202
1786030 201
1786040 201
1786050 202
1786060 202
1786070 202
1786080 202
1786090 202
1786100 201
1786110 201
1786120 201
1786130 201
1786140 201
1786150 201
1786160 200
1786170 200
1786180 201
1786190 201
1786200 201
1786210 201
1786220 201
1786230 201
1786240 201
1786250 201
1786260 201
1786270 201
1786280 201
1786290 201
1786300 201
1786310 201
1786320 201
1786330 201
1786340 201
1786350 201
1786360 201
1786370 201
1786380 201
1786390 201
1786400 201
1786410 201
1786420 201
1786430 201
1786440 201
1786450 201
1786460 201
1786470 201
1786480 201
1786490 201
1786500 201
1786510 201
1786520 201
1786530 201
1786540 201
1786550 201
1786560 201
1786570 201
1786580 201
1786590 201
1786600 201
1786610 201
1786620 201
1786630 201
1786640 201
1786650 201
1786660 201
1786670 201
1786680 201
1786690 201
1786700 201
1786710 201
1786720 201
1786730 201
1786740 201
1786750 201
1786760 201
1786770 201
1786780 201
1786790 201
1786800 201
1786810 201
1786820 201
1786830 201
1786840 201
1786850 201
1786860 201
1786870 201
1786880 201
1786890 201
1786900 201
1786910 201
1786920 201
1786930 201
1786940 201
1786950 201
1786960 201
1786970 201
1786980 201
1786990 201
1787000 201
1787010 201
1787020 201
1787030 201
1787040 201
1787050 201
1787060 201
1787070 201
1787080 201
1787090 201
1787100 201
1787110 201
1787120 201
1787130 201
1787140 200
1787150 200
1787160 200
1787170 200
1787180 200
1787190 200
1787200 200
1787210 200
1787220 200
1787230 200
1787240 200
1787250 200
1787260 200
1787270 200
1787280 200
1787290 200
1787300 200
1787310 200
1787320 200
1787330 200
1787340 200
1787350 200
1787360 200
1787370 200
1787380 200
1787390 200
1787400 200
1787410 200
1787420 200
1787430 200
1787440 200
1787450 200
1787460 200
1787470 200
1787480 200
1787490 200
1787500 200
1787510 200
1787520 200
1787530 200
1787540 200
