1780000 240
1780010 241
1780020 241
1780030 241
1780040 242
1780050 242
1780060 242
1780070 243
1780080 243
1780090 243
1780100 244
1780110 244
1780120 244
1780130 244
1780140 244
1780150 245
1780160 245
1780170 245
1780180 245
1780190 245
1780200 246
1780210 246
1780220 246
1780230 246
1780240 246
1780250 246
1780260 247
1780270 247
1780280 247
1780290 247
1780300 247
1780310 248
1780320 248
1780330 248
1780340 248
1780350 249
1780360 249
1780370 249
1780380 249
1780390 250
1780400 250
1780410 250
1780420 250
1780430 250
1780440 251
1780450 251
1780460 251
1780470 251
1780480 252
1780490 252
1780500 252
1780510 253
1780520 253
1780530 253
1780540 253
1780550 254
1780560 254
1780570 254
1780580 254
1780590 254
1780600 255
1780610 255
1780620 255
1780630 255
1780640 256
1780650 256
1780660 256
1780670 256
1780680 256
1780690 256
1780700 257
1780710 257
1780720 257
1780730 257
1780740 258
1780750 258
1780760 258
1780770 258
1780780 258
1780790 259
1780800 260
1780810 260
1780820 260
1780830 260
1780840 260
1780850 261
1780860 261
1780870 262
1780880 262
1780890 263
1780900 264
1780910 264
1780920 264
1780930 265
1780940 265
1780950 266
1780960 267
1780970 267
1780980 269
1780990 270
1781000 270
1781010 272
1781020 273
1781030 273
1781040 275
1781050 276
1781060 278
1781070 278
1781080 280
1781090 281
1781100 281
1781110 283
1781120 285
1781130 285
1781140 286
1781150 287
1781160 287
1781170 288
1781180 288
1781190 288
1781200 288
1781210 289
1781220 289
1781230 289
1781240 288
1781250 288
1781260 288
1781270 288
1781280 287
1781290 287
1781300 287
1781310 286
1781320 286
1781330 286
1781340 285
1781350 285
1781360 285
1781370 285
1781380 285
1781390 285
1781400 284
1781410 284
1781420 284
1781430 284
1781440 284
1781450 284
1781460 285
1781470 285
1781480 285
1781490 286
1781500 288
1781510 288
1781520 289
1781530 290
1781540 290
1781550 292
1781560 293
1781570 293
1781580 293
1781590 294
1781600 293
1781610 293
1781620 292
1781630 290
1781640 290
1781650 288
1781660 288
1781670 288
