1780000 237
1780010 237
1780020 237
1780030 237
1780040 237
1780050 238
1780060 238
1780070 239
1780080 239
1780090 239
1780100 240
1780110 240
1780120 240
1780130 241
1780140 241
1780150 242
1780160 243
1780170 243
1780180 243
1780190 244
1780200 244
1780210 245
1780220 246
1780230 247
1780240 247
1780250 248
1780260 249
1780270 249
1780280 249
1780290 250
1780300 250
1780310 251
1780320 251
1780330 251
1780340 252
1780350 253
1780360 253
1780370 254
1780380 255
1780390 255
1780400 256
1780410 257
1780420 258
1780430 258
1780440 260
1780450 261
1780460 261
1780470 262
1780480 263
1780490 263
1780500 264
1780510 265
1780520 265
1780530 266
1780540 267
1780550 267
1780560 268
1780570 269
1780580 270
1780590 270
1780600 271
1780610 271
1780620 271
1780630 272
1780640 273
1780650 273
1780660 274
1780670 274
1780680 274
1780690 275
1780700 276
1780710 276
1780720 277
1780730 278
1780740 278
1780750 279
1780760 279
1780770 280
1780780 280
1780790 280
1780800 281
1780810 281
1780820 281
1780830 282
1780840 282
1780850 283
1780860 284
1780870 284
1780880 285
1780890 286
1780900 286
1780910 286
1780920 287
1780930 288
1780940 288
1780950 288
1780960 289
1780970 289
1780980 290
1780990 292
1781000 292
1781010 293
1781020 294
1781030 294
1781040 294
1781050 295
1781060 295
1781070 296
1781080 297
1781090 297
1781100 298
1781110 300
1781120 301
1781130 301
1781140 303
1781150 304
1781160 304
1781170 305
1781180 305
1781190 305
1781200 305
1781210 304
1781220 304
1781230 304
1781240 304
1781250 304
1781260 304
1781270 304
1781280 305
1781290 305
1781300 305
1781310 306
1781320 306
1781330 307
1781340 310
1781350 310
1781360 311
1781370 311
1781380 311
1781390 312
1781400 312
1781410 312
1781420 313
1781430 313
1781440 313
1781450 313
1781460 313
1781470 312
1781480 312
1781490 312
1781500 311
1781510 311
1781520 310
1781530 310
1781540 310
1781550 311
1781560 312
1781570 312
1781580 314
1781590 315
1781600 315
1781610 316
1781620 317
1781630 319
1781640 319
1781650 320
1781660 322
1781670 322
