1780000 253
1780010 253
1780020 253
1780030 253
1780040 253
1780050 253
1780060 253
1780070 253
1780080 253
1780090 253
1780100 253
1780110 252
1780120 252
1780130 252
1780140 250
1780150 250
1780160 250
1780170 251
1780180 251
1780190 251
1780200 252
1780210 252
1780220 252
1780230 252
1780240 252
1780250 253
1780260 253
1780270 254
1780280 254
1780290 254
1780300 254
1780310 256
1780320 256
1780330 257
1780340 259
1780350 259
1780360 260
1780370 262
1780380 262
1780390 263
1780400 264
1780410 265
1780420 265
1780430 265
1780440 265
1780450 265
1780460 265
1780470 266
1780480 266
1780490 266
1780500 267
1780510 267
1780520 268
1780530 269
1780540 269
1780550 270
1780560 272
1780570 274
1780580 274
1780590 275
1780600 277
1780610 277
1780620 279
1780630 280
1780640 280
1780650 283
1780660 286
1780670 286
1780680 286
1780690 289
1780700 289
1780710 290
1780720 291
1780730 291
1780740 292
1780750 294
1780760 295
1780770 295
1780780 295
1780790 295
1780800 295
1780810 296
1780820 297
1780830 297
1780840 298
1780850 300
1780860 300
1780870 302
1780880 304
1780890 304
1780900 304
1780910 307
1780920 310
1780930 310
1780940 313
1780950 317
1780960 317
1780970 321
1780980 324
1780990 324
1781000 329
1781010 330
1781020 330
1781030 333
1781040 335
1781050 335
1781060 337
1781070 339
1781080 339
1781090 341
1781100 341
1781110 342
1781120 342
1781130 342
1781140 342
1781150 342
1781160 341
1781170 339
1781180 339
1781190 339
1781200 339
1781210 339
1781220 337
1781230 332
1781240 332
1781250 328
1781260 324
1781270 320
1781280 320
1781290 319
1781300 317
1781310 317
1781320 316
1781330 315
1781340 315
1781350 314
1781360 313
1781370 313
1781380 312
1781390 311
1781400 311
1781410 310
1781420 309
1781430 309
1781440 308
1781450 307
1781460 306
1781470 306
1781480 305
1781490 304
1781500 304
1781510 304
1781520 303
1781530 303
1781540 303
1781550 303
1781560 303
1781570 303
1781580 302
1781590 302
1781600 302
1781610 302
1781620 301
1781630 301
1781640 300
