1780000 250
1780010 250
1780020 250
1780030 248
1780040 248
1780050 250
1780060 250
1780070 250
1780080 250
1780090 250
1780100 250
1780110 250
1780120 251
1780130 251
1780140 251
1780150 251
1780160 251
1780170 251
1780180 251
1780190 251
1780200 251
1780210 252
1780220 253
1780230 253
1780240 254
1780250 254
1780260 254
1780270 256
1780280 256
1780290 257
1780300 257
1780310 259
1780320 261
1780330 261
1780340 262
1780350 264
1780360 264
1780370 266
1780380 267
1780390 267
1780400 269
1780410 271
1780420 271
1780430 272
1780440 273
1780450 275
1780460 275
1780470 277
1780480 278
1780490 278
1780500 280
1780510 281
1780520 281
1780530 283
1780540 284
1780550 284
1780560 286
1780570 288
1780580 288
1780590 289
1780600 292
1780610 292
1780620 294
1780630 296
1780640 298
1780650 298
1780660 300
1780670 301
1780680 301
1780690 302
1780700 303
1780710 303
1780720 304
1780730 306
1780740 306
1780750 307
1780760 308
1780770 308
1780780 308
1780790 308
1780800 311
1780810 311
1780820 312
1780830 313
1780840 313
1780850 316
1780860 319
1780870 319
1780880 321
1780890 323
1780900 323
1780910 325
1780920 327
1780930 327
1780940 328
1780950 330
1780960 330
1780970 332
1780980 334
1780990 336
1781000 336
1781010 338
1781020 339
1781030 339
1781040 342
1781050 344
1781060 344
1781070 347
1781080 349
1781090 349
1781100 351
1781110 352
1781120 352
1781130 353
1781140 354
1781150 355
1781160 355
1781170 351
1781180 354
1781190 354
1781200 353
1781210 352
1781220 352
1781230 351
1781240 349
1781250 349
1781260 347
1781270 345
1781280 345
1781290 344
1781300 341
1781310 341
1781320 339
1781330 336
1781340 334
1781350 334
1781360 332
1781370 331
1781380 331
1781390 329
1781400 328
1781410 328
1781420 326
1781430 325
1781440 325
1781450 323
1781460 321
1781470 321
1781480 319
1781490 317
1781500 316
1781510 316
1781520 315
1781530 314
1781540 314
1781550 312
1781560 311
1781570 311
1781580 310
1781590 309
1781600 309
1781610 307
1781620 305
1781630 305
1781640 303
