1780000 286
1780010 286
1780020 286
1780030 286
1780040 287
1780050 287
1780060 287
1780070 287
1780080 287
1780090 287
1780100 287
1780110 286
1780120 286
1780130 286
1780140 285
1780150 284
1780160 284
1780170 283
1780180 282
1780190 282
1780200 281
1780210 281
1780220 281
1780230 281
1780240 281
1780250 281
1780260 281
1780270 282
1780280 282
1780290 282
1780300 283
1780310 283
1780320 283
1780330 284
1780340 285
1780350 285
1780360 287
1780370 289
1780380 289
1780390 290
1780400 292
1780410 292
1780420 293
1780430 295
1780440 296
1780450 296
1780460 297
1780470 298
1780480 298
1780490 298
1780500 299
1780510 299
1780520 299
1780530 300
1780540 300
1780550 301
1780560 302
1780570 302
1780580 303
1780590 304
1780600 304
1780610 305
1780620 306
1780630 307
1780640 307
1780650 309
1780660 310
1780670 310
1780680 311
1780690 312
1780700 312
1780710 312
1780720 312
1780730 312
1780740 312
1780750 312
1780760 312
1780770 312
1780780 312
1780790 312
1780800 311
1780810 310
1780820 309
1780830 309
1780840 308
1780850 307
1780860 307
1780870 306
1780880 305
1780890 305
1780900 304
1780910 302
1780920 302
1780930 301
1780940 300
1780950 300
1780960 299
1780970 297
1780980 296
1780990 296
1781000 294
1781010 293
1781020 293
1781030 292
1781040 292
1781050 292
1781060 291
1781070 290
1781080 290
1781090 289
1781100 288
1781110 288
1781120 287
1781130 285
1781140 285
1781150 284
1781160 283
1781170 283
1781180 283
1781190 282
1781200 282
1781210 282
1781220 281
1781230 281
1781240 281
1781250 280
1781260 279
1781270 279
1781280 279
1781290 279
1781300 279
1781310 279
1781320 280
1781330 280
1781340 280
1781350 280
1781360 280
1781370 280
1781380 281
1781390 282
1781400 282
1781410 283
1781420 284
1781430 284
1781440 285
1781450 286
1781460 286
1781470 287
1781480 288
1781490 288
1781500 288
1781510 289
1781520 290
1781530 290
1781540 291
1781550 292
1781560 292
1781570 294
1781580 295
1781590 295
1781600 297
1781610 299
1781620 299
