1780000 294
1780010 294
1780020 295
1780030 295
1780040 297
1780050 297
1780060 297
1780070 297
1780080 296
1780090 296
1780100 295
1780110 294
1780120 294
1780130 293
1780140 292
1780150 290
1780160 290
1780170 289
1780180 288
1780190 288
1780200 287
1780210 286
1780220 286
1780230 286
1780240 286
1780250 286
1780260 286
1780270 286
1780280 286
1780290 286
1780300 286
1780310 286
1780320 287
1780330 288
1780340 288
1780350 288
1780360 289
1780370 290
1780380 290
1780390 290
1780400 291
1780410 291
1780420 292
1780430 293
1780440 293
1780450 294
1780460 295
1780470 295
1780480 295
1780490 296
1780500 296
1780510 296
1780520 298
1780530 299
1780540 299
1780550 301
1780560 303
1780570 303
1780580 304
1780590 306
1780600 306
1780610 308
1780620 309
1780630 309
1780640 311
1780650 312
1780660 312
1780670 313
1780680 314
1780690 314
1780700 314
1780710 315
1780720 316
1780730 316
1780740 316
1780750 316
1780760 316
1780770 315
1780780 314
1780790 314
1780800 312
1780810 311
1780820 311
1780830 309
1780840 308
1780850 308
1780860 307
1780870 305
1780880 304
1780890 304
1780900 303
1780910 302
1780920 302
1780930 301
1780940 300
1780950 300
1780960 299
1780970 298
1780980 298
1780990 297
1781000 296
1781010 296
1781020 296
1781030 295
1781040 295
1781050 295
1781060 294
1781070 293
1781080 293
1781090 292
1781100 292
1781110 292
1781120 291
1781130 291
1781140 291
1781150 291
1781160 291
1781170 291
1781180 291
1781190 291
1781200 291
1781210 292
1781220 292
1781230 292
1781240 292
1781250 292
1781260 291
1781270 291
1781280 289
1781290 285
1781300 285
1781310 282
1781320 281
1781330 281
1781340 281
1781350 281
1781360 281
1781370 281
1781380 281
1781390 281
1781400 281
1781410 280
1781420 285
1781430 285
1781440 288
1781450 289
1781460 289
1781470 290
1781480 290
1781490 290
1781500 291
1781510 292
1781520 292
1781530 293
1781540 294
1781550 294
1781560 296
1781570 297
1781580 299
1781590 299
1781600 302
1781610 305
1781620 305
