1780000 304
1780010 305
1780020 305
1780030 307
1780040 309
1780050 309
1780060 310
1780070 311
1780080 311
1780090 311
1780100 310
1780110 310
1780120 309
1780130 307
1780140 307
1780150 307
1780160 306
1780170 304
1780180 304
1780190 301
1780200 300
1780210 300
1780220 300
1780230 304
1780240 304
1780250 307
1780260 310
1780270 310
1780280 312
1780290 312
1780300 313
1780310 313
1780320 314
1780330 314
1780340 314
1780350 314
1780360 315
1780370 315
1780380 315
1780390 316
1780400 316
1780410 317
1780420 318
1780430 318
1780440 318
1780450 319
1780460 319
1780470 319
1780480 321
1780490 322
1780500 322
1780510 322
1780520 323
1780530 323
1780540 323
1780550 323
1780560 323
1780570 323
1780580 323
1780590 323
1780600 323
1780610 324
1780620 324
1780630 324
1780640 324
1780650 324
1780660 325
1780670 325
1780680 326
1780690 326
1780700 327
1780710 327
1780720 327
1780730 327
1780740 326
1780750 326
1780760 325
1780770 324
1780780 324
1780790 323
1780800 322
1780810 322
1780820 321
1780830 321
1780840 320
1780850 320
1780860 319
1780870 318
1780880 318
1780890 318
1780900 317
1780910 317
1780920 316
1780930 315
1780940 315
1780950 314
1780960 314
1780970 314
1780980 313
1780990 312
1781000 312
1781010 312
1781020 311
1781030 310
1781040 310
1781050 309
1781060 308
1781070 308
1781080 307
1781090 305
1781100 305
1781110 304
1781120 301
1781130 301
1781140 299
1781150 297
1781160 297
1781170 293
1781180 292
1781190 292
1781200 291
1781210 291
1781220 291
1781230 291
1781240 291
1781250 291
1781260 291
1781270 290
1781280 290
1781290 290
1781300 294
1781310 298
1781320 298
1781330 298
1781340 297
1781350 297
1781360 296
1781370 296
1781380 295
1781390 295
1781400 295
1781410 294
1781420 294
1781430 290
1781440 290
1781450 290
1781460 287
1781470 286
1781480 286
1781490 284
1781500 284
1781510 284
1781520 284
1781530 284
1781540 284
1781550 284
1781560 284
1781570 285
1781580 285
1781590 285
1781600 287
1781610 287
1781620 289
