1780000 348
1780010 348
1780020 347
1780030 346
1780040 346
1780050 344
1780060 343
1780070 342
1780080 342
1780090 341
1780100 340
1780110 340
1780120 339
1780130 337
1780140 337
1780150 335
1780160 334
1780170 334
1780180 333
1780190 332
1780200 332
1780210 331
1780220 331
1780230 331
1780240 330
1780250 329
1780260 327
1780270 327
1780280 326
1780290 325
1780300 325
1780310 324
1780320 324
1780330 324
1780340 324
1780350 323
1780360 323
1780370 323
1780380 322
1780390 322
1780400 322
1780410 323
1780420 323
1780430 323
1780440 323
1780450 322
1780460 322
1780470 320
1780480 318
1780490 318
1780500 319
1780510 318
1780520 318
1780530 316
1780540 315
1780550 315
1780560 313
1780570 312
1780580 312
1780590 312
1780600 313
1780610 313
1780620 313
1780630 313
1780640 312
1780650 312
1780660 311
1780670 309
1780680 309
1780690 306
1780700 304
1780710 304
1780720 303
1780730 303
1780740 303
1780750 302
1780760 308
1780770 308
1780780 312
1780790 314
1780800 316
1780810 316
1780820 318
1780830 320
1780840 320
1780850 322
1780860 325
1780870 325
1780880 327
1780890 330
1780900 330
1780910 333
1780920 335
1780930 335
1780940 338
1780950 339
1780960 340
1780970 340
1780980 342
1780990 344
1781000 344
1781010 346
1781020 348
1781030 348
1781040 349
1781050 351
1781060 351
1781070 352
1781080 353
1781090 353
1781100 354
1781110 356
1781120 356
1781130 357
1781140 358
1781150 359
1781160 359
1781170 360
1781180 361
1781190 361
1781200 361
1781210 361
1781220 361
1781230 361
1781240 361
1781250 361
1781260 361
1781270 361
1781280 361
1781290 360
1781300 359
1781310 359
1781320 358
1781330 357
1781340 360
1781350 360
1781360 362
1781370 365
1781380 365
1781390 367
1781400 369
1781410 369
1781420 370
1781430 372
1781440 372
1781450 373
1781460 374
1781470 374
1781480 375
1781490 377
1781500 379
1781510 379
1781520 381
1781530 383
1781540 383
1781550 385
1781560 386
1781570 386
1781580 387
1781590 387
1781600 387
1781610 384
1781620 385
1781630 385
1781640 389
1781650 391
1781660 391
1781670 392
1781680 394
1781690 396
1781700 396
1781710 396
1781720 398
1781730 398
1781740 401
1781750 401
1781760 401
1781770 401
1781780 400
1781790 400
1781800 398
1781810 396
1781820 396
1781830 394
1781840 392
1781850 392
1781860 390
1781870 389
1781880 387
1781890 387
1781900 385
1781910 382
1781920 382
1781930 379
1781940 378
1781950 378
1781960 376
1781970 375
1781980 375
1781990 375
1782000 377
1782010 377
1782020 377
1782030 377
1782040 377
1782050 378
1782060 379
1782070 381
1782080 381
1782090 383
1782100 384
1782110 384
1782120 386
1782130 388
1782140 388
1782150 389
1782160 390
1782170 390
1782180 392
1782190 393
1782200 393
1782210 395
1782220 397
1782230 398
1782240 398
1782250 399
1782260 400
1782270 400
1782280 400
1782290 401
1782300 401
1782310 402
1782320 403
1782330 403
1782340 404
1782350 405
1782360 405
1782370 406
1782380 405
1782390 405
1782400 405
1782410 404
1782420 402
1782430 402
1782440 400
1782450 399
1782460 399
1782470 398
1782480 399
1782490 399
1782500 400
1782510 400
1782520 400
1782530 401
1782540 401
1782550 401
1782560 402
1782570 402
1782580 402
1782590 402
1782600 402
1782610 403
1782620 403
1782630 403
1782640 403
1782650 403
1782660 404
1782670 404
1782680 404
1782690 404
1782700 404
1782710 404
1782720 404
1782730 404
1782740 404
1782750 404
1782760 404
1782770 405
1782780 403
1782790 403
1782800 403
1782810 403
1782820 403
1782830 402
1782840 402
1782850 402
1782860 400
1782870 400
1782880 399
1782890 397
1782900 397
1782910 396
1782920 395
1782930 395
1782940 393
1782950 392
1782960 390
1782970 390
1782980 389
1782990 387
1783000 387
1783010 386
1783020 384
1783030 384
1783040 383
1783050 382
1783060 382
1783070 382
1783080 381
1783090 381
1783100 381
1783110 380
1783120 380
1783130 380
1783140 379
1783150 379
1783160 379
1783170 379
1783180 379
1783190 379
1783200 379
1783210 378
1783220 378
1783230 378
1783240 378
1783250 378
1783260 377
1783270 377
1783280 377
1783290 376
1783300 376
1783310 375
1783320 375
1783330 373
1783340 370
1783350 370
1783360 367
1783370 365
1783380 365
1783390 362
1783400 360
1783410 360
1783420 357
1783430 355
1783440 355
1783450 352
1783460 349
1783470 349
1783480 346
1783490 342
1783500 338
1783510 338
1783520 334
1783530 329
1783540 329
1783550 326
1783560 322
1783570 322
1783580 320
1783590 318
1783600 318
1783610 314
1783620 312
1783630 312
1783640 309
1783650 306
1783660 306
1783670 304
1783680 301
1783690 297
1783700 297
1783710 294
1783720 290
1783730 290
1783740 287
1783750 283
1783760 283
1783770 279
1783780 274
1783790 274
1783800 269
1783810 265
1783820 265
1783830 260
1783840 256
1783850 256
1783860 249
1783870 244
1783880 245
1783890 245
1783900 246
1783910 247
1783920 247
1783930 248
1783940 248
1783950 248
1783960 250
1783970 253
1783980 253
1783990 259
1784000 265
1784010 265
1784020 269
1784030 268
1784040 274
1784050 274
1784060 278
1784070 293
1784080 293
1784090 300
1784100 302
1784110 302
1784120 305
1784130 308
1784140 308
1784150 312
1784160 316
1784170 316
1784180 320
1784190 323
1784200 323
1784210 326
1784220 329
1784230 332
1784240 332
1784250 334
1784260 336
1784270 336
1784280 336
1784290 338
1784300 338
1784310 340
1784320 343
1784330 343
1784340 345
1784350 346
1784360 346
1784370 347
1784380 348
1784390 348
1784400 350
1784410 351
1784420 352
1784430 352
1784440 352
1784450 352
1784460 352
1784470 351
1784480 351
1784490 351
1784500 350
1784510 349
1784520 349
1784530 348
