1780000 328
1780010 328
1780020 326
1780030 324
1780040 324
1780050 322
1780060 321
1780070 320
1780080 320
1780090 321
1780100 325
1780110 325
1780120 327
1780130 330
1780140 330
1780150 332
1780160 336
1780170 336
1780180 339
1780190 342
1780200 342
1780210 345
1780220 348
1780230 349
1780240 349
1780250 351
1780260 351
1780270 351
1780280 352
1780290 354
1780300 354
1780310 355
1780320 357
1780330 357
1780340 360
1780350 362
1780360 362
1780370 364
1780380 367
1780390 367
1780400 370
1780410 370
1780420 370
1780430 370
1780440 370
1780450 370
1780460 370
1780470 368
1780480 366
1780490 366
1780500 365
1780510 364
1780520 364
1780530 362
1780540 361
1780550 361
1780560 359
1780570 356
1780580 356
1780590 352
1780600 349
1780610 345
1780620 345
1780630 338
1780640 332
1780650 332
1780660 329
1780670 327
1780680 327
1780690 326
1780700 325
1780710 325
1780720 325
1780730 325
1780740 325
1780750 325
1780760 325
1780770 325
1780780 324
1780790 322
1780800 321
1780810 321
1780820 319
1780830 317
1780840 317
1780850 315
1780860 312
1780870 312
1780880 310
1780890 308
1780900 308
1780910 306
1780920 302
1780930 302
1780940 299
1780950 299
1780960 302
1780970 302
1780980 304
1780990 306
1781000 306
1781010 306
1781020 307
1781030 307
1781040 305
1781050 304
1781060 304
1781070 303
1781080 302
1781090 302
1781100 302
1781110 301
1781120 301
1781130 300
1781140 299
1781150 299
1781160 299
1781170 298
1781180 298
1781190 298
1781200 297
1781210 296
1781220 296
1781230 296
1781240 295
1781250 295
1781260 294
1781270 294
1781280 294
1781290 293
1781300 292
1781310 292
1781320 292
1781330 292
1781340 291
1781350 291
1781360 291
1781370 290
1781380 290
1781390 289
1781400 289
1781410 289
1781420 288
1781430 287
1781440 287
1781450 286
1781460 285
1781470 285
1781480 284
1781490 283
1781500 283
1781510 282
1781520 281
1781530 281
1781540 281
1781550 280
1781560 280
1781570 280
1781580 280
1781590 279
1781600 279
1781610 278
1781620 277
1781630 277
1781640 276
1781650 276
1781660 276
1781670 275
1781680 275
1781690 274
1781700 274
1781710 273
1781720 271
1781730 271
1781740 270
1781750 267
1781760 267
1781770 264
1781780 263
1781790 263
1781800 260
1781810 258
1781820 258
1781830 259
1781840 259
1781850 259
1781860 261
1781870 263
1781880 268
1781890 268
1781900 271
1781910 274
1781920 274
1781930 277
1781940 280
1781950 280
1781960 283
1781970 283
1781980 283
1781990 287
1782000 287
1782010 287
1782020 286
1782030 281
1782040 281
1782050 276
1782060 271
1782070 270
1782080 270
1782090 269
1782100 268
1782110 268
1782120 267
1782130 265
1782140 265
1782150 264
1782160 264
1782170 264
1782180 262
1782190 261
1782200 261
1782210 261
1782220 260
1782230 258
1782240 258
1782250 257
1782260 255
1782270 255
1782280 255
1782290 254
1782300 254
1782310 253
1782320 253
1782330 253
1782340 252
1782350 252
1782360 252
1782370 252
1782380 252
1782390 252
1782400 251
1782410 251
1782420 251
1782430 251
1782440 251
1782450 250
1782460 250
1782470 250
1782480 250
1782490 250
1782500 250
1782510 250
1782520 250
1782530 249
1782540 249
1782550 249
1782560 249
1782570 249
1782580 249
1782590 249
1782600 249
1782610 249
1782620 249
1782630 249
1782640 248
1782650 248
1782660 248
1782670 248
1782680 248
1782690 248
1782700 248
1782710 248
1782720 248
1782730 247
1782740 247
1782750 247
1782760 247
1782770 247
1782780 247
1782790 247
1782800 248
1782810 248
1782820 248
1782830 248
1782840 248
1782850 250
1782860 255
1782870 255
1782880 260
1782890 264
1782900 264
1782910 267
1782920 269
1782930 269
1782940 271
1782950 274
1782960 277
1782970 277
1782980 279
1782990 281
1783000 281
1783010 284
1783020 289
1783030 289
1783040 293
1783050 299
1783060 299
1783070 305
1783080 310
1783090 310
1783100 311
1783110 309
1783120 309
1783130 306
1783140 305
1783150 302
1783160 302
1783170 300
1783180 298
1783190 298
1783200 295
1783210 291
1783220 291
1783230 287
1783240 283
1783250 283
1783260 279
1783270 274
1783280 274
1783290 273
1783300 270
1783310 272
1783320 268
1783330 265
1783340 262
1783350 262
1783360 256
1783370 251
1783380 251
1783390 248
1783400 248
1783410 248
1783420 247
1783430 247
1783440 247
1783450 247
1783460 247
1783470 247
1783480 247
1783490 247
1783500 247
1783510 247
1783520 247
1783530 247
1783540 247
1783550 247
1783560 247
1783570 247
1783580 247
1783590 247
1783600 247
1783610 247
1783620 248
1783630 248
1783640 248
1783650 248
1783660 248
1783670 247
1783680 248
1783690 248
1783700 248
1783710 249
1783720 249
1783730 249
1783740 248
1783750 248
1783760 248
1783770 251
1783780 254
1783790 254
1783800 258
1783810 262
1783820 262
1783830 266
1783840 269
1783850 269
1783860 272
1783870 275
1783880 280
1783890 280
1783900 284
1783910 288
1783920 288
1783930 291
1783940 294
1783950 294
1783960 297
1783970 301
1783980 301
1783990 304
1784000 308
1784010 308
1784020 310
1784030 311
1784040 311
1784050 311
1784060 317
1784070 320
1784080 320
1784090 323
1784100 324
1784110 324
1784120 326
1784130 329
1784140 329
1784150 331
1784160 333
1784170 333
1784180 336
1784190 338
1784200 338
1784210 339
1784220 341
1784230 342
1784240 342
1784250 344
1784260 345
1784270 345
1784280 347
1784290 348
1784300 348
1784310 350
1784320 351
1784330 351
1784340 353
1784350 354
1784360 354
1784370 356
1784380 358
1784390 358
1784400 359
1784410 360
1784420 360
1784430 356
1784440 350
1784450 350
1784460 350
1784470 355
1784480 354
1784490 354
1784500 353
1784510 352
1784520 352
1784530 351
1781200 297
1781210 297
1781220 296
1781230 296
1781240 295
1781250 295
1781260 294
1781270 294
1781280 293
1781290 293
1781300 292
1781310 292
1781320 292
1781330 292
1781340 292
1781350 291
1781360 291
1781370 290
1781380 290
1781390 290
1781400 289
1781410 289
1781420 288
1781430 288
1781440 287
1781450 287
1781460 286
1781470 285
1781480 284
1781490 284
1781500 283
1781510 282
1781520 282
1781530 281
1781540 281
1781550 280
1781560 280
1781570 280
1781580 279
1781590 279
1781600 278
1781610 278
1781620 277
1781630 276
1781640 276
1781650 275
1781660 275
1781670 275
1781680 274
1781690 274
1781700 273
1781710 273
1781720 272
1781730 271
1781740 270
1781750 269
1781760 267
1781770 265
1781780 264
1781790 263
1781800 261
1781810 260
1781820 259
1781830 259
1781840 259
1781850 259
1781860 259
1781870 260
1781880 262
1781890 265
1781900 267
1781910 269
1781920 271
1781930 273
1781940 275
1781950 277
1781960 279
1781970 281
1781980 282
1781990 283
1782000 285
1782010 286
1782020 286
1782030 284
1782040 281
1782050 278
1782060 274
1782070 272
1782080 270
1782090 269
1782100 269
1782110 268
1782120 267
1782130 266
1782140 265
1782150 264
1782160 264
1782170 263
1782180 262
1782190 262
1782200 262
1782210 261
1782220 261
1782230 260
1782240 259
1782250 258
1782260 257
1782270 256
1782280 255
1782290 255
1782300 254
1782310 254
1782320 253
1782330 253
1782340 253
1782350 252
1782360 252
1782370 252
1782380 252
1782390 251
1782400 251
1782410 251
1782420 251
1782430 251
1782440 251
1782450 250
1782460 250
1782470 250
1782480 250
1782490 250
1782500 250
1782510 250
1782520 250
1782530 249
1782540 249
1782550 249
1782560 249
1782570 249
1782580 249
1782590 249
1782600 249
1782610 249
1782620 249
1782630 249
1782640 248
1782650 248
1782660 248
1782670 248
1782680 248
1782690 248
1782700 248
1782710 248
1782720 248
1782730 247
1782740 247
1782750 247
1782760 247
1782770 247
1782780 247
1782790 247
1782800 247
1782810 248
1782820 248
1782830 248
1782840 249
1782850 249
1782860 251
1782870 254
1782880 257
1782890 261
1782900 264
1782910 266
1782920 268
1782930 269
1782940 270
1782950 272
1782960 274
1782970 276
1782980 278
1782990 279
1783000 281
1783010 283
1783020 285
1783030 288
1783040 292
1783050 295
1783060 299
1783070 303
1783080 307
1783090 310
1783100 312
1783110 312
1783120 311
1783130 309
1783140 308
1783150 306
1783160 304
1783170 303
1783180 301
1783190 300
1783200 298
1783210 295
1783220 292
1783230 290
1783240 287
1783250 284
1783260 281
1783270 279
1783280 277
1783290 275
1783300 273
1783310 271
1783320 269
1783330 267
1783340 264
1783350 261
1783360 257
1783370 253
1783380 250
1783390 249
1783400 248
1783410 248
1783420 247
1783430 247
1783440 247
1783450 247
1783460 247
1783470 247
1783480 247
1783490 247
1783500 247
1784780 391
1784790 393
1784800 394
1784810 395
1784820 397
1784830 398
1784840 399
1784850 401
1784860 402
1784870 403
1784880 404
1784890 404
1784900 405
1784910 406
1784920 407
1784930 407
1784940 408
1784950 409
1784960 410
1784970 410
1784980 411
1784990 411
1785000 411
1785010 412
1785020 412
1785030 413
1785040 413
1785050 413
1785060 413
1785070 413
1785080 414
1785090 414
1785100 414
1785110 414
1785120 414
1785130 414
1785140 414
1785150 414
1785160 413
1785170 412
1785180 410
1785190 408
1785200 405
1785210 404
1785220 402
1785230 400
1785240 397
1785250 395
1785260 392
1785270 389
1785280 386
1785290 383
1785300 381
1785310 379
1785320 376
1785330 374
1785340 371
1785350 368
1785360 364
1785370 360
1785380 357
1785390 355
1785400 354
1785410 352
1785420 351
1785430 349
1785440 347
1785450 345
1785460 342
1785470 340
1785480 338
1785490 335
1785500 333
1785510 329
1785520 325
1785530 321
1785540 317
1785550 313
1785560 309
1785570 304
1785580 300
1785590 297
1785600 295
1785610 293
1785620 295
1785630 298
1785640 303
1785650 306
1785660 309
1785670 312
1785680 315
1785690 319
1785700 322
1785710 326
1786770 304
1786780 302
1786790 300
1786800 298
1786810 296
1786820 295
1786830 293
1786840 292
1786850 290
1786860 288
1786870 285
1786880 283
1786890 281
1786900 281
1786910 283
1786920 287
1786930 290
1786940 294
1786950 298
1786960 301
1786970 304
