1780000 333
1780010 333
1780020 331
1780030 328
1780040 326
1780050 326
1780060 324
1780070 321
1780080 321
1780090 319
1780100 320
1780110 320
1780120 325
1780130 326
1780140 326
1780150 328
1780160 331
1780170 331
1780180 333
1780190 336
1780200 336
1780210 338
1780220 339
1780230 341
1780240 341
1780250 342
1780260 344
1780270 344
1780280 346
1780290 349
1780300 349
1780310 351
1780320 354
1780330 354
1780340 357
1780350 359
1780360 359
1780370 362
1780380 363
1780390 363
1780400 366
1780410 368
1780420 371
1780430 371
1780440 372
1780450 372
1780460 372
1780470 372
1780480 372
1780490 372
1780500 369
1780510 368
1780520 368
1780530 366
1780540 364
1780550 364
1780560 362
1780570 359
1780580 356
1780590 356
1780600 353
1780610 348
1780620 348
1780630 343
1780640 336
1780650 336
1780660 331
1780670 328
1780680 328
1780690 327
1780700 326
1780710 326
1780720 325
1780730 325
1780740 325
1780750 326
1780760 325
1780770 325
1780780 325
1780790 324
1780800 323
1780810 323
1780820 321
1780830 318
1780840 318
1780850 315
1780860 313
1780870 313
1780880 310
1780890 308
1780900 308
1780910 307
1780920 305
1780930 305
1780940 303
1780950 299
1780960 297
1780970 297
1780980 299
1780990 301
1781000 301
1781010 302
1781020 303
1781030 303
1781040 304
1781050 305
1781060 305
1781070 305
1781080 305
1781090 305
1781100 303
1781110 302
1781120 301
1781130 301
1781140 300
1781150 299
1781160 299
1781170 299
1781180 298
1781190 298
1781200 297
1781210 297
1781220 297
1781230 296
1781240 295
1781250 295
1781260 294
1781270 294
1781280 294
1781290 293
1781300 293
1781310 292
1781320 292
1781330 292
1781340 291
1781350 291
1781360 291
1781370 290
1781380 290
1781390 289
1781400 288
1781410 288
1781420 287
1781430 286
1781440 286
1781450 287
1781460 287
1781470 287
1781480 286
1781490 286
1781500 287
1781510 287
1781520 287
1781530 286
1781540 286
1781550 286
1781560 285
1781570 285
1781580 285
1781590 283
1781600 283
1781610 282
1781620 281
1781630 281
1781640 280
1781650 279
1781660 279
1781670 278
1781680 276
1781690 274
1781700 274
1781710 272
1781720 270
1781730 270
1781740 266
1781750 265
1781760 265
1781770 260
1781780 260
1781790 260
1781800 259
1781810 258
1781820 258
1781830 259
1781840 265
1781850 270
1781860 270
1781870 271
1781880 275
1781890 275
1781900 278
1781910 280
1781920 280
1781930 282
1781940 285
1781950 285
1781960 288
1781970 289
1781980 289
1781990 289
1782000 287
1782010 287
1782020 284
1782030 279
1782040 274
1782050 274
1782060 272
1782070 270
1782080 270
1782090 269
1782100 268
1782110 268
1782120 270
1782130 269
1782140 269
1782150 270
1782160 270
1782170 270
1782180 269
1782190 268
1782200 268
1782210 266
1782220 264
1782230 262
1782240 262
1782250 261
1782260 260
1782270 260
1782280 259
1782290 257
1782300 257
1782310 256
1782320 255
1782330 255
1782340 254
1782350 254
1782360 254
1782370 255
1782380 254
1782390 254
1782400 254
1782410 253
1782420 253
1782430 253
1782440 253
1782450 253
1782460 253
1782470 254
1782480 255
1782490 255
1782500 255
1782510 254
1782520 254
1782530 253
1782540 251
1782550 251
1782560 250
1782570 249
1782580 249
1782590 249
1782600 249
1782610 248
1782620 248
1782630 248
1782640 248
1782650 248
1782660 248
1782670 248
1782680 248
1782690 248
1782700 248
1782710 248
1782720 248
1782730 248
1782740 248
1782750 248
1782760 248
1782770 247
1782780 247
1782790 247
1782800 247
1782810 247
1782820 247
1782830 247
1782840 247
1782850 248
1782860 248
1782870 248
1782880 249
1782890 254
1782900 254
1782910 259
1782920 263
1782930 263
1782940 267
1782950 270
1782960 273
1782970 273
1782980 276
1782990 279
1783000 279
1783010 282
1783020 284
1783030 284
1783040 289
1783050 294
1783060 294
1783070 301
1783080 306
1783090 306
1783100 305
1783110 302
1783120 301
1783130 301
1783140 298
1783150 294
1783160 294
1783170 292
1783180 291
1783190 291
1783200 289
1783210 286
1783220 286
1783230 282
1783240 278
1783250 278
1783260 273
1783270 270
1783280 270
1783290 266
1783300 264
1783310 261
1783320 261
1783330 254
1783340 248
1783350 248
1783360 248
1783370 247
1783380 247
1783390 247
1783400 247
1783410 247
1783420 247
1783430 247
1783440 247
1783450 247
1783460 247
1783470 247
1783480 247
1783490 247
1783500 247
1783510 247
1783520 247
1783530 247
1783540 247
1783550 248
1783560 247
1783570 247
1783580 248
1783590 249
1783600 249
1783610 251
1783620 252
1783630 252
1783640 252
1783650 253
1783660 253
1783670 251
1783680 255
1783690 254
1783700 254
1783710 259
1783720 261
1783730 261
1783740 262
1783750 266
1783760 266
1783770 268
1783780 270
1783790 270
1783800 272
1783810 275
1783820 275
1783830 275
1783840 281
1783850 284
1783860 284
1783870 287
1783880 290
1783890 290
1783900 293
1783910 296
1783920 296
1783930 300
1783940 304
1783950 304
1783960 308
1783970 311
1783980 311
1783990 314
1784000 317
1784010 317
1784020 319
1784030 321
1784040 323
1784050 323
1784060 325
1784070 323
1784080 323
1784090 330
1784100 332
1784110 332
1784120 334
1784130 334
1784140 334
1784150 336
1784160 339
1784170 339
1784180 341
1784190 343
1784200 343
1784210 345
1784220 346
1784230 348
1784240 348
1784250 350
1784260 352
1784270 352
1784280 354
1784290 355
1784300 355
1784310 357
1784320 359
1784330 359
1784340 361
1784350 362
1784360 362
1784370 364
1784380 365
1784390 365
1784400 365
1784410 365
1784420 365
1784430 365
1784440 365
1784450 365
1784460 365
1784470 367
1784480 367
1784490 367
1784500 368
1784510 369
1784520 369
1784530 369
