1780000 319
1780010 315
1780020 315
1780030 310
1780040 314
1780050 314
1780060 314
1780070 315
1780080 314
1780090 314
1780100 314
1780110 313
1780120 313
1780130 313
1780140 313
1780150 313
1780160 313
1780170 313
1780180 313
1780190 314
1780200 310
1780210 310
1780220 308
1780230 305
1780240 306
1780250 306
1780260 305
1780270 306
1780280 306
1780290 305
1780300 301
1780310 301
1780320 298
1780330 302
1780340 302
1780350 310
1780360 314
1780370 314
1780380 315
1780390 316
1780400 316
1780410 318
1780420 318
1780430 319
1780440 319
1780450 320
1780460 317
1780470 317
1780480 316
1780490 315
1780500 315
1780510 314
1780520 312
1780530 312
1780540 311
1780550 310
1780560 310
1780570 310
1780580 310
1780590 310
1780600 310
1780610 310
1780620 309
1780630 309
1780640 308
1780650 306
1780660 306
1780670 305
1780680 304
1780690 304
1780700 303
1780710 302
1780720 302
1780730 300
1780740 300
1780750 300
1780760 300
1780770 299
1780780 299
1780790 298
1780800 298
1780810 298
1780820 298
1780830 298
1780840 298
1780850 298
1780860 298
1780870 298
1780880 298
1780890 297
1780900 295
1780910 295
1780920 294
1780930 292
1780940 292
1780950 291
1780960 289
1780970 289
1780980 289
1780990 288
1781000 286
1781010 286
1781020 285
1781030 283
1781040 283
1781050 281
1781060 278
1781070 278
1781080 275
1781090 271
1781100 276
1781110 273
1781120 270
1781130 270
1781140 266
1781150 265
1781160 264
1781170 264
1781180 263
1781190 262
1781200 262
1781210 262
1781220 261
1781230 261
1781240 261
1781250 261
1781260 261
1781270 262
1781280 262
1781290 262
1781300 263
1781310 262
1781320 262
1781330 261
1781340 260
1781350 260
1781360 260
1781370 259
1781380 259
1781390 259
1781400 258
1781410 257
1781420 257
1781430 257
1781440 257
1781450 257
1781460 256
1781470 256
1781480 256
1781490 256
1781500 256
1781510 256
1781520 256
1781530 255
1781540 254
1781550 254
1781560 254
1781570 255
1781580 255
1781590 256
1781600 257
1781610 257
1781620 257
1781630 257
1781640 257
1781650 257
1781660 256
1781670 256
1781680 255
1781690 254
1781700 254
1781710 254
1781720 253
1781730 252
1781740 252
1781750 252
1781760 251
1781770 251
1781780 250
1781790 250
1781800 250
1781810 250
1781820 249
1781830 249
1781840 249
1781850 249
1781860 249
1781870 249
1781880 249
1781890 249
1781900 249
1781910 249
1781920 250
1781930 250
1781940 248
1781950 249
1781960 249
1781970 249
1781980 249
1781990 249
1782000 249
1782010 249
1782020 249
1782030 249
1782040 249
1782050 249
1782060 249
1782070 249
1782080 249
1782090 249
1782100 249
1782110 249
1782120 249
1782130 250
1782140 250
1782150 250
1782160 250
1782170 250
1782180 250
1782190 250
1782200 250
1782210 250
1782220 250
1782230 250
1782240 251
1782250 251
1782260 252
1782270 251
1782280 251
1782290 251
1782300 251
1782310 251
1782320 251
1782330 251
1782340 251
1782350 251
1782360 251
1782370 251
1782380 252
1782390 252
1782400 252
1782410 253
1782420 253
1782430 254
1782440 254
1782450 255
1782460 255
1782470 255
1782480 256
1782490 256
1782500 256
1782510 257
1782520 257
1782530 257
1782540 258
1782550 258
1782560 258
1782570 260
1782580 262
1782590 262
1782600 264
1782610 266
1782620 267
1782630 267
1782640 268
1782650 268
1782660 268
1782670 269
1782680 271
1782690 271
1782700 273
1782710 274
1782720 274
1782730 275
1782740 276
1782750 276
1782760 276
1782770 277
1782780 277
1782790 277
1782800 279
1782810 281
1782820 281
1782830 283
1782840 284
1782850 284
1782860 285
1782870 285
1782880 285
1782890 287
1782900 288
1782910 288
1782920 288
1782930 289
1782940 289
1782950 291
1782960 293
1782970 293
1782980 294
1782990 295
1783000 296
1783010 296
1783020 297
1783030 303
1783040 303
1783050 308
1783060 312
1783070 312
1783080 307
1783090 308
1783100 308
1783110 316
1783120 322
1783130 322
1783140 326
1783150 330
1783160 331
1783170 331
1783180 330
1783190 330
1783200 330
1783210 328
1783220 326
1783230 326
1783240 324
1783250 323
1783260 323
1783270 322
1783280 320
1783290 320
1783300 319
1783310 317
1783320 317
1783330 315
1783340 314
1783350 312
1783360 312
1783370 311
1783380 306
1783390 306
1783400 299
1783410 293
1783420 293
1783430 288
1783440 286
1783450 286
1783460 285
1783470 285
1783480 285
1783490 284
1783500 284
1783510 284
1783520 283
1783530 281
1783540 279
1783550 279
1783560 277
1783570 276
1783580 276
1783590 276
1783600 275
1783610 275
1783620 275
1783630 273
1783640 273
1783650 272
1783660 270
1783670 270
1783680 268
1783690 267
1783700 267
1783710 267
1783720 267
1783730 266
1783740 266
1783750 265
1783760 265
1783770 265
1783780 264
1783790 264
1783800 264
1783810 267
1783820 273
1783830 273
1783840 276
1783850 277
1783860 277
1783870 278
1783880 279
1783890 279
1783900 279
1783910 281
1783920 283
1783930 283
1783940 285
1783950 288
1783960 288
1783970 290
1783980 292
1783990 292
1784000 294
1784010 295
1784020 295
1784030 293
1784040 291
1784050 291
1784060 288
1784070 285
1784080 282
1784090 282
1784100 276
1784110 272
1784120 272
1784130 271
1784140 268
1784150 268
1784160 265
1784170 262
1784180 262
1784190 260
1784200 258
1784210 258
1784220 256
1784230 254
1784240 254
1784250 253
1784260 252
1784270 251
1784280 251
1784290 251
1784300 251
1784310 251
1784320 251
1784330 251
1784340 251
1784350 251
1784360 251
1784370 251
1784380 251
1784390 251
1784400 251
1784410 251
1784420 251
1784430 251
1784440 251
1784450 252
1784460 252
1784470 252
1784480 253
1784490 253
1784500 253
1784510 253
1784520 253
1784530 253
1781680 255
1781690 255
1781700 254
1781710 254
1781720 253
1781730 253
1781740 252
1781750 252
1781760 251
1781770 251
1781780 250
1781790 250
1781800 250
1781810 250
1781820 249
1781830 249
1781840 249
1781850 249
1781860 249
1781870 249
1781880 249
1781890 249
1781900 249
1781910 249
1781920 249
1781930 249
1781940 249
1781950 249
1781960 249
1781970 249
1781980 249
1781990 249
1782000 249
1782010 249
1782020 249
1782030 249
1782040 249
1782050 249
1782060 249
1782070 249
1782080 249
1782090 249
1782100 249
1782110 249
1782120 249
1782130 250
1782140 250
1782150 250
1782160 250
1782170 250
1782180 250
1782190 250
1782200 250
1782210 250
1782220 250
1782230 250
1782240 251
1782250 251
1782260 251
1782270 251
1782280 251
1782290 251
1782300 251
1782310 251
1782320 251
1782330 251
1782340 251
1782350 251
1782360 251
1782370 251
1782380 251
1782390 252
1782400 252
1782410 253
1782420 253
1782430 253
1782440 254
1782450 254
1782460 255
1782470 255
1782480 255
1782490 256
1782500 256
1782510 256
1782520 257
1782530 257
1782540 257
1782550 258
1782560 258
1782570 259
1782580 260
1782590 262
1782600 263
1782610 265
1782620 266
1782630 267
1782640 267
1782650 268
1782660 268
1782670 269
1782680 270
1782690 271
1782700 272
1782710 273
1782720 274
1782730 274
1782740 275
1782750 276
1782760 276
1782770 276
1782780 277
1782790 277
1782800 278
1782810 279
1782820 280
1782830 281
1782840 282
1782850 283
1782860 284
1782870 284
1782880 285
1782890 286
1782900 287
1782910 288
1782920 288
1782930 288
1782940 289
1782950 290
1782960 291
1782970 292
1782980 293
1782990 294
1783000 295
1783010 296
1783020 296
1783030 299
1783040 302
1783050 305
1783060 308
1783070 309
1783080 308
1783090 308
1783100 309
1783110 312
1783120 317
1783130 321
1783140 324
1783150 326
1783160 329
1783170 330
1783180 330
1783190 330
1783200 330
1783210 329
1783220 327
1783230 326
1783240 325
1783250 324
1783260 323
1783270 322
1783280 321
1783290 320
1783300 319
1783310 318
1783320 317
1783330 316
1783340 315
1783350 314
1783360 312
1783370 312
1783380 310
1783390 307
1783400 302
1783410 297
1783420 293
1783430 290
1783440 288
1783450 287
1783460 286
1783470 285
1783480 285
1783490 284
1783500 284
1783510 283
1783520 283
1783530 282
1783540 281
1783550 280
1783560 278
1783570 277
1783580 277
1783590 276
1783600 276
1783610 275
1783620 275
1783630 274
1783640 273
1783650 272
1783660 271
1783670 270
1783680 269
1783690 268
1783700 267
1783710 267
1783720 267
1783730 266
1783740 266
1783750 266
1783760 265
1783770 265
1783780 265
1783790 264
1783800 264
1783810 266
1783820 269
1783830 272
1783840 275
1783850 276
1783860 277
1783870 278
1783880 279
1783890 279
1783900 280
1783910 281
1783920 282
1783930 283
1783940 285
1783950 286
1783960 288
1783970 289
1783980 290
1783990 292
1784000 294
1784010 295
1784020 295
1784030 294
1784040 293
1784050 291
1784060 289
1784070 287
1784080 284
1784090 282
1784100 280
1784110 276
1784120 273
1784130 272
1784140 270
1784150 269
1784160 267
1784170 265
1784180 263
1784190 262
1784200 260
1784210 259
1784220 257
1784230 256
1784240 255
1784250 254
1784260 253
1784270 252
1784280 252
1784290 252
1784300 251
1784310 251
1784320 251
1784330 251
1784340 251
1784350 251
1784360 251
1784370 251
1784380 251
1784390 251
1784400 251
1784410 251
1784420 251
1784430 251
1784440 251
1784450 251
1784460 251
1784470 252
1784480 252
1784490 252
1784500 253
1784510 253
1784520 253
1784530 254
1784540 254
1784550 254
1784560 254
1784570 255
1784580 255
1784590 256
1784600 256
1784610 257
1784620 257
1784630 258
1784640 258
1784650 259
1784660 261
1784670 263
1784680 264
1784690 265
1784700 265
1784710 265
1784720 265
1784730 265
1784740 266
1784750 266
1784760 266
1784770 266
1784780 266
1784790 266
1784800 266
1784810 267
1784820 267
1784830 267
1784840 268
1784850 268
1784860 268
1784870 269
1784880 270
1784890 270
1784900 271
1784910 271
1784920 272
1784930 273
1784940 274
1784950 275
1784960 276
1784970 277
1784980 278
1784990 279
1785000 280
1785010 281
1785020 282
1785030 282
1785040 283
1785050 284
1785060 286
1785070 287
1785080 288
1785090 290
1785100 291
1785110 293
1785120 294
1785130 295
1785140 295
1785150 296
1785160 296
1785170 297
1785180 297
1785190 298
1785200 298
1785210 299
1785220 299
1785230 300
1785240 300
1785250 301
1785260 301
1785270 302
1785280 303
1785290 304
1785300 304
1785310 305
1785320 305
1785330 306
1785340 306
1785350 306
1785360 306
1785370 307
1785380 310
1785390 312
1785400 314
1785410 316
1785420 318
1785430 321
1785440 325
1785450 329
1785460 330
1785470 331
1785480 332
1785490 332
1785500 332
1785510 333
1785520 333
1785530 334
1785540 334
1785550 335
1785560 334
1785570 334
1785580 335
1785590 335
1785600 335
1785610 336
1785620 335
1785630 334
1785640 333
1785650 333
1785660 333
1785670 333
1785680 334
1785690 334
1785700 334
1785710 335
1785720 335
1785730 336
1785740 337
1785750 338
1785760 340
1785770 342
1785780 344
1785790 346
1785800 348
1785810 351
1785820 352
1785830 353
1785840 354
1785850 354
1785860 355
1785870 355
1785880 355
1785890 356
1785900 356
1785910 356
1785920 355
1785930 355
1785940 355
1785950 354
1785960 354
1785970 354
1785980 353
1785990 352
1786000 351
1786010 350
1786020 349
1786030 348
1786040 346
1786050 346
1786060 345
1786070 345
1786080 344
1786090 344
1786100 344
1786110 344
1786120 344
1786130 344
1786140 344
1786150 344
1786160 345
1786170 345
1786180 346
1786190 347
1786200 347
1786210 347
1786220 347
1786230 348
1786240 348
1786250 347
1786260 347
1786270 346
1786280 345
1786290 343
1786300 342
1786310 341
1786320 340
1786330 340
1786340 339
1786350 339
1786360 339
1786370 339
1786380 338
1786390 338
1786400 338
1786410 338
1786420 338
1786430 338
1786440 338
1786450 337
1786460 337
1786470 336
1786480 335
1786490 335
1786500 334
1786510 334
1786520 334
1786530 333
1786540 333
1786550 333
1786560 333
1786570 333
1786580 333
1786590 333
1786600 333
1786610 333
1786620 334
1786630 335
1786640 336
1786650 337
1786660 338
1786670 338
1786680 339
1786690 339
1786700 339
1786710 339
1786720 340
1786730 340
1786740 341
1786750 342
1786760 343
1786770 346
1786780 349
1786790 354
1786800 358
1786810 361
1786820 363
1786830 364
1786840 366
1786850 367
1786860 369
1786870 370
1786880 370
1786890 371
1786900 370
1786910 370
1786920 369
1786930 367
1786940 366
1786950 365
1786960 363
1786970 362
1786980 361
1786990 360
1787000 358
1787010 357
1787020 353
1787030 350
1787040 348
1787050 346
1787060 343
1787070 340
1787080 337
1787090 336
1787100 335
1787110 334
1787120 334
1787130 333
1787140 332
1787150 332
1787160 331
1787170 329
1787180 328
1787190 327
1787200 325
1787210 323
1787220 322
1787230 321
1787240 320
1787250 319
1787260 318
1787270 316
1787280 315
1787290 314
1787300 313
1787310 312
1787320 311
1787330 311
1787340 310
1787350 310
1787360 311
1787370 311
1787380 311
1787390 311
1787400 312
1787410 311
1787420 311
1787430 310
1787440 308
1787450 306
1787460 304
1787470 303
1787480 302
1787490 301
1787500 302
1787510 302
1787520 302
1787530 304
1787540 305
1787550 307
1787560 309
1787570 310
1787580 312
1787590 313
1787600 313
1787610 314
1787620 314
1787630 314
1787640 314
1787650 314
1787660 315
1787670 316
1787680 318
1787690 319
1787700 319
1787710 320
1787720 321
1787730 323
1787740 324
1787750 325
1787760 326
1787770 327
1787780 328
1787790 329
1787800 331
1787810 333
1787820 334
1787830 336
1787840 338
1787850 338
1787860 338
1787870 339
1787880 341
1787890 344
1787900 347
1787910 350
1787920 352
1787930 354
1787940 356
1787950 357
1787960 358
1787970 359
1787980 360
1787990 361
1788000 361
1788010 362
1788020 362
1788030 362
1788040 362
1788050 362
1788060 362
1788070 362
1788080 361
1788090 360
