1780000 278
1780010 274
1780020 272
1780030 272
1780040 268
1780050 268
1780060 268
1780070 267
1780080 267
1780090 267
1780100 267
1780110 267
1780120 267
1780130 266
1780140 266
1780150 266
1780160 266
1780170 265
1780180 265
1780190 265
1780200 264
1780210 263
1780220 263
1780230 263
1780240 263
1780250 263
1780260 262
1780270 261
1780280 261
1780290 260
1780300 259
1780310 259
1780320 257
1780330 257
1780340 257
1780350 257
1780360 256
1780370 256
1780380 256
1780390 256
1780400 255
1780410 255
1780420 255
1780430 255
1780440 255
1780450 255
1780460 254
1780470 254
1780480 254
1780490 254
1780500 254
1780510 254
1780520 254
1780530 253
1780540 253
1780550 253
1780560 253
1780570 253
1780580 253
1780590 253
1780600 253
1780610 253
1780620 253
1780630 253
1780640 253
1780650 253
1780660 253
1780670 253
1780680 253
1780690 253
1780700 253
1780710 253
1780720 253
1780730 253
1780740 253
1780750 254
1780760 254
1780770 253
1780780 252
1780790 252
1780800 253
1780810 253
1780820 253
1780830 253
1780840 253
1780850 253
1780860 253
1780870 253
1780880 253
1780890 253
1780900 253
1780910 253
1780920 253
1780930 252
1780940 252
1780950 252
1780960 252
1780970 252
1780980 252
1780990 252
1781000 252
1781010 252
1781020 252
1781030 252
1781040 252
1781050 252
1781060 252
1781070 252
1781080 252
1781090 252
1781100 253
1781110 253
1781120 253
1781130 253
1781140 253
1781150 253
1781160 253
1781170 253
1781180 253
1781190 253
1781200 253
1781210 253
1781220 253
1781230 253
1781240 254
1781250 254
1781260 254
1781270 254
1781280 255
1781290 256
1781300 256
1781310 257
1781320 258
1781330 258
1781340 261
1781350 265
1781360 265
1781370 267
1781380 270
1781390 270
1781400 274
1781410 279
1781420 279
1781430 286
1781440 288
1781450 287
1781460 287
1781470 287
1781480 294
1781490 294
1781500 301
1781510 304
1781520 304
1781530 305
1781540 305
1781550 305
1781560 306
1781570 306
1781580 306
1781590 306
1781600 305
1781610 306
1781620 306
1781630 304
1781640 306
1781650 306
1781660 309
1781670 310
1781680 310
1781690 311
1781700 311
1781710 311
1781720 312
1781730 313
1781740 313
1781750 313
1781760 314
1781770 314
1781780 316
1781790 317
1781800 319
1781810 319
1781820 320
1781830 321
1781840 321
1781850 322
1781860 323
1781870 323
1781880 324
1781890 325
1781900 325
1781910 327
1781920 327
1781930 327
1781940 328
1781950 329
1781960 329
1781970 330
1781980 331
1781990 331
1782000 331
1782010 332
1782020 333
1782030 333
1782040 333
1782050 334
1782060 334
1782070 334
1782080 335
1782090 335
1782100 336
1782110 336
1782120 336
1782130 336
1782140 337
1782150 337
1782160 337
1782170 335
1782180 336
1782190 336
1782200 336
1782210 336
1782220 336
1782230 335
1782240 334
1782250 334
1782260 333
1782270 332
1782280 332
1782290 331
1782300 331
1782310 331
1782320 330
1782330 329
1782340 329
1782350 329
1782360 328
1782370 328
1782380 328
1782390 327
1782400 327
1782410 327
1782420 326
1782430 326
1782440 326
1782450 325
1782460 325
1782470 325
1782480 324
1782490 323
1782500 323
1782510 323
1782520 322
1782530 322
1782540 322
1782550 321
1782560 320
1782570 320
1782580 320
1782590 319
1782600 319
1782610 318
1782620 317
1782630 317
1782640 316
1782650 315
1782660 315
1782670 313
1782680 312
1782690 312
1782700 311
1782710 309
1782720 307
1782730 307
1782740 305
1782750 303
1782760 304
1782770 302
1782780 300
1782790 300
1782800 298
1782810 295
1782820 295
1782830 293
1782840 292
1782850 292
1782860 290
1782870 287
1782880 287
1782890 284
1782900 281
1782910 278
1782920 278
1782930 274
1782940 272
1782950 272
1782960 269
1782970 266
1782980 266
1782990 266
1783000 266
1783010 266
1783020 266
1783030 267
1783040 267
1783050 266
1783060 270
1783070 270
1783080 274
1783090 279
1783100 279
1783110 279
1783120 280
1783130 282
1783140 282
1783150 285
1783160 285
1783170 285
1783180 287
1783190 287
1783200 287
1783210 287
1783220 290
1783230 290
1783240 293
1783250 295
1783260 297
1783270 297
1783280 299
1783290 301
1783300 301
1783310 302
1783320 304
1783330 304
1783340 305
1783350 306
1783360 306
1783370 307
1783380 308
1783390 308
1783400 310
1783410 312
1783420 312
1783430 312
1783440 312
1783450 312
1783460 312
1783470 311
1783480 310
1783490 310
1783500 309
1783510 308
1783520 308
1783530 307
1783540 307
1783550 307
1783560 306
1783570 305
1783580 305
1783590 304
1783600 302
1783610 302
1783620 302
1783630 300
1783640 299
1783650 299
1783660 297
1783670 296
1783680 296
1783690 295
1783700 293
1783710 293
1783720 292
1783730 290
1783740 290
1783750 289
1783760 288
1783770 288
1783780 287
1783790 285
1783800 285
1783810 284
1783820 283
1783830 282
1783840 282
1783850 281
1783860 280
1783870 280
1783880 279
1783890 277
1783900 277
1783910 276
1783920 275
1783930 275
1783940 274
1783950 274
1783960 274
1783970 274
1783980 274
1783990 274
1784000 274
1784010 274
1784020 273
1784030 273
1784040 273
1784050 273
1784060 273
1784070 272
1784080 272
1784090 272
1784100 272
1784110 269
1784120 269
1784130 269
1784140 269
1784150 269
1784160 268
1784170 267
1784180 266
1784190 266
1784200 265
1784210 263
1784220 263
1784230 264
1784240 263
1784250 263
1784260 263
1784270 262
1784280 262
1784290 262
1784300 261
1784310 261
1784320 261
1784330 262
1784340 262
1784350 263
1784360 264
1784370 264
1784380 264
1784390 266
1784400 267
1784410 267
1784420 268
1784430 270
1784440 270
1784450 271
1784460 269
1784470 269
1784480 269
1784490 269
1784500 269
1784510 269
1784520 269
1784530 269
1781370 266
1781380 268
1781390 269
1781400 272
1781410 275
1781420 278
1781430 283
1781440 286
1781450 287
1781460 287
1781470 287
1781480 288
1781490 292
1781500 296
1781510 300
1781520 302
1781530 303
1781540 304
1781550 304
1781560 304
1781570 304
1781580 304
1781590 304
1781600 304
1781610 304
1781620 304
1781630 304
1781640 305
1781650 306
1781660 307
1781670 309
1781680 310
1781690 310
1781700 311
1781710 311
1781720 312
1781730 312
1781740 313
1781750 313
1781760 314
1781770 314
1781780 315
1781790 316
1781800 317
1781810 318
1781820 319
1781830 320
1781840 321
1781850 322
1781860 323
1781870 323
1781880 324
1781890 324
1781900 325
1781910 326
1781920 326
1781930 327
1781940 328
1781950 328
1781960 329
1781970 330
1781980 330
1781990 330
1782000 331
1782010 331
1782020 332
1782030 332
1782040 332
1782050 333
1782060 333
1782070 334
1782080 334
1782090 334
1782100 335
1782110 335
1782120 336
1782130 336
1782140 336
1782150 336
1782160 336
1782170 336
1782180 335
1782190 336
1782200 336
1782210 336
1782220 335
1782230 335
1782240 334
1782250 334
1782260 333
1782270 333
1782280 332
1782290 331
1782300 331
1782310 330
1782320 330
1782330 329
1782340 329
1782350 329
1782360 328
1782370 328
1782380 327
1782390 327
1782400 327
1782410 326
1782420 326
1782430 326
1782440 325
1782450 325
1782460 325
1782470 324
1782480 324
1782490 323
1782500 323
1782510 323
1782520 322
1782530 322
1782540 321
1782550 321
1782560 321
1782570 320
1782580 320
1782590 319
1782600 318
1782610 318
1782620 317
1782630 317
1782640 316
1782650 315
1782660 314
1782670 314
1782680 313
1782690 312
1782700 311
1782710 310
1782720 309
1782730 308
1782740 307
1782750 305
1782760 304
1782770 302
1782780 301
1782790 300
1782800 298
1782810 296
1782820 295
1782830 293
1782840 292
1782850 291
1782860 290
1782870 288
1782880 286
1782890 284
1782900 282
1782910 280
1782920 277
1782930 275
1782940 273
1782950 271
1782960 269
1782970 268
1782980 266
1782990 266
1783000 266
1783010 266
1783020 266
1783030 266
1783040 266
1783050 266
1783060 267
1783070 269
1783080 273
1783090 276
1783100 278
1783110 279
1783120 280
1783130 281
1783140 282
1783150 283
1783160 285
1783170 285
1783180 286
1783190 287
1783200 287
1783210 288
1783220 288
1783230 290
1783240 291
1783250 293
1783260 294
1783270 296
1783280 297
1783290 299
1783300 300
1783310 301
1783320 302
1783330 303
1783340 304
1783350 305
1783360 305
1783370 306
1783380 307
1783390 308
1783400 309
1783410 310
1783420 311
1783430 312
1783440 312
1783450 312
1783460 312
1783470 311
1783480 311
1783490 310
1783500 309
1783510 309
1783520 308
1783530 307
1783540 307
1783550 306
1783560 306
1783570 306
1783580 305
1783590 304
1783600 303
1783610 302
1783620 302
1783630 301
1783640 300
1783650 298
1783660 297
1783670 297
1783680 296
1783690 295
1783700 294
1783710 293
1783720 292
1783730 291
1783740 290
1783750 289
1783760 288
1783770 287
1783780 287
1783790 286
1783800 284
1783810 284
1783820 283
1783830 282
1783840 281
1783850 281
1783860 280
1783870 279
1783880 279
1783890 278
1783900 278
1783910 277
1783920 276
1783930 275
1783940 275
1783950 274
1783960 274
1783970 274
1783980 274
1783990 274
1784000 274
1784010 274
1784020 274
1784030 274
1784040 273
1784050 273
1784060 273
1784070 273
1784080 272
1784090 272
1784100 271
1784110 271
1784120 269
1784130 269
1784140 269
1784150 269
1784160 268
1784170 268
1784180 267
1784190 266
1784200 266
1784210 265
1784220 264
1784230 264
1784240 263
1784250 263
1784260 263
1784270 262
1784280 262
1784290 262
1784300 262
1784310 262
1784320 261
1784330 262
1784340 262
1784350 263
1784360 263
1784370 264
1784380 265
1784390 265
1784400 266
1784410 267
1784420 268
1784430 269
1784440 270
1784450 270
1784460 271
1784470 270
1784480 270
1784490 270
1784500 270
1784510 270
1784520 270
1784530 270
1784540 269
1784550 269
1784560 269
1784570 269
1784580 269
1784590 269
1784600 269
1784610 269
1784620 269
1784630 268
1784640 268
1784650 268
1784660 268
1784670 267
1784680 267
1784690 266
1784700 265
1784710 264
1784720 263
1784730 262
1784740 262
1784750 261
1784760 261
1784770 261
1784780 261
1784790 261
1784800 260
1784810 260
1784820 260
1784830 259
1784840 259
1784850 259
1784860 258
1784870 258
1784880 257
1784890 257
1784900 256
1784910 256
1784920 256
1784930 256
1784940 256
1784950 256
1784960 256
1784970 255
1784980 255
1784990 256
1785000 256
1785010 256
1785020 256
1785030 256
1785040 256
1785050 256
1785060 256
1785070 256
1785080 256
1785090 256
1785100 256
1785110 256
1785120 256
1785130 256
1785140 257
1785150 257
1785160 257
1785170 257
1785180 257
1785190 257
1785200 257
1785210 257
1785220 257
1785230 257
1785240 257
1785250 258
1785260 257
1785270 257
1785280 257
1785290 257
1785300 257
1785310 257
1785320 257
1785330 257
1785340 257
1785350 257
1785360 257
1785370 257
1785380 257
1785390 258
1785400 258
1785410 258
1785420 258
1785430 258
1785440 258
1785450 258
1785460 258
1785470 258
1785480 258
1785490 258
1785500 259
1785510 259
1785520 259
1785530 259
1785540 259
1785550 259
1785560 259
1785570 260
1785580 260
1785590 260
1785600 260
1785610 260
1785620 260
1785630 260
1785640 260
1785650 260
1785660 260
1785670 260
1785680 260
1785690 260
1785700 260
1785710 260
1785720 261
1785730 261
1785740 261
1785750 261
1785760 261
1785770 261
1785780 261
1785790 261
1785800 261
1785810 262
1785820 262
1785830 262
1785840 262
1785850 262
1785860 262
1785870 262
1785880 262
1785890 262
1785900 262
1785910 262
1785920 262
1785930 263
1785940 263
1785950 263
1785960 263
1785970 264
1785980 264
1785990 264
1786000 264
1786010 264
1786020 264
1786030 264
1786040 264
1786050 265
1786060 265
1786070 265
1786080 265
1786090 265
1786100 265
1786110 265
1786120 266
1786130 266
1786140 266
1786150 266
1786160 266
1786170 266
1786180 266
1786190 267
1786200 267
1786210 268
1786220 269
1786230 270
1786240 271
1786250 273
1786260 274
1786270 276
1786280 278
1786290 280
1786300 282
1786310 284
1786320 286
1786330 288
1786340 291
1786350 293
1786360 296
1786370 299
1786380 301
1786390 302
1786400 303
1786410 304
1786420 305
1786430 306
1786440 306
1786450 307
1786460 308
1786470 308
1786480 309
1786490 309
1786500 310
1786510 310
1786520 311
1786530 311
1786540 311
1786550 311
1786560 311
1786570 311
1786580 311
1786590 310
1786600 309
1786610 308
1786620 307
1786630 306
1786640 305
1786650 303
1786660 301
1786670 299
1786680 297
1786690 295
1786700 292
1786710 290
1786720 288
1786730 287
1786740 286
1786750 284
1786760 282
1786770 280
1786780 279
1786790 278
1786800 278
1786810 278
1786820 278
1786830 278
1786840 279
1786850 279
1786860 280
1786870 281
1786880 282
1786890 283
1786900 284
1786910 285
1786920 287
1786930 288
1786940 289
1786950 290
1786960 292
1786970 293
1786980 294
1786990 295
1787000 296
1787010 298
1787020 299
1787030 300
1787040 302
1787050 303
1787060 304
1787070 305
1787080 305
1787090 306
1787100 307
1787110 307
1787120 307
1787130 307
1787140 307
1787150 307
1787160 307
1787170 307
1787180 307
1787190 307
1787200 307
1787210 308
1787220 308
1787230 307
1787240 307
1787250 307
1787260 306
1787270 306
1787280 307
1787290 308
1787300 309
1787310 309
1787320 309
1787330 310
1787340 311
1787350 312
1787360 312
1787370 314
1787380 315
1787390 318
1787400 320
1787410 322
1787420 323
1787430 325
1787440 326
1787450 327
1787460 328
1787470 329
1787480 331
1787490 333
1787500 335
1787510 338
1787520 341
1787530 344
1787540 347
1787550 348
1787560 350
1787570 352
1787580 353
1787590 355
1787600 357
1787610 358
1787620 360
1787630 361
1787640 363
1787650 364
1787660 365
1787670 366
1787680 367
1787690 367
1787700 367
1787710 367
1787720 366
1787730 366
1787740 365
1787750 365
1787760 364
1787770 363
1787780 362
1787790 361
1787800 359
1787810 358
1787820 357
1787830 356
1787840 355
1787850 355
1787860 354
1787870 354
1787880 354
1787890 354
1787900 354
1787910 355
1787920 355
1787930 355
1787940 355
1787950 356
1787960 357
1787970 358
1787980 359
1787990 358
1788000 358
1788010 357
1788020 357
1788030 356
1788040 356
1788050 355
1788060 355
1788070 354
1788080 354
1788090 353
1788100 353
1788110 353
1788120 352
1788130 352
1788140 351
1788150 351
1788160 351
1788170 351
1788180 351
1788190 351
1788200 351
1788210 351
1788220 352
1788230 352
1788240 353
1788250 353
1788260 353
1788270 354
1788280 355
1788290 355
1788300 356
1788310 356
1788320 357
1788330 357
1788340 358
1788350 358
1788360 359
1788370 360
1788380 361
1788390 361
1788400 362
1788410 363
1788420 364
1788430 366
1788440 367
1788450 368
1788460 369
1788470 370
1788480 370
1788490 371
1788500 372
1788510 372
1788520 372
1788530 372
1788540 371
1788550 370
1788560 368
1788570 367
1788580 365
