1780000 327
1780010 330
1780020 330
1780030 335
1780040 338
1780050 338
1780060 340
1780070 343
1780080 343
1780090 344
1780100 347
1780110 347
1780120 350
1780130 354
1780140 354
1780150 357
1780160 361
1780170 364
1780180 364
1780190 366
1780200 368
1780210 368
1780220 370
1780230 371
1780240 371
1780250 370
1780260 368
1780270 368
1780280 366
1780290 363
1780300 363
1780310 362
1780320 361
1780330 361
1780340 359
1780350 358
1780360 355
1780370 355
1780380 352
1780390 349
1780400 349
1780410 347
1780420 344
1780430 344
1780440 340
1780450 338
1780460 338
1780470 339
1780480 338
1780490 338
1780500 336
1780510 335
1780520 335
1780530 331
1780540 328
1780550 326
1780560 326
1780570 326
1780580 328
1780590 328
1780600 334
1780610 342
1780620 342
1780630 344
1780640 348
1780650 348
1780660 350
1780670 351
1780680 351
1780690 353
1780700 355
1780710 355
1780720 356
1780730 358
1780740 360
1780750 360
1780760 361
1780770 362
1780780 362
1780790 363
1780800 364
1780810 364
1780820 364
1780830 365
1780840 365
1780850 366
1780860 368
1780870 368
1780880 369
1780890 371
1780900 371
1780910 373
1780920 376
1780930 378
1780940 378
1780950 380
1780960 380
1780970 380
1780980 380
1780990 378
1781000 378
1781010 377
1781020 374
1781030 374
1781040 372
1781050 369
1781060 369
1781070 367
1781080 364
1781090 364
1781100 362
1781110 360
1781120 359
1781130 359
1781140 355
1781150 350
1781160 350
1781170 343
1781180 339
1781190 339
1781200 333
1781210 327
1781220 327
1781230 322
1781240 322
1781250 322
1781260 322
1781270 322
1781280 322
1781290 321
1781300 321
1781310 323
1781320 323
1781330 326
1781340 329
1781350 329
1781360 330
1781370 333
1781380 333
1781390 334
1781400 336
1781410 336
1781420 339
1781430 340
1781440 340
1781450 340
1781460 339
1781470 339
1781480 339
1781490 342
1781500 345
1781510 345
1781520 349
1781530 352
1781540 352
1781550 354
1781560 356
1781570 356
1781580 356
1781590 357
1781600 357
1781610 358
1781620 359
1781630 359
1781640 360
1781650 361
1781660 361
1781670 360
1781680 359
1781690 357
1781700 357
1781710 356
1781720 355
1781730 355
1781740 352
1781750 350
1781760 350
1781770 349
1781780 349
1781790 349
1781800 349
1781810 348
1781820 348
1781830 348
1781840 348
1781850 348
1781860 349
1781870 349
1781880 349
1781890 349
1781900 349
1781910 349
1781920 349
1781930 349
1781940 350
1781950 350
1781960 351
1781970 352
1781980 352
1781990 354
1782000 357
1782010 357
1782020 360
1782030 363
1782040 363
1782050 364
1782060 366
1782070 367
1782080 367
1782090 367
1782100 367
1782110 367
1782120 366
1782130 365
1782140 365
1782150 363
1782160 362
1782170 362
1782180 361
1782190 359
1782200 359
1782210 358
1782220 355
1782230 355
1782240 353
1782250 351
1782260 348
1782270 348
1782280 345
1782290 344
1782300 344
1782310 342
1782320 340
1782330 340
1782340 338
1782350 335
1782360 335
1782370 332
1782380 327
1782390 327
1782400 325
1782410 324
1782420 324
1782430 322
1782440 320
1782450 317
1782460 317
1782470 316
1782480 315
1782490 315
1782500 313
1782510 311
1782520 311
1782530 309
1782540 308
1782550 308
1782560 307
1782570 306
1782580 306
1782590 306
1782600 305
1782610 305
1782620 306
1782630 307
1782640 306
1782650 306
1782660 306
1782670 306
1782680 306
1782690 306
1782700 306
1782710 306
1782720 306
1782730 306
1782740 306
1782750 306
1782760 309
1782770 309
1782780 310
1782790 312
1782800 312
1782810 315
1782820 319
1782830 322
1782840 322
1782850 326
1782860 328
1782870 328
1782880 332
1782890 335
1782900 335
1782910 337
1782920 340
1782930 340
1782940 342
1782950 344
1782960 344
1782970 347
1782980 349
1782990 349
1783000 351
1783010 353
1783020 355
1783030 355
1783040 357
1783050 359
1783060 359
1783070 362
1783080 364
1783090 364
1783100 366
1783110 368
1783120 368
1783130 369
1783140 371
1783150 371
1783160 372
1783170 372
1783180 371
1783190 371
1783200 370
1783210 369
1783220 369
1783230 368
1783240 367
1783250 367
1783260 366
1783270 365
1783280 365
1783290 364
1783300 363
1783310 363
1783320 360
1783330 359
1783340 359
1783350 358
1783360 360
1783370 361
1783380 361
1783390 362
1783400 362
1783410 362
1783420 362
1783430 362
1783440 362
1783450 362
1783460 361
1783470 361
1783480 360
1783490 363
1783500 363
1783510 363
1783520 364
1783530 364
1783540 365
1783550 366
1783560 367
1783570 367
1783580 368
1783590 370
1783600 370
1783610 372
1783620 374
1783630 374
1783640 375
1783650 375
1783660 375
1783670 375
1783680 374
1783690 374
1783700 372
1783710 371
1783720 371
1783730 369
1783740 366
1783750 365
1783760 365
1783770 363
1783780 361
1783790 361
1783800 359
1783810 358
1783820 358
1783830 356
1783840 354
1783850 354
1783860 352
1783870 349
1783880 349
1783890 347
1783900 346
1783910 346
1783920 344
1783930 341
1783940 339
1783950 339
1783960 337
1783970 335
1783980 335
1783990 333
1784000 333
1784010 333
1784020 333
1784030 335
1784040 333
1784050 335
1784060 335
1784070 335
1784080 336
1784090 337
1784100 337
1784110 338
1784120 339
1784130 339
1784140 339
1784150 338
1784160 338
1784170 338
1784180 338
1784190 337
1784200 337
1784210 336
1784220 335
1784230 335
1784240 333
1784250 332
1784260 332
1784270 330
1784280 330
1784290 330
1784300 330
1784310 329
1784320 328
1784330 328
1784340 326
1784350 325
1784360 325
1784370 325
1784380 324
1784390 324
1784400 324
1784410 323
1784420 323
1784430 323
1784440 324
1784450 324
1784460 324
1784470 324
1784480 324
1784490 324
1784500 324
1784510 324
1784520 324
1784530 323
1784540 323
1784550 323
1784560 323
1784570 323
1784580 323
1784590 323
1784600 323
1784610 323
1784620 323
1784630 323
1784640 323
1784650 323
1784660 322
1784670 322
1784680 322
1784690 321
1784700 320
1784710 320
1784720 318
1784730 317
1784740 317
1784750 316
1784760 315
1784770 315
1784780 314
1784790 313
1784800 313
1784810 312
1784820 311
1784830 311
1784840 310
1784850 310
1784860 310
1784870 310
1784880 309
1784890 309
1784900 309
1784910 308
1784920 309
1784930 309
1784940 309
1784950 309
1784960 309
1784970 308
1784980 308
1784990 308
1785000 308
1785010 308
1785020 308
1785030 308
1785040 307
1785050 307
1785060 308
1785070 307
1785080 307
1785090 307
1785100 307
1785110 307
1785120 307
1785130 307
1785140 307
1785150 308
1785160 309
1785170 308
1785180 308
1785190 308
1785200 309
1785210 309
1785220 310
1785230 311
1785240 311
1785250 311
1785260 311
1785270 310
1785280 310
1785290 310
1785300 309
1785310 309
1785320 310
1785330 309
1785340 309
1785350 309
1785360 309
1785370 309
1785380 307
1785390 308
1785400 308
1785410 306
1785420 306
1785430 306
1785440 305
1785450 305
1785460 305
1785470 305
1785480 305
1785490 305
1785500 305
1785510 304
1785520 303
1785530 303
1785540 301
1785550 302
1785560 302
1785570 304
1785580 304
1785590 304
1785600 303
1785610 303
1785620 303
1785630 303
1785640 303
1785650 303
1785660 303
1785670 303
1785680 303
1785690 303
1785700 306
1785710 308
1785720 308
1785730 310
1785740 311
1785750 311
1785760 312
1785770 314
1785780 314
1785790 315
1785800 316
1785810 316
1785820 315
1785830 315
1785840 316
1785850 316
1785860 317
1785870 317
1785880 317
1785890 318
1785900 319
1785910 319
1785920 319
1785930 319
1785940 319
1785950 318
1785960 318
1785970 318
1785980 318
1785990 319
1786000 319
1786010 318
1786020 318
1786030 319
1786040 319
1786050 319
1786060 319
1786070 319
1786080 319
1786090 318
1786100 318
1786110 316
1786120 313
1786130 313
1786140 311
1786150 308
1786160 308
1786170 306
1786180 304
1786190 304
1786200 304
1786210 303
1786220 303
1786230 303
1786240 303
1786250 302
1786260 302
1786270 301
1786280 301
1786290 301
1786300 302
1786310 305
1786320 305
1786330 308
1786340 311
1786350 311
1786360 314
1786370 317
1786380 319
1786390 319
1786400 320
1786410 321
1786420 321
1786430 322
1786440 323
1786450 323
1786460 324
1786470 324
1786480 324
1786490 324
1786500 324
1786510 324
1786520 325
1786530 326
1786540 326
1786550 327
1786560 327
1786570 327
1786580 327
1786590 327
1786600 327
1786610 327
1786620 326
1786630 324
1786640 324
1786650 323
1786660 322
1786670 322
1786680 320
1786690 319
1786700 319
1786710 318
1786720 317
1786730 317
1786740 315
1786750 312
1786760 309
1786770 309
1786780 306
1786790 303
1786800 303
1786810 301
1786820 299
1786830 299
1786840 299
1786850 299
1786860 299
1786870 298
1786880 298
1786890 298
1786900 298
1786910 296
1786920 296
1786930 297
1786940 300
1786950 303
1786960 303
1786970 305
1786980 308
1786990 308
1787000 310
1787010 312
1787020 312
1787030 314
1787040 317
1787050 317
1787060 319
1787070 323
1787080 323
1787090 325
1787100 328
1787110 328
1787120 329
1787130 329
1787140 329
1787150 329
1787160 329
1787170 328
1787180 328
1787190 327
1787200 326
1787210 326
1787220 323
1787230 321
1787240 321
1787250 317
1787260 315
1787270 315
1787280 314
1787290 312
1787300 312
1787310 309
1787320 305
1787330 302
1787340 304
1787350 301
1787360 297
1787370 297
1787380 294
1787390 292
1787400 292
1787410 291
