1780000 281
1780010 281
1780020 281
1780030 280
1780040 280
1780050 280
1780060 280
1780070 280
1780080 280
1780090 279
1780100 278
1780110 279
1780120 279
1780130 277
1780140 276
1780150 278
1780160 277
1780170 276
1780180 276
1780190 276
1780200 275
1780210 275
1780220 275
1780230 275
1780240 275
1780250 274
1780260 274
1780270 274
1780280 274
1780290 273
1780300 273
1780310 273
1780320 273
1780330 273
1780340 273
1780350 273
1780360 273
1780370 273
1780380 272
1780390 272
1780400 272
1780410 272
1780420 272
1780430 272
1780440 272
1780450 270
1780460 270
1780470 272
1780480 272
1780490 272
1780500 272
1780510 272
1780520 272
1780530 272
1780540 272
1780550 272
1780560 272
1780570 272
1780580 272
1780590 272
1780600 272
1780610 272
1780620 272
1780630 272
1780640 272
1780650 272
1780660 272
1780670 272
1780680 272
1780690 272
1780700 272
1780710 273
1780720 273
1780730 273
1780740 273
1780750 273
1780760 273
1780770 273
1780780 273
1780790 273
1780800 273
1780810 273
1780820 273
1780830 273
1780840 273
1780850 274
1780860 274
1780870 277
1780880 277
1780890 277
1780900 279
1780910 279
1780920 280
1780930 281
1780940 281
1780950 283
1780960 283
1780970 283
1780980 283
1780990 283
1781000 283
1781010 286
1781020 287
1781030 287
1781040 288
1781050 289
1781060 289
1781070 291
1781080 292
1781090 293
1781100 293
1781110 294
1781120 295
1781130 295
1781140 297
1781150 298
1781160 298
1781170 299
1781180 300
1781190 300
1781200 301
1781210 303
1781220 303
1781230 304
1781240 305
1781250 305
1781260 306
1781270 307
1781280 308
1781290 308
1781300 308
1781310 308
1781320 308
1781330 307
1781340 306
1781350 306
1781360 305
1781370 303
1781380 303
1781390 301
1781400 300
1781410 300
1781420 298
1781430 296
1781440 296
1781450 294
1781460 292
1781470 291
1781480 291
1781490 291
1781500 291
1781510 291
1781520 291
1781530 289
1781540 289
1781550 288
1781560 287
1781570 287
1781580 286
1781590 285
1781600 285
1781610 285
1781620 284
1781630 284
1781640 284
1781650 284
1781660 284
1781670 284
1781680 285
1781690 285
1781700 285
1781710 286
1781720 287
1781730 287
1781740 289
1781750 291
1781760 291
1781770 293
1781780 296
1781790 296
1781800 298
1781810 301
1781820 301
1781830 304
1781840 306
1781850 308
1781860 308
1781870 310
1781880 311
1781890 311
1781900 311
1781910 311
1781920 311
1781930 311
1781940 311
1781950 311
1781960 310
1781970 309
1781980 309
1781990 308
1782000 306
1782010 306
1782020 304
1782030 303
1782040 302
1782050 302
1782060 303
1782070 304
1782080 304
1782090 306
1782100 307
1782110 307
1782120 309
1782130 309
1782140 309
1782150 308
1782160 308
1782170 308
1782180 307
1782190 307
1782200 307
1782210 307
1782220 306
1782230 306
1782240 306
1782250 306
1782260 305
1782270 305
1782280 305
1782290 304
1782300 304
1782310 303
1782320 300
1782330 300
1782340 298
1782350 296
1782360 296
1782370 294
1782380 292
1782390 292
1782400 290
1782410 289
1782420 289
1782430 289
1782440 288
1782450 288
1782460 288
1782470 289
1782480 291
1782490 291
1782500 293
1782510 295
1782520 295
1782530 296
1782540 297
1782550 297
1782560 299
1782570 300
1782580 300
1782590 301
1782600 300
1782610 300
1782620 301
1782630 301
1782640 300
1782650 300
1782660 299
1782670 299
1782680 299
1782690 299
1782700 298
1782710 298
1782720 297
1782730 295
1782740 295
1782750 294
1782760 293
1782770 293
1782780 292
1782790 291
1782800 291
1782810 290
1782820 288
1782830 286
1782840 286
1782850 285
1782860 285
1782870 285
1782880 285
1782890 286
1782900 286
1782910 288
1782920 288
1782930 288
1782940 290
1782950 292
1782960 292
1782970 294
1782980 296
1782990 296
1783000 297
1783010 300
1783020 301
1783030 301
1783040 302
1783050 304
1783060 304
1783070 305
1783080 305
1783090 305
1783100 305
1783110 305
1783120 305
1783130 305
1783140 305
1783150 305
1783160 305
1783170 305
1783180 305
1783190 306
1783200 306
1783210 306
1783220 306
1783230 306
1783240 306
1783250 306
1783260 306
1783270 306
1783280 306
1783290 306
1783300 306
1783310 306
1783320 306
1783330 306
1783340 306
1783350 307
1783360 307
1783370 307
1783380 307
1783390 306
1783400 306
1783410 306
1783420 306
1783430 306
1783440 306
1783450 306
1783460 306
1783470 306
1783480 306
1783490 306
1783500 306
1783510 306
1783520 306
1783530 306
1783540 306
1783550 305
1783560 305
1783570 305
1783580 304
1783590 303
1783600 303
1783610 302
1783620 300
1783630 300
1783640 297
1783650 294
1783660 294
1783670 292
1783680 289
1783690 289
1783700 287
1783710 286
1783720 286
1783730 284
1783740 283
1783750 283
1783760 281
1783770 280
1783780 279
1783790 279
1783800 277
1783810 276
1783820 276
1783830 275
1783840 274
1783850 274
1783860 274
1783870 273
1783880 273
1783890 272
1783900 272
1783910 272
1783920 272
1783930 272
1783940 272
1783950 272
1783960 272
1783970 272
1783980 272
1783990 269
1784000 272
1784010 272
1784020 271
1784030 271
1784040 271
1784050 271
1784060 272
1784070 272
1784080 275
1784090 279
1784100 279
1784110 281
1784120 283
1784130 283
1784140 283
1784150 284
1784160 284
1784170 283
1784180 282
1784190 281
1784200 281
1784210 279
1784220 274
1784230 274
1784240 278
1784250 279
1784260 279
1784270 284
1784280 288
1784290 288
1784300 292
1784310 295
1784320 295
1784330 296
1784340 297
1784350 297
1784360 297
1784370 298
1784380 298
1784390 298
1784400 298
1784410 298
1784420 298
1784430 298
1784440 297
1784450 297
1784460 297
1784470 296
1784480 296
1784490 295
1784500 294
1784510 294
1784520 293
1784530 292
1784540 292
1784550 290
1784560 289
1784570 288
1784580 288
1784590 287
1784600 283
1784610 283
1784620 279
1784630 274
1784640 274
1784650 271
1784660 270
1784670 270
1784680 269
1784690 268
1784700 268
1784710 267
1784720 268
1784730 268
1784740 267
1784750 267
1784760 264
1784770 264
1784780 266
1784790 266
1784800 266
1784810 266
1784820 266
1784830 266
1784840 266
1784850 266
1784860 266
1784870 266
1784880 266
1784890 266
1784900 266
1784910 266
1784920 266
1784930 265
1784940 265
1784950 265
1784960 265
1784970 265
1784980 265
1784990 265
1785000 265
1785010 265
1785020 265
1785030 265
1785040 264
1785050 264
1785060 264
1785070 264
1785080 264
1785090 264
1785100 264
1785110 264
1785120 264
1785130 263
1785140 263
1785150 263
1785160 263
1785170 263
1785180 263
1785190 263
1785200 262
1785210 262
1785220 262
1785230 262
1785240 262
1785250 262
1785260 262
1785270 262
1785280 262
1785290 262
1785300 262
1785310 262
1785320 261
1785330 261
1785340 261
1785350 262
1785360 261
1785370 261
1785380 261
1785390 261
1785400 261
1785410 261
1785420 261
1785430 261
1785440 261
1785450 261
1785460 261
1785470 261
1785480 261
1785490 261
1785500 261
1785510 261
1785520 261
1785530 261
1785540 261
1785550 261
1785560 261
1785570 261
1785580 261
1785590 261
1785600 261
1785610 261
1785620 261
1785630 262
1785640 262
1785650 262
1785660 262
1785670 262
1785680 262
1785690 262
1785700 262
1785710 262
1785720 262
1785730 262
1785740 262
1785750 262
1785760 262
1785770 262
1785780 262
1785790 262
1785800 262
1785810 262
1785820 262
1785830 263
1785840 263
1785850 263
1785860 264
1785870 264
1785880 265
1785890 265
1785900 265
1785910 266
1785920 266
1785930 267
1785940 267
1785950 269
1785960 270
1785970 270
1785980 272
1785990 274
1786000 274
1786010 277
1786020 279
1786030 279
1786040 281
1786050 282
1786060 282
1786070 283
1786080 282
1786090 282
1786100 281
1786110 281
1786120 281
1786130 281
1786140 281
1786150 283
1786160 283
1786170 287
1786180 289
1786190 289
1786200 291
1786210 292
1786220 292
1786230 293
1786240 294
1786250 294
1786260 294
1786270 294
1786280 294
1786290 295
1786300 294
1786310 293
1786320 293
1786330 290
1786340 291
1786350 291
1786360 290
1786370 286
1786380 286
1786390 280
1786400 278
1786410 278
1786420 279
1786430 280
1786440 280
1786450 282
1786460 285
1786470 285
1786480 288
1786490 289
1786500 291
1786510 291
1786520 294
1786530 295
1786540 295
1786550 291
1786560 294
1786570 294
1786580 295
1786590 294
1786600 294
1786610 293
1786620 291
1786630 291
1786640 290
1786650 286
1786660 286
1786670 289
1786680 289
1786690 290
1786700 290
1786710 290
1786720 289
1786730 289
1786740 288
1786750 286
1786760 286
1786770 288
1786780 289
1786790 289
1786800 290
1786810 293
1786820 293
1786830 295
1786840 296
1786850 296
1786860 297
1786870 298
1786880 298
1786890 297
1786900 297
1786910 297
1786920 297
1786930 297
1786940 298
1786950 298
1786960 298
1786970 298
1786980 298
1786990 298
1787000 297
1787010 297
1787020 297
1787030 297
1787040 297
1787050 296
1787060 296
1787070 296
1787080 295
1787090 295
1787100 295
1787110 295
1787120 294
1787130 294
1787140 294
1787150 293
1787160 293
1787170 293
1787180 292
1787190 292
1787200 292
1787210 291
1787220 291
1787230 291
1787240 291
1787250 290
1787260 290
1787270 290
1787280 289
1787290 288
1787300 288
1787310 286
1787320 284
1787330 284
1787340 282
1787350 281
1787360 281
1787370 278
1787380 274
1787390 274
1787400 272
1787410 270
1787420 270
1787430 267
1787440 265
1787450 265
1787460 263
1787470 261
1787480 260
1787490 260
1787500 259
1787510 259
1787520 259
1787530 260
1787540 260
1787550 260
1787560 260
1787570 260
1787580 260
1787590 260
1787600 260
1787610 260
1787620 260
1787630 260
1787640 260
1787650 260
1787660 260
1787670 263
1787680 263
1787690 265
1787700 269
1787710 269
1787720 272
1787730 274
1787740 274
1787750 276
1787760 280
1787770 280
1787780 282
1787790 284
1787800 284
1787810 286
1787820 288
1787830 288
1787840 289
1787850 289
1787860 289
1787870 289
1787880 289
1787890 288
1787900 288
1787910 288
1787920 287
1787930 287
1787940 285
1787950 285
1787960 285
1787970 283
1787980 283
1787990 283
1788000 282
1788010 281
1788020 281
1788030 282
1788040 283
1788050 283
1788060 283
1788070 282
1788080 282
1788090 282
1788100 281
1788110 281
1788120 281
1788130 280
1788140 280
1788150 280
1788160 279
1788170 277
1788180 277
1788190 273
1788200 269
1788210 269
1788220 269
1788230 271
1788240 271
1788250 273
1788260 274
1788270 275
1788280 275
1788290 275
1788300 276
1788310 276
1788320 277
1788330 277
1788340 277
1788350 276
1788360 275
1788370 275
1788380 274
1788390 273
1788400 273
1788410 272
1788420 271
1788430 271
1788440 270
1788450 267
1788460 265
1788470 265
1788480 263
1788490 263
1788500 263
1788510 262
1788520 262
1788530 262
1788540 262
1788550 264
1788560 264
1788570 265
1788580 266
1788590 266
1788600 268
1788610 269
1788620 269
1788630 270
1788640 270
1788650 270
1788660 270
1788670 269
1788680 268
1788690 268
1788700 268
1788710 266
1788720 266
1788730 266
1788740 265
1788750 265
1788760 264
1788770 263
1788780 263
1788790 263
1788800 262
1788810 262
1788820 261
1788830 260
1788840 260
1788850 260
1788860 259
1788870 259
1788880 259
1788890 259
1788900 259
1788910 259
1788920 258
1788930 258
1788940 258
1788950 258
1788960 259
1788970 259
1788980 259
1788990 259
1789000 259
1789010 260
1789020 260
1789030 260
1789040 260
1789050 260
1789060 259
1789070 259
1789080 259
1789090 258
1789100 258
1789110 258
1789120 257
1789130 257
1789140 257
1789150 257
1789160 257
1789170 256
1789180 256
1789190 256
1789200 256
1789210 256
1789220 256
1789230 256
1789240 256
1789250 256
1789260 256
1789270 255
1789280 254
1789290 254
1789300 254
1789310 254
1789320 254
1789330 253
1789340 253
1789350 253
1789360 253
1789370 252
1789380 252
1789390 252
1789400 253
1789410 253
1789420 253
1789430 254
1789440 254
1789450 254
1789460 254
1789470 254
1789480 254
1789490 254
1789500 254
1789510 254
1789520 254
1789530 254
1789540 254
1789550 254
1789560 254
1789570 254
1789580 254
1789590 254
1789600 255
1789610 255
1789620 255
1789630 255
1789640 255
1789650 255
1789660 255
1789670 255
1789680 255
1789690 254
1789700 254
1789710 254
1789720 254
1789730 254
1789740 254
1789750 254
1789760 254
1789770 254
1789780 254
1789790 254
1789800 254
1789810 254
1789820 254
1789830 254
1789840 254
1789850 254
1789860 254
1789870 253
1789880 253
1789890 253
1789900 253
1789910 253
1789920 253
1789930 253
1789940 253
1789950 253
1789960 253
1789970 253
1789980 253
1789990 253
1790000 253
1790010 253
1790020 253
1790030 252
1790040 252
1790050 252
1790060 252
1790070 252
1790080 252
1790090 252
1790100 252
1790110 252
1790120 252
1790130 252
1790140 252
1790150 253
1790160 253
1790170 253
1790180 252
1790190 252
1790200 252
1790210 252
1790220 253
1790230 252
1790240 252
1790250 252
1790260 252
1790270 252
1790280 252
1790290 252
1790300 252
1790310 251
1790320 251
1790330 251
1790340 251
1790350 251
1790360 251
1790370 251
1790380 251
1790390 249
1790400 249
1790410 251
1790420 251
1790430 251
1790440 251
1790450 251
1790460 251
1790470 251
1790480 251
1790490 251
1790500 251
1790510 251
1790520 251
1790530 251
1790540 251
1790550 251
1790560 250
1790570 251
1790580 252
1790590 252
1790600 252
1790610 252
1790620 252
1790630 252
1790640 251
1790650 251
1790660 250
1790670 250
1790680 250
1790690 250
1790700 250
1790710 250
1790720 250
1790730 249
1790740 249
1790750 249
1790760 249
1790770 249
1790780 249
1790790 249
1790800 249
1790810 249
1790820 249
1790830 249
1790840 249
1790850 249
1790860 249
1790870 249
1790880 249
1790890 249
1790900 249
1790910 249
1790920 249
1790930 249
1790940 249
1790950 249
1790960 249
1790970 249
1790980 249
1790990 249
1791000 249
1791010 249
1791020 249
1791030 249
1791040 249
1791050 249
1791060 249
1791070 249
1791080 249
1791090 249
1791100 248
1791110 248
1791120 248
1791130 248
1791140 248
1791150 248
1791160 248
1791170 248
1791180 248
1791190 248
1791200 248
1791210 248
1791220 248
1791230 248
1791240 248
1791250 248
1791260 248
1791270 248
1791280 248
1791290 248
1791300 248
1791310 248
1791320 248
1791330 248
1791340 248
1791350 248
1791360 248
1791370 248
1791380 248
1791390 248
1791400 248
1791410 248
1791420 248
1791430 248
1791440 248
1791450 247
1791460 247
1791470 247
1791480 247
1791490 248
1791500 248
1791510 248
1791520 248
1791530 248
1791540 248
1791550 248
1791560 248
1791570 248
1791580 248
1791590 248
1791600 248
1791610 248
1791620 248
1791630 248
1791640 248
1791650 248
1791660 248
1791670 248
1791680 247
1791690 247
1791700 247
1791710 247
1791720 247
1791730 247
1791740 248
1791750 248
1791760 248
1791770 248
1791780 248
1791790 248
1791800 248
1791810 248
1791820 248
1791830 248
1791840 248
1791850 248
1791860 248
1791870 248
1791880 248
1791890 248
1791900 248
1791910 248
1791920 248
1791930 248
1791940 248
1791950 248
1791960 248
1791970 248
1791980 248
1791990 247
1792000 247
1792010 247
1792020 248
1792030 248
1792040 248
1792050 247
1792060 247
1792070 247
1792080 247
1792090 247
1792100 247
1792110 247
1792120 247
1792130 247
1792140 247
1792150 247
1792160 247
1792170 247
1792180 247
1792190 247
1792200 247
1792210 247
1792220 247
1792230 247
1792240 247
1792250 247
1792260 247
1792270 247
1792280 245
1792290 245
1792300 243
1792310 243
1792320 243
1792330 243
1792340 243
1792350 243
1792360 243
1792370 244
1792380 245
1792390 245
1792400 246
1792410 246
1792420 246
1792430 246
1792440 246
1792450 246
1792460 246
1792470 246
1792480 246
1792490 246
1792500 246
1792510 246
1792520 246
1792530 246
1792540 246
1792550 246
1792560 246
1792570 246
1792580 246
1792590 246
1792600 246
1792610 246
1792620 245
1792630 245
1792640 245
1792650 244
1792660 244
1792670 244
1792680 243
1792690 244
1792700 244
1792710 244
1792720 244
1792730 244
1792740 244
1792750 244
1792760 244
1792770 244
1792780 244
1792790 240
1792800 240
1792810 240
1792820 240
1792830 240
1792840 240
1792850 242
1792860 242
1792870 244
1792880 244
1792890 244
1792900 244
1792910 244
1792920 244
1792930 244
1792940 244
1792950 244
1792960 244
1792970 245
1792980 245
1792990 245
1793000 244
1793010 244
1793020 244
1793030 244
1793040 244
1793050 244
1793060 244
1793070 244
1793080 244
1793090 244
1793100 244
1793110 244
1793120 244
1793130 243
1793140 244
1793150 244
1793160 244
1793170 244
1793180 244
1793190 245
1793200 245
1793210 245
1793220 245
1793230 245
1793240 245
1793250 245
1793260 245
1793270 245
1793280 245
1793290 245
1793300 245
1793310 245
1793320 245
1793330 245
1793340 245
1793350 245
1793360 245
1793370 245
1793380 246
1793390 246
1793400 246
1793410 246
1793420 246
1793430 246
1793440 246
1793450 246
1793460 246
1793470 246
1793480 246
1793490 246
1793500 246
1793510 246
1793520 246
1793530 246
1793540 245
1793550 245
1793560 245
1793570 245
1793580 245
1793590 245
1793600 245
1793610 245
1793620 245
1793630 245
1793640 245
1793650 245
1793660 245
1793670 245
1793680 245
1793690 245
1793700 245
1793710 245
1793720 245
1793730 245
1793740 245
1793750 245
1793760 245
1793770 245
1793780 245
1793790 245
1793800 245
1793810 245
1793820 245
1793830 245
1793840 245
1793850 245
1793860 245
1793870 245
1793880 245
1793890 245
1793900 245
1793910 245
1793920 245
1793930 245
1793940 245
1793950 245
1793960 244
1793970 244
1793980 244
1793990 244
1794000 244
1794010 244
1794020 244
1794030 244
1794040 243
1794050 243
1794060 243
1794070 243
1794080 243
1794090 243
1794100 243
1794110 243
1794120 244
1794130 244
1794140 244
1794150 244
1794160 244
1794170 244
1794180 244
1794190 244
1794200 244
1794210 244
1794220 244
1794230 244
1794240 244
1794250 244
1794260 244
1794270 244
1794280 244
1794290 244
1794300 244
1794310 244
1794320 244
1794330 244
1794340 244
1794350 244
1794360 244
1794370 244
1794380 244
1794390 244
1794400 244
1794410 244
1794420 244
1794430 244
1794440 244
1794450 244
1794460 244
1794470 244
1794480 244
1794490 244
1794500 244
1794510 244
1794520 244
1794530 244
1794540 244
1794550 243
1794560 243
1794570 243
1794580 243
1794590 243
1794600 243
1794610 243
1794620 243
1794630 243
1794640 243
1794650 243
1794660 243
1794670 243
1794680 243
1794690 243
1794700 243
