1780000 263
1780010 263
1780020 263
1780030 263
1780040 263
1780050 263
1780060 263
1780070 263
1780080 263
1780090 263
1780100 263
1780110 263
1780120 263
1780130 263
1780140 263
1780150 263
1780160 263
1780170 263
1780180 263
1780190 263
1780200 263
1780210 263
1780220 263
1780230 263
1780240 263
1780250 263
1780260 263
1780270 263
1780280 263
1780290 262
1780300 262
1780310 262
1780320 262
1780330 262
1780340 262
1780350 262
1780360 262
1780370 262
1780380 262
1780390 262
1780400 262
1780410 262
1780420 262
1780430 262
1780440 262
1780450 262
1780460 262
1780470 262
1780480 262
1780490 262
1780500 262
1780510 262
1780520 262
1780530 262
1780540 262
1780550 262
1780560 262
1780570 262
1780580 262
1780590 262
1780600 262
1780610 261
1780620 262
1780630 262
1780640 262
1780650 262
1780660 262
1780670 261
1780680 262
1780690 262
1780700 261
1780710 261
1780720 261
1780730 261
1780740 261
1780750 261
1780760 261
1780770 261
1780780 261
1780790 261
1780800 261
1780810 261
1780820 261
1780830 261
1780840 261
1780850 261
1780860 261
1780870 261
1780880 261
1780890 261
1780900 261
1780910 261
1780920 261
1780930 261
1780940 261
1780950 261
1780960 261
1780970 261
1780980 261
1780990 261
1781000 261
1781010 261
1781020 261
1781030 261
1781040 261
1781050 261
1781060 261
1781070 261
1781080 261
1781090 261
1781100 261
1781110 261
1781120 261
1781130 261
1781140 261
1781150 261
1781160 261
1781170 261
1781180 261
1781190 261
1781200 261
1781210 261
1781220 261
1781230 261
1781240 261
1781250 261
1781260 261
1781270 261
1781280 261
1781290 261
1781300 261
1781310 261
1781320 261
1781330 261
1781340 261
1781350 261
1781360 261
1781370 261
1781380 261
1781390 261
1781400 261
1781410 260
1781420 260
1781430 260
1781440 261
1781450 261
1781460 260
1781470 260
1781480 260
1781490 260
1781500 260
1781510 260
1781520 260
1781530 260
1781540 260
1781550 260
1781560 260
1781570 260
1781580 260
1781590 260
1781600 260
1781610 260
1781620 260
1781630 260
1781640 260
1781650 260
1781660 260
1781670 260
1781680 260
1781690 260
1781700 260
1781710 260
1781720 260
1781730 260
1781740 260
1781750 260
1781760 260
1781770 260
1781780 260
1781790 260
1781800 260
1781810 260
1781820 260
1781830 260
1781840 260
1781850 260
1781860 260
1781870 260
1781880 260
1781890 260
1781900 260
1781910 260
1781920 260
1781930 260
1781940 260
1781950 260
1781960 260
1781970 260
1781980 260
1781990 260
1782000 260
1782010 260
1782020 260
1782030 260
1782040 260
1782050 260
1782060 260
1782070 260
1782080 260
1782090 260
1782100 260
1782110 260
1782120 260
1782130 260
1782140 260
1782150 260
1782160 260
1782170 260
1782180 260
1782190 261
1782200 260
1782210 260
1782220 260
1782230 260
1782240 260
1782250 260
1782260 260
1782270 260
1782280 259
1782290 259
1782300 259
1782310 259
1782320 259
1782330 259
1782340 259
1782350 259
1782360 259
1782370 259
1782380 259
1782390 259
1782400 259
1782410 259
1782420 259
1782430 259
1782440 259
1782450 259
1782460 259
1782470 259
1782480 259
1782490 259
1782500 259
1782510 259
1782520 259
1782530 259
1782540 259
1782550 259
1782560 259
1782570 259
1782580 258
1782590 258
1782600 258
1782610 259
1782620 259
1782630 259
1782640 259
1782650 259
1782660 259
1782670 259
1782680 258
1782690 258
1782700 258
1782710 259
1782720 259
1782730 259
1782740 259
1782750 259
1782760 259
1782770 259
1782780 259
1782790 259
1782800 259
1782810 259
1782820 259
1782830 259
1782840 259
1782850 259
1782860 259
1782870 258
1782880 258
1782890 258
1782900 258
1782910 258
1782920 258
1782930 258
1782940 258
1782950 258
1782960 258
1782970 258
1782980 258
1782990 258
1783000 258
1783010 258
1783020 258
1783030 258
1783040 258
1783050 258
1783060 258
1783070 258
1783080 258
1783090 258
1783100 258
1783110 258
1783120 258
1783130 258
1783140 258
1783150 258
1783160 258
1783170 258
1783180 258
1783190 258
1783200 258
1783210 258
1783220 258
1783230 258
1783240 258
1783250 258
1783260 259
1783270 259
1783280 259
1783290 259
1783300 259
1783310 259
1783320 259
1783330 259
1783340 259
1783350 259
1783360 259
1783370 259
1783380 259
1783390 259
1783400 259
1783410 259
1783420 259
1783430 258
1783440 258
1783450 258
1783460 258
1783470 258
1783480 258
1783490 259
1783500 259
1783510 259
1783520 259
1783530 259
1783540 259
1783550 258
1783560 258
1783570 258
1783580 258
1783590 258
1783600 258
1783610 259
1783620 258
1783630 258
1783640 258
1783650 258
1783660 258
1783670 258
1783680 258
1783690 258
1783700 258
1783710 257
1783720 257
1783730 257
1783740 258
1783750 257
1783760 257
1783770 257
1783780 257
1783790 257
1783800 257
1783810 257
1783820 257
1783830 257
1783840 257
1783850 257
1783860 257
1783870 257
1783880 257
1783890 257
1783900 257
1783910 257
1783920 257
1783930 257
1783940 257
1783950 257
1783960 257
1783970 257
1783980 257
1783990 257
1784000 257
1784010 257
1784020 258
1784030 258
1784040 258
1784050 258
1784060 258
1784070 258
1784080 258
1784090 258
1784100 257
1784110 257
1784120 257
1784130 257
1784140 257
1784150 256
1784160 256
1784170 256
1784180 255
1784190 255
1784200 255
1784210 256
1784220 256
1784230 256
1784240 255
1784250 256
1784260 256
1784270 256
1784280 256
1784290 256
1784300 256
1784310 256
1784320 256
1784330 256
1784340 256
1784350 256
1784360 256
1784370 256
1784380 256
1784390 256
1784400 256
1784410 256
1784420 256
1784430 256
1784440 256
1784450 256
1784460 256
1784470 256
1784480 256
1784490 256
1784500 256
1784510 256
1784520 256
1784530 256
1784540 256
1784550 256
1784560 256
1784570 256
1784580 256
1784590 256
1784600 256
1784610 256
1784620 256
1784630 256
1784640 256
1784650 256
1784660 256
1784670 256
1784680 256
1784690 256
1784700 256
1784710 256
1784720 256
1784730 256
1784740 256
1784750 256
1784760 256
1784770 256
1784780 256
1784790 256
1784800 256
1784810 255
1784820 255
1784830 255
1784840 256
1784850 255
1784860 255
1784870 255
1784880 255
1784890 256
1784900 256
1784910 256
1784920 255
1784930 255
1784940 255
1784950 255
1784960 255
1784970 255
1784980 255
1784990 255
1785000 255
1785010 255
1785020 255
1785030 255
1785040 255
1785050 255
1785060 255
1785070 255
1785080 255
1785090 255
1785100 255
1785110 255
1785120 255
1785130 255
1785140 255
1785150 255
1785160 255
1785170 255
1785180 255
1785190 255
1785200 255
1785210 255
1785220 255
1785230 255
1785240 255
1785250 255
1785260 255
1785270 255
1785280 255
1785290 255
1785300 255
1785310 255
1785320 255
1785330 255
1785340 255
1785350 254
1785360 254
1785370 254
1785380 254
1785390 255
1785400 255
1785410 254
1785420 254
1785430 254
1785440 254
1785450 254
1785460 254
1785470 254
1785480 254
1785490 254
1785500 254
1785510 254
1785520 254
1785530 254
1785540 254
1785550 254
1785560 254
1785570 254
1785580 254
1785590 254
1785600 254
1785610 254
1785620 254
1785630 254
1785640 254
1785650 254
1785660 254
1785670 254
1785680 254
1785690 254
1785700 254
1785710 254
1785720 254
1785730 254
1785740 254
1785750 254
1785760 254
1785770 254
1785780 254
1785790 254
1785800 255
1785810 255
1785820 255
1785830 255
1785840 255
1785850 255
1785860 255
1785870 254
1785880 254
1785890 254
1785900 255
1785910 255
1785920 255
1785930 255
1785940 255
1785950 255
1785960 255
1785970 255
1785980 255
1785990 255
1786000 255
1786010 255
1786020 255
1786030 255
1786040 255
1786050 255
1786060 254
1786070 254
1786080 254
1786090 254
1786100 254
1786110 254
1786120 254
1786130 254
1786140 254
1786150 254
1786160 254
1786170 254
1786180 254
1786190 254
1786200 254
1786210 254
1786220 254
1786230 254
1786240 254
1786250 253
1786260 253
1786270 254
1786280 253
1786290 253
1786300 253
1786310 253
1786320 253
1786330 253
1786340 253
1786350 253
1786360 253
1786370 253
1786380 253
1786390 253
1786400 253
1786410 253
1786420 253
1786430 253
1786440 253
1786450 253
1786460 253
1786470 253
1786480 253
1786490 253
1786500 253
1786510 253
1786520 253
1786530 253
1786540 253
1786550 253
1786560 253
1786570 253
1786580 253
1786590 253
1786600 253
1786610 253
1786620 253
1786630 253
1786640 253
1786650 253
1786660 253
1786670 253
1786680 253
1786690 253
1786700 253
1786710 253
1786720 253
1786730 253
1786740 253
1786750 253
1786760 253
1786770 253
1786780 253
1786790 253
1786800 253
1786810 253
1786820 253
1786830 253
1786840 253
1786850 253
1786860 253
1786870 253
1786880 253
1786890 253
1786900 251
1786910 253
1786920 253
1786930 253
1786940 253
1786950 253
1786960 252
1786970 252
1786980 252
1786990 253
1787000 253
1787010 252
1787020 252
1787030 252
1787040 252
1787050 252
1787060 252
1787070 252
1787080 252
1787090 252
1787100 252
1787110 252
1787120 252
1787130 252
1787140 252
1787150 252
1787160 252
1787170 252
1787180 252
1787190 252
1787200 252
1787210 252
1787220 252
1787230 252
1787240 252
1787250 252
1787260 252
1787270 252
1787280 253
1787290 253
1787300 253
1787310 253
1787320 254
1787330 254
1787340 254
1787350 256
1787360 256
1787370 257
1787380 258
1787390 258
1787400 259
1787410 260
1787420 262
1787430 262
1787440 264
1787450 267
1787460 267
1787470 271
1787480 275
1787490 275
1787500 276
1787510 278
1787520 278
1787530 279
1787540 279
1787550 279
1787560 280
1787570 281
1787580 281
1787590 281
1787600 281
1787610 283
1787620 283
1787630 283
1787640 284
1787650 284
1787660 284
1787670 284
1787680 284
1787690 283
1787700 282
1787710 282
1787720 282
1787730 282
1787740 282
1787750 281
1787760 281
1787770 281
1787780 280
1787790 280
1787800 279
1787810 279
1787820 279
1787830 279
1787840 279
1787850 279
1787860 280
1787870 280
1787880 281
1787890 281
1787900 281
1787910 282
1787920 282
1787930 282
1787940 282
1787950 282
1787960 283
1787970 283
1787980 283
1787990 283
1788000 283
1788010 284
1788020 284
1788030 284
1788040 285
1788050 285
1788060 285
1788070 286
1788080 286
1788090 286
1788100 287
1788110 287
1788120 287
1788130 287
1788140 287
1788150 287
1788160 287
1788170 287
1788180 287
1788190 287
1788200 287
1788210 287
1788220 287
1788230 287
1788240 287
1788250 287
1788260 287
1788270 287
1788280 287
1788290 287
1788300 287
1788310 287
1788320 287
1788330 287
1788340 287
1788350 286
1788360 286
1788370 286
1788380 286
1788390 286
1788400 287
1788410 287
1788420 287
1788430 287
1788440 287
1788450 287
1788460 287
1788470 287
1788480 286
1788490 286
1788500 286
1788510 286
1788520 287
1788530 287
1788540 285
1788550 285
1788560 285
1788570 285
1788580 284
1788590 283
1788600 283
1788610 281
1788620 279
1788630 279
1788640 277
1788650 275
1788660 275
1788670 273
1788680 271
1788690 271
1788700 269
1788710 267
1788720 267
1788730 266
1788740 265
1788750 265
1788760 264
1788770 263
1788780 260
1788790 260
1788800 259
1788810 258
1788820 258
1788830 257
1788840 257
1788850 257
1788860 257
1788870 257
1788880 257
1788890 257
1788900 258
1788910 258
1788920 258
1788930 259
1788940 259
1788950 259
1788960 260
1788970 260
1788980 262
1788990 263
1789000 263
1789010 263
1789020 265
1789030 265
1789040 265
1789050 266
1789060 267
1789070 267
1789080 269
1789090 270
1789100 270
1789110 272
1789120 275
1789130 275
1789140 278
1789150 281
1789160 281
1789170 284
1789180 284
1789190 286
1789200 286
1789210 289
1789220 291
1789230 291
1789240 292
1789250 294
1789260 294
1789270 295
1789280 296
1789290 296
1789300 297
1789310 298
1789320 298
1789330 298
1789340 297
1789350 297
1789360 297
1789370 295
1789380 292
1789390 292
1789400 291
1789410 291
1789420 291
1789430 291
1789440 291
1789450 291
1789460 292
1789470 293
1789480 293
1789490 294
1789500 295
1789510 295
1789520 298
1789530 303
1789540 303
1789550 305
1789560 306
1789570 308
1789580 308
1789590 309
1789600 311
1789610 311
1789620 313
1789630 314
1789640 314
1789650 315
1789660 315
1789670 315
1789680 316
1789690 317
1789700 317
1789710 320
1789720 322
1789730 322
1789740 325
1789750 328
1789760 332
1789770 332
1789780 335
1789790 338
1789800 338
1789810 339
1789820 341
1789830 341
1789840 344
1789850 347
1789860 347
1789870 349
1789880 350
1789890 350
1789900 351
1789910 351
1789920 351
1789930 349
1789940 347
1789950 347
1789960 345
1789970 343
1789980 342
1789990 342
1790000 339
1790010 336
1790020 336
1790030 333
1790040 330
1790050 330
1790060 328
1790070 325
1790080 325
1790090 322
1790100 319
1790110 319
1790120 317
1790130 315
1790140 315
1790150 311
1790160 308
1790170 305
1790180 305
1790190 302
1790200 298
1790210 298
1790220 297
1790230 295
1790240 295
1790250 294
1790260 294
1790270 294
1790280 292
1790290 290
1790300 290
1790310 288
1790320 288
1790330 288
1790340 288
1790350 287
1790360 288
1790370 288
1790380 287
1790390 287
1790400 287
1790410 289
1790420 290
1790430 290
1790440 291
1790450 293
1790460 293
1790470 296
1790480 298
1790490 298
1790500 301
1790510 306
1790520 306
1790530 309
1790540 310
1790550 314
1790560 314
1790570 317
1790580 320
1790590 320
1790600 323
1790610 324
1790620 324
1790630 324
1790640 323
1790650 323
1790660 321
1790670 318
1790680 318
1790690 314
1790700 312
1790710 312
1790720 309
1790730 305
1790740 305
1790750 299
1790760 298
1790770 297
1790780 297
1790790 295
1790800 292
1790810 292
1790820 291
1790830 289
1790840 289
1790850 287
1790860 287
1790870 287
1790880 290
1790890 291
1790900 291
1790910 291
1790920 292
1790930 292
1790940 294
1790950 295
1790960 297
1790970 297
1790980 299
1790990 301
1791000 301
1791010 304
1791020 307
1791030 307
1791040 309
1791050 312
1791060 312
1791070 316
1791080 318
1791090 318
1791100 320
1791110 324
1791120 324
1791130 326
1791140 329
1791150 331
1791160 331
1791170 333
1791180 335
1791190 335
1791200 338
1791210 341
1791220 341
1791230 342
1791240 343
1791250 343
1791260 340
1791270 336
1791280 336
1791290 331
1791300 328
1791310 328
1791320 326
1791330 324
1791340 322
1791350 322
1791360 321
1791370 320
1791380 320
1791390 318
1791400 316
1791410 316
1791420 314
1791430 311
1791440 311
1791450 309
1791460 307
1791470 307
1791480 303
1791490 300
1791500 300
1791510 297
1791520 295
1791530 295
1791540 293
1791550 290
1791560 288
1791570 288
1791580 286
1791590 283
1791600 283
1791610 281
1791620 279
1791630 279
1791640 278
1791650 276
1791660 276
1791670 274
1791680 273
1791690 273
1791700 270
1791710 267
1791720 267
1791730 267
1791740 268
1791750 269
1791760 269
1791770 269
1791780 270
1791790 270
1791800 272
1791810 274
1791820 274
1791830 277
1791840 279
1791850 279
1791860 281
1791870 284
1791880 284
1791890 287
1791900 289
1791910 289
1791920 294
1791930 297
1791940 301
1791950 301
1791960 305
1791970 308
1791980 308
1791990 311
1792000 314
1792010 314
1792020 317
1792030 320
1792040 320
1792050 323
1792060 325
1792070 325
1792080 328
1792090 329
1792100 329
1792110 328
1792120 323
1792130 320
1792140 320
1792150 316
1792160 312
1792170 312
1792180 310
1792190 307
1792200 308
1792210 305
1792220 304
1792230 304
1792240 303
1792250 302
1792260 302
1792270 301
1792280 302
1792290 302
1792300 305
1792310 307
1792320 309
1792330 309
1792340 312
1792350 315
1792360 315
1792370 319
1792380 324
1792390 324
1792400 329
1792410 333
1792420 333
1792430 339
1792440 345
1792450 345
1792460 350
1792470 352
1792480 352
1792490 354
1792500 356
1792510 356
1792520 358
1792530 360
1792540 361
1792550 361
1792560 362
1792570 363
1792580 363
1792590 366
1792600 367
1792610 367
1792620 367
1792630 368
1792640 368
1792650 367
1792660 366
1792670 366
1792680 364
1792690 361
1792700 361
1792710 358
1792720 356
1792730 352
1792740 352
1792750 350
1792760 348
1792770 348
1792780 347
1792790 345
1792800 345
1792810 344
1792820 341
1792830 341
1792840 340
1792850 340
1792860 340
1792870 340
1792880 339
1792890 339
1792900 338
1792910 337
1792920 337
1792930 337
1792940 336
1792950 335
1792960 335
1792970 334
1792980 335
1792990 335
1793000 336
1793010 337
1793020 337
1793030 337
1793040 337
1793050 337
1793060 336
1793070 335
1793080 335
1793090 335
1793100 335
1793110 334
1793120 334
1793130 330
1793140 326
1793150 326
1793160 323
1793170 320
1793180 320
1793190 318
1793200 315
1793210 315
1793220 312
1793230 309
1793240 309
1793250 305
1793260 301
1793270 301
1793280 299
1793290 297
1793300 297
1793310 296
1793320 294
1793330 292
1793340 292
1793350 290
1793360 287
1793370 287
1793380 284
1793390 282
1793400 282
1793410 281
1793420 278
1793430 278
1793440 276
1793450 274
1793460 274
1793470 272
1793480 269
1793490 269
1793500 267
1793510 265
1793520 264
1793530 264
1793540 263
1793550 263
1793560 263
1793570 262
1793580 261
1793590 261
1793600 261
1793610 260
1793620 260
1793630 260
1793640 261
1793650 261
1793660 263
1793670 262
1793680 262
1793690 265
1793700 268
1793710 271
1793720 271
1793730 276
1793740 280
1793750 280
1793760 284
1793770 285
1793780 285
1793790 283
1793800 279
1793810 279
1793820 277
1793830 275
1793840 275
1793850 272
1793860 269
1793870 269
1793880 267
1793890 264
1793900 263
1793910 263
1793920 261
1793930 259
1793940 259
1793950 259
1793960 257
1793970 257
1793980 256
1793990 256
1794000 256
1794010 256
1794020 255
1794030 255
1794040 256
1794050 256
1794060 256
1794070 256
1794080 256
1794090 256
1794100 255
1794110 254
1794120 254
1794130 254
1794140 254
1794150 253
1794160 253
1794170 252
1794180 251
1794190 251
1794200 250
1794210 250
1794220 250
1794230 249
1794240 249
1794250 249
1794260 249
1794270 249
1794280 249
1794290 249
1794300 249
1794310 249
1794320 249
1794330 249
1794340 249
1794350 249
1794360 249
1794370 249
1794380 249
1794390 248
1794400 248
1794410 248
1794420 248
1794430 248
1794440 248
1794450 248
1794460 248
1794470 248
1794480 248
1794490 248
1794500 248
1794510 248
1794520 248
1794530 248
1794540 248
1794550 248
1794560 248
1794570 248
1794580 248
1794590 248
1794600 248
1794610 248
1794620 248
1794630 248
1794640 248
1794650 248
1794660 248
1794670 248
1794680 248
