1780000 350
1780010 352
1780020 352
1780030 354
1780040 356
1780050 356
1780060 357
1780070 359
1780080 359
1780090 361
1780100 362
1780110 362
1780120 363
1780130 365
1780140 365
1780150 365
1780160 365
1780170 365
1780180 365
1780190 364
1780200 364
1780210 364
1780220 364
1780230 363
1780240 363
1780250 361
1780260 360
1780270 360
1780280 359
1780290 358
1780300 358
1780310 356
1780320 355
1780330 353
1780340 353
1780350 351
1780360 349
1780370 349
1780380 347
1780390 345
1780400 345
1780410 342
1780420 340
1780430 340
1780440 333
1780450 326
1780460 326
1780470 323
1780480 322
1780490 322
1780500 321
1780510 314
1780520 312
1780530 312
1780540 309
1780550 303
1780560 303
1780570 302
1780580 300
1780590 300
1780600 297
1780610 295
1780620 295
1780630 293
1780640 291
1780650 291
1780660 288
1780670 288
1780680 288
1780690 288
1780700 288
1780710 288
1780720 286
1780730 285
1780740 284
1780750 284
1780760 282
1780770 282
1780780 282
1780790 279
1780800 277
1780810 277
1780820 275
1780830 273
1780840 273
1780850 271
1780860 271
1780870 271
1780880 271
1780890 270
1780900 270
1780910 269
1780920 269
1780930 268
1780940 268
1780950 268
1780960 268
1780970 268
1780980 267
1780990 267
1781000 267
1781010 267
1781020 267
1781030 267
1781040 267
1781050 267
1781060 267
1781070 268
1781080 268
1781090 268
1781100 267
1781110 267
1781120 267
1781130 268
1781140 267
1781150 267
1781160 267
1781170 267
1781180 267
1781190 267
1781200 267
1781210 267
1781220 267
1781230 267
1781240 267
1781250 267
1781260 267
1781270 267
1781280 267
1781290 267
1781300 267
1781310 267
1781320 267
1781330 267
1781340 266
1781350 266
1781360 267
1781370 267
1781380 267
1781390 267
1781400 267
1781410 267
1781420 267
1781430 268
1781440 268
1781450 268
1781460 268
1781470 268
1781480 268
1781490 268
1781500 268
1781510 266
1781520 267
1781530 267
1781540 267
1781550 267
1781560 267
1781570 267
1781580 267
1781590 268
1781600 268
1781610 268
1781620 268
1781630 268
1781640 269
1781650 269
1781660 270
1781670 269
1781680 269
1781690 269
1781700 269
1781710 269
1781720 269
1781730 269
1781740 269
1781750 269
1781760 269
1781770 269
1781780 269
1781790 269
1781800 269
1781810 270
1781820 270
1781830 270
1781840 270
1781850 270
1781860 271
1781870 272
1781880 272
1781890 272
1781900 272
1781910 272
1781920 273
1781930 275
1781940 277
1781950 277
1781960 279
1781970 280
1781980 280
1781990 283
1782000 283
1782010 283
1782020 284
1782030 285
1782040 285
1782050 288
1782060 291
1782070 291
1782080 293
1782090 294
1782100 294
1782110 297
1782120 300
1782130 302
1782140 302
1782150 304
1782160 305
1782170 305
1782180 306
1782190 307
1782200 307
1782210 309
1782220 311
1782230 311
1782240 313
1782250 316
1782260 316
1782270 319
1782280 322
1782290 322
1782300 324
1782310 327
1782320 327
1782330 330
1782340 330
1782350 331
1782360 331
1782370 330
1782380 329
1782390 329
1782400 328
1782410 327
1782420 327
1782430 327
1782440 326
1782450 326
1782460 324
1782470 324
1782480 324
1782490 324
1782500 323
1782510 323
1782520 323
1782530 323
1782540 322
1782550 322
1782560 322
1782570 323
1782580 323
1782590 324
1782600 324
1782610 324
1782620 326
1782630 327
1782640 327
1782650 328
1782660 329
1782670 329
1782680 330
1782690 331
1782700 331
1782710 332
1782720 334
1782730 334
1782740 335
1782750 336
1782760 338
1782770 338
1782780 340
1782790 344
1782800 344
1782810 347
1782820 350
1782830 350
1782840 352
1782850 355
1782860 355
1782870 358
1782880 360
1782890 360
1782900 363
1782910 365
1782920 365
1782930 363
1782940 363
1782950 361
1782960 361
1782970 360
1782980 358
1782990 358
1783000 356
1783010 354
1783020 354
1783030 353
1783040 352
1783050 352
1783060 351
1783070 350
1783080 350
1783090 349
1783100 348
1783110 348
1783120 347
1783130 346
1783140 346
1783150 346
1783160 345
1783170 344
1783180 344
1783190 343
1783200 343
1783210 343
1783220 342
1783230 342
1783240 342
1783250 342
1783260 342
1783270 342
1783280 342
1783290 341
1783300 341
1783310 340
1783320 340
1783330 340
1783340 339
1783350 338
1783360 337
1783370 337
1783380 336
1783390 335
1783400 335
1783410 334
1783420 332
1783430 332
1783440 331
1783450 330
1783460 330
1783470 330
1783480 328
1783490 328
1783500 327
1783510 325
1783520 325
1783530 323
1783540 321
1783550 318
1783560 318
1783570 315
1783580 314
1783590 314
1783600 312
1783610 311
1783620 311
1783630 309
1783640 307
1783650 307
1783660 305
1783670 303
1783680 303
1783690 301
1783700 299
1783710 299
1783720 297
1783730 295
1783740 295
1783750 292
1783760 289
1783770 287
1783780 287
1783790 284
1783800 283
1783810 283
1783820 280
1783830 276
1783840 276
1783850 279
1783860 278
1783870 278
1783880 278
1783890 278
1783900 278
1783910 278
1783920 278
1783930 278
1783940 279
1783950 279
1783960 280
1783970 280
1783980 283
1783990 284
1784000 284
1784010 284
1784020 286
1784030 286
1784040 290
1784050 293
1784060 293
1784070 296
1784080 299
1784090 299
1784100 301
1784110 303
1784120 303
1784130 305
1784140 305
1784150 307
1784160 307
1784170 307
1784180 308
1784190 308
1784200 313
1784210 317
1784220 317
1784230 319
1784240 321
1784250 321
1784260 323
1784270 324
1784280 324
1784290 327
1784300 329
1784310 329
1784320 331
1784330 333
1784340 333
1784350 335
1784360 336
1784370 337
1784380 337
1784390 338
1784400 339
1784410 339
1784420 340
1784430 340
1784440 340
1784450 341
1784460 342
1784470 342
1784480 343
1784490 343
1784500 343
1784510 344
1784520 344
1784530 344
1784540 344
1784550 345
1784560 346
1784570 346
1784580 347
1784590 347
1784600 347
1784610 348
1784620 349
1784630 349
1784640 350
1784650 351
1784660 351
1784670 352
1784680 353
1784690 353
1784700 354
1784710 356
1784720 356
1784730 358
1784740 359
1784750 360
1784760 360
1784770 362
1784780 364
1784790 364
1784800 366
1784810 367
1784820 367
1784830 369
1784840 370
1784850 370
1784860 370
1784870 369
1784880 369
1784890 369
1784900 368
1784910 368
1784920 363
1784930 359
1784940 359
1784950 357
1784960 354
1784970 353
1784980 353
1784990 351
1785000 349
1785010 349
1785020 346
1785030 344
1785040 344
1785050 339
1785060 337
1785070 337
1785080 334
1785090 333
1785100 333
1785110 331
1785120 329
1785130 329
1785140 328
1785150 326
1785160 324
1785170 324
1785180 323
1785190 322
1785200 322
1785210 320
1785220 319
1785230 319
1785240 318
1785250 319
1785260 319
1785270 319
1785280 321
1785290 321
1785300 323
1785310 324
1785320 324
1785330 326
1785340 327
1785350 327
1785360 329
1785370 331
1785380 333
1785390 333
1785400 334
1785410 337
1785420 337
1785430 338
1785440 339
1785450 339
1785460 340
1785470 343
1785480 343
1785490 345
1785500 347
1785510 347
1785520 348
1785530 351
1785540 351
1785550 354
1785560 357
1785570 360
1785580 360
1785590 362
1785600 364
1785610 364
1785620 366
1785630 368
1785640 368
1785650 369
1785660 371
1785670 371
1785680 373
1785690 375
1785700 375
1785710 377
1785720 377
1785730 377
1785740 378
1785750 379
1785760 378
1785770 378
1785780 376
1785790 374
1785800 374
1785810 371
1785820 369
1785830 369
1785840 366
1785850 364
1785860 364
1785870 361
1785880 359
1785890 359
1785900 357
1785910 354
1785920 354
1785930 351
1785940 348
1785950 348
1785960 345
1785970 343
1785980 342
1785990 342
1786000 341
1786010 339
1786020 339
1786030 337
1786040 335
1786050 335
1786060 331
1786070 328
1786080 328
1786090 327
1786100 326
1786110 326
1786120 325
1786130 321
1786140 321
1786150 319
1786160 317
1786170 314
1786180 314
1786190 312
1786200 309
1786210 309
1786220 307
1786230 305
1786240 305
1786250 304
1786260 303
1786270 303
1786280 302
1786290 301
1786300 301
1786310 300
1786320 299
1786330 299
1786340 299
1786350 299
1786360 299
1786370 298
1786380 297
1786390 297
1786400 297
1786410 297
1786420 297
1786430 297
1786440 297
1786450 297
1786460 297
1786470 296
1786480 296
1786490 296
1786500 296
1786510 297
1786520 297
1786530 297
1786540 297
1786550 297
1786560 297
1786570 297
1786580 297
1786590 297
1786600 297
1786610 296
1786620 296
1786630 295
1786640 294
1786650 294
1786660 294
1786670 293
1786680 293
1786690 293
1786700 293
1786710 293
1786720 293
1786730 293
1786740 293
1786750 293
1786760 292
1786770 292
1786780 292
1786790 291
1786800 290
1786810 290
1786820 290
1786830 289
1786840 289
1786850 288
1786860 288
1786870 288
1786880 287
1786890 286
1786900 286
1786910 285
1786920 285
1786930 285
1786940 284
1786950 284
1786960 284
1786970 284
1786980 283
1786990 283
1787000 283
1787010 283
1787020 283
1787030 283
1787040 282
1787050 281
1787060 281
1787070 281
1787080 281
1787090 281
1787100 280
1787110 280
1787120 280
1787130 280
1787140 280
1787150 280
1787160 280
1787170 280
1787180 279
1787190 279
1787200 279
1787210 279
1787220 279
1787230 278
1787240 278
1787250 278
1787260 278
1787270 277
1787280 277
1787290 277
1787300 277
1787310 277
1787320 276
1787330 277
1787340 277
1787350 276
1787360 276
1787370 276
1787380 276
1787390 276
1787400 275
1787410 275
1787420 276
1787430 276
1787440 276
1787450 276
1787460 276
1787470 276
1787480 276
1787490 277
1787500 277
1787510 277
1787520 277
1787530 277
1787540 277
1787550 277
1787560 277
1787570 277
1787580 278
1787590 278
1787600 278
1787610 279
1787620 280
1787630 280
1787640 280
1787650 279
1787660 279
1787670 279
1787680 280
1787690 280
1787700 280
1787710 280
1787720 280
1787730 281
1787740 281
1787750 281
1787760 281
1787770 282
1787780 282
1787790 282
1787800 283
1787810 284
1787820 284
1787830 285
1787840 287
1787850 287
1787860 289
1787870 291
1787880 291
1787890 292
1787900 296
1787910 296
1787920 298
1787930 302
1787940 302
1787950 306
1787960 308
1787970 308
1787980 312
1787990 314
1788000 317
1788010 317
1788020 317
1788030 318
1788040 318
1788050 318
1788060 318
1788070 318
1788080 317
1788090 316
1788100 316
1788110 315
1788120 313
1788130 313
1788140 312
1788150 311
1788160 311
1788170 313
1788180 313
1788190 314
1788200 314
1788210 316
1788220 317
1788230 317
1788240 318
1788250 320
1788260 320
1788270 321
1788280 323
1788290 323
1788300 324
1788310 325
1788320 325
1788330 328
1788340 331
1788350 331
1788360 334
1788370 336
1788380 336
1788390 336
1788400 336
1788410 335
1788420 335
1788430 336
1788440 336
1788450 336
1788460 335
1788470 333
1788480 333
1788490 332
1788500 326
1788510 326
1788520 321
1788530 320
1788540 320
1788550 318
1788560 316
1788570 316
1788580 313
1788590 312
1788600 309
1788610 309
1788620 306
1788630 303
1788640 303
1788650 302
1788660 300
1788670 300
1788680 298
1788690 296
1788700 296
1788710 293
1788720 290
1788730 290
1788740 288
1788750 287
1788760 287
1788770 287
1788780 287
1788790 287
1788800 287
1788810 288
1788820 290
1788830 290
1788840 292
1788850 294
1788860 294
1788870 295
1788880 296
1788890 296
1788900 298
1788910 300
1788920 300
1788930 304
1788940 307
1788950 307
1788960 311
1788970 315
1788980 315
1788990 318
1789000 320
1789010 323
1789020 323
1789030 327
1789040 329
1789050 329
1789060 332
1789070 336
1789080 336
1789090 340
1789100 345
1789110 345
1789120 349
1789130 352
1789140 352
1789150 356
1789160 357
1789170 357
1789180 357
1789190 357
1789200 357
1789210 357
1789220 356
1789230 356
1789240 356
1789250 354
1789260 352
1789270 352
1789280 349
1789290 345
1789300 345
1789310 341
1789320 338
1789330 338
1789340 335
1789350 332
1789360 332
1789370 331
1789380 330
1789390 328
1789400 328
1789410 327
1789420 326
1789430 326
1789440 325
1789450 326
1789460 326
1789470 326
1789480 326
1789490 326
1789500 326
1789510 326
1789520 326
1789530 327
1789540 329
1789550 329
1789560 329
1789570 330
1789580 330
1789590 330
1789600 332
1789610 335
1789620 335
1789630 338
1789640 341
1789650 341
1789660 344
1789670 347
1789680 347
1789690 350
1789700 352
1789710 352
1789720 356
1789730 357
1789740 357
1789750 358
1789760 358
1789770 358
1789780 358
1789790 358
1789800 356
1789810 356
1789820 355
1789830 355
1789840 355
1789850 351
1789860 348
1789870 348
1789880 348
1789890 346
1789900 346
1789910 346
1789920 345
1789930 345
1789940 342
1789950 341
1789960 341
1789970 340
1789980 339
1789990 338
1790000 338
1790010 337
1790020 337
1790030 337
1790040 336
1790050 335
1790060 335
1790070 334
1790080 334
1790090 334
1790100 334
1790110 334
1790120 334
1790130 334
1790140 334
1790150 334
1790160 334
1790170 335
1790180 335
1790190 335
1790200 335
1790210 336
1790220 336
1790230 336
1790240 337
1790250 337
1790260 337
1790270 337
1790280 337
1790290 337
1790300 338
1790310 338
1790320 339
1790330 341
1790340 341
1790350 342
1790360 344
1790370 344
1790380 346
1790390 347
1790400 349
1790410 349
1790420 350
1790430 352
1790440 351
1790450 353
1790460 354
1790470 354
1790480 356
1790490 357
1790500 357
1790510 358
1790520 358
1790530 358
1790540 359
1790550 359
1790560 359
1790570 358
1790580 357
1790590 357
1790600 356
1790610 355
1790620 355
1790630 355
1790640 354
1790650 353
1790660 353
1790670 352
1790680 352
1790690 352
1790700 352
1790710 352
1790720 352
1790730 351
1790740 351
1790750 351
1790760 350
1790770 350
1790780 350
1790790 349
1790800 348
1790810 347
1790820 347
1790830 346
1790840 344
1790850 344
1790860 343
1790870 343
1790880 343
1790890 344
1790900 345
1790910 345
1790920 345
1790930 345
1790940 345
1790950 346
1790960 348
1790970 348
1790980 348
1790990 350
1791000 351
1791010 351
1791020 353
1791030 355
1791040 355
1791050 356
1791060 358
1791070 358
1791080 359
1791090 359
1791100 359
1791110 359
1791120 359
1791130 359
1791140 359
1791150 357
1791160 357
1791170 355
1791180 351
1791190 351
1791200 350
1791210 349
1791220 349
1791230 349
1791240 348
1791250 344
1791260 344
1791270 341
1791280 338
1791290 338
1791300 334
1791310 332
1791320 332
1791330 330
1791340 326
1791350 326
1791360 324
1791370 322
1791380 322
1791390 320
1791400 319
1791410 318
1791420 318
1791430 316
1791440 315
1791450 315
1791460 313
1791470 312
1791480 312
1791490 311
1791500 311
1791510 311
1791520 309
1791530 308
1791540 308
1791550 307
1791560 304
1791570 304
1791580 303
1791590 300
1791600 300
1791610 298
1791620 295
1791630 293
1791640 293
1791650 292
1791660 291
1791670 291
1791680 291
1791690 291
1791700 291
1791710 291
1791720 293
1791730 293
1791740 296
1791750 300
1791760 300
1791770 303
1791780 305
1791790 305
1791800 307
1791810 309
1791820 312
1791830 312
1791840 314
1791850 315
1791860 315
1791870 318
1791880 319
1791890 319
1791900 321
1791910 323
1791920 323
1791930 325
1791940 326
1791950 326
1791960 328
1791970 330
1791980 330
1791990 332
1792000 334
1792010 337
1792020 337
1792030 339
1792040 342
1792050 342
1792060 344
1792070 347
1792080 347
1792090 349
1792100 352
1792110 352
1792120 354
1792130 355
1792140 355
1792150 357
1792160 359
1792170 359
1792180 361
1792190 363
1792200 363
1792210 365
1792220 368
1792230 369
1792240 369
1792250 370
1792260 370
1792270 370
1792280 368
1792290 366
1792300 366
1792310 364
1792320 362
1792330 362
1792340 360
1792350 357
1792360 357
1792370 356
1792380 354
1792390 354
1792400 352
1792410 350
1792420 348
1792430 348
1792440 346
1792450 344
1792460 344
1792470 342
1792480 340
1792490 340
1792500 338
1792510 336
1792520 336
1792530 333
1792540 331
1792550 331
1792560 328
1792570 325
1792580 325
1792590 323
1792600 320
1792610 318
1792620 318
1792630 314
1792640 310
1792650 310
1792660 307
1792670 305
1792680 305
1792690 304
1792700 302
1792710 302
1792720 301
1792730 300
1792740 300
1792750 301
1792760 303
1792770 303
1792780 303
1792790 305
1792800 305
1792810 306
1792820 309
1792830 312
1792840 312
1792850 313
1792860 315
1792870 315
1792880 320
1792890 320
1792900 320
1792910 321
1792920 324
1792930 324
1792940 325
1792950 326
1792960 326
1792970 328
1792980 330
1792990 330
1793000 332
1793010 333
1793020 336
1793030 336
1793040 338
1793050 341
1793060 341
1793070 344
1793080 346
1793090 346
1793100 348
1793110 352
1793120 352
1793130 353
1793140 354
1793150 354
1793160 355
1793170 357
1793180 357
1793190 358
1793200 360
1793210 360
1793220 363
1793230 364
1793240 366
1793250 366
1793260 369
1793270 370
1793280 370
1793290 372
1793300 373
1793310 373
1793320 374
1793330 375
1793340 375
1793350 375
1793360 376
1793370 376
1793380 374
1793390 372
1793400 372
1793410 369
1793420 364
1793430 357
1793440 357
1793450 355
1793460 354
1793470 354
1793480 353
1793490 350
1793500 350
1793510 346
1793520 343
1793530 343
1793540 340
1793550 337
1793560 337
1793570 335
1793580 334
1793590 334
1793600 333
1793610 332
1793620 330
1793630 330
1793640 330
1793650 328
1793660 328
1793670 326
1793680 324
1793690 324
1793700 322
1793710 323
1793720 323
1793730 325
1793740 327
1793750 327
1793760 329
1793770 332
1793780 332
1793790 334
1793800 337
1793810 337
1793820 338
1793830 344
1793840 346
1793850 346
1793860 346
1793870 346
1793880 346
1793890 345
1793900 345
1793910 345
1793920 344
1793930 344
1793940 344
1793950 344
1793960 344
1793970 344
1793980 344
1793990 346
1794000 346
1794010 346
1794020 346
1794030 346
1794040 346
1794050 345
1794060 346
1794070 346
1794080 348
1794090 349
1794100 349
1794110 350
1794120 351
1794130 351
1794140 352
1794150 352
1794160 352
1794170 351
1794180 350
1794190 350
1794200 348
1794210 345
1794220 345
1794230 341
1794240 339
1794250 336
1794260 336
1794270 333
1794280 331
1794290 331
1794300 330
1794310 328
1794320 328
1794330 326
1794340 323
1794350 323
1794360 321
1794370 319
1794380 319
1794390 316
1794400 313
1794410 313
1794420 310
1794430 308
1794440 305
1794450 305
1794460 303
1794470 302
1794480 302
1794490 300
1794500 298
1794510 298
1794520 297
1794530 295
1794540 295
1794550 295
1794560 294
1794570 294
1794580 293
1794590 294
1794600 294
1794610 294
1794620 295
1794630 296
1794640 296
1794650 296
1794660 296
1794670 296
1794680 296
1794690 296
1794700 296
1794710 295
1794720 294
1794730 294
1794740 295
1794750 295
1794760 295
1794770 294
1794780 293
1794790 293
1794800 292
1794810 291
1794820 291
1794830 290
1794840 290
1794850 290
1794860 290
1794870 290
1794880 289
1794890 289
1794900 289
1794910 289
1794920 289
1794930 289
1794940 289
1794950 289
1794960 289
1794970 289
1794980 289
1794990 289
1795000 288
1795010 288
1795020 288
1795030 288
1795040 288
1795050 288
1795060 288
1795070 288
1795080 288
1795090 288
1795100 288
1795110 288
1795120 288
1795130 290
1795140 290
1795150 291
1795160 293
1795170 293
1795180 297
1795190 300
1795200 300
1795210 303
1795220 306
1795230 309
1795240 309
1795250 312
1795260 314
1795270 314
1795280 316
1795290 318
1795300 318
1795310 319
1795320 319
1795330 319
1795340 317
1795350 315
1795360 315
1795370 313
1795380 310
1795390 310
1795400 307
1795410 306
1795420 306
1795430 304
1795440 303
1795450 301
1795460 301
1795470 302
1795480 303
1795490 303
1795500 304
1795510 305
1795520 305
1795530 307
1795540 308
1795550 308
1795560 309
1795570 311
1795580 311
1795590 313
1795600 316
1795610 316
1795620 318
1795630 321
1795640 324
1795650 324
1795660 327
1795670 330
1795680 330
1795690 334
1795700 336
1795710 336
1795720 340
1795730 343
1795740 343
1795750 344
1795760 347
1795770 347
1795780 348
1795790 350
1795800 350
1795810 353
1795820 355
1795830 355
1795840 357
1795850 359
1795860 359
1795870 359
1795880 359
1795890 356
1795900 356
1795910 355
1795920 353
1795930 353
1795940 351
1795950 351
1795960 351
1795970 350
1795980 350
1795990 350
1796000 350
1796010 350
1796020 350
1796030 351
1796040 351
1796050 353
1796060 353
1796070 354
1796080 355
1796090 355
1796100 354
1796110 352
1796120 352
1796130 351
1796140 349
1796150 349
