1780000 331
1780010 331
1780020 330
1780030 329
1780040 329
1780050 328
1780060 327
1780070 327
1780080 326
1780090 325
1780100 325
1780110 322
1780120 318
1780130 316
1780140 316
1780150 314
1780160 312
1780170 312
1780180 312
1780190 309
1780200 309
1780210 308
1780220 308
1780230 308
1780240 307
1780250 307
1780260 307
1780270 307
1780280 307
1780290 307
1780300 307
1780310 306
1780320 306
1780330 304
1780340 303
1780350 300
1780360 300
1780370 298
1780380 297
1780390 297
1780400 296
1780410 298
1780420 298
1780430 298
1780440 296
1780450 296
1780460 298
1780470 297
1780480 297
1780490 296
1780500 295
1780510 295
1780520 295
1780530 294
1780540 294
1780550 294
1780560 292
1780570 291
1780580 291
1780590 290
1780600 288
1780610 288
1780620 287
1780630 285
1780640 285
1780650 283
1780660 281
1780670 281
1780680 280
1780690 279
1780700 279
1780710 279
1780720 278
1780730 278
1780740 276
1780750 274
1780760 272
1780770 272
1780780 270
1780790 270
1780800 270
1780810 269
1780820 269
1780830 269
1780840 270
1780850 270
1780860 270
1780870 269
1780880 269
1780890 269
1780900 269
1780910 269
1780920 269
1780930 269
1780940 269
1780950 269
1780960 269
1780970 268
1780980 268
1780990 268
1781000 268
1781010 268
1781020 268
1781030 268
1781040 268
1781050 268
1781060 268
1781070 266
1781080 266
1781090 267
1781100 267
1781110 267
1781120 265
1781130 267
1781140 267
1781150 267
1781160 268
1781170 266
1781180 266
1781190 268
1781200 268
1781210 268
1781220 268
1781230 268
1781240 268
1781250 268
1781260 268
1781270 268
1781280 268
1781290 268
1781300 268
1781310 268
1781320 268
1781330 268
1781340 269
1781350 268
1781360 269
1781370 269
1781380 269
1781390 270
1781400 270
1781410 270
1781420 270
1781430 270
1781440 270
1781450 271
1781460 271
1781470 271
1781480 272
1781490 272
1781500 272
1781510 273
1781520 273
1781530 274
1781540 275
1781550 277
1781560 277
1781570 279
1781580 280
1781590 280
1781600 281
1781610 283
1781620 283
1781630 284
1781640 286
1781650 286
1781660 288
1781670 290
1781680 290
1781690 291
1781700 293
1781710 293
1781720 293
1781730 294
1781740 296
1781750 296
1781760 297
1781770 297
1781780 297
1781790 296
1781800 296
1781810 296
1781820 294
1781830 291
1781840 291
1781850 289
1781860 289
1781870 289
1781880 288
1781890 287
1781900 287
1781910 287
1781920 286
1781930 286
1781940 286
1781950 285
1781960 284
1781970 284
1781980 283
1781990 279
1782000 279
1782010 275
1782020 277
1782030 277
1782040 279
1782050 279
1782060 279
1782070 279
1782080 280
1782090 280
1782100 280
1782110 281
1782120 281
1782130 283
1782140 285
1782150 286
1782160 286
1782170 288
1782180 288
1782190 288
1782200 291
1782210 292
1782220 292
1782230 294
1782240 295
1782250 295
1782260 295
1782270 296
1782280 296
1782290 298
1782300 300
1782310 300
1782320 303
1782330 307
1782340 307
1782350 307
1782360 310
1782370 312
1782380 312
1782390 315
1782400 318
1782410 318
1782420 319
1782430 321
1782440 321
1782450 322
1782460 324
1782470 324
1782480 325
1782490 326
1782500 326
1782510 327
1782520 327
1782530 327
1782540 328
1782550 328
1782560 329
1782570 329
1782580 329
1782590 330
1782600 330
1782610 333
1782620 334
1782630 334
1782640 336
1782650 338
1782660 338
1782670 341
1782680 345
1782690 345
1782700 347
1782710 349
1782720 349
1782730 350
1782740 352
1782750 352
1782760 354
1782770 356
1782780 358
1782790 358
1782800 360
1782810 363
1782820 363
1782830 364
1782840 364
1782850 364
1782860 365
1782870 365
1782880 365
1782890 363
1782900 361
1782910 361
1782920 358
1782930 356
1782940 356
1782950 352
1782960 349
1782970 347
1782980 347
1782990 344
1783000 343
1783010 343
1783020 340
1783030 336
1783040 336
1783050 333
1783060 332
1783070 332
1783080 331
1783090 329
1783100 329
1783110 327
1783120 324
1783130 324
1783140 322
1783150 321
1783160 321
1783170 321
1783180 318
1783190 318
1783200 318
1783210 316
1783220 314
1783230 314
1783240 313
1783250 312
1783260 312
1783270 312
1783280 312
1783290 312
1783300 311
1783310 311
1783320 311
1783330 309
1783340 308
1783350 308
1783360 307
1783370 307
1783380 306
1783390 306
1783400 304
1783410 303
1783420 303
1783430 302
1783440 301
1783450 301
1783460 299
1783470 297
1783480 297
1783490 296
1783500 294
1783510 294
1783520 292
1783530 290
1783540 290
1783550 289
1783560 288
1783570 287
1783580 287
1783590 286
1783600 286
1783610 286
1783620 285
1783630 285
1783640 285
1783650 284
1783660 284
1783670 284
1783680 283
1783690 283
1783700 283
1783710 283
1783720 282
1783730 282
1783740 282
1783750 281
1783760 282
1783770 282
1783780 282
1783790 282
1783800 282
1783810 281
1783820 281
1783830 281
1783840 281
1783850 281
1783860 281
1783870 281
1783880 283
1783890 283
1783900 284
1783910 285
1783920 285
1783930 287
1783940 288
1783950 288
1783960 290
1783970 292
1783980 294
1783990 294
1784000 295
1784010 297
1784020 297
1784030 298
1784040 299
1784050 299
1784060 301
1784070 302
1784080 302
1784090 303
1784100 303
1784110 303
1784120 302
1784130 303
1784140 303
1784150 304
1784160 304
1784170 303
1784180 303
1784190 302
1784200 301
1784210 301
1784220 301
1784230 301
1784240 301
1784250 301
1784260 301
1784270 301
1784280 301
1784290 301
1784300 301
1784310 300
1784320 300
1784330 300
1784340 300
1784350 301
1784360 301
1784370 301
1784380 301
1784390 301
1784400 301
1784410 301
1784420 301
1784430 301
1784440 302
1784450 302
1784460 302
1784470 302
1784480 302
1784490 302
1784500 303
1784510 303
1784520 303
1784530 304
1784540 304
1784550 304
1784560 305
1784570 306
1784580 306
1784590 306
1784600 307
1784610 311
1784620 311
1784630 315
1784640 321
1784650 321
1784660 324
1784670 325
1784680 325
1784690 329
1784700 330
1784710 330
1784720 331
1784730 335
1784740 335
1784750 338
1784760 341
1784770 343
1784780 343
1784790 345
1784800 348
1784810 348
1784820 351
1784830 353
1784840 353
1784850 356
1784860 359
1784870 359
1784880 362
1784890 364
1784900 364
1784910 366
1784920 368
1784930 368
1784940 369
1784950 370
1784960 370
1784970 372
1784980 373
1784990 374
1785000 374
1785010 375
1785020 375
1785030 375
1785040 374
1785050 373
1785060 373
1785070 372
1785080 371
1785090 371
1785100 370
1785110 369
1785120 369
1785130 370
1785140 369
1785150 369
1785160 368
1785170 366
1785180 367
1785190 367
1785200 368
1785210 366
1785220 366
1785230 365
1785240 364
1785250 364
1785260 361
1785270 361
1785280 361
1785290 361
1785300 361
1785310 361
1785320 360
1785330 359
1785340 359
1785350 358
1785360 359
1785370 359
1785380 360
1785390 359
1785400 359
1785410 359
1785420 358
1785430 356
1785440 356
1785450 352
1785460 349
1785470 349
1785480 349
1785490 347
1785500 347
1785510 345
1785520 342
1785530 342
1785540 340
1785550 339
1785560 339
1785570 339
1785580 339
1785590 338
1785600 338
1785610 338
1785620 337
1785630 337
1785640 336
1785650 336
1785660 336
1785670 336
1785680 337
1785690 337
1785700 337
1785710 338
1785720 338
1785730 339
1785740 341
1785750 341
1785760 343
1785770 346
1785780 347
1785790 347
1785800 348
1785810 349
1785820 349
1785830 351
1785840 351
1785850 351
1785860 352
1785870 354
1785880 354
1785890 355
1785900 356
1785910 356
1785920 357
1785930 356
1785940 356
1785950 356
1785960 355
1785970 355
1785980 353
1785990 352
1786000 350
1786010 350
1786020 349
1786030 348
1786040 348
1786050 347
1786060 345
1786070 345
1786080 345
1786090 344
1786100 344
1786110 344
1786120 342
1786130 342
1786140 340
1786150 340
1786160 340
1786170 338
1786180 338
1786190 338
1786200 338
1786210 338
1786220 342
1786230 342
1786240 342
1786250 343
1786260 343
1786270 344
1786280 345
1786290 345
1786300 346
1786310 347
1786320 347
1786330 348
1786340 349
1786350 349
1786360 349
1786370 350
1786380 350
1786390 350
1786400 351
1786410 351
1786420 351
1786430 351
1786440 352
1786450 352
1786460 353
1786470 354
1786480 354
1786490 354
1786500 354
1786510 354
1786520 353
1786530 353
1786540 353
1786550 352
1786560 351
1786570 351
1786580 351
1786590 350
1786600 349
1786610 349
1786620 348
1786630 347
1786640 347
1786650 346
1786660 346
1786670 346
1786680 344
1786690 342
1786700 342
1786710 340
1786720 337
1786730 337
1786740 335
1786750 332
1786760 332
1786770 330
1786780 329
1786790 326
1786800 326
1786810 323
1786820 318
1786830 318
1786840 315
1786850 314
1786860 314
1786870 313
1786880 312
1786890 312
1786900 311
1786910 310
1786920 310
1786930 308
1786940 307
1786950 307
1786960 306
1786970 305
1786980 305
1786990 303
1787000 301
1787010 299
1787020 299
1787030 296
1787040 295
1787050 295
1787060 293
1787070 292
1787080 292
1787090 290
1787100 289
1787110 289
1787120 288
1787130 287
1787140 287
1787150 285
1787160 284
1787170 284
1787180 282
1787190 281
1787200 281
1787210 281
1787220 280
1787230 279
1787240 279
1787250 279
1787260 278
1787270 278
1787280 278
1787290 278
1787300 278
1787310 277
1787320 278
1787330 278
1787340 279
1787350 279
1787360 279
1787370 280
1787380 281
1787390 281
1787400 282
1787410 285
1787420 286
1787430 286
1787440 287
1787450 288
1787460 288
1787470 290
1787480 292
1787490 292
1787500 295
1787510 297
1787520 297
1787530 299
1787540 301
1787550 301
1787560 303
1787570 303
1787580 303
1787590 309
1787600 316
1787610 319
1787620 319
1787630 322
1787640 323
1787650 323
1787660 324
1787670 325
1787680 325
1787690 325
1787700 326
1787710 326
1787720 326
1787730 325
1787740 325
1787750 326
1787760 326
1787770 326
1787780 324
1787790 321
1787800 318
1787810 318
1787820 314
1787830 311
1787840 311
1787850 306
1787860 303
1787870 303
1787880 301
1787890 300
1787900 300
1787910 300
1787920 299
1787930 299
1787940 299
1787950 300
1787960 300
1787970 300
1787980 301
1787990 301
1788000 302
1788010 304
1788020 307
1788030 307
1788040 308
1788050 312
1788060 312
1788070 316
1788080 319
1788090 319
1788100 322
1788110 325
1788120 325
1788130 327
1788140 330
1788150 330
1788160 332
1788170 335
1788180 335
1788190 339
1788200 341
1788210 344
1788220 344
1788230 345
1788240 348
1788250 348
1788260 353
1788270 357
1788280 357
1788290 360
1788300 362
1788310 362
1788320 363
1788330 362
1788340 362
1788350 360
1788360 357
1788370 357
1788380 354
1788390 350
1788400 350
1788410 346
1788420 342
1788430 340
1788440 340
1788450 338
1788460 335
1788470 335
1788480 332
1788490 328
1788500 328
1788510 325
1788520 323
1788530 323
1788540 321
1788550 320
1788560 320
1788570 319
1788580 318
1788590 318
1788600 316
1788610 314
1788620 312
1788630 312
1788640 310
1788650 309
1788660 309
1788670 307
1788680 305
1788690 305
1788700 303
1788710 301
1788720 301
1788730 299
1788740 297
1788750 297
1788760 295
1788770 294
1788780 294
1788790 293
1788800 294
1788810 296
1788820 296
1788830 298
1788840 301
1788850 301
1788860 304
1788870 307
1788880 307
1788890 310
1788900 313
1788910 313
1788920 316
1788930 318
1788940 318
1788950 319
1788960 320
1788970 320
1788980 319
1788990 318
1789000 318
1789010 317
1789020 314
1789030 312
1789040 312
1789050 313
1789060 313
1789070 313
1789080 314
1789090 313
1789100 313
1789110 315
1789120 317
1789130 317
1789140 319
1789150 322
1789160 322
1789170 323
1789180 324
1789190 324
1789200 324
1789210 327
1789220 328
1789230 328
1789240 329
1789250 331
1789260 331
1789270 334
1789280 337
1789290 337
1789300 341
1789310 344
1789320 344
1789330 348
1789340 350
1789350 350
1789360 351
1789370 355
1789380 355
1789390 355
1789400 356
1789410 356
1789420 356
1789430 356
1789440 356
1789450 356
1789460 353
1789470 353
1789480 353
1789490 353
1789500 353
1789510 353
1789520 353
1789530 353
1789540 353
1789550 353
1789560 353
1789570 353
1789580 354
1789590 355
1789600 355
1789610 355
1789620 356
1789630 357
1789640 357
1789650 358
1789660 358
1789670 358
1789680 359
1789690 360
1789700 360
1789710 360
1789720 359
1789730 359
1789740 359
1789750 359
1789760 359
1789770 357
1789780 355
1789790 355
1789800 353
1789810 351
1789820 348
1789830 348
1789840 346
1789850 344
1789860 344
1789870 342
1789880 339
1789890 339
1789900 337
1789910 335
1789920 335
1789930 332
1789940 330
1789950 330
1789960 328
1789970 326
1789980 326
1789990 324
1790000 323
1790010 323
1790020 322
1790030 320
1790040 319
1790050 319
1790060 318
1790070 316
1790080 316
1790090 314
1790100 312
1790110 312
1790120 310
1790130 308
1790140 308
1790150 305
1790160 303
1790170 303
1790180 301
1790190 299
1790200 299
1790210 297
1790220 293
1790230 289
1790240 289
1790250 287
1790260 289
1790270 289
1790280 292
1790290 294
1790300 294
1790310 295
1790320 295
1790330 295
1790340 297
1790350 298
1790360 298
1790370 300
1790380 302
1790390 302
1790400 304
1790410 305
1790420 305
1790430 305
1790440 306
1790450 308
1790460 308
1790470 310
1790480 313
1790490 313
1790500 315
1790510 317
1790520 315
1790530 316
1790540 318
1790550 318
1790560 319
1790570 320
1790580 320
1790590 321
1790600 325
1790610 325
1790620 327
1790630 328
1790640 328
1790650 328
1790660 327
1790670 326
1790680 326
1790690 324
1790700 322
1790710 322
1790720 320
1790730 319
1790740 319
1790750 318
1790760 316
1790770 316
1790780 315
1790790 313
1790800 313
1790810 311
1790820 306
1790830 304
1790840 304
1790850 302
1790860 300
1790870 300
1790880 299
1790890 299
1790900 299
1790910 298
1790920 301
1790930 301
1790940 303
1790950 306
1790960 306
1790970 307
1790980 308
1790990 308
1791000 311
1791010 314
1791020 314
1791030 316
1791040 318
1791050 321
1791060 321
1791070 324
1791080 327
1791090 327
1791100 329
1791110 331
1791120 331
1791130 333
1791140 336
1791150 336
1791160 338
1791170 340
1791180 340
1791190 342
1791200 344
1791210 344
1791220 345
1791230 347
1791240 348
1791250 348
1791260 350
1791270 351
1791280 351
1791290 352
1791300 353
1791310 353
1791320 353
1791330 354
1791340 354
1791350 354
1791360 354
1791370 354
1791380 354
1791390 355
1791400 355
1791410 355
1791420 354
1791430 354
1791440 352
1791450 349
1791460 347
1791470 347
1791480 344
1791490 342
1791500 342
1791510 339
1791520 335
1791530 335
1791540 331
1791550 328
1791560 328
1791570 324
1791580 323
1791590 323
1791600 321
1791610 319
1791620 319
1791630 319
1791640 318
1791650 317
1791660 317
1791670 315
1791680 313
1791690 313
1791700 312
1791710 311
1791720 311
1791730 311
1791740 311
1791750 311
1791760 310
1791770 309
1791780 309
1791790 310
1791800 312
1791810 312
1791820 313
1791830 317
1791840 320
1791850 320
1791860 322
1791870 324
1791880 324
1791890 327
1791900 331
1791910 331
1791920 335
1791930 338
1791940 338
1791950 341
1791960 343
1791970 343
1791980 344
1791990 344
1792000 344
1792010 344
1792020 344
1792030 344
1792040 343
1792050 342
1792060 342
1792070 342
1792080 343
1792090 346
1792100 346
1792110 348
1792120 350
1792130 350
1792140 352
1792150 354
1792160 354
1792170 357
1792180 360
1792190 360
1792200 361
1792210 364
1792220 364
1792230 366
1792240 367
1792250 367
1792260 367
1792270 367
1792280 366
1792290 366
1792300 363
1792310 361
1792320 361
1792330 357
1792340 354
1792350 354
1792360 353
1792370 350
1792380 350
1792390 348
1792400 346
1792410 346
1792420 344
1792430 342
1792440 342
1792450 341
1792460 339
1792470 338
1792480 338
1792490 337
1792500 337
1792510 337
1792520 336
1792530 336
1792540 336
1792550 336
1792560 336
1792570 336
1792580 336
1792590 336
1792600 336
1792610 336
1792620 334
1792630 334
1792640 333
1792650 331
1792660 330
1792670 330
1792680 329
1792690 328
1792700 328
1792710 328
1792720 328
1792730 328
1792740 329
1792750 330
1792760 330
1792770 330
1792780 330
1792790 330
1792800 331
1792810 333
1792820 333
1792830 334
1792840 335
1792850 337
1792860 337
1792870 339
1792880 341
1792890 341
1792900 342
1792910 344
1792920 344
1792930 347
1792940 348
1792950 348
1792960 350
1792970 351
1792980 351
1792990 352
1793000 353
1793010 353
1793020 353
1793030 353
1793040 353
1793050 352
1793060 352
1793070 352
1793080 352
1793090 352
1793100 352
1793110 352
1793120 353
1793130 353
1793140 353
1793150 354
1793160 355
1793170 355
1793180 355
1793190 356
1793200 356
1793210 356
1793220 357
1793230 357
1793240 358
1793250 359
1793260 359
1793270 359
1793280 359
1793290 358
1793300 358
1793310 357
1793320 356
1793330 356
1793340 355
1793350 354
1793360 354
1793370 353
1793380 353
1793390 353
1793400 352
1793410 351
1793420 351
1793430 351
1793440 350
1793450 350
1793460 350
1793470 349
1793480 349
1793490 349
1793500 349
1793510 349
1793520 349
1793530 350
1793540 350
1793550 350
1793560 350
1793570 351
1793580 351
1793590 352
1793600 354
1793610 354
1793620 354
1793630 355
1793640 355
1793650 354
1793660 355
1793670 355
1793680 355
1793690 354
1793700 356
1793710 356
1793720 353
1793730 352
1793740 352
1793750 352
1793760 351
1793770 351
1793780 349
1793790 348
1793800 348
1793810 346
1793820 344
1793830 344
1793840 343
1793850 341
1793860 339
1793870 339
1793880 338
1793890 336
1793900 336
1793910 334
1793920 333
1793930 333
1793940 331
1793950 330
1793960 330
1793970 329
1793980 327
1793990 327
1794000 326
1794010 324
1794020 324
1794030 322
1794040 320
1794050 320
1794060 317
1794070 315
1794080 314
1794090 314
1794100 313
1794110 311
1794120 311
1794130 308
1794140 306
1794150 306
1794160 303
1794170 302
1794180 302
1794190 301
1794200 301
1794210 301
1794220 300
1794230 299
1794240 299
1794250 298
1794260 297
1794270 297
1794280 297
1794290 297
1794300 297
1794310 297
1794320 297
1794330 297
1794340 297
1794350 296
1794360 296
1794370 296
1794380 297
1794390 298
1794400 298
1794410 298
1794420 298
1794430 298
1794440 298
1794450 297
1794460 297
1794470 297
1794480 299
1794490 300
1794500 300
1794510 300
1794520 301
1794530 301
1794540 302
1794550 303
1794560 303
1794570 303
1794580 304
1794590 304
1794600 307
1794610 309
1794620 309
1794630 310
1794640 312
1794650 312
1794660 314
1794670 317
1794680 324
1794690 324
1794700 325
1794710 325
1794720 325
1794730 326
1794740 328
1794750 328
1794760 330
1794770 331
1794780 331
1794790 333
1794800 335
1794810 335
1794820 337
1794830 338
1794840 338
1794850 338
1794860 338
1794870 337
1794880 337
1794890 335
1794900 332
1794910 332
1794920 330
1794930 328
1794940 328
1794950 323
1794960 321
1794970 321
1794980 317
1794990 313
1795000 313
1795010 311
1795020 308
1795030 308
1795040 306
1795050 303
1795060 303
1795070 301
1795080 299
1795090 299
1795100 299
1795110 299
1795120 296
1795130 296
1795140 295
1795150 295
1795160 295
1795170 295
1795180 294
1795190 294
1795200 294
1795210 295
1795220 295
1795230 295
1795240 296
1795250 296
1795260 297
1795270 298
1795280 300
1795290 300
1795300 301
1795310 302
1795320 302
1795330 305
1795340 308
1795350 308
1795360 310
1795370 312
1795380 312
1795390 315
1795400 317
1795410 317
1795420 319
1795430 321
1795440 321
1795450 323
1795460 325
1795470 325
1795480 327
1795490 328
1795500 330
1795510 330
1795520 332
1795530 334
1795540 334
1795550 336
1795560 338
1795570 338
1795580 340
1795590 341
1795600 341
1795610 342
1795620 342
1795630 342
1795640 342
1795650 343
1795660 343
1795670 344
1795680 344
1795690 345
1795700 344
1795710 345
1795720 346
1795730 346
1795740 348
1795750 349
1795760 349
1795770 350
1795780 351
1795790 351
1795800 353
1795810 354
1795820 354
1795830 356
1795840 359
1795850 359
1795860 361
1795870 363
1795880 365
1795890 365
1795900 367
1795910 369
1795920 369
1795930 370
1795940 371
1795950 371
1795960 373
1795970 375
1795980 375
1795990 376
1796000 377
1796010 377
1796020 377
1796030 376
1796040 376
1796050 374
1796060 371
1796070 371
1796080 368
1796090 365
1796100 362
1796110 362
1796120 359
1796130 357
1796140 357
1794440 298
1794450 298
1794460 298
1794470 298
1794480 299
1794490 300
1794500 300
1794510 300
1794520 301
1794530 302
1794540 302
1794550 303
1794560 304
1794570 304
1794580 305
1794590 306
1794600 307
1794610 309
1794620 310
1794630 311
1794640 312
1794650 313
1794660 315
1794670 316
1794680 319
1794690 322
1794700 324
1794710 325
1794720 325
1794730 325
1794740 326
1794750 327
1794760 329
1794770 330
1794780 331
1794790 332
1794800 333
1794810 335
1794820 336
1794830 337
1794840 338
1794850 338
1794860 338
1794870 338
1794880 337
1794890 336
1794900 334
1794910 332
1794920 331
1794930 329
1794940 327
1794950 325
1794960 323
1794970 320
1794980 318
1794990 316
1795000 314
1795010 312
1795020 310
1795030 308
1795040 306
1795050 305
1795060 303
1795070 301
1795080 299
1795090 299
1795100 299
1795110 299
1795120 298
1795130 297
1795140 295
1795150 295
1795160 295
1795170 295
1795180 295
1795190 294
1795200 294
1795210 294
1795220 294
1795230 295
1795240 295
1795250 296
1795260 297
1795270 297
1795280 298
1795290 299
1795300 300
1795310 301
1795320 302
1795330 304
1795340 306
1795350 307
1795360 309
1795370 310
1795380 312
1795390 313
1795400 315
1795410 316
1795420 317
1795430 319
1795440 320
1795450 322
1795460 323
1795470 324
1795480 325
1795490 326
1795500 327
1795510 328
1795520 329
1795530 330
1795540 331
1795550 333
1795560 334
1795570 335
1795580 336
1795590 337
1795600 339
1795610 340
1795620 341
1795630 341
1795640 341
1795650 342
1795660 342
1795670 343
1795680 343
1795690 344
1795700 344
1795710 345
1795720 345
1795730 346
1795740 347
1795750 348
1795760 349
1795770 350
1795780 350
1795790 351
1795800 352
1795810 353
1795820 354
1795830 355
1795840 357
1795850 358
1795860 360
1795870 361
1795880 363
1795890 365
1795900 366
1795910 367
1795920 368
1795930 369
1795940 370
1795950 371
1795960 372
1795970 374
1795980 375
1795990 375
1796000 376
1796010 377
1796020 377
1796030 376
1796040 375
1796050 374
1796060 372
1796070 371
1796080 368
1796090 366
1796100 363
1796110 362
1796120 360
1796130 358
1796140 357
1796150 356
1796160 355
1796170 354
1796180 353
1796190 351
1796200 349
1796210 347
1796220 347
1796230 346
1796240 346
1796250 345
1796260 344
1796270 343
1796280 342
1796290 341
1796300 340
1796310 339
1796320 339
1796330 338
1796340 337
1796350 335
1796360 334
1796370 332
1796380 331
1796390 330
1796400 329
1796410 328
1796420 327
1796430 326
1796440 325
1796450 324
1796460 323
1796470 322
1796480 321
1796490 320
1796500 319
1796510 318
1796520 317
1796530 317
1796540 317
1796550 317
1796560 318
1796570 318
1796580 318
1796590 319
1796600 319
1796610 320
1796620 321
1796630 322
1796640 323
1796650 324
1796660 326
1796670 327
1796680 328
1796690 330
1796700 331
1796710 333
1796720 334
1796730 335
1796740 337
1796750 338
1796760 339
1796770 341
1796780 343
1796790 345
1796800 346
1796810 348
1796820 350
1796830 351
1796840 353
1796850 355
1796860 357
1796870 359
1796880 362
1796890 364
1796900 366
1796910 368
1796920 370
1796930 371
1796940 370
1796950 370
1796960 369
1796970 368
1796980 367
1796990 365
1797000 363
1797010 361
1797020 359
1797030 357
1797040 355
1797050 354
1797060 352
1797070 351
1797080 350
1797090 349
1797100 348
1797110 347
1797120 346
1797130 345
1797140 343
1797150 342
1797160 341
1797170 339
1797180 338
1797190 337
1797200 335
1797210 333
1797220 331
1797230 329
1797240 327
1797250 326
1797260 324
1797270 323
1797280 322
1797290 321
1797300 320
1797310 319
1797320 319
1797330 319
1797340 319
1797350 318
1797360 316
1797370 316
1797380 315
1797390 315
1797400 315
1797410 314
1797420 314
1797430 313
1797440 312
1797450 311
1797460 310
1797470 310
1797480 311
1797490 313
1797500 314
1797510 315
1797520 315
1797530 315
1797540 315
1797550 316
1797560 317
1797570 318
1797580 319
1797590 320
1797600 321
1797610 322
1797620 324
1797630 326
1797640 326
1797650 328
1797660 328
1797670 329
1797680 329
1797690 330
1797700 331
1797710 332
1797720 334
1797730 335
1797740 338
1797750 340
1797760 343
1797770 345
1797780 348
1797790 350
1797800 351
1797810 353
1797820 354
1797830 355
1797840 353
1797850 349
1797860 345
1797870 343
1797880 341
1797890 338
1797900 335
1797910 333
1797920 331
1797930 329
1797940 326
1797950 323
1797960 321
1797970 320
1797980 319
1797990 317
1798000 315
1798010 314
1798020 313
1798030 312
1798040 310
1798050 309
1798060 308
1798070 306
1798080 305
1798090 303
1798100 302
1798110 301
1798120 299
1798130 297
1798140 296
1798150 295
1798160 295
1798170 294
1798180 293
1798190 292
1798200 291
1798210 290
1798220 289
1798230 288
1798240 287
1798250 286
1798260 285
1798270 284
1798280 284
1798290 283
1798300 283
1798310 283
1798320 283
1798330 283
1798340 283
1798350 283
1798360 283
1798370 284
1798380 284
1798390 284
1798400 285
1798410 286
1798420 287
1798430 287
1798440 287
1798450 288
1798460 288
1798470 289
1798480 290
1798490 291
1798500 293
1798510 295
1798520 298
1798530 300
1798540 303
1798550 305
1798560 307
1798570 308
1798580 310
1798590 312
1798600 314
1798610 316
1798620 318
1798630 321
1798640 323
1798650 325
1798660 328
1798670 330
1798680 332
1798690 333
1798700 334
1798710 336
1798720 337
1798730 338
1798740 338
1798750 338
1798760 338
1798770 338
1798780 337
1798790 337
1798800 337
1798810 337
1798820 337
1798830 337
1798840 337
1798850 337
1798860 337
1798870 337
1798880 336
1798890 336
1798900 335
1798910 335
1798920 334
1798930 334
1798940 333
1798950 332
1798960 331
1798970 329
1798980 328
1798990 326
1799000 324
1799010 322
1799020 320
1799030 316
1799040 313
1799050 310
1799060 307
1799070 304
1799080 302
1799090 300
1799100 297
1799110 295
1799120 293
1799130 291
1799140 289
1799150 288
1799160 286
1799170 284
1799180 283
1799190 281
1799200 280
1799210 278
1799220 277
1799230 276
1799240 275
1799250 273
1799260 273
1799270 272
1799280 271
1799290 271
1799300 270
1799310 270
1799320 269
1799330 269
1799340 269
1799350 269
1799360 269
1799370 270
1799380 271
1799390 272
1799400 273
1799410 275
1799420 278
1799430 281
1799440 283
1799450 284
1799460 285
1799470 286
1799480 288
1799490 288
1799500 289
1799510 289
1799520 289
1799530 288
1799540 287
1799550 287
1799560 286
1799570 285
1799580 283
1799590 280
1799600 277
1799610 275
1799620 275
1799630 277
1799640 277
1799650 275
1799660 274
1799670 274
1799680 273
1799690 273
1799700 271
1799710 270
1799720 270
1799730 271
1799740 272
1799750 271
1799760 270
1799770 269
1799780 268
1799790 269
1799800 268
1799810 265
1799820 262
1799830 262
1799840 264
1799850 266
1799860 267
1799870 268
1799880 269
1799890 270
1799900 270
1799910 271
1799920 270
1799930 268
1799940 265
1799950 262
1799960 260
1799970 257
1799980 255
1799990 252
