1780000 275
1780010 275
1780020 276
1780030 276
1780040 276
1780050 276
1780060 276
1780070 276
1780080 276
1780090 276
1780100 276
1780110 276
1780120 276
1780130 276
1780140 276
1780150 276
1780160 276
1780170 276
1780180 276
1780190 276
1780200 277
1780210 277
1780220 277
1780230 277
1780240 278
1780250 278
1780260 278
1780270 278
1780280 281
1780290 281
1780300 281
1780310 282
1780320 282
1780330 282
1780340 281
1780350 281
1780360 281
1780370 281
1780380 281
1780390 280
1780400 280
1780410 279
1780420 279
1780430 279
1780440 281
1780450 281
1780460 283
1780470 283
1780480 283
1780490 283
1780500 283
1780510 283
1780520 284
1780530 285
1780540 285
1780550 285
1780560 287
1780570 287
1780580 287
1780590 288
1780600 289
1780610 289
1780620 289
1780630 289
1780640 289
1780650 290
1780660 291
1780670 291
1780680 291
1780690 292
1780700 292
1780710 293
1780720 294
1780730 294
1780740 295
1780750 295
1780760 295
1780770 298
1780780 299
1780790 299
1780800 299
1780810 300
1780820 301
1780830 301
1780840 301
1780850 302
1780860 302
1780870 302
1780880 302
1780890 302
1780900 302
1780910 303
1780920 303
1780930 302
1780940 300
1780950 300
1780960 299
1780970 297
1780980 297
1780990 296
1781000 293
1781010 291
1781020 291
1781030 288
1781040 286
1781050 286
1781060 284
1781070 282
1781080 282
1781090 279
1781100 277
1781110 277
1781120 276
1781130 275
1781140 275
1781150 273
1781160 273
1781170 273
1781180 273
1781190 272
1781200 272
1781210 273
1781220 273
1781230 274
1781240 274
1781250 274
1781260 275
1781270 275
1781280 276
1781290 277
1781300 277
1781310 279
1781320 281
1781330 281
1781340 284
1781350 286
1781360 286
1781370 288
1781380 289
1781390 289
1781400 290
1781410 290
1781420 292
1781430 292
1781440 292
1781450 293
1781460 293
1781470 293
1781480 293
1781490 293
1781500 293
1781510 292
1781520 292
1781530 292
1781540 291
1781550 291
1781560 291
1781570 290
1781580 290
1781590 290
1781600 289
1781610 289
1781620 289
1781630 288
1781640 288
1781650 288
1781660 287
1781670 287
1781680 287
1781690 287
1781700 286
1781710 286
1781720 285
1781730 284
1781740 284
1781750 284
1781760 283
1781770 283
1781780 283
1781790 284
1781800 284
1781810 285
1781820 285
1781830 287
1781840 287
1781850 288
1781860 289
1781870 289
1781880 290
1781890 292
1781900 292
1781910 294
1781920 294
1781930 294
1781940 296
1781950 297
1781960 297
1781970 299
1781980 302
1781990 302
1782000 304
1782010 306
1782020 306
1782030 308
1782040 310
1782050 312
1782060 312
1782070 314
1782080 316
1782090 316
1782100 317
1782110 318
1782120 318
1782130 319
1782140 321
1782150 321
1782160 322
1782170 323
1782180 323
1782190 324
1782200 326
1782210 326
1782220 329
1782230 331
1782240 332
1782250 332
1782260 332
1782270 335
1782280 335
1782290 338
1782300 340
1782310 340
1782320 341
1782330 342
1782340 342
1782350 345
1782360 349
1782370 349
1782380 350
1782390 356
1782400 356
1782410 358
1782420 360
1782430 363
1782440 363
1782450 365
1782460 365
1782470 365
1782480 366
1782490 368
1782500 368
1782510 371
1782520 373
1782530 373
1782540 374
1782550 376
1782560 376
1782570 378
1782580 380
1782590 380
1782600 381
1782610 382
1782620 382
1782630 383
1782640 381
1782650 383
1782660 383
1782670 382
1782680 381
1782690 381
1782700 380
1782710 378
1782720 378
1782730 377
1782740 375
1782750 375
1782760 373
1782770 370
1782780 370
1782790 368
1782800 364
1782810 364
1782820 363
1782830 361
1782840 359
1782850 359
1782860 355
1782870 354
1782880 354
1782890 351
1782900 348
1782910 348
1782920 346
1782930 344
1782940 344
1782950 342
1782960 340
1782970 340
1782980 339
1782990 337
1783000 337
1783010 334
1783020 331
1783030 331
1783040 329
1783050 327
1783060 325
1783070 325
1783080 323
1783090 321
1783100 321
1783110 319
1783120 317
1783130 317
1783140 315
1783150 313
1783160 313
1783170 311
1783180 309
1783190 309
1783200 309
1783210 307
1783220 307
1783230 307
1783240 306
1783250 306
1783260 306
1783270 306
1783280 305
1783290 305
1783300 304
1783310 303
1783320 303
1783330 301
1783340 299
1783350 299
1783360 297
1783370 296
1783380 296
1783390 294
1783400 293
1783410 293
1783420 293
1783430 293
1783440 293
1783450 293
1783460 294
1783470 296
1783480 296
1783490 298
1783500 300
1783510 300
1783520 303
1783530 305
1783540 305
1783550 306
1783560 307
1783570 307
1783580 313
1783590 317
1783600 317
1783610 320
1783620 322
1783630 322
1783640 325
1783650 327
1783660 328
1783670 328
1783680 329
1783690 330
1783700 330
1783710 333
1783720 337
1783730 337
1783740 341
1783750 344
1783760 344
1783770 346
1783780 349
1783790 349
1783800 352
1783810 354
1783820 354
1783830 355
1783840 355
1783850 355
1783860 355
1783870 353
1783880 351
1783890 351
1783900 349
1783910 347
1783920 347
1783930 345
1783940 342
1783950 342
1783960 340
1783970 338
1783980 338
1783990 336
1784000 334
1784010 334
1784020 332
1784030 330
1784040 330
1784050 329
1784060 328
1784070 326
1784080 326
1784090 325
1784100 323
1784110 323
1784120 322
1784130 320
1784140 320
1784150 318
1784160 316
1784170 318
1784180 315
1784190 313
1784200 313
1784210 311
1784220 309
1784230 309
1784240 307
1784250 306
1784260 305
1784270 305
1784280 305
1784290 305
1784300 305
1784310 305
1784320 305
1784330 305
1784340 305
1784350 306
1784360 306
1784370 307
1784380 308
1784390 308
1784400 310
1784410 312
1784420 312
1784430 314
1784440 316
1784450 316
1784460 319
1784470 321
1784480 322
1784490 322
1784500 325
1784510 330
1784520 330
1784530 335
1784540 339
1784550 339
1784560 341
1784570 345
1784580 345
1784590 350
1784600 352
1784610 352
1784620 355
1784630 358
1784640 358
1784650 361
1784660 363
1784670 366
1784680 366
1784690 368
1784700 371
1784710 371
1784720 373
1784730 376
1784740 376
1784750 377
1784760 378
1784770 378
1784780 378
1784790 378
1784800 378
1784810 376
1784820 375
1784830 375
1784840 374
1784850 372
1784860 372
1784870 369
1784880 367
1784890 365
1784900 365
1784910 362
1784920 360
1784930 360
1784940 358
1784950 356
1784960 356
1784970 353
1784980 350
1784990 350
1785000 347
1785010 344
1785020 344
1785030 342
1785040 339
1785050 339
1785060 339
1785070 340
1785080 340
1785090 340
1785100 339
1785110 336
1785120 336
1785130 336
1785140 335
1785150 335
1785160 334
1785170 333
1785180 333
1785190 332
1785200 331
1785210 331
1785220 330
1785230 329
1785240 329
1785250 329
1785260 328
1785270 328
1785280 326
1785290 325
1785300 325
1785310 325
1785320 324
1785330 324
1785340 324
1785350 323
1785360 322
1785370 322
1785380 321
1785390 319
1785400 319
1785410 318
1785420 316
1785430 316
1785440 316
1785450 313
1785460 313
1785470 309
1785480 308
1785490 306
1785500 306
1785510 304
1785520 301
1785530 301
1785540 300
1785550 299
1785560 299
1785570 297
1785580 295
1785590 295
1785600 294
1785610 294
1785620 294
1785630 294
1785640 294
1785650 294
1785660 294
1785670 293
1785680 292
1785690 292
1785700 291
1785710 290
1785720 290
1785730 289
1785740 289
1785750 289
1785760 288
1785770 288
1785780 288
1785790 288
1785800 288
1785810 288
1785820 288
1785830 288
1785840 288
1785850 288
1785860 288
1785870 288
1785880 289
1785890 288
1785900 289
1785910 289
1785920 290
1785930 291
1785940 291
1785950 292
1785960 293
1785970 293
1785980 294
1785990 295
1786000 295
1786010 297
1786020 300
1786030 300
1786040 303
1786050 306
1786060 306
1786070 307
1786080 308
1786090 310
1786100 310
1786110 312
1786120 314
1786130 314
1786140 315
1786150 318
1786160 318
1786170 320
1786180 323
1786190 323
1786200 324
1786210 325
1786220 325
1786230 325
1786240 326
1786250 326
1786260 328
1786270 328
1786280 328
1786290 328
1786300 329
1786310 330
1786320 330
1786330 329
1786340 329
1786350 329
1786360 329
1786370 329
1786380 330
1786390 330
1786400 329
1786410 329
1786420 328
1786430 327
1786440 327
1786450 325
1786460 324
1786470 324
1786480 323
1786490 322
1786500 320
1786510 320
1786520 319
1786530 319
1786540 319
1786550 319
1786560 319
1786570 319
1786580 319
1786590 319
1786600 319
1786610 320
1786620 321
1786630 321
1786640 323
1786650 324
1786660 324
1786670 325
1786680 328
1786690 328
1786700 332
1786710 335
1786720 338
1786730 338
1786740 341
1786750 342
1786760 342
1786770 343
1786780 344
1786790 344
1786800 341
1786810 339
1786820 339
1786830 339
1786840 338
1786850 338
1786860 335
1786870 333
1786880 333
1786890 330
1786900 326
1786910 323
1786920 323
1786930 320
1786940 319
1786950 319
1786960 317
1786970 314
1786980 314
1786990 311
1787000 309
1787010 309
1787020 303
1787030 299
1787040 299
1787050 298
1787060 296
1787070 296
1787080 295
1787090 294
1787100 294
1787110 292
1787120 290
1787130 289
1787140 289
1787150 288
1787160 288
1787170 288
1787180 288
1787190 288
1787200 288
1787210 289
1787220 289
1787230 289
1787240 289
1787250 290
1787260 290
1787270 291
1787280 291
1787290 291
1787300 292
1787310 293
1787320 295
1787330 295
1787340 296
1787350 297
1787360 297
1787370 299
1787380 300
1787390 300
1787400 302
1787410 305
1787420 305
1787430 306
1787440 308
1787450 308
1787460 311
1787470 311
1787480 311
1787490 312
1787500 314
1787510 317
1787520 317
1787530 321
1787540 323
1787550 323
1787560 326
1787570 328
1787580 328
1787590 331
1787600 334
1787610 334
1787620 338
1787630 340
1787640 340
1787650 342
1787660 345
1787670 345
1787680 348
1787690 351
1787700 351
1787710 354
1787720 356
1787730 358
1787740 358
1787750 360
1787760 364
1787770 364
1787780 367
1787790 368
1787800 368
1787810 368
1787820 368
1787830 368
1787840 366
1787850 362
1787860 362
1787870 362
1787880 360
1787890 360
1787900 356
1787910 353
1787920 349
1787930 349
1787940 346
1787950 343
1787960 343
1787970 343
1787980 340
1787990 340
1788000 338
1788010 336
1788020 336
1788030 335
1788040 333
1788050 333
1788060 332
1788070 329
1788080 329
1788090 326
1788100 323
1788110 323
1788120 318
1788130 317
1788140 316
1788150 316
1788160 314
1788170 310
1788180 310
1788190 306
1788200 303
1788210 303
1788220 304
1788230 307
1788240 307
1788250 311
1788260 313
1788270 313
1788280 314
1788290 316
1788300 316
1788310 317
1788320 318
1788330 320
1788340 320
1788350 321
1788360 321
1788370 321
1788380 321
1788390 321
1788400 321
1788410 321
1788420 323
1788430 323
1788440 325
1788450 328
1788460 328
1788470 330
1788480 332
1788490 332
1788500 332
1788510 332
1788520 332
1788530 331
1788540 330
1788550 323
1788560 323
1788570 322
1788580 322
1788590 322
1788600 322
1788610 323
1788620 323
1788630 324
1788640 325
1788650 325
1788660 328
1788670 329
1788680 329
1788690 330
1788700 332
1788710 332
1788720 333
1788730 333
1788740 333
1788750 333
1788760 333
1788770 333
1788780 333
1788790 333
1788800 334
1788810 334
1788820 335
1788830 336
1788840 336
1788850 336
1788860 337
1788870 337
1788880 338
1788890 339
1788900 339
1788910 340
1788920 340
1788930 341
1788940 341
1788950 341
1788960 342
1788970 342
1788980 342
1788990 342
1789000 342
1789010 343
1789020 343
1789030 343
1789040 343
1789050 343
1789060 343
1789070 342
1789080 342
1789090 342
1789100 341
1789110 341
1789120 341
1789130 341
1789140 341
1789150 341
1789160 341
1789170 341
1789180 342
1789190 342
1789200 343
1789210 343
1789220 343
1789230 343
1789240 342
1789250 342
1789260 342
1789270 342
1789280 342
1789290 340
1789300 340
1789310 340
1789320 340
1789330 340
1789340 340
1789350 340
1789360 339
1789370 339
1789380 339
1789390 338
1789400 338
1789410 338
1789420 337
1789430 337
1789440 337
1789450 335
1789460 334
1789470 334
1789480 333
1789490 332
1789500 332
1789510 332
1789520 332
1789530 332
1789540 332
1789550 332
1789560 332
1789570 332
1789580 334
1789590 335
1789600 335
1789610 337
1789620 340
1789630 340
1789640 340
1789650 340
1789660 340
1789670 339
1789680 337
1789690 337
1789700 336
1789710 334
1789720 334
1789730 333
1789740 331
1789750 330
1789760 330
1789770 328
1789780 327
1789790 327
1789800 325
1789810 324
1789820 324
1789830 324
1789840 323
1789850 323
1789860 322
1789870 322
1789880 322
1789890 321
1789900 321
1789910 321
1789920 321
1789930 322
1789940 322
1789950 323
1789960 324
1789970 325
1789980 325
1789990 324
1790000 321
1790010 321
1790020 318
1790030 314
1790040 314
1790050 310
1790060 305
1790070 305
1790080 301
1790090 297
1790100 297
1790110 293
1790120 289
1790130 289
1790140 285
1790150 281
1790160 278
1790170 278
1790180 275
1790190 273
1790200 273
1790210 272
1790220 269
1790230 269
1790240 269
1790250 268
1790260 268
1790270 267
1790280 268
1790290 268
1790300 268
1790310 269
1790320 269
1790330 271
1790340 275
1790350 275
1790360 279
1790370 284
1790380 289
1790390 289
1790400 294
1790410 299
1790420 299
1790430 302
1790440 305
1790450 305
1790460 307
1790470 309
1790480 309
1790490 311
1790500 312
1790510 312
1790520 314
1790530 316
1790540 316
1790550 317
1790560 319
1790570 319
1790580 319
1790590 320
1790600 320
1790610 320
1790620 320
1790630 320
1790640 320
1790650 321
1790660 324
1790670 324
1790680 329
1790690 331
1790700 331
1790710 334
1790720 335
1790730 335
1790740 336
1790750 337
1790760 338
1790770 338
1790780 340
1790790 342
1790800 342
1790810 344
1790820 346
1790830 346
1790840 348
1790850 348
1790860 348
1790870 347
1790880 347
1790890 347
1790900 346
1790910 345
1790920 345
1790930 343
1790940 341
1790950 341
1790960 340
1790970 339
1790980 338
1790990 338
1791000 336
1791010 335
1791020 335
1791030 334
1791040 332
1791050 332
1791060 330
1791070 329
1791080 329
1791090 328
1791100 327
1791110 327
1791120 327
1791130 327
1791140 327
1791150 327
1791160 327
1791170 327
1791180 327
1791190 327
1791200 327
1791210 327
1791220 325
1791230 325
1791240 325
1791250 324
1791260 323
1791270 323
1791280 322
1791290 321
1791300 321
1791310 320
1791320 320
1791330 320
1791340 321
1791350 323
1791360 323
1791370 325
1791380 327
1791390 329
1791400 329
1791410 331
1791420 333
1791430 333
1791440 335
1791450 336
1791460 336
1791470 338
1791480 340
1791490 340
1791500 342
1791510 343
1791520 343
1791530 344
1791540 345
1791550 345
1791560 346
1791570 345
1791580 344
1791590 344
1791600 340
1791610 337
1791620 337
1791630 333
1791640 330
1791650 330
1791660 326
1791670 324
1791680 324
1791690 321
1791700 318
1791710 318
1791720 315
1791730 313
1791740 313
1791750 311
1791760 309
1791770 309
1791780 308
1791790 306
1791800 303
1791810 303
1791820 299
1791830 296
1791840 296
1791850 292
1791860 290
1791870 290
1791880 287
1791890 284
1791900 284
1791910 282
1791920 280
1791930 280
1791940 278
1791950 275
1791960 275
1791970 273
1791980 271
1791990 269
1792000 269
1792010 267
1792020 266
1792030 266
1792040 265
1792050 265
1792060 265
1792070 265
1792080 267
1792090 267
1792100 269
1792110 272
1792120 272
1792130 276
1792140 278
1792150 278
1792160 281
1792170 284
1792180 287
1792190 287
1792200 291
1792210 294
1792220 294
1792230 298
1792240 299
1792250 299
1792260 304
1792270 307
1792280 307
1792290 310
1792300 312
1792310 312
1792320 314
1792330 317
1792340 317
1792350 319
1792360 322
1792370 322
1792380 325
1792390 327
1792400 329
1792410 329
1792420 329
1792430 329
1792440 329
1792450 329
1792460 328
1792470 328
1792480 325
1792490 322
1792500 322
1792510 320
1792520 317
1792530 317
1792540 315
1792550 314
1792560 314
1792570 313
1792580 312
1792590 310
1792600 310
1792610 309
1792620 306
1792630 306
1792640 305
1792650 303
1792660 303
1792670 300
1792680 296
1792690 296
1792700 292
1792710 288
1792720 288
1792730 284
1792740 282
1792750 282
1792760 280
1792770 276
1792780 276
1792790 276
1792800 274
1792810 273
1792820 273
1792830 270
1792840 268
1792850 268
1792860 265
1792870 263
1792880 263
1792890 263
1792900 262
1792910 262
1792920 263
1792930 263
1792940 263
1792950 263
1792960 265
1792970 265
1792980 268
1792990 271
1793000 273
1793010 273
1793020 275
1793030 279
1793040 279
1793050 282
1793060 284
1793070 284
1793080 286
1793090 284
1793100 284
1793110 282
1793120 280
1793130 280
1793140 277
1793150 275
1793160 275
1793170 275
1793180 275
1793190 275
1793200 276
1793210 277
1793220 278
1793230 278
1793240 278
1793250 281
1793260 281
1793270 282
1793280 285
1793290 285
1793300 284
1793310 282
1793320 282
1793330 281
1793340 283
1793350 283
1793360 286
1793370 287
1793380 287
1793390 287
1793400 288
1793410 292
1793420 292
1793430 294
1793440 297
1793450 297
1793460 301
1793470 304
1793480 304
1793490 305
1793500 310
1793510 310
1793520 314
1793530 317
1793540 317
1793550 320
1793560 322
1793570 322
1793580 324
1793590 326
1793600 326
1793610 328
1793620 332
1793630 334
1793640 334
1793650 337
1793660 340
1793670 340
1793680 341
1793690 344
1793700 344
1793710 346
1793720 346
1793730 346
1793740 349
1793750 351
1793760 351
1793770 354
1793780 357
1793790 357
1793800 359
1793810 360
1793820 362
1793830 362
1793840 360
1793850 355
1793860 355
1793870 350
1793880 346
1793890 346
1793900 343
1793910 343
1793920 343
1793930 340
1793940 337
1793950 337
1793960 333
1793970 332
1793980 332
1793990 330
1794000 329
1794010 327
1794020 327
1794030 326
1794040 325
1794050 325
1794060 323
1794070 320
1794080 320
1794090 318
1794100 314
1794110 314
1794120 312
1794130 312
1794140 312
1794150 309
1794160 307
1794170 307
1794180 305
1794190 303
1794200 303
1794210 302
1794220 301
1794230 300
1794240 300
1794250 298
1794260 297
1794270 297
1794280 296
1794290 295
1794300 295
1794310 293
1794320 292
1794330 292
1794340 290
1794350 288
1794360 288
1794370 286
1794380 285
1794390 285
1794400 283
1794410 281
1794420 279
1794430 279
1794440 277
1794450 275
1794460 275
1794470 274
1794480 271
1794490 271
1794500 267
1794510 260
1794520 260
1794530 256
1794540 254
1794550 254
1794560 252
1794570 251
1794580 251
1794590 250
1794600 251
1794610 251
1794620 258
1794630 265
1794640 269
1794650 269
1794660 272
1794670 274
1794680 274
1794690 276
1794700 279
1794710 279
1794720 281
1794730 283
1794740 283
1794750 284
1794760 286
1794770 286
1794780 288
1794790 291
1794800 291
1794810 294
1794820 298
1794830 301
1794840 300
1794850 299
1794860 297
1794870 297
1794880 295
1794890 292
1794900 292
1794910 289
1794920 284
1794930 284
1794940 281
1794950 278
1794960 278
1794970 273
1794980 272
1794990 272
1795000 272
1795010 269
1795020 269
1795030 267
1795040 266
1795050 264
1795060 264
1795070 263
1795080 261
1795090 261
1795100 259
1795110 258
1795120 258
1795130 255
1795140 249
1795150 249
1795160 249
1795170 250
1795180 250
1795190 254
1795200 258
1795210 258
1795220 261
1795230 265
1795240 269
1795250 269
1795260 274
1795270 278
1795280 278
1795290 283
1795300 287
1795310 287
1795320 291
1795330 294
1795340 294
1795350 298
1795360 300
1795370 300
1795380 304
1795390 307
1795400 307
1795410 310
1795420 313
1795430 313
1795440 316
1795450 319
1795460 321
1795470 321
1795480 322
1795490 322
1795500 322
1795510 322
1795520 322
1795530 322
1795540 322
1795550 324
1795560 324
1795570 324
1795580 323
1795590 323
1795600 324
1795610 327
1795620 327
1795630 331
1795640 333
1795650 331
1795660 331
1795670 326
1795680 322
1795690 322
1795700 317
1795710 314
1795720 314
1795730 313
1795740 309
1795750 309
1795760 304
1795770 302
1795780 302
1795790 298
1795800 294
1795810 294
1795820 290
1795830 287
1795840 284
1795850 282
1795860 279
1795870 280
1795880 280
1795890 280
1795900 280
1795910 280
1795920 279
1795930 277
1795940 277
1795950 276
1795960 275
1795970 275
1795980 271
1795990 268
1796000 268
1796010 266
1796020 263
1796030 263
1796040 262
1796050 261
1796060 259
1796070 259
1796080 257
1796090 255
1796100 255
1796110 252
1796120 251
1796130 251
1796140 251
1796150 251
1796160 251
1796170 251
1796180 251
1796190 251
1796200 252
1796210 254
1796220 254
1796230 251
1796240 250
1796250 249
1796260 249
1796270 249
1796280 249
1796290 249
1796300 249
1796310 249
1796320 249
1796330 250
1796340 250
1796350 250
1796360 251
1796370 251
1796380 251
1796390 251
1796400 252
1796410 252
1796420 252
1796430 252
1796440 252
1796450 251
1796460 251
1796470 251
1796480 251
1796490 250
1796500 250
1796510 250
1796520 249
1796530 249
1796540 249
1796550 248
1796560 248
1796570 248
1796580 247
1796590 247
1796600 247
1796610 247
1796620 246
1796630 246
1796640 246
1796650 246
1796660 246
1796670 246
1796680 245
1796690 245
1796700 245
1796710 244
1796720 244
1796730 244
1796740 242
1796750 243
1796760 243
1796770 244
1796780 244
1796790 244
1796800 245
1796810 244
1796820 244
1796830 243
1796840 243
1796850 243
1796860 242
1796870 241
1796880 241
1796890 241
1796900 240
1796910 240
1796920 240
1796930 239
1796940 239
1796950 239
1796960 239
1796970 238
1796980 238
1796990 238
1797000 237
1797010 237
1797020 237
1797030 237
1797040 237
1797050 237
1797060 237
1797070 237
1797080 237
1797090 236
1797100 236
1797110 236
1797120 236
1797130 236
1797140 236
1797150 235
1797160 236
1797170 236
1797180 235
1797190 235
1797200 235
1797210 235
1797220 235
1797230 235
1797240 235
1797250 235
1797260 235
1797270 235
1797280 235
1797290 235
1797300 235
1797310 235
1797320 235
1797330 235
1797340 235
1797350 235
1797360 235
1797370 235
1797380 234
1797390 234
1797400 235
1797410 235
1797420 235
1797430 235
1797440 236
1797450 236
1797460 236
1797470 237
1797480 237
1797490 237
1797500 237
1797510 236
1797520 236
1797530 236
1797540 237
1797550 237
1797560 238
1797570 238
1797580 238
1797590 239
1797600 241
1797610 241
1797620 242
1797630 243
1797640 243
1797650 244
1797660 244
1797670 247
1797680 247
1797690 249
1797700 249
1797710 249
1797720 250
1797730 249
1797740 249
1797750 250
1797760 251
1797770 251
1797780 252
1797790 252
1797800 252
1797810 254
1797820 258
1797830 258
1797840 260
1797850 261
1797860 261
1797870 264
1797880 265
1797890 266
1797900 266
1797910 269
1797920 269
1797930 269
1797940 266
1797950 264
1797960 264
1797970 264
1797980 263
1797990 263
1798000 264
1798010 265
1798020 265
1798030 263
1798040 266
1798050 266
1798060 267
1798070 268
1798080 274
1798090 274
1798100 270
1798110 263
1798120 263
1798130 261
1798140 262
1798150 262
1798160 262
1798170 261
1798180 261
1798190 261
1798200 264
1798210 264
1798220 265
1798230 268
1798240 268
1798250 271
1798260 274
1798270 274
1798280 274
1798290 269
1798300 261
1798310 261
1798320 253
1798330 252
1798340 252
1798350 251
1798360 248
1798370 248
1798380 245
1798390 241
1798400 241
1798410 236
1798420 235
1798430 235
1798440 234
1798450 234
1798460 234
1798470 234
1798480 233
1798490 233
1798500 233
1798510 233
1798520 233
1798530 233
1798540 233
1798550 233
1798560 233
1798570 233
1798580 233
1798590 233
1798600 234
1798610 234
1798620 234
1798630 233
1798640 233
1798650 233
1798660 233
1798670 233
1798680 233
1798690 233
1798700 233
1798710 233
1798720 233
1798730 233
1798740 233
1798750 233
1798760 233
1798770 233
1798780 233
1798790 235
1798800 237
1798810 237
1798820 234
1798830 233
1798840 233
1798850 233
1798860 233
1798870 233
1798880 233
1798890 233
1798900 233
1798910 233
1798920 233
1798930 233
1798940 233
1798950 233
1798960 233
1798970 233
1798980 233
1798990 233
1799000 233
1799010 233
1799020 233
1799030 233
1799040 233
1799050 232
1799060 232
1799070 232
1799080 232
1799090 232
1799100 232
1799110 232
1799120 232
1799130 232
1799140 232
1799150 232
1799160 232
1799170 232
1799180 232
1799190 232
1799200 232
1799210 232
1799220 232
1799230 232
1799240 232
1799250 232
1799260 232
1799270 232
1799280 232
1799290 232
1799300 232
1799310 232
1799320 232
1799330 232
1799340 232
1799350 232
1799360 232
1799370 232
1799380 232
1799390 232
1799400 232
1799410 232
1799420 232
1799430 232
1799440 232
1799450 232
1799460 232
1799470 232
1799480 232
1799490 232
1799500 232
1799510 232
1799520 232
1799530 232
1799540 232
1799550 232
1799560 232
1799570 232
1799580 232
1799590 232
1799600 232
1799610 232
1799620 232
1799630 232
1799640 232
1799650 232
1799660 232
1799670 232
1799680 232
1799690 232
1799700 232
1799710 232
1799720 232
1799730 232
1799740 232
1799750 232
1799760 232
1799770 231
1799780 231
1799790 231
1799800 232
1799810 232
1799820 232
1799830 232
1799840 231
1799850 231
1799860 232
1799870 231
1799880 231
1799890 231
1799900 231
1799910 231
1799920 231
1799930 231
1799940 231
1799950 231
1799960 231
1799970 231
1799980 231
1799990 231
