1780000 341
1780010 339
1780020 337
1780030 337
1780040 335
1780050 332
1780060 332
1780070 330
1780080 327
1780090 327
1780100 325
1780110 322
1780120 319
1780130 319
1780140 315
1780150 313
1780160 313
1780170 310
1780180 307
1780190 307
1780200 306
1780210 305
1780220 305
1780230 304
1780240 303
1780250 303
1780260 302
1780270 301
1780280 301
1780290 299
1780300 298
1780310 297
1780320 297
1780330 296
1780340 294
1780350 294
1780360 293
1780370 292
1780380 292
1780390 291
1780400 290
1780410 290
1780420 289
1780430 288
1780440 288
1780450 288
1780460 285
1780470 285
1780480 286
1780490 287
1780500 287
1780510 286
1780520 287
1780530 287
1780540 287
1780550 287
1780560 287
1780570 287
1780580 287
1780590 287
1780600 287
1780610 287
1780620 288
1780630 288
1780640 288
1780650 289
1780660 289
1780670 290
1780680 291
1780690 291
1780700 292
1780710 293
1780720 294
1780730 294
1780740 296
1780750 298
1780760 298
1780770 301
1780780 301
1780790 301
1780800 301
1780810 301
1780820 301
1780830 304
1780840 304
1780850 304
1780860 306
1780870 308
1780880 308
1780890 309
1780900 310
1780910 310
1780920 311
1780930 311
1780940 313
1780950 313
1780960 314
1780970 317
1780980 317
1780990 320
1781000 322
1781010 322
1781020 323
1781030 324
1781040 324
1781050 325
1781060 325
1781070 325
1781080 325
1781090 325
1781100 325
1781110 324
1781120 323
1781130 323
1781140 323
1781150 321
1781160 319
1781170 319
1781180 317
1781190 315
1781200 315
1781210 312
1781220 305
1781230 305
1781240 304
1781250 304
1781260 305
1781270 304
1781280 303
1781290 303
1781300 302
1781310 300
1781320 300
1781330 299
1781340 298
1781350 297
1781360 297
1781370 296
1781380 297
1781390 297
1781400 298
1781410 299
1781420 299
1781430 300
1781440 302
1781450 302
1781460 303
1781470 305
1781480 305
1781490 307
1781500 308
1781510 308
1781520 309
1781530 310
1781540 311
1781550 311
1781560 312
1781570 313
1781580 313
1781590 316
1781600 318
1781610 318
1781620 320
1781630 322
1781640 322
1781650 325
1781660 328
1781670 328
1781680 329
1781690 331
1781700 331
1781710 332
1781720 332
1781730 332
1781740 334
1781750 336
1781760 338
1781770 338
1781780 338
1781790 340
1781800 340
1781810 344
1781820 350
1781830 350
1781840 351
1781850 352
1781860 352
1781870 352
1781880 352
1781890 352
1781900 351
1781910 349
1781920 349
1781930 347
1781940 343
1781950 339
1781960 339
1781970 338
1781980 338
1781990 338
1782000 336
1782010 335
1782020 335
1782030 334
1782040 334
1782050 334
1782060 333
1782070 333
1782080 333
1782090 332
1782100 330
1782110 330
1782120 329
1782130 327
1782140 327
1782150 324
1782160 323
1782170 322
1782180 322
1782190 321
1782200 320
1782210 320
1782220 319
1782230 318
1782240 318
1782250 317
1782260 316
1782270 316
1782280 315
1782290 315
1782300 315
1782310 316
1782320 316
1782330 316
1782340 318
1782350 319
1782360 320
1782370 320
1782380 320
1782390 321
1782400 322
1782410 323
1782420 324
1782430 324
1782440 324
1782450 325
1782460 325
1782470 327
1782480 331
1782490 331
1782500 333
1782510 335
1782520 335
1782530 338
1782540 343
1782550 343
1782560 344
1782570 346
1782580 348
1782590 348
1782600 350
1782610 351
1782620 351
1782630 353
1782640 352
1782650 352
1782660 351
1782670 350
1782680 350
1782690 348
1782700 346
1782710 346
1782720 345
1782730 344
1782740 344
1782750 343
1782760 342
1782770 341
1782780 341
1782790 341
1782800 340
1782810 340
1782820 340
1782830 339
1782840 339
1782850 339
1782860 339
1782870 339
1782880 340
1782890 341
1782900 341
1782910 342
1782920 343
1782930 343
1782940 345
1782950 347
1782960 347
1782970 349
1782980 350
1782990 351
1783000 351
1783010 352
1783020 353
1783030 353
1783040 355
1783050 356
1783060 356
1783070 356
1783080 357
1783090 357
1783100 360
1783110 362
1783120 362
1783130 365
1783140 368
1783150 368
1783160 370
1783170 372
1783180 374
1783190 374
1783200 376
1783210 379
1783220 379
1783230 381
1783240 382
1783250 382
1783260 382
1783270 381
1783280 381
1783290 381
1783300 378
1783310 378
1783320 374
1783330 370
1783340 370
1783350 368
1783360 365
1783370 365
1783380 361
1783390 357
1783400 357
1783410 357
1783420 356
1783430 354
1783440 354
1783450 352
1783460 351
1783470 351
1783480 349
1783490 346
1783500 346
1783510 345
1783520 344
1783530 344
1783540 339
1783550 340
1783560 340
1783570 341
1783580 342
1783590 345
1783600 345
1783610 346
1783620 350
1783630 350
1783640 351
1783650 352
1783660 352
1783670 352
1783680 353
1783690 353
1783700 352
1783710 353
1783720 353
1783730 353
1783740 353
1783750 353
1783760 354
1783770 355
1783780 355
1783790 355
1783800 355
1783810 358
1783820 358
1783830 362
1783840 364
1783850 364
1783860 365
1783870 366
1783880 366
1783890 367
1783900 366
1783910 366
1783920 367
1783930 367
1783940 367
1783950 369
1783960 371
1783970 371
1783980 374
1783990 376
1784000 376
1784010 378
1784020 381
1784030 383
1784040 383
1784050 385
1784060 386
1784070 386
1784080 390
1784090 391
1784100 391
1784110 392
1784120 394
1784130 394
1784140 395
1784150 396
1784160 396
1784170 396
1784180 397
1784190 397
1784200 396
1784210 395
1784220 395
1784230 395
1784240 394
1784250 393
1784260 393
1784270 392
1784280 391
1784290 391
1784300 390
1784310 389
1784320 389
1784330 387
1784340 385
1784350 385
1784360 383
1784370 381
1784380 381
1784390 378
1784400 376
1784410 376
1784420 374
1784430 371
1784440 368
1784450 368
1784460 364
1784470 364
1784480 364
1784490 363
1784500 362
1784510 362
1784520 360
1784530 359
1784540 359
1784550 358
1784560 357
1784570 357
1784580 356
1784590 356
1784600 356
1784610 355
1784620 355
1784630 356
1784640 356
1784650 357
1784660 357
1784670 357
1784680 359
1784690 361
1784700 361
1784710 360
1784720 363
1784730 363
1784740 366
1784750 367
1784760 367
1784770 369
1784780 371
1784790 371
1784800 372
1784810 371
1784820 371
1784830 367
1784840 361
1784850 359
1784860 359
1784870 357
1784880 356
1784890 356
1784900 354
1784910 352
1784920 352
1784930 350
1784940 349
1784950 349
1784960 347
1784970 345
1784980 345
1784990 344
1785000 342
1785010 342
1785020 341
1785030 339
1785040 339
1785050 339
1785060 338
1785070 337
1785080 337
1785090 336
1785100 336
1785110 336
1785120 335
1785130 335
1785140 335
1785150 334
1785160 333
1785170 333
1785180 333
1785190 332
1785200 332
1785210 331
1785220 332
1785230 332
1785240 334
1785250 337
1785260 340
1785270 340
1785280 341
1785290 342
1785300 342
1785310 344
1785320 345
1785330 345
1785340 347
1785350 349
1785360 349
1785370 350
1785380 351
1785390 351
1785400 350
1785410 349
1785420 349
1785430 347
1785440 346
1785450 345
1785460 345
1785470 342
1785480 340
1785490 340
1785500 335
1785510 332
1785520 332
1785530 331
1785540 327
1785550 327
1785560 322
1785570 320
1785580 320
1785590 318
1785600 316
1785610 316
1785620 315
1785630 314
1785640 314
1785650 313
1785660 311
1785670 311
1785680 311
1785690 313
1785700 315
1785710 315
1785720 315
1785730 316
1785740 316
1785750 315
1785760 317
1785770 317
1785780 319
1785790 320
1785800 320
1785810 320
1785820 321
1785830 321
1785840 321
1785850 323
1785860 323
1785870 323
1785880 325
1785890 329
1785900 329
1785910 331
1785920 331
1785930 331
1785940 335
1785950 338
1785960 338
1785970 341
1785980 344
1785990 344
1786000 346
1786010 348
1786020 348
1786030 351
1786040 354
1786050 354
1786060 355
1786070 355
1786080 355
1786090 355
1786100 355
1786110 353
1786120 353
1786130 350
1786140 346
1786150 346
1786160 343
1786170 341
1786180 341
1786190 339
1786200 336
1786210 336
1786220 333
1786230 331
1786240 331
1786250 329
1786260 328
1786270 326
1786280 326
1786290 322
1786300 320
1786310 320
1786320 319
1786330 316
1786340 316
1786350 312
1786360 310
1786370 310
1786380 308
1786390 306
1786400 306
1786410 304
1786420 302
1786430 302
1786440 300
1786450 298
1786460 298
1786470 296
1786480 294
1786490 292
1786500 292
1786510 290
1786520 289
1786530 289
1786540 287
1786550 286
1786560 286
1786570 284
1786580 283
1786590 283
1786600 282
1786610 281
1786620 281
1786630 280
1786640 280
1786650 280
1786660 279
1786670 278
1786680 278
1786690 278
1786700 279
1786710 280
1786720 280
1786730 282
1786740 285
1786750 285
1786760 288
1786770 287
1786780 287
1786790 287
1786800 287
1786810 287
1786820 287
1786830 287
1786840 287
1786850 283
1786860 281
1786870 281
1786880 280
1786890 279
1786900 277
1786910 277
1786920 276
1786930 275
1786940 275
1786950 273
1786960 272
1786970 272
1786980 271
1786990 271
1787000 271
1787010 271
1787020 272
1787030 272
1787040 272
1787050 272
1787060 272
1787070 272
1787080 272
1787090 273
1787100 273
1787110 273
1787120 273
1787130 273
1787140 274
1787150 274
1787160 274
1787170 275
1787180 275
1787190 275
1787200 276
1787210 276
1787220 276
1787230 277
1787240 278
1787250 278
1787260 279
1787270 280
1787280 280
1787290 281
1787300 282
1787310 282
1787320 282
1787330 283
1787340 283
1787350 283
1787360 283
1787370 284
1787380 284
1787390 285
1787400 286
1787410 286
1787420 288
1787430 291
1787440 291
1787450 294
1787460 296
1787470 296
1787480 299
1787490 302
1787500 308
1787510 308
1787520 311
1787530 314
1787540 314
1787550 318
1787560 321
1787570 321
1787580 323
1787590 325
1787600 325
1787610 327
1787620 328
1787630 328
1787640 330
1787650 331
1787660 331
1787670 330
1787680 332
1787690 332
1787700 334
1787710 336
1787720 338
1787730 338
1787740 340
1787750 342
1787760 342
1787770 343
1787780 344
1787790 344
1787800 346
1787810 348
1787820 348
1787830 351
1787840 354
1787850 354
1787860 356
1787870 359
1787880 359
1787890 362
1787900 365
1787910 367
1787920 367
1787930 370
1787940 371
1787950 371
1787960 373
1787970 375
1787980 375
1787990 379
1788000 381
1788010 381
1788020 383
1788030 385
1788040 385
1788050 388
1788060 390
1788070 390
1788080 391
1788090 393
1788100 393
1788110 395
1788120 397
1788130 398
1788140 398
1788150 399
1788160 400
1788170 400
1788180 400
1788190 400
1788200 400
1788210 400
1788220 399
1788230 399
1788240 400
1788250 400
1788260 400
1788270 401
1788280 402
1788290 402
1788300 401
1788310 400
1788320 398
1788330 398
1788340 397
1788350 394
1788360 394
1788370 391
1788380 389
1788390 389
1788400 387
1788410 383
1788420 383
1788430 382
1788440 381
1788450 381
1788460 380
1788470 378
1788480 378
1788490 375
1788500 373
1788510 373
1788520 370
1788530 367
1788540 365
1788550 365
1788560 361
1788570 358
1788580 358
1788590 355
1788600 352
1788610 352
1788620 350
1788630 348
1788640 348
1788650 346
1788660 343
1788670 343
1788680 341
1788690 339
1788700 339
1788710 336
1788720 333
1788730 331
1788740 331
1788750 330
1788760 329
1788770 329
1788780 329
1788790 328
1788800 328
1788810 325
1788820 322
1788830 322
1788840 320
1788850 317
1788860 317
1788870 313
1788880 309
1788890 309
1788900 307
1788910 305
1788920 305
1788930 303
1788940 301
1788950 299
1788960 299
1788970 294
1788980 297
1788990 297
1789000 303
1789010 309
1789020 309
1789030 309
1789040 314
1789050 314
1789060 316
1789070 316
1789080 316
1789090 317
1789100 320
1789110 320
1789120 323
1789130 324
1789140 324
1789150 325
1789160 325
1789170 325
1789180 325
1789190 325
1789200 326
1789210 326
1789220 326
1789230 326
1789240 326
1789250 326
1789260 324
1789270 324
1789280 322
1789290 322
1789300 322
1789310 321
1789320 322
1789330 322
1789340 322
1789350 318
1789360 320
1789370 320
1789380 328
1789390 330
1789400 330
1789410 331
1789420 333
1789430 333
1789440 335
1789450 337
1789460 337
1789470 338
1789480 339
1789490 339
1789500 340
1789510 340
1789520 340
1789530 340
1789540 341
1789550 341
1789560 342
1789570 342
1789580 343
1789590 343
1789600 343
1789610 344
1789620 344
1789630 344
1789640 344
1789650 344
1789660 344
1789670 343
1789680 343
1789690 343
1789700 342
1789710 342
1789720 342
1789730 341
1789740 341
1789750 340
1789760 340
1789770 340
1789780 340
1789790 340
1789800 341
1789810 341
1789820 342
1789830 343
1789840 343
1789850 345
1789860 346
1789870 346
1789880 347
1789890 348
1789900 348
1789910 348
1789920 348
1789930 348
1789940 346
1789950 345
1789960 345
1789970 343
1789980 342
1789990 340
1790000 340
1790010 339
1790020 338
1790030 338
1790040 337
1790050 337
1790060 337
1790070 336
1790080 339
1790090 339
1790100 338
1790110 337
1790120 337
1790130 337
1790140 336
1790150 336
1790160 337
1790170 339
1790180 341
1790190 341
1790200 343
1790210 345
1790220 345
1790230 347
1790240 349
1790250 349
1790260 352
1790270 354
1790280 354
1790290 356
1790300 357
1790310 357
1790320 358
1790330 359
1790340 359
1790350 359
1790360 359
1790370 359
1790380 358
1790390 356
1790400 354
1790410 354
1790420 352
1790430 349
1790440 349
1790450 347
1790460 344
1790470 344
1790480 342
1790490 340
1790500 340
1790510 338
1790520 336
1790530 336
1790540 335
1790550 333
1790560 333
1790570 330
1790580 328
1790590 327
1790600 327
1790610 326
1790620 324
1790630 324
1790640 321
1790650 318
1790660 318
1790670 316
1790680 313
1790690 313
1790700 311
1790710 309
1790720 309
1790730 308
1790740 306
1790750 306
1790760 304
1790770 299
1790780 299
1790790 293
1790800 288
1790810 297
1790820 297
1790830 301
1790840 303
1790850 303
1790860 304
1790870 305
1790880 305
1790890 306
1790900 307
1790910 307
1790920 307
1790930 308
1790940 308
1790950 308
1790960 309
1790970 309
1790980 309
1790990 310
1791000 311
1791010 311
1791020 312
1791030 313
1791040 313
1791050 313
1791060 314
1791070 314
1791080 315
1791090 316
1791100 316
1791110 316
1791120 317
1791130 317
1791140 316
1791150 317
1791160 317
1791170 318
1791180 318
1791190 318
1791200 319
1791210 319
1791220 319
1791230 319
1791240 319
1791250 318
1791260 318
1791270 317
1791280 317
1791290 317
1791300 315
1791310 313
1791320 313
1791330 312
1791340 311
1791350 311
1791360 309
1791370 304
1791380 304
1791390 303
1791400 303
1791410 299
1791420 299
1791430 296
1791440 300
1791450 300
1791460 302
1791470 302
1791480 302
1791490 303
1791500 306
1791510 306
1791520 308
1791530 310
1791540 310
1791550 312
1791560 314
1791570 314
1791580 315
1791590 316
1791600 316
1791610 316
1791620 318
1791630 318
1791640 318
1791650 318
1791660 318
1791670 318
1791680 318
1791690 318
1791700 318
1791710 317
1791720 316
1791730 316
1791740 316
1791750 315
1791760 315
1791770 314
1791780 313
1791790 313
1791800 312
1791810 311
1791820 311
1791830 311
1791840 310
1791850 309
1791860 309
1791870 308
1791880 307
1791890 307
1791900 305
1791910 304
1791920 304
1791930 303
1791940 302
1791950 302
1791960 302
1791970 302
1791980 302
1791990 302
1792000 301
1792010 301
1792020 301
1792030 300
1792040 298
1792050 298
1792060 296
1792070 294
1792080 294
1792090 290
1792100 288
1792110 288
1792120 285
1792130 282
1792140 282
1792150 281
1792160 284
1792170 284
1792180 286
1792190 289
1792200 289
1792210 292
1792220 294
1792230 295
1792240 295
1792250 296
1792260 297
1792270 297
1792280 297
1792290 297
1792300 297
1792310 296
1792320 295
1792330 295
1792340 294
1792350 293
1792360 293
1792370 292
1792380 292
1792390 292
1792400 290
1792410 291
1792420 291
1792430 290
1792440 290
1792450 289
1792460 289
1792470 288
1792480 288
1792490 288
1792500 287
1792510 286
1792520 286
1792530 285
1792540 283
1792550 283
1792560 282
1792570 281
1792580 281
1792590 279
1792600 274
1792610 274
1792620 269
1792630 266
1792640 267
1792650 267
1792660 269
1792670 270
1792680 270
1792690 272
1792700 272
1792710 272
1792720 271
1792730 268
1792740 268
1792750 265
1792760 264
1792770 264
1792780 263
1792790 262
1792800 262
1792810 261
1792820 259
1792830 259
1792840 257
1792850 255
1792860 254
1792870 254
1792880 253
1792890 252
1792900 252
1792910 252
1792920 251
1792930 251
1792940 251
1792950 250
1792960 250
1792970 250
1792980 251
1792990 251
1793000 250
1793010 250
1793020 250
1793030 250
1793040 250
1793050 250
1793060 250
1793070 250
1793080 250
1793090 250
1793100 250
1793110 250
1793120 250
1793130 250
1793140 250
1793150 250
1793160 250
1793170 251
1793180 251
1793190 251
1793200 252
1793210 252
1793220 258
1793230 260
1793240 260
1793250 262
1793260 265
1793270 267
1793280 267
1793290 269
1793300 270
1793310 270
1793320 271
1793330 272
1793340 272
1793350 272
1793360 272
1793370 272
1793380 272
1793390 272
1793400 272
1793410 271
1793420 271
1793430 271
1793440 271
1793450 270
1793460 270
1793470 270
1793480 270
1793490 269
1793500 269
1793510 269
1793520 269
1793530 269
1793540 269
1793550 268
1793560 268
1793570 266
1793580 261
1793590 261
1793600 254
1793610 248
1793620 248
1793630 247
1793640 246
1793650 246
1793660 246
1793670 245
1793680 245
1793690 245
1793700 245
1793710 245
1793720 245
1793730 244
1793740 244
1793750 244
1793760 244
1793770 244
1793780 244
1793790 244
1793800 244
1793810 244
1793820 244
1793830 244
1793840 244
1793850 244
1793860 244
1793870 244
1793880 244
1793890 243
1793900 243
1793910 243
1793920 243
1793930 243
1793940 243
1793950 243
1793960 243
1793970 243
1793980 243
1793990 243
1794000 243
1794010 243
1794020 243
1794030 243
1794040 243
1794050 243
1794060 243
1794070 243
1794080 242
1794090 242
1794100 242
1794110 242
1794120 242
1794130 242
1794140 242
1794150 242
1794160 242
1794170 242
1794180 242
1794190 242
1794200 242
1794210 242
1794220 242
1794230 242
1794240 242
1794250 242
1794260 242
1794270 242
1794280 242
1794290 241
1794300 241
1794310 241
1794320 241
1794330 241
1794340 241
1794350 241
1794360 241
1794370 241
1794380 241
1794390 241
1794400 241
1794410 241
1794420 241
1794430 241
1794440 241
1794450 241
1794460 241
1794470 241
1794480 241
1794490 241
1794500 241
1794510 241
1794520 241
1794530 241
1794540 241
1794550 241
1794560 241
1794570 241
1794580 241
1794590 241
1794600 241
1794610 239
1794620 238
1794630 238
1794640 241
1794650 241
1794660 241
1794670 241
1794680 241
1794690 241
1794700 241
1794710 241
1794720 241
1794730 241
1794740 241
1794750 241
1794760 241
1794770 240
1794780 240
1794790 240
1794800 240
1794810 240
1794820 240
1794830 240
1794840 240
1794850 240
1794860 240
1794870 240
1794880 240
1794890 240
1794900 240
1794910 240
1794920 240
1794930 240
1794940 240
1794950 240
1794960 240
1794970 240
1794980 240
1794990 240
1795000 240
1795010 240
1795020 241
1795030 241
1795040 241
1795050 241
1795060 241
1795070 241
1795080 241
1795090 241
1795100 241
1795110 241
1795120 241
1795130 241
1795140 241
1795150 241
1795160 241
1795170 241
1795180 241
1795190 241
1795200 241
1795210 241
1795220 241
1795230 241
1795240 241
1795250 241
1795260 241
1795270 241
1795280 241
1795290 241
1795300 241
1795310 242
1795320 242
1795330 242
1795340 243
1795350 242
1795360 242
1795370 243
1795380 243
1795390 243
1795400 243
1795410 242
1795420 242
1795430 242
1795440 242
1795450 242
1795460 242
1795470 242
1795480 242
1795490 242
1795500 242
1795510 242
1795520 242
1795530 242
1795540 242
1795550 242
1795560 242
1795570 242
1795580 242
1795590 242
1795600 242
1795610 242
1795620 242
1795630 242
1795640 242
1795650 242
1795660 242
1795670 242
1795680 243
1795690 243
1795700 243
1795710 243
1795720 243
1795730 243
1795740 243
1795750 243
1795760 243
1795770 243
1795780 243
1795790 243
1795800 243
1795810 243
1795820 243
1795830 243
1795840 243
1795850 243
1795860 243
1795870 243
1795880 243
1795890 243
1795900 243
1795910 243
1795920 243
1795930 243
1795940 243
1795950 243
1795960 243
1795970 243
1795980 243
1795990 243
1796000 242
1796010 242
1796020 242
1796030 244
1796040 244
1796050 244
1796060 242
1796070 239
1796080 239
1796090 239
1796100 240
1796110 240
1796120 240
1796130 240
1796140 240
1796150 240
1796160 240
1796170 242
1796180 242
1796190 242
1796200 242
1796210 242
1796220 242
1796230 242
1796240 242
1796250 242
1796260 242
1796270 242
1796280 242
1796290 242
1796300 242
1796310 240
1796320 239
1796330 239
1796340 239
1796350 239
1796360 240
1796370 240
1796380 237
1796390 237
1796400 237
1796410 238
1796420 238
1796430 238
1796440 238
1796450 237
1796460 237
1796470 237
1796480 237
1796490 237
1796500 237
1796510 237
1796520 237
1796530 237
1796540 237
1796550 236
1796560 236
1796570 237
1796580 236
1796590 236
1796600 236
1796610 236
1796620 236
1796630 236
1796640 236
1796650 236
1796660 237
1796670 237
1796680 237
1796690 236
1796700 236
1796710 236
1796720 236
1796730 236
1796740 236
1796750 236
1796760 236
1796770 236
1796780 236
1796790 236
1796800 236
1796810 236
1796820 235
1796830 235
1796840 235
1796850 235
1796860 236
1796870 236
1796880 236
1796890 236
1796900 236
1796910 236
1796920 236
1796930 236
1796940 236
1796950 236
1796960 236
1796970 236
1796980 236
1796990 236
1797000 236
1797010 236
1797020 236
1797030 236
1797040 236
1797050 236
1797060 236
1797070 236
1797080 235
1797090 235
1797100 235
1797110 235
1797120 235
1797130 235
1797140 235
1797150 235
1797160 235
1797170 235
1797180 235
1797190 235
1797200 235
1797210 235
1797220 235
1797230 235
1797240 235
1797250 235
1797260 235
1797270 235
1797280 235
1797290 235
1797300 235
1797310 235
1797320 235
1797330 235
1797340 235
1797350 234
1797360 235
1797370 234
1797380 234
1797390 235
1797400 235
1797410 235
1797420 235
1797430 235
1797440 235
1797450 235
1797460 235
1797470 235
1797480 235
1797490 235
1797500 235
1797510 235
1797520 235
1797530 235
1797540 234
1797550 234
1797560 234
1797570 234
1797580 234
1797590 234
1797600 234
1797610 234
1797620 234
1797630 234
1797640 234
1797650 235
1797660 235
1797670 234
1797680 232
1797690 232
1797700 232
1797710 232
1797720 232
1797730 232
1797740 232
1797750 232
1797760 232
1797770 232
1797780 232
1797790 232
1797800 232
1797810 232
1797820 232
1797830 232
1797840 232
1797850 232
1797860 232
1797870 232
1797880 232
1797890 232
1797900 232
1797910 232
1797920 232
1797930 234
1797940 234
1797950 235
1797960 234
1797970 234
1797980 234
1797990 234
1798000 234
1798010 234
1798020 234
1798030 234
1798040 234
1798050 234
1798060 234
1798070 234
1798080 234
1798090 234
1798100 234
1798110 234
1798120 234
1798130 234
1798140 234
1798150 234
1798160 234
1798170 234
1798180 234
1798190 233
1798200 233
1798210 233
1798220 233
1798230 233
1798240 233
1798250 233
1798260 233
1798270 233
1798280 233
1798290 232
1798300 232
1798310 231
1798320 231
1798330 231
1798340 231
1798350 231
1798360 231
1798370 232
1798380 232
1798390 232
1798400 233
1798410 234
1798420 234
1798430 234
1798440 234
1798450 234
1798460 234
1798470 234
1798480 234
1798490 234
1798500 234
1798510 234
1798520 234
1798530 234
1798540 234
1798550 234
1798560 234
1798570 234
1798580 233
1798590 233
1798600 233
1798610 233
1798620 233
1798630 233
1798640 233
1798650 233
1798660 233
1798670 233
1798680 233
1798690 233
1798700 233
1798710 233
1798720 233
1798730 233
1798740 233
1798750 233
1798760 233
1798770 233
1798780 233
1798790 233
1798800 234
1798810 234
1798820 233
1798830 233
1798840 233
1798850 233
1798860 233
1798870 232
1798880 232
1798890 232
1798900 232
1798910 234
1798920 234
1798930 234
1798940 234
1798950 234
1798960 234
1798970 234
1798980 234
1798990 234
1799000 234
1799010 234
1799020 234
1799030 234
1799040 234
1799050 234
1799060 234
1799070 234
1799080 234
1799090 234
1799100 234
1799110 234
1799120 234
1799130 234
1799140 234
1799150 234
1799160 234
1799170 234
1799180 234
1799190 234
1799200 234
1799210 234
1799220 234
1799230 234
1799240 234
1799250 234
1799260 234
1799270 234
1799280 234
1799290 234
1799300 234
1799310 234
1799320 234
1799330 234
1799340 234
1799350 234
1799360 234
1799370 234
1799380 234
1799390 234
1799400 234
1799410 234
1799420 234
1799430 234
1799440 234
1799450 234
1799460 234
1799470 234
1799480 234
1799490 234
1799500 234
1799510 234
1799520 234
1799530 234
1799540 234
1799550 234
1799560 234
1799570 234
1799580 234
1799590 234
1799600 234
1799610 234
1799620 234
1799630 234
1799640 234
1799650 234
1799660 234
1799670 234
1799680 234
1799690 234
1799700 234
1799710 234
1799720 234
1799730 234
1799740 234
1799750 234
1799760 234
1799770 234
1799780 234
1799790 235
1799800 235
1799810 234
1799820 235
1799830 235
1799840 234
1799850 235
1799860 235
1799870 235
1799880 235
1799890 235
1799900 235
1799910 235
1799920 235
1799930 235
1799940 235
1799950 235
1799960 235
1799970 235
1799980 235
1799990 235
1796730 236
1796740 236
1796750 236
1796760 236
1796770 236
1796780 236
1796790 236
1796800 236
1796810 236
1796820 236
1796830 236
1796840 236
1796850 235
1796860 235
1796870 236
1796880 236
1796890 236
1796900 236
1796910 236
1796920 236
1796930 236
1796940 236
1796950 236
1796960 236
1796970 236
1796980 236
1796990 236
1797000 236
1797010 236
1797020 236
1797030 236
1797040 236
1797050 236
1797060 236
1797070 236
1797080 236
1797090 235
1797100 235
1797110 235
1797120 235
1797130 235
1797140 235
1797150 235
1797160 235
1797170 235
1797180 235
1797190 235
1797200 235
1797210 235
1797220 235
1797230 235
1797240 235
1797250 235
1797260 235
1797270 235
1797280 235
1797290 235
1797300 235
1797310 235
1797320 235
1797330 235
1797340 235
1797350 235
1797360 235
1797370 235
1797380 235
1797390 235
1797400 235
1797410 235
1797420 235
1797430 235
1797440 235
1797450 235
1797460 235
1797470 235
1797480 235
1797490 235
1797500 234
1797510 234
1797520 235
1797530 235
1797540 234
1797550 234
1797560 234
1797570 234
1797580 234
1797590 234
1797600 234
1797610 234
1797620 234
1797630 234
1797640 234
1797650 234
1797660 235
1797670 234
1797680 233
1797910 232
1797920 232
1797930 232
1797940 233
1797950 234
1797960 234
1797970 234
1797980 234
1797990 234
1798000 234
1798010 234
1798020 234
1798030 234
1798040 234
1798050 234
1798060 234
1798070 234
1798080 234
1798090 234
1798100 234
1798110 234
1798120 234
1798130 234
1798140 234
1798150 234
1798160 234
1798170 234
1798180 233
1798190 233
1798200 233
1798210 233
1798220 233
1798230 233
1798240 233
1798250 233
1798260 233
1798270 233
1798280 233
1798290 232
1798300 232
1798310 232
1798320 231
1798330 231
1798340 231
1798350 231
1798360 231
1798370 231
1798380 231
1798390 232
1798400 232
1798410 233
1798420 233
1798430 234
1798440 234
1798450 234
1798460 234
1798470 234
1798480 234
1798490 234
1798500 234
1798510 234
1798520 234
1798530 234
1798540 234
1798550 234
1798560 234
1798570 234
1798580 233
1798590 233
1798760 233
1798770 233
1798780 233
1798790 233
1798800 233
1798810 234
1798820 233
1798830 233
1798840 233
1798850 233
1798860 232
1798870 232
1798880 232
1798890 232
1798900 233
1798910 233
1798920 233
1798930 234
1798940 234
1798950 234
1798960 234
1798970 234
1798980 234
1798990 234
1799000 234
1799010 234
1799020 234
1799030 234
1799040 234
1799050 234
1799060 234
1799070 234
1799080 234
1799090 234
1799100 234
1799110 234
1799120 234
1799130 234
1799140 234
1799150 234
1799160 234
1799170 234
1799180 234
1799190 234
1799200 234
1799210 234
1799220 234
1799230 234
1799240 234
1799250 234
1799260 234
1799270 234
1799280 234
1799290 234
1799300 234
1799310 234
1799320 234
1799330 234
1799340 234
1799350 234
1799360 234
1799370 234
1799380 234
1799390 234
1799400 234
1799410 234
1799420 234
1799430 234
1799440 234
1799450 234
1799460 234
1799470 234
1799480 234
1799490 234
1799500 234
1799510 234
1799520 234
1799530 234
1799540 234
1799550 234
1799560 234
1799570 234
1799580 234
1799590 234
1799600 234
1799610 234
1799620 234
1799630 234
1799640 234
1799650 234
1799660 234
1799670 234
1799680 234
1799690 234
1799700 234
1799710 234
1799720 234
1799730 234
1799740 234
1799750 234
1799760 234
1799770 234
1799780 234
1799790 234
1799800 234
1799810 234
1799820 234
1799830 234
1799840 234
1799850 235
1799860 235
1799870 235
1799880 235
1799890 235
1799900 235
1799910 235
1799920 235
1799930 235
1799940 235
1799950 235
1799960 235
1799970 235
1799980 235
1799990 235
