1780000 271
1780010 271
1780020 271
1780030 271
1780040 272
1780050 272
1780060 272
1780070 272
1780080 272
1780090 272
1780100 272
1780110 272
1780120 272
1780130 272
1780140 272
1780150 272
1780160 272
1780170 272
1780180 272
1780190 272
1780200 273
1780210 273
1780220 273
1780230 273
1780240 273
1780250 273
1780260 273
1780270 273
1780280 273
1780290 273
1780300 273
1780310 273
1780320 273
1780330 273
1780340 273
1780350 273
1780360 274
1780370 274
1780380 274
1780390 274
1780400 274
1780410 274
1780420 274
1780430 274
1780440 274
1780450 274
1780460 275
1780470 275
1780480 275
1780490 276
1780500 276
1780510 276
1780520 276
1780530 277
1780540 277
1780550 277
1780560 277
1780570 277
1780580 277
1780590 278
1780600 278
1780610 278
1780620 278
1780630 278
1780640 278
1780650 278
1780660 278
1780670 278
1780680 278
1780690 278
1780700 278
1780710 278
1780720 278
1780730 278
1780740 278
1780750 279
1780760 279
1780770 280
1780780 281
1780790 281
1780800 280
1780810 281
1780820 281
1780830 282
1780840 282
1780850 282
1780860 282
1780870 283
1780880 283
1780890 286
1780900 285
1780910 284
1780920 284
1780930 286
1780940 287
1780950 287
1780960 286
1780970 285
1780980 285
1780990 286
1781000 287
1781010 287
1781020 288
1781030 289
1781040 289
1781050 290
1781060 291
1781070 291
1781080 291
1781090 291
1781100 290
1781110 290
1781120 287
1781130 286
1781140 286
1781150 286
1781160 284
1781170 284
1781180 282
1781190 277
1781200 277
1781210 276
1781220 275
1781230 275
1781240 275
1781250 275
1781260 275
1781270 275
1781280 275
1781290 275
1781300 275
1781310 275
1781320 275
1781330 275
1781340 275
1781350 275
1781360 275
1781370 275
1781380 275
1781390 275
1781400 275
1781410 275
1781420 275
1781430 275
1781440 275
1781450 275
1781460 275
1781470 275
1781480 275
1781490 278
1781500 279
1781510 279
1781520 282
1781530 285
1781540 288
1781550 288
1781560 290
1781570 292
1781580 292
1781590 294
1781600 295
1781610 295
1781620 296
1781630 297
1781640 297
1781650 298
1781660 299
1781670 299
1781680 300
1781690 301
1781700 301
1781710 301
1781720 301
1781730 300
1781740 300
1781750 300
1781760 300
1781770 300
1781780 300
1781790 299
1781800 299
1781810 298
1781820 298
1781830 298
1781840 299
1781850 297
1781860 297
1781870 296
1781880 297
1781890 297
1781900 298
1781910 298
1781920 298
1781930 298
1781940 298
1781950 298
1781960 298
1781970 297
1781980 297
1781990 297
1782000 297
1782010 297
1782020 297
1782030 297
1782040 298
1782050 298
1782060 298
1782070 299
1782080 299
1782090 299
1782100 300
1782110 300
1782120 300
1782130 299
1782140 299
1782150 299
1782160 299
1782170 298
1782180 298
1782190 297
1782200 295
1782210 295
1782220 294
1782230 292
1782240 292
1782250 291
1782260 289
1782270 289
1782280 287
1782290 287
1782300 287
1782310 288
1782320 289
1782330 289
1782340 291
1782350 292
1782360 292
1782370 293
1782380 294
1782390 295
1782400 295
1782410 296
1782420 297
1782430 297
1782440 297
1782450 298
1782460 298
1782470 299
1782480 299
1782490 299
1782500 300
1782510 300
1782520 300
1782530 300
1782540 301
1782550 301
1782560 301
1782570 302
1782580 302
1782590 302
1782600 302
1782610 302
1782620 302
1782630 302
1782640 301
1782650 301
1782660 300
1782670 300
1782680 300
1782690 299
1782700 298
1782710 298
1782720 297
1782730 296
1782740 296
1782750 296
1782760 295
1782770 295
1782780 293
1782790 289
1782800 288
1782810 288
1782820 288
1782830 286
1782840 286
1782850 284
1782860 283
1782870 283
1782880 282
1782890 281
1782900 281
1782910 280
1782920 280
1782930 280
1782940 280
1782950 281
1782960 281
1782970 281
1782980 282
1782990 282
1783000 284
1783010 284
1783020 286
1783030 286
1783040 287
1783050 289
1783060 289
1783070 291
1783080 293
1783090 293
1783100 294
1783110 296
1783120 296
1783130 298
1783140 299
1783150 299
1783160 302
1783170 304
1783180 304
1783190 306
1783200 308
1783210 311
1783220 311
1783230 313
1783240 314
1783250 314
1783260 315
1783270 316
1783280 316
1783290 315
1783300 314
1783310 314
1783320 313
1783330 312
1783340 312
1783350 311
1783360 309
1783370 309
1783380 307
1783390 305
1783400 305
1783410 304
1783420 302
1783430 300
1783440 300
1783450 298
1783460 296
1783470 296
1783480 294
1783490 292
1783500 292
1783510 291
1783520 289
1783530 289
1783540 288
1783550 288
1783560 288
1783570 287
1783580 286
1783590 286
1783600 285
1783610 283
1783620 283
1783630 286
1783640 288
1783650 289
1783660 289
1783670 291
1783680 293
1783690 293
1783700 294
1783710 296
1783720 296
1783730 299
1783740 301
1783750 301
1783760 304
1783770 307
1783780 307
1783790 309
1783800 311
1783810 311
1783820 313
1783830 314
1783840 314
1783850 315
1783860 316
1783870 318
1783880 318
1783890 319
1783900 320
1783910 320
1783920 321
1783930 322
1783940 322
1783950 322
1783960 322
1783970 322
1783980 321
1783990 321
1784000 321
1784010 320
1784020 320
1784030 320
1784040 319
1784050 319
1784060 319
1784070 319
1784080 318
1784090 318
1784100 318
1784110 318
1784120 318
1784130 318
1784140 317
1784150 316
1784160 316
1784170 315
1784180 314
1784190 314
1784200 312
1784210 311
1784220 311
1784230 309
1784240 308
1784250 308
1784260 307
1784270 305
1784280 303
1784290 303
1784300 303
1784310 300
1784320 300
1784330 298
1784340 297
1784350 297
1784360 295
1784370 294
1784380 294
1784390 290
1784400 286
1784410 286
1784420 281
1784430 277
1784440 277
1784450 277
1784460 280
1784470 280
1784480 281
1784490 282
1784500 282
1784510 282
1784520 282
1784530 282
1784540 282
1784550 282
1784560 283
1784570 283
1784580 284
1784590 284
1784600 284
1784610 286
1784620 287
1784630 287
1784640 289
1784650 290
1784660 290
1784670 292
1784680 293
1784690 295
1784700 295
1784710 297
1784720 298
1784730 298
1784740 300
1784750 303
1784760 302
1784770 304
1784780 306
1784790 306
1784800 308
1784810 309
1784820 309
1784830 311
1784840 313
1784850 313
1784860 314
1784870 316
1784880 316
1784890 317
1784900 318
1784910 318
1784920 318
1784930 318
1784940 318
1784950 318
1784960 317
1784970 316
1784980 316
1784990 315
1785000 314
1785010 314
1785020 314
1785030 313
1785040 313
1785050 311
1785060 310
1785070 310
1785080 309
1785090 307
1785100 307
1785110 305
1785120 304
1785130 302
1785140 302
1785150 301
1785160 300
1785170 300
1785180 298
1785190 295
1785200 295
1785210 294
1785220 294
1785230 294
1785240 294
1785250 296
1785260 296
1785270 297
1785280 299
1785290 299
1785300 300
1785310 301
1785320 301
1785330 302
1785340 303
1785350 305
1785360 305
1785370 306
1785380 307
1785390 307
1785400 308
1785410 310
1785420 310
1785430 312
1785440 314
1785450 314
1785460 316
1785470 318
1785480 318
1785490 319
1785500 321
1785510 321
1785520 323
1785530 324
1785540 326
1785550 326
1785560 327
1785570 327
1785580 327
1785590 327
1785600 327
1785610 327
1785620 327
1785630 327
1785640 327
1785650 327
1785660 327
1785670 327
1785680 326
1785690 326
1785700 326
1785710 325
1785720 324
1785730 324
1785740 323
1785750 322
1785760 320
1785770 320
1785780 319
1785790 318
1785800 318
1785810 317
1785820 313
1785830 313
1785840 312
1785850 311
1785860 311
1785870 308
1785880 306
1785890 306
1785900 305
1785910 305
1785920 305
1785930 303
1785940 302
1785950 302
1785960 300
1785970 299
1785980 298
1785990 298
1786000 296
1786010 295
1786020 295
1786030 294
1786040 293
1786050 293
1786060 293
1786070 292
1786080 292
1786090 291
1786100 291
1786110 291
1786120 290
1786130 289
1786140 289
1786150 288
1786160 287
1786170 286
1786180 286
1786190 285
1786200 285
1786210 285
1786220 285
1786230 285
1786240 285
1786250 285
1786260 284
1786270 284
1786280 284
1786290 284
1786300 284
1786310 284
1786320 284
1786330 284
1786340 284
1786350 284
1786360 284
1786370 285
1786380 285
1786390 285
1786400 285
1786410 286
1786420 286
1786430 286
1786440 286
1786450 287
1786460 287
1786470 287
1786480 287
1786490 287
1786500 287
1786510 287
1786520 287
1786530 288
1786540 288
1786550 288
1786560 288
1786570 288
1786580 288
1786590 288
1786600 288
1786610 288
1786620 288
1786630 287
1786640 286
1786650 286
1786660 285
1786670 284
1786680 284
1786690 283
1786700 282
1786710 282
1786720 281
1786730 281
1786740 281
1786750 281
1786760 281
1786770 281
1786780 281
1786790 281
1786800 281
1786810 281
1786820 281
1786830 281
1786840 281
1786850 282
1786860 282
1786870 282
1786880 283
1786890 284
1786900 284
1786910 285
1786920 287
1786930 287
1786940 289
1786950 290
1786960 290
1786970 291
1786980 293
1786990 293
1787000 295
1787010 297
1787020 300
1787030 300
1787040 301
1787050 303
1787060 303
1787070 304
1787080 306
1787090 306
1787100 308
1787110 309
1787120 309
1787130 311
1787140 312
1787150 312
1787160 313
1787170 314
1787180 314
1787190 314
1787200 314
1787210 314
1787220 315
1787230 314
1787240 314
1787250 314
1787260 314
1787270 314
1787280 314
1787290 314
1787300 314
1787310 314
1787320 314
1787330 314
1787340 314
1787350 313
1787360 313
1787370 313
1787380 313
1787390 313
1787400 313
1787410 312
1787420 312
1787430 312
1787440 312
1787450 312
1787460 311
1787470 311
1787480 311
1787490 310
1787500 310
1787510 310
1787520 310
1787530 310
1787540 309
1787550 309
1787560 309
1787570 308
1787580 308
1787590 308
1787600 307
1787610 306
1787620 306
1787630 306
1787640 305
1787650 304
1787660 304
1787670 303
1787680 303
1787690 303
1787700 302
1787710 301
1787720 301
1787730 301
1787740 299
1787750 299
1787760 298
1787770 296
1787780 296
1787790 295
1787800 293
1787810 293
1787820 291
1787830 290
1787840 290
1787850 289
1787860 289
1787870 287
1787880 287
1787890 286
1787900 285
1787910 285
1787920 285
1787930 285
1787940 285
1787950 286
1787960 288
1787970 288
1787980 289
1787990 291
1788000 291
1788010 293
1788020 296
1788030 296
1788040 298
1788050 301
1788060 301
1788070 302
1788080 303
1788090 304
1788100 304
1788110 305
1788120 306
1788130 306
1788140 308
1788150 308
1788160 308
1788170 308
1788180 308
1788190 308
1788200 308
1788210 307
1788220 307
1788230 308
1788240 308
1788250 308
1788260 308
1788270 307
1788280 307
1788290 307
1788300 308
1788310 308
1788320 308
1788330 307
1788340 307
1788350 307
1788360 307
1788370 307
1788380 307
1788390 307
1788400 307
1788410 307
1788420 307
1788430 308
1788440 308
1788450 308
1788460 308
1788470 308
1788480 308
1788490 308
1788500 308
1788510 308
1788520 308
1788530 308
1788540 308
1788550 308
1788560 308
1788570 308
1788580 307
1788590 307
1788600 307
1788610 306
1788620 305
1788630 305
1788640 304
1788650 303
1788660 303
1788670 302
1788680 301
1788690 301
1788700 300
1788710 299
1788720 298
1788730 298
1788740 297
1788750 297
1788760 297
1788770 296
1788780 296
1788790 296
1788800 296
1788810 296
1788820 296
1788830 296
1788840 295
1788850 295
1788860 295
1788870 295
1788880 295
1788890 295
1788900 295
1788910 295
1788920 295
1788930 295
1788940 295
1788950 295
1788960 294
1788970 294
1788980 294
1788990 294
1789000 294
1789010 294
1789020 293
1789030 293
1789040 293
1789050 293
1789060 293
1789070 293
1789080 293
1789090 293
1789100 293
1789110 293
1789120 294
1789130 294
1789140 294
1789150 295
1789160 295
1789170 295
1789180 297
1789190 297
1789200 297
1789210 299
1789220 300
1789230 300
1789240 301
1789250 301
1789260 301
1789270 299
1789280 301
1789290 301
1789300 301
1789310 301
1789320 301
1789330 300
1789340 300
1789350 300
1789360 300
1789370 299
1789380 297
1789390 297
1789400 296
1789410 295
1789420 295
1789430 294
1789440 292
1789450 292
1789460 291
1789470 290
1789480 290
1789490 290
1789500 289
1789510 289
1789520 288
1789530 287
1789540 287
1789550 286
1789560 285
1789570 284
1789580 284
1789590 282
1789600 281
1789610 281
1789620 280
1789630 279
1789640 279
1789650 279
1789660 279
1789670 279
1789680 278
1789690 278
1789700 278
1789710 277
1789720 277
1789730 277
1789740 278
1789750 277
1789760 277
1789770 277
1789780 276
1789790 276
1789800 276
1789810 276
1789820 276
1789830 276
1789840 275
1789850 275
1789860 275
1789870 275
1789880 275
1789890 275
1789900 274
1789910 274
1789920 274
1789930 274
1789940 274
1789950 274
1789960 274
1789970 274
1789980 273
1789990 273
1790000 273
1790010 273
1790020 273
1790030 273
1790040 273
1790050 273
1790060 273
1790070 273
1790080 273
1790090 273
1790100 273
1790110 273
1790120 273
1790130 273
1790140 273
1790150 273
1790160 273
1790170 273
1790180 272
1790190 272
1790200 272
1790210 272
1790220 272
1790230 272
1790240 272
1790250 272
1790260 273
1790270 273
1790280 273
1790290 272
1790300 272
1790310 272
1790320 272
1790330 272
1790340 272
1790350 273
1790360 273
1790370 273
1790380 272
1790390 272
1790400 272
1790410 272
1790420 272
1790430 272
1790440 272
1790450 272
1790460 272
1790470 272
1790480 272
1790490 272
1790500 272
1790510 272
1790520 272
1790530 272
1790540 272
1790550 272
1790560 271
1790570 271
1790580 271
1790590 271
1790600 271
1790610 271
1790620 271
1790630 271
1790640 271
1790650 271
1790660 272
1790670 271
1790680 271
1790690 272
1790700 271
1790710 271
1790720 271
1790730 271
1790740 271
1790750 271
1790760 271
1790770 271
1790780 271
1790790 271
1790800 271
1790810 271
1790820 271
1790830 271
1790840 271
1790850 271
1790860 270
1790870 270
1790880 270
1790890 270
1790900 270
1790910 270
1790920 270
1790930 270
1790940 270
1790950 270
1790960 270
1790970 270
1790980 270
1790990 270
1791000 270
1791010 270
1791020 270
1791030 270
1791040 270
1791050 270
1791060 270
1791070 270
1791080 270
1791090 270
1791100 270
1791110 270
1791120 270
1791130 270
1791140 270
1791150 270
1791160 270
1791170 270
1791180 270
1791190 270
1791200 270
1791210 270
1791220 270
1791230 270
1791240 270
1791250 270
1791260 270
1791270 270
1791280 270
1791290 269
1791300 269
1791310 269
1791320 269
1791330 269
1791340 269
1791350 269
1791360 269
1791370 269
1791380 269
1791390 269
1791400 269
1791410 268
1791420 268
1791430 268
1791440 268
1791450 268
1791460 268
1791470 268
1791480 268
1791490 268
1791500 268
1791510 268
1791520 268
1791530 268
1791540 268
1791550 268
1791560 268
1791570 268
1791580 268
1791590 268
1791600 268
1791610 268
1791620 268
1791630 268
1791640 268
1791650 268
1791660 268
1791670 268
1791680 268
1791690 268
1791700 268
1791710 268
1791720 268
1791730 268
1791740 268
1791750 268
1791760 268
1791770 267
1791780 267
1791790 267
1791800 267
1791810 267
1791820 267
1791830 267
1791840 267
1791850 264
1791860 265
1791870 265
1791880 267
1791890 267
1791900 267
1791910 267
1791920 267
1791930 267
1791940 267
1791950 267
1791960 267
1791970 267
1791980 267
1791990 268
1792000 268
1792010 268
1792020 268
1792030 268
1792040 268
1792050 268
1792060 268
1792070 269
1792080 269
1792090 269
1792100 269
1792110 269
1792120 269
1792130 269
1792140 268
1792150 268
1792160 268
1792170 268
1792180 268
1792190 268
1792200 267
1792210 266
1792220 266
1792230 266
1792240 265
1792250 265
1792260 264
1792270 264
1792280 264
1792290 263
1792300 260
1792310 259
1792320 259
1792330 258
1792340 258
1792350 258
1792360 257
1792370 257
1792380 257
1792390 256
1792400 256
1792410 256
1792420 256
1792430 255
1792440 255
1792450 255
1792460 255
1792470 255
1792480 255
1792490 255
1792500 255
1792510 254
1792520 254
1792530 254
1792540 254
1792550 254
1792560 254
1792570 254
1792580 254
1792590 253
1792600 253
1792610 253
1792620 253
1792630 253
1792640 253
1792650 253
1792660 253
1792670 252
1792680 252
1792690 252
1792700 252
1792710 251
1792720 251
1792730 251
1792740 251
1792750 251
1792760 251
1792770 251
1792780 251
1792790 251
1792800 250
1792810 248
1792820 248
1792830 247
1792840 247
1792850 247
1792860 247
1792870 247
1792880 247
1792890 248
1792900 248
1792910 248
1792920 248
1792930 247
1792940 247
1792950 247
1792960 247
1792970 247
1792980 247
1792990 247
1793000 247
1793010 247
1793020 247
1793030 247
1793040 247
1793050 247
1793060 247
1793070 247
1793080 247
1793090 247
1793100 247
1793110 247
1793120 247
1793130 247
1793140 247
1793150 248
1793160 248
1793170 248
1793180 247
1793190 247
1793200 247
1793210 247
1793220 247
1793230 247
1793240 246
1793250 246
1793260 246
1793270 246
1793280 246
1793290 246
1793300 246
1793310 246
1793320 246
1793330 246
1793340 246
1793350 246
1793360 244
1793370 242
1793380 242
1793390 242
1793400 246
1793410 247
1793420 247
1793430 247
1793440 247
1793450 247
1793460 247
1793470 247
1793480 247
1793490 246
1793500 246
1793510 246
1793520 246
1793530 246
1793540 246
1793550 246
1793560 245
1793570 246
1793580 246
1793590 246
1793600 246
1793610 246
1793620 246
1793630 246
1793640 246
1793650 246
1793660 246
1793670 246
1793680 246
1793690 246
1793700 246
1793710 246
1793720 246
1793730 246
1793740 246
1793750 246
1793760 246
1793770 246
1793780 246
1793790 245
1793800 245
1793810 245
1793820 245
1793830 245
1793840 245
1793850 244
1793860 244
1793870 244
1793880 244
1793890 244
1793900 246
1793910 246
1793920 246
1793930 246
1793940 246
1793950 246
1793960 246
1793970 245
1793980 245
1793990 244
1794000 244
1794010 244
1794020 244
1794030 244
1794040 244
1794050 244
1794060 243
1794070 245
1794080 245
1794090 244
1794100 243
1794110 243
1794120 243
1794130 243
1794140 243
1794150 243
1794160 244
1794170 244
1794180 244
1794190 243
1794200 243
1794210 243
1794220 243
1794230 243
1794240 243
1794250 243
1794260 243
1794270 243
1794280 244
1794290 244
1794300 244
1794310 244
1794320 244
1794330 244
1794340 244
1794350 244
1794360 244
1794370 244
1794380 244
1794390 244
1794400 244
1794410 244
1794420 244
1794430 244
1794440 244
1794450 244
1794460 244
1794470 244
1794480 244
1794490 244
1794500 244
1794510 244
1794520 244
1794530 244
1794540 244
1794550 244
1794560 243
1794570 242
1794580 242
1794590 242
1794600 242
1794610 242
1794620 242
1794630 243
1794640 241
1794650 241
1794660 241
1794670 244
1794680 244
1794690 244
1794700 244
1794710 244
1794720 244
1794730 243
1794740 243
1794750 243
1794760 243
1794770 243
1794780 243
1794790 243
1794800 243
1794810 243
1794820 243
1794830 243
1794840 242
1794850 242
1794860 242
1794870 242
1794880 242
1794890 242
1794900 242
1794910 240
1794920 239
1794930 239
1794940 238
1794950 240
1794960 240
1794970 240
1794980 243
1794990 243
1795000 243
1795010 243
1795020 243
1795030 243
1795040 243
1795050 243
1795060 243
1795070 243
1795080 243
1795090 243
1795100 243
1795110 243
1795120 243
1795130 243
1795140 243
1795150 243
1795160 243
1795170 243
1795180 243
1795190 243
1795200 243
1795210 243
1795220 243
1795230 243
1795240 243
1795250 244
1795260 243
1795270 244
1795280 244
1795290 244
1795300 244
1795310 244
1795320 244
1795330 244
1795340 244
1795350 244
1795360 244
1795370 244
1795380 244
1795390 244
1795400 244
1795410 244
1795420 244
1795430 244
1795440 244
1795450 244
1795460 244
1795470 245
1795480 245
1795490 245
1795500 245
1795510 245
1795520 245
1795530 245
1795540 245
1795550 245
1795560 245
1795570 245
1795580 246
1795590 246
1795600 246
1795610 246
1795620 246
1795630 246
1795640 246
1795650 246
1795660 246
1795670 247
1795680 247
1795690 248
1795700 247
1795710 247
1795720 247
1795730 247
1795740 247
1795750 247
1795760 247
1795770 247
1795780 247
1795790 247
1795800 247
1795810 247
1795820 246
1795830 245
1795840 245
1795850 248
1795860 248
1795870 248
1795880 248
1795890 248
1795900 248
1795910 248
1795920 248
1795930 248
1795940 248
1795950 248
1795960 248
1795970 248
1795980 248
1795990 248
1796000 248
1796010 248
1796020 248
1796030 248
1796040 248
1796050 248
1796060 248
1796070 248
1796080 248
1796090 248
1796100 248
1796110 248
