1780000 318
1780010 318
1780020 319
1780030 319
1780040 319
1780050 319
1780060 319
1780070 319
1780080 318
1780090 317
1780100 317
1780110 316
1780120 315
1780130 313
1780140 313
1780150 312
1780160 310
1780170 310
1780180 307
1780190 303
1780200 303
1780210 300
1780220 298
1780230 298
1780240 296
1780250 292
1780260 292
1780270 290
1780280 288
1780290 288
1780300 288
1780310 289
1780320 290
1780330 290
1780340 292
1780350 294
1780360 294
1780370 295
1780380 297
1780390 297
1780400 300
1780410 303
1780420 303
1780430 307
1780440 310
1780450 310
1780460 312
1780470 313
1780480 313
1780490 314
1780500 315
1780510 315
1780520 316
1780530 318
1780540 318
1780550 318
1780560 319
1780570 320
1780580 320
1780590 320
1780600 322
1780610 322
1780620 324
1780630 326
1780640 326
1780650 328
1780660 327
1780670 327
1780680 328
1780690 325
1780700 325
1780710 328
1780720 328
1780730 328
1780740 328
1780750 328
1780760 326
1780770 326
1780780 324
1780790 322
1780800 322
1780810 319
1780820 318
1780830 318
1780840 316
1780850 314
1780860 314
1780870 309
1780880 308
1780890 308
1780900 307
1780910 305
1780920 305
1780930 300
1780940 299
1780950 299
1780960 296
1780970 294
1780980 292
1780990 292
1781000 289
1781010 286
1781020 286
1781030 285
1781040 285
1781050 285
1781060 286
1781070 286
1781080 286
1781090 288
1781100 290
1781110 290
1781120 292
1781130 295
1781140 295
1781150 297
1781160 299
1781170 303
1781180 303
1781190 307
1781200 309
1781210 309
1781220 312
1781230 316
1781240 316
1781250 319
1781260 323
1781270 323
1781280 324
1781290 326
1781300 326
1781310 326
1781320 326
1781330 326
1781340 324
1781350 324
1781360 324
1781370 323
1781380 322
1781390 322
1781400 322
1781410 320
1781420 318
1781430 318
1781440 315
1781450 313
1781460 313
1781470 311
1781480 309
1781490 309
1781500 307
1781510 304
1781520 304
1781530 302
1781540 299
1781550 299
1781560 296
1781570 293
1781580 293
1781590 290
1781600 289
1781610 287
1781620 287
1781630 286
1781640 285
1781650 285
1781660 283
1781670 284
1781680 284
1781690 284
1781700 285
1781710 285
1781720 287
1781730 291
1781740 291
1781750 294
1781760 297
1781770 297
1781780 300
1781790 303
1781800 303
1781810 305
1781820 308
1781830 311
1781840 311
1781850 315
1781860 318
1781870 318
1781880 320
1781890 322
1781900 322
1781910 323
1781920 322
1781930 322
1781940 320
1781950 320
1781960 320
1781970 319
1781980 320
1781990 320
1782000 320
1782010 320
1782020 320
1782030 320
1782040 321
1782050 321
1782060 321
1782070 322
1782080 323
1782090 323
1782100 323
1782110 323
1782120 323
1782130 323
1782140 324
1782150 324
1782160 324
1782170 324
1782180 324
1782190 325
1782200 326
1782210 326
1782220 327
1782230 328
1782240 329
1782250 329
1782260 330
1782270 330
1782280 330
1782290 329
1782300 328
1782310 328
1782320 330
1782330 329
1782340 329
1782350 328
1782360 327
1782370 327
1782380 326
1782390 325
1782400 325
1782410 321
1782420 317
1782430 317
1782440 311
1782450 308
1782460 304
1782470 304
1782480 302
1782490 303
1782500 303
1782510 304
1782520 307
1782530 307
1782540 308
1782550 307
1782560 307
1782570 305
1782580 303
1782590 303
1782600 302
1782610 300
1782620 300
1782630 298
1782640 296
1782650 296
1782660 295
1782670 293
1782680 291
1782690 291
1782700 290
1782710 289
1782720 289
1782730 288
1782740 289
1782750 289
1782760 291
1782770 293
1782780 293
1782790 292
1782800 295
1782810 295
1782820 298
1782830 300
1782840 300
1782850 302
1782860 304
1782870 306
1782880 306
1782890 308
1782900 310
1782910 310
1782920 312
1782930 314
1782940 314
1782950 317
1782960 317
1782970 317
1782980 318
1782990 319
1783000 319
1783010 319
1783020 319
1783030 319
1783040 320
1783050 319
1783060 319
1783070 319
1783080 320
1783090 320
1783100 320
1783110 321
1783120 322
1783130 322
1783140 322
1783150 324
1783160 324
1783170 326
1783180 328
1783190 328
1783200 330
1783210 330
1783220 330
1783230 331
1783240 331
1783250 331
1783260 330
1783270 330
1783280 330
1783290 329
1783300 327
1783310 326
1783320 326
1783330 325
1783340 323
1783350 323
1783360 322
1783370 321
1783380 321
1783390 320
1783400 319
1783410 319
1783420 317
1783430 315
1783440 315
1783450 313
1783460 310
1783470 310
1783480 310
1783490 310
1783500 310
1783510 308
1783520 306
1783530 309
1783540 309
1783550 310
1783560 310
1783570 310
1783580 310
1783590 312
1783600 312
1783610 312
1783620 312
1783630 312
1783640 314
1783650 314
1783660 314
1783670 314
1783680 314
1783690 314
1783700 314
1783710 316
1783720 318
1783730 318
1783740 318
1783750 318
1783760 318
1783770 315
1783780 314
1783790 314
1783800 312
1783810 312
1783820 312
1783830 312
1783840 312
1783850 312
1783860 311
1783870 309
1783880 309
1783890 306
1783900 309
1783910 309
1783920 312
1783930 314
1783940 316
1783950 316
1783960 317
1783970 318
1783980 318
1783990 318
1784000 317
1784010 317
1784020 317
1784030 316
1784040 316
1784050 314
1784060 312
1784070 312
1784080 310
1784090 308
1784100 308
1784110 308
1784120 307
1784130 307
1784140 307
1784150 305
1784160 304
1784170 304
1784180 304
1784190 302
1784200 302
1784210 300
1784220 299
1784230 299
1784240 297
1784250 294
1784260 294
1784270 293
1784280 292
1784290 292
1784300 290
1784310 289
1784320 289
1784330 288
1784340 288
1784350 288
1784360 288
1784370 287
1784380 287
1784390 287
1784400 286
1784410 288
1784420 288
1784430 291
1784440 294
1784450 294
1784460 297
1784470 300
1784480 300
1784490 303
1784500 309
1784510 309
1784520 312
1784530 316
1784540 316
1784550 319
1784560 322
1784570 324
1784580 324
1784590 327
1784600 328
1784610 328
1784620 330
1784630 331
1784640 331
1784650 331
1784660 330
1784670 330
1784680 331
1784690 330
1784700 330
1784710 329
1784720 326
1784730 326
1784740 324
1784750 321
1784760 321
1784770 319
1784780 317
1784790 316
1784800 316
1784810 316
1784820 319
1784830 319
1784840 323
1784850 324
1784860 324
1784870 326
1784880 328
1784890 328
1784900 329
1784910 330
1784920 330
1784930 332
1784940 334
1784950 334
1784960 336
1784970 338
1784980 338
1784990 340
1785000 341
1785010 342
1785020 342
1785030 343
1785040 341
1785050 341
1785060 338
1785070 337
1785080 337
1785090 334
1785100 332
1785110 332
1785120 329
1785130 328
1785140 328
1785150 326
1785160 326
1785170 326
1785180 323
1785190 322
1785200 322
1785210 327
1785220 330
1785230 332
1785240 332
1785250 333
1785260 334
1785270 334
1785280 336
1785290 337
1785300 337
1785310 339
1785320 340
1785330 340
1785340 341
1785350 342
1785360 342
1785370 344
1785380 345
1785390 345
1785400 347
1785410 348
1785420 350
1785430 350
1785440 351
1785450 352
1785460 352
1785470 351
1785480 351
1785490 351
1785500 351
1785510 350
1785520 350
1785530 348
1785540 346
1785550 346
1785560 343
1785570 339
1785580 339
1785590 335
1785600 332
1785610 332
1785620 328
1785630 322
1785640 320
1785650 320
1785660 318
1785670 315
1785680 315
1785690 314
1785700 312
1785710 312
1785720 311
1785730 309
1785740 309
1785750 307
1785760 306
1785770 306
1785780 304
1785790 302
1785800 302
1785810 301
1785820 299
1785830 299
1785840 298
1785850 296
1785860 296
1785870 296
1785880 296
1785890 297
1785900 297
1785910 298
1785920 300
1785930 300
1785940 301
1785950 302
1785960 302
1785970 304
1785980 306
1785990 306
1786000 308
1786010 310
1786020 310
1786030 311
1786040 312
1786050 312
1786060 313
1786070 315
1786080 319
1786090 319
1786100 321
1786110 323
1786120 323
1786130 325
1786140 328
1786150 328
1786160 331
1786170 334
1786180 334
1786190 336
1786200 338
1786210 338
1786220 339
1786230 340
1786240 340
1786250 341
1786260 341
1786270 340
1786280 340
1786290 340
1786300 340
1786310 340
1786320 341
1786330 341
1786340 341
1786350 341
1786360 341
1786370 341
1786380 340
1786390 339
1786400 339
1786410 338
1786420 338
1786430 338
1786440 337
1786450 336
1786460 336
1786470 335
1786480 334
1786490 333
1786500 333
1786510 332
1786520 330
1786530 330
1786540 329
1786550 328
1786560 328
1786570 327
1786580 326
1786590 326
1786600 325
1786610 324
1786620 324
1786630 322
1786640 321
1786650 321
1786660 320
1786670 319
1786680 319
1786690 318
1786700 317
1786710 315
1786720 315
1786730 313
1786740 312
1786750 312
1786760 311
1786770 309
1786780 309
1786790 307
1786800 305
1786810 305
1786820 304
1786830 302
1786840 302
1786850 301
1786860 300
1786870 300
1786880 298
1786890 296
1786900 296
1786910 295
1786920 294
1786930 293
1786940 293
1786950 292
1786960 291
1786970 291
1786980 291
1786990 291
1787000 291
1787010 291
1787020 291
1787030 291
1787040 291
1787050 291
1787060 291
1787070 291
1787080 291
1787090 291
1787100 291
1787110 291
1787120 291
1787130 291
1787140 292
1787150 294
1787160 294
1787170 295
1787180 296
1787190 296
1787200 297
1787210 298
1787220 298
1787230 300
1787240 301
1787250 301
1787260 303
1787270 304
1787280 304
1787290 306
1787300 308
1787310 308
1787320 309
1787330 311
1787340 312
1787350 312
1787360 314
1787370 315
1787380 315
1787390 317
1787400 318
1787410 318
1787420 319
1787430 320
1787440 320
1787450 320
1787460 320
1787470 320
1787480 320
1787490 320
1787500 320
1787510 319
1787520 319
1787530 319
1787540 320
1787550 320
1787560 321
1787570 321
1787580 322
1787590 323
1787600 323
1787610 324
1787620 325
1787630 325
1787640 325
1787650 325
1787660 325
1787670 326
1787680 326
1787690 326
1787700 325
1787710 324
1787720 324
1787730 322
1787740 321
1787750 319
1787760 319
1787770 318
1787780 316
1787790 316
1787800 315
1787810 313
1787820 313
1787830 312
1787840 310
1787850 310
1787860 309
1787870 308
1787880 308
1787890 307
1787900 306
1787910 306
1787920 305
1787930 305
1787940 305
1787950 305
1787960 305
1787970 305
1787980 305
1787990 305
1788000 306
1788010 306
1788020 306
1788030 306
1788040 306
1788050 305
1788060 305
1788070 305
1788080 305
1788090 305
1788100 305
1788110 306
1788120 307
1788130 307
1788140 308
1788150 309
1788160 309
1788170 310
1788180 311
1788190 312
1788200 312
1788210 315
1788220 317
1788230 317
1788240 320
1788250 321
1788260 321
1788270 323
1788280 323
1788290 323
1788300 324
1788310 323
1788320 323
1788330 322
1788340 322
1788350 322
1788360 321
1788370 320
1788380 320
1788390 320
1788400 320
1788410 321
1788420 321
1788430 321
1788440 322
1788450 322
1788460 322
1788470 323
1788480 323
1788490 324
1788500 325
1788510 325
1788520 325
1788530 325
1788540 325
1788550 325
1788560 325
1788570 325
1788580 324
1788590 324
1788600 323
1788610 323
1788620 322
1788630 320
1788640 320
1788650 319
1788660 317
1788670 317
1788680 316
1788690 314
1788700 314
1788710 313
1788720 312
1788730 312
1788740 310
1788750 308
1788760 308
1788770 308
1788780 307
1788790 307
1788800 306
1788810 306
1788820 306
1788830 306
1788840 304
1788850 303
1788860 303
1788870 303
1788880 303
1788890 303
1788900 301
1788910 300
1788920 300
1788930 300
1788940 297
1788950 297
1788960 295
1788970 293
1788980 293
1788990 292
1789000 290
1789010 290
1789020 287
1789030 285
1789040 285
1789050 285
1789060 285
1789070 283
1789080 283
1789090 284
1789100 282
1789110 282
1789120 282
1789130 281
1789140 281
1789150 280
1789160 280
1789170 280
1789180 279
1789190 279
1789200 279
1789210 279
1789220 278
1789230 278
1789240 278
1789250 278
1789260 277
1789270 277
1789280 278
1789290 277
1789300 277
1789310 277
1789320 277
1789330 277
1789340 277
1789350 276
1789360 276
1789370 276
1789380 276
1789390 276
1789400 276
1789410 276
1789420 276
1789430 276
1789440 276
1789450 276
1789460 276
1789470 276
1789480 275
1789490 275
1789500 275
1789510 275
1789520 275
1789530 275
1789540 275
1789550 275
1789560 275
1789570 275
1789580 275
1789590 275
1789600 275
1789610 275
1789620 274
1789630 274
1789640 274
1789650 274
1789660 274
1789670 274
1789680 274
1789690 274
1789700 274
1789710 274
1789720 274
1789730 274
1789740 274
1789750 274
1789760 274
1789770 274
1789780 272
1789790 273
1789800 273
1789810 273
1789820 273
1789830 273
1789840 273
1789850 273
1789860 273
1789870 273
1789880 273
1789890 273
1789900 273
1789910 274
1789920 274
1789930 274
1789940 273
1789950 273
1789960 273
1789970 273
1789980 273
1789990 273
1790000 273
1790010 273
1790020 273
1790030 273
1790040 273
1790050 273
1790060 273
1790070 273
1790080 273
1790090 273
1790100 273
1790110 273
1790120 273
1790130 273
1790140 273
1790150 273
1790160 273
1790170 273
1790180 273
1790190 273
1790200 273
1790210 273
1790220 273
1790230 273
1790240 273
1790250 273
1790260 273
1790270 273
1790280 272
1790290 272
1790300 272
1790310 272
1790320 272
1790330 272
1790340 272
1790350 271
1790360 270
1790370 270
1790380 270
1790390 271
1790400 271
1790410 271
1790420 271
1790430 271
1790440 271
1790450 272
1790460 272
1790470 274
1790480 274
1790490 274
1790500 271
1790510 269
1790520 271
1790530 271
1790540 272
1790550 272
1790560 272
1790570 272
1790580 272
1790590 272
1790600 272
1790610 271
1790620 271
1790630 271
1790640 271
1790650 271
1790660 271
1790670 270
1790680 270
1790690 270
1790700 269
1790710 269
1790720 269
1790730 269
1790740 268
1790750 268
1790760 268
1790770 268
1790780 268
1790790 268
1790800 267
1790810 267
1790820 264
1790830 262
1790840 262
1790850 260
1790860 259
1790870 259
1790880 259
1790890 261
1790900 261
1790910 262
1790920 262
1790930 262
1790940 262
1790950 262
1790960 262
1790970 262
1790980 262
1790990 262
1791000 262
1791010 262
1791020 261
1791030 261
1791040 261
1791050 262
1791060 262
1791070 261
1791080 261
1791090 261
1791100 260
1791110 260
1791120 260
1791130 260
1791140 257
1791150 256
1791160 256
1791170 255
1791180 255
1791190 255
1791200 252
1791210 252
1791220 252
1791230 255
1791240 252
1791250 252
1791260 251
1791270 251
1791280 251
1791290 251
1791300 251
1791310 251
1791320 251
1791330 251
1791340 251
1791350 250
1791360 250
1791370 250
1791380 250
1791390 250
1791400 249
1791410 249
1791420 249
1791430 249
1791440 249
1791450 249
1791460 250
1791470 250
1791480 250
1791490 250
1791500 250
1791510 250
1791520 250
1791530 250
1791540 249
1791550 249
1791560 249
1791570 249
1791580 249
1791590 249
1791600 249
1791610 249
1791620 250
1791630 250
1791640 250
1791650 249
1791660 249
1791670 249
1791680 250
1791690 250
1791700 250
1791710 250
1791720 250
1791730 250
1791740 250
1791750 250
1791760 249
1791770 249
1791780 249
1791790 249
1791800 249
1791810 249
1791820 249
1791830 249
1791840 249
1791850 249
1791860 249
1791870 249
1791880 249
1791890 249
1791900 249
1791910 249
1791920 249
1791930 249
1791940 249
1791950 249
1791960 249
1791970 249
1791980 249
1791990 249
1792000 249
1792010 249
1792020 249
1792030 249
1792040 249
1792050 249
1792060 249
1792070 249
1792080 248
1792090 251
1792100 251
1792110 250
1792120 251
1792130 251
1792140 251
1792150 251
1792160 251
1792170 251
1792180 251
1792190 251
1792200 251
1792210 251
1792220 251
1792230 251
1792240 251
1792250 251
1792260 251
1792270 251
1792280 251
1792290 251
1792300 251
1792310 251
1792320 251
1792330 249
1792340 248
1792350 248
1792360 248
1792370 248
1792380 248
1792390 248
1792400 248
1792410 248
1792420 248
1792430 248
1792440 248
1792450 248
1792460 248
1792470 248
1792480 248
1792490 248
1792500 247
1792510 247
1792520 247
1792530 247
1792540 247
1792550 247
1792560 247
1792570 247
1792580 247
1792590 247
1792600 247
1792610 247
1792620 247
1792630 247
1792640 247
1792650 247
1792660 247
1792670 247
1792680 247
1792690 247
1792700 247
1792710 247
1792720 247
1792730 247
1792740 247
1792750 247
1792760 247
1792770 247
1792780 247
1792790 247
1792800 247
1792810 246
1792820 246
1792830 246
1792840 247
1792850 246
1792860 246
1792870 244
1792880 246
1792890 246
1792900 246
1792910 245
1792920 245
1792930 245
1792940 245
1792950 245
1792960 245
1792970 245
1792980 245
1792990 245
1793000 245
1793010 245
1793020 245
1793030 246
1793040 246
1793050 246
1793060 246
1793070 246
1793080 246
1793090 246
1793100 246
1793110 246
1793120 246
1793130 246
1793140 246
1793150 246
1793160 246
1793170 246
1793180 246
1793190 246
1793200 246
1793210 246
1793220 246
1793230 246
1793240 246
1793250 246
1793260 246
1793270 246
1793280 246
1793290 246
1793300 246
1793310 246
1793320 246
1793330 246
1793340 246
1793350 246
1793360 246
1793370 246
1793380 246
1793390 246
1793400 246
1793410 246
1793420 246
1793430 246
1793440 246
1793450 246
1793460 246
1793470 246
1793480 246
1793490 246
1793500 246
1793510 246
1793520 246
1793530 245
1793540 245
1793550 245
1793560 246
1793570 246
1793580 246
1793590 246
1793600 246
1793610 246
1793620 246
1793630 246
1793640 246
1793650 245
1793660 245
1793670 245
1793680 245
1793690 245
1793700 245
1793710 245
1793720 245
1793730 245
1793740 245
1793750 245
1793760 245
1793770 245
1793780 245
1793790 244
1793800 244
1793810 244
1793820 244
1793830 244
1793840 244
1793850 245
1793860 245
1793870 245
1793880 244
1793890 244
1793900 244
1793910 244
1793920 244
1793930 244
1793940 244
1793950 244
1793960 244
1793970 243
1793980 243
1793990 243
1794000 243
1794010 243
1794020 243
1794030 243
1794040 243
1794050 243
1794060 245
1794070 245
1794080 245
1794090 245
1794100 245
1794110 245
1794120 244
1794130 244
1794140 244
1794150 244
1794160 244
1794170 244
1794180 244
1794190 243
1794200 243
1794210 243
1794220 243
1794230 243
1794240 243
1794250 243
1794260 244
1794270 244
1794280 244
1794290 243
1794300 243
1794310 243
1794320 243
1794330 243
1794340 242
1794350 242
1794360 242
1794370 242
1794380 242
1794390 242
1794400 242
1794410 242
1794420 242
1794430 242
1794440 244
1794450 244
1794460 244
1794470 244
1794480 244
1794490 244
1794500 244
1794510 245
1794520 245
1794530 245
1794540 245
1794550 245
1794560 245
1794570 245
1794580 245
1794590 245
1794600 245
1794610 245
1794620 245
1794630 245
1794640 245
1794650 245
1794660 245
1794670 245
1794680 245
1794690 245
1794700 245
1794710 245
1794720 245
1794730 245
1794740 245
1794750 245
1794760 245
1794770 245
1794780 245
1794790 244
1794800 241
1794810 241
1794820 241
1794830 240
1794840 240
1794850 240
1794860 241
1794870 241
1794880 243
1794890 246
1794900 246
1794910 246
1794920 246
1794930 246
1794940 246
1794950 246
1794960 246
1794970 246
1794980 246
1794990 245
1795000 245
1795010 245
1795020 245
1795030 245
1795040 245
1795050 245
1795060 245
1795070 245
1795080 245
1795090 245
1795100 245
1795110 245
1795120 245
1795130 245
1795140 245
1795150 245
1795160 245
1795170 245
1795180 245
1795190 245
1795200 245
1795210 246
1795220 246
1795230 246
1795240 246
1795250 246
1795260 246
1795270 246
1795280 246
1795290 246
1795300 247
1795310 247
1795320 247
1795330 247
1795340 247
1795350 247
1795360 247
1795370 247
1795380 247
1795390 247
1795400 247
1795410 247
1795420 247
1795430 247
1795440 247
1795450 247
1795460 248
1795470 248
1795480 248
1795490 248
1795500 248
1795510 250
1795520 250
1795530 250
1795540 249
1795550 250
1795560 250
1795570 251
1795580 251
1795590 251
1795600 252
1795610 252
1795620 253
1795630 253
1795640 254
1795650 255
1795660 255
1795670 256
1795680 257
1795690 257
1795700 258
1795710 260
1795720 260
1795730 261
1795740 262
1795750 262
1795760 263
1795770 265
1795780 265
1795790 265
1795800 268
1795810 268
1795820 271
1795830 272
1795840 273
1795850 273
1795860 274
1795870 277
1795880 277
1795890 278
1795900 279
1795910 279
1795920 282
1795930 286
1795940 286
1795950 291
1795960 293
1795970 293
1795980 296
1795990 298
1796000 298
1796010 300
1796020 302
1796030 302
1796040 303
1796050 304
1796060 304
1796070 304
1796080 303
1796090 301
1796100 301
1796110 299
1794630 245
1794640 245
1794650 245
1794660 245
1794670 245
1794680 245
1794690 245
1794700 245
1794710 245
1794720 245
1794730 245
1794740 245
1794750 245
1794760 245
1794770 245
1794780 245
1794790 244
1794800 243
1794810 242
1794820 241
1794830 241
1794840 240
1794850 240
1794860 241
1794870 241
1794880 242
1794890 244
1794900 245
1794910 246
1794920 246
1794930 246
1794940 246
1794950 246
1794960 246
1794970 246
1794980 246
1794990 245
1795000 245
1795010 245
1795020 245
1795030 245
1795150 245
1795160 245
1795170 245
1795180 245
1795190 245
1795200 246
1795210 246
1795220 246
1795230 246
1795240 246
1795250 246
1795260 246
1795270 246
1795280 246
1795290 246
1795300 246
1795310 247
1795320 247
1795330 247
1795340 247
1795350 247
1795360 247
1795370 247
1795380 247
1795390 247
1795400 247
1795410 247
1795420 247
1795430 247
1795440 247
1795450 247
1795460 248
1795470 248
1795480 248
1795490 248
1795500 248
1795510 249
1795520 250
1795530 250
1795540 250
1795550 250
1795560 250
1795570 250
1795580 251
1795590 251
1795600 252
1795610 252
1795620 253
1795630 253
1795640 254
1795650 254
1795660 255
1795670 256
1795680 257
1795690 258
1795700 258
1795710 259
1795720 260
1795730 261
1795740 262
1795750 262
1795760 263
1795770 264
1795780 265
1795790 266
1795800 267
1795810 269
1795820 270
1795830 272
1795840 273
1795850 274
1795860 275
1795870 277
1795880 279
1795890 279
1795900 280
1795910 281
1795920 282
1795930 284
1795940 287
1795950 289
1795960 292
1795970 294
1795980 296
1795990 298
1796000 299
1796010 301
1796020 302
1796030 303
1796040 303
1796050 304
1796060 304
1796070 304
1796080 304
1796090 303
1796100 302
1796110 300
1796120 299
1796130 298
1796140 298
1796150 297
1796160 295
1796170 294
1796180 292
1796190 291
1796200 289
1796210 288
1796220 287
1796230 286
1796240 285
1796250 284
1796260 283
1796270 282
1796280 281
1796290 279
1796300 278
1796310 278
1796320 277
1796330 275
1796340 274
1796350 272
1796360 271
1796370 269
1796380 268
1796390 267
1796400 265
1796410 264
1796420 263
1796430 262
1796440 261
1796450 260
1796460 260
1796470 260
1796480 259
1796490 259
1796500 259
1796510 258
1796520 257
1796530 257
1796540 256
1796550 256
1796560 255
1796570 255
1796580 256
1796590 258
1796600 260
1796610 262
1796620 264
1796630 265
1796640 266
1796650 267
1796660 269
1796670 271
1796680 272
1796690 274
1796700 275
1796710 276
1796720 278
1796730 279
1796740 281
1796750 282
1796760 283
1796770 285
1796780 287
1796790 289
1796800 290
1796810 292
1796820 294
1796830 296
1796840 298
1796850 300
1796860 302
1796870 303
1796880 303
1796890 304
1796900 305
1796910 305
1796920 306
1796930 307
1796940 307
1796950 308
1796960 309
1796970 310
1796980 311
1796990 312
1797000 313
1797010 313
1797020 314
1797030 314
1797040 314
1797050 315
1797060 315
1797070 314
1797080 314
1797090 314
1797100 314
1797110 314
1797120 314
1797130 314
1797140 314
1797150 314
1797160 313
1797170 313
1797180 313
1797190 313
1797200 313
1797210 313
1797220 312
1797230 312
1797240 312
1797250 312
1797260 311
1797270 311
1797280 310
1797290 310
1797300 309
1797310 308
1797320 308
1797330 307
1797340 306
1797350 305
1797360 305
1797370 304
1797380 304
1797390 303
1797400 302
1797410 301
1797420 301
1797430 300
1797440 300
1797450 299
1797460 299
1797470 298
1797480 298
1797490 298
1797500 298
1797510 299
1797520 299
1797530 300
1797540 301
1797550 301
1797560 302
1797570 302
1797580 302
1797590 302
1797600 302
1797610 301
1797620 301
1797630 301
1797640 302
1797650 303
1797660 304
1797670 304
1797680 304
1797690 305
1797700 305
1797710 305
1797720 305
1797730 304
1797740 304
1797750 304
1797760 304
1797770 303
1797780 303
1797790 302
1797800 301
1797810 300
1797820 300
1797830 299
1797840 298
1797850 297
1797860 296
1797870 296
1797880 294
1797890 293
1797900 291
1797910 290
1797920 289
1797930 288
1797940 288
1797950 289
1797960 290
1797970 290
1797980 291
1797990 291
1798000 292
1798010 293
1798020 295
1798030 298
1798040 299
1798050 300
1798060 301
1798070 301
1798080 301
1798090 302
1798100 302
1798110 302
1798120 302
1798130 302
1798140 301
1798150 299
1798160 297
1798170 297
1798180 297
1798190 297
1798200 295
1798210 294
1798220 293
1798230 292
1798240 290
1798250 290
1798260 290
1798270 291
1798280 292
1798290 293
1798300 294
1798310 295
1798320 296
1798330 296
1798340 297
1798350 297
1798360 297
1798370 297
1798380 297
1798390 297
1798400 297
1798410 297
1798420 297
1798430 298
1798440 298
1798450 297
1798460 297
1798470 296
1798480 296
1798490 295
1798500 294
1798510 293
1798520 292
1798530 292
1798540 293
1798550 294
1798560 294
1798570 295
1798580 295
1798590 295
1798600 296
1798610 296
1798620 296
1798630 297
1798640 297
1798650 297
1798660 298
1798670 298
1798680 299
1798690 300
1798700 300
1798710 301
1798720 302
1798730 303
1798740 303
1798750 304
1798760 305
1798770 306
1798780 307
1798790 308
1798800 309
1798810 309
1798820 310
1798830 311
1798840 312
1798850 313
1798860 314
1798870 315
1798880 316
1798890 317
1798900 318
1798910 319
1798920 320
1798930 321
1798940 321
1798950 322
1798960 323
1798970 324
1798980 325
1798990 326
1799000 327
1799010 327
1799020 328
1799030 329
1799040 329
1799050 329
1799060 329
1799070 329
1799080 329
1799090 328
1799100 328
1799110 327
1799120 327
1799130 326
1799140 325
1799150 325
1799160 324
1799170 323
1799180 323
1799190 322
1799200 321
1799210 319
1799220 318
1799230 316
1799240 315
1799250 313
1799260 312
1799270 310
1799280 307
1799290 305
1799300 304
1799310 303
1799320 301
1799330 300
1799340 299
1799350 299
1799360 298
1799370 297
1799380 296
1799390 295
1799400 293
1799410 292
1799420 291
1799430 290
1799440 289
1799450 287
1799460 286
1799470 285
1799480 284
1799490 283
1799500 282
1799510 281
1799520 281
1799530 280
1799540 279
1799550 278
1799560 277
1799570 276
1799580 275
1799590 274
1799600 273
1799610 272
1799620 271
1799630 270
1799640 269
1799650 268
1799660 268
1799670 267
1799680 267
1799690 267
1799700 266
1799710 266
1799720 266
1799730 266
1799740 265
1799750 265
1799760 265
1799770 266
1799780 266
1799790 266
1799800 267
1799810 267
1799820 268
1799830 268
1799840 269
1799850 269
1799860 270
1799870 270
1799880 270
1799890 271
1799900 271
1799910 271
1799920 272
1799930 272
1799940 273
1799950 273
1799960 274
1799970 275
1799980 276
1799990 278
