1780000 355
1780010 358
1780020 360
1780030 360
1780040 360
1780050 360
1780060 360
1780070 360
1780080 360
1780090 360
1780100 359
1780110 357
1780120 356
1780130 356
1780140 354
1780150 352
1780160 352
1780170 350
1780180 348
1780190 348
1780200 346
1780210 343
1780220 343
1780230 339
1780240 336
1780250 336
1780260 335
1780270 333
1780280 333
1780290 332
1780300 330
1780310 330
1780320 328
1780330 327
1780340 323
1780350 323
1780360 322
1780370 319
1780380 319
1780390 317
1780400 313
1780410 313
1780420 312
1780430 313
1780440 313
1780450 315
1780460 318
1780470 318
1780480 321
1780490 324
1780500 324
1780510 325
1780520 326
1780530 328
1780540 328
1780550 330
1780560 332
1780570 332
1780580 334
1780590 337
1780600 337
1780610 339
1780620 343
1780630 343
1780640 346
1780650 349
1780660 349
1780670 352
1780680 354
1780690 354
1780700 356
1780710 359
1780720 359
1780730 361
1780740 364
1780750 366
1780760 366
1780770 368
1780780 370
1780790 370
1780800 371
1780810 371
1780820 371
1780830 371
1780840 369
1780850 369
1780860 369
1780870 368
1780880 368
1780890 367
1780900 365
1780910 365
1780920 364
1780930 362
1780940 362
1780950 360
1780960 357
1780970 355
1780980 355
1780990 352
1781000 350
1781010 350
1781020 349
1781030 347
1781040 347
1781050 345
1781060 343
1781070 343
1781080 341
1781090 339
1781100 339
1781110 336
1781120 331
1781130 331
1781140 330
1781150 328
1781160 328
1781170 328
1781180 327
1781190 324
1781200 324
1781210 323
1781220 321
1781230 321
1781240 317
1781250 314
1781260 314
1781270 314
1781280 312
1781290 312
1781300 311
1781310 311
1781320 311
1781330 309
1781340 308
1781350 308
1781360 308
1781370 307
1781380 307
1781390 305
1781400 303
1781410 303
1781420 303
1781430 304
1781440 304
1781450 304
1781460 307
1781470 310
1781480 310
1781490 312
1781500 314
1781510 314
1781520 317
1781530 319
1781540 319
1781550 320
1781560 323
1781570 323
1781580 326
1781590 330
1781600 332
1781610 332
1781620 334
1781630 335
1781640 335
1781650 337
1781660 341
1781670 341
1781680 342
1781690 343
1781700 343
1781710 345
1781720 347
1781730 347
1781740 349
1781750 352
1781760 352
1781770 353
1781780 353
1781790 353
1781800 353
1781810 353
1781820 353
1781830 353
1781840 353
1781850 353
1781860 353
1781870 352
1781880 352
1781890 352
1781900 351
1781910 349
1781920 349
1781930 347
1781940 345
1781950 345
1781960 344
1781970 343
1781980 343
1781990 342
1782000 341
1782010 341
1782020 340
1782030 339
1782040 338
1782050 338
1782060 337
1782070 336
1782080 336
1782090 335
1782100 333
1782110 333
1782120 329
1782130 328
1782140 328
1782150 326
1782160 323
1782170 323
1782180 321
1782190 320
1782200 320
1782210 318
1782220 317
1782230 317
1782240 316
1782250 315
1782260 313
1782270 313
1782280 312
1782290 309
1782300 309
1782310 308
1782320 309
1782330 309
1782340 312
1782350 314
1782360 314
1782370 316
1782380 317
1782390 317
1782400 317
1782410 321
1782420 321
1782430 323
1782440 325
1782450 325
1782460 326
1782470 329
1782480 332
1782490 332
1782500 332
1782510 333
1782520 333
1782530 334
1782540 335
1782550 335
1782560 338
1782570 341
1782580 341
1782590 344
1782600 346
1782610 346
1782620 348
1782630 349
1782640 349
1782650 351
1782660 353
1782670 354
1782680 354
1782690 355
1782700 357
1782710 357
1782720 358
1782730 359
1782740 359
1782750 359
1782760 360
1782770 360
1782780 361
1782790 361
1782800 361
1782810 362
1782820 362
1782830 362
1782840 362
1782850 362
1782860 362
1782870 363
1782880 364
1782890 364
1782900 364
1782910 364
1782920 364
1782930 364
1782940 364
1782950 363
1782960 363
1782970 363
1782980 362
1782990 362
1783000 361
1783010 360
1783020 360
1783030 360
1783040 359
1783050 359
1783060 359
1783070 358
1783080 358
1783090 357
1783100 356
1783110 355
1783120 355
1783130 354
1783140 353
1783150 353
1783160 352
1783170 351
1783180 351
1783190 349
1783200 347
1783210 347
1783220 346
1783230 344
1783240 344
1783250 341
1783260 339
1783270 339
1783280 337
1783290 336
1783300 336
1783310 334
1783320 332
1783330 331
1783340 331
1783350 330
1783360 329
1783370 329
1783380 328
1783390 328
1783400 328
1783410 327
1783420 326
1783430 326
1783440 325
1783450 323
1783460 323
1783470 321
1783480 322
1783490 322
1783500 323
1783510 325
1783520 325
1783530 326
1783540 327
1783550 328
1783560 328
1783570 329
1783580 331
1783590 331
1783600 332
1783610 334
1783620 334
1783630 336
1783640 338
1783650 338
1783660 339
1783670 340
1783680 342
1783690 343
1783700 344
1783710 344
1783720 345
1783730 346
1783740 347
1783750 347
1783760 347
1783770 348
1783780 348
1783790 348
1783800 348
1783810 348
1783820 346
1783830 346
1783840 346
1783850 345
1783860 344
1783870 344
1783880 342
1783890 342
1783900 342
1783910 339
1783920 337
1783930 337
1783940 336
1783950 334
1783960 332
1783970 332
1783980 331
1783990 330
1784000 330
1784010 328
1784020 327
1784030 327
1784040 325
1784050 322
1784060 322
1784070 318
1784080 316
1784090 316
1784100 314
1784110 311
1784120 311
1784130 308
1784140 308
1784150 308
1784160 307
1784170 306
1784180 305
1784190 305
1784200 305
1784210 305
1784220 305
1784230 305
1784240 306
1784250 306
1784260 307
1784270 308
1784280 308
1784290 310
1784300 312
1784310 312
1784320 314
1784330 316
1784340 316
1784350 319
1784360 321
1784370 321
1784380 323
1784390 324
1784400 325
1784410 325
1784420 327
1784430 328
1784440 328
1784450 330
1784460 332
1784470 332
1784480 334
1784490 336
1784500 336
1784510 338
1784520 340
1784530 340
1784540 342
1784550 344
1784560 344
1784570 346
1784580 348
1784590 348
1784600 349
1784610 352
1784620 354
1784630 354
1784640 356
1784650 358
1784660 358
1784670 359
1784680 361
1784690 361
1784700 363
1784710 365
1784720 365
1784730 366
1784740 367
1784750 367
1784760 370
1784770 372
1784780 372
1784790 371
1784800 372
1784810 372
1784820 372
1784830 371
1784840 370
1784850 370
1784860 368
1784870 366
1784880 366
1784890 365
1784900 364
1784910 364
1784920 362
1784930 361
1784940 361
1784950 359
1784960 358
1784970 358
1784980 356
1784990 353
1785000 353
1785010 351
1785020 349
1785030 348
1785040 348
1785050 346
1785060 345
1785070 345
1785080 343
1785090 342
1785100 342
1785110 341
1785120 339
1785130 339
1785140 338
1785150 337
1785160 337
1785170 336
1785180 334
1785190 334
1785200 331
1785210 331
1785220 331
1785230 331
1785240 331
1785250 331
1785260 331
1785270 332
1785280 332
1785290 332
1785300 332
1785310 333
1785320 333
1785330 334
1785340 334
1785350 334
1785360 335
1785370 336
1785380 336
1785390 336
1785400 337
1785410 337
1785420 338
1785430 338
1785440 338
1785450 339
1785460 339
1785470 339
1785480 339
1785490 338
1785500 338
1785510 338
1785520 337
1785530 336
1785540 336
1785550 335
1785560 334
1785570 334
1785580 333
1785590 332
1785600 332
1785610 332
1785620 331
1785630 331
1785640 330
1785650 326
1785660 326
1785670 328
1785680 329
1785690 328
1785700 328
1785710 328
1785720 327
1785730 327
1785740 327
1785750 327
1785760 327
1785770 326
1785780 326
1785790 326
1785800 328
1785810 329
1785820 329
1785830 330
1785840 333
1785850 333
1785860 334
1785870 336
1785880 338
1785890 338
1785900 339
1785910 341
1785920 341
1785930 342
1785940 344
1785950 344
1785960 345
1785970 346
1785980 346
1785990 347
1786000 345
1786010 345
1786020 345
1786030 344
1786040 344
1786050 343
1786060 342
1786070 342
1786080 342
1786090 342
1786100 341
1786110 341
1786120 340
1786130 339
1786140 339
1786150 339
1786160 338
1786170 338
1786180 337
1786190 337
1786200 337
1786210 336
1786220 336
1786230 336
1786240 335
1786250 335
1786260 335
1786270 334
1786280 333
1786290 333
1786300 332
1786310 331
1786320 330
1786330 330
1786340 329
1786350 328
1786360 328
1786370 327
1786380 326
1786390 326
1786400 326
1786410 324
1786420 324
1786430 323
1786440 322
1786450 322
1786460 321
1786470 320
1786480 320
1786490 320
1786500 320
1786510 320
1786520 318
1786530 318
1786540 316
1786550 316
1786560 316
1786570 314
1786580 314
1786590 314
1786600 313
1786610 313
1786620 312
1786630 310
1786640 310
1786650 310
1786660 309
1786670 309
1786680 309
1786690 309
1786700 309
1786710 308
1786720 308
1786730 308
1786740 308
1786750 308
1786760 308
1786770 308
1786780 308
1786790 308
1786800 308
1786810 307
1786820 307
1786830 307
1786840 306
1786850 306
1786860 306
1786870 306
1786880 305
1786890 305
1786900 305
1786910 305
1786920 305
1786930 304
1786940 304
1786950 304
1786960 304
1786970 303
1786980 303
1786990 302
1787000 301
1787010 301
1787020 301
1787030 300
1787040 300
1787050 300
1787060 298
1787070 296
1787080 296
1787090 295
1787100 297
1787110 297
1787120 297
1787130 298
1787140 298
1787150 298
1787160 298
1787170 298
1787180 298
1787190 297
1787200 296
1787210 296
1787220 297
1787230 297
1787240 297
1787250 297
1787260 296
1787270 296
1787280 295
1787290 294
1787300 294
1787310 291
1787320 287
1787330 287
1787340 288
1787350 291
1787360 291
1787370 293
1787380 292
1787390 292
1787400 292
1787410 292
1787420 290
1787430 290
1787440 291
1787450 290
1787460 290
1787470 290
1787480 289
1787490 289
1787500 289
1787510 289
1787520 289
1787530 288
1787540 285
1787550 285
1787560 279
1787570 276
1787580 276
1787590 282
1787600 287
1787610 286
1787620 286
1787630 286
1787640 286
1787650 286
1787660 286
1787670 285
1787680 285
1787690 285
1787700 285
1787710 285
1787720 285
1787730 285
1787740 285
1787750 285
1787760 285
1787770 285
1787780 285
1787790 285
1787800 285
1787810 285
1787820 278
1787830 273
1787840 273
1787850 275
1787860 283
1787870 283
1787880 283
1787890 282
1787900 282
1787910 282
1787920 281
1787930 281
1787940 281
1787950 281
1787960 281
1787970 281
1787980 281
1787990 281
1788000 280
1788010 278
1788020 278
1788030 278
1788040 279
1788050 279
1788060 279
1788070 279
1788080 278
1788090 278
1788100 278
1788110 278
1788120 278
1788130 278
1788140 278
1788150 278
1788160 278
1788170 278
1788180 278
1788190 278
1788200 278
1788210 278
1788220 278
1788230 278
1788240 278
1788250 278
1788260 278
1788270 277
1788280 277
1788290 277
1788300 277
1788310 277
1788320 277
1788330 277
1788340 277
1788350 277
1788360 277
1788370 277
1788380 277
1788390 277
1788400 277
1788410 277
1788420 277
1788430 277
1788440 277
1788450 277
1788460 277
1788470 277
1788480 277
1788490 277
1788500 277
1788510 277
1788520 276
1788530 276
1788540 276
1788550 276
1788560 276
1788570 276
1788580 275
1788590 275
1788600 275
1788610 275
1788620 275
1788630 275
1788640 275
1788650 275
1788660 275
1788670 275
1788680 274
1788690 274
1788700 274
1788710 274
1788720 274
1788730 274
1788740 274
1788750 274
1788760 274
1788770 274
1788780 274
1788790 274
1788800 273
1788810 273
1788820 273
1788830 272
1788840 272
1788850 269
1788860 267
1788870 267
1788880 266
1788890 265
1788900 263
1788910 263
1788920 262
1788930 260
1788940 260
1788950 260
1788960 259
1788970 259
1788980 259
1788990 258
1789000 258
1789010 257
1789020 255
1789030 255
1789040 254
1789050 258
1789060 258
1789070 260
1789080 261
1789090 259
1789100 259
1789110 255
1789120 255
1789130 255
1789140 255
1789150 254
1789160 254
1789170 253
1789180 253
1789190 253
1789200 253
1789210 253
1789220 253
1789230 253
1789240 253
1789250 253
1789260 254
1789270 254
1789280 254
1789290 254
1789300 254
1789310 254
1789320 254
1789330 254
1789340 253
1789350 253
1789360 253
1789370 253
1789380 253
1789390 253
1789400 254
1789410 254
1789420 253
1789430 252
1789440 252
1789450 253
1789460 253
1789470 253
1789480 252
1789490 253
1789500 253
1789510 252
1789520 252
1789530 253
1789540 253
1789550 253
1789560 253
1789570 253
1789580 253
1789590 253
1789600 253
1789610 253
1789620 253
1789630 253
1789640 253
1789650 253
1789660 253
1789670 253
1789680 253
1789690 253
1789700 253
1789710 253
1789720 253
1789730 253
1789740 253
1789750 253
1789760 253
1789770 253
1789780 253
1789790 253
1789800 253
1789810 253
1789820 253
1789830 253
1789840 253
1789850 253
1789860 253
1789870 253
1789880 253
1789890 253
1789900 253
1789910 253
1789920 253
1789930 252
1789940 252
1789950 252
1789960 252
1789970 252
1789980 252
1789990 252
1790000 252
1790010 252
1790020 252
1790030 252
1790040 252
1790050 252
1790060 252
1790070 252
1790080 252
1790090 252
1790100 252
1790110 252
1790120 252
1790130 252
1790140 252
1790150 252
1790160 252
1790170 252
1790180 252
1790190 252
1790200 252
1790210 252
1790220 252
1790230 252
1790240 252
1790250 252
1790260 252
1790270 252
1790280 251
1790290 251
1790300 251
1790310 251
1790320 251
1790330 251
1790340 251
1790350 251
1790360 251
1790370 251
1790380 251
1790390 251
1790400 251
1790410 251
1790420 251
1790430 251
1790440 251
1790450 251
1790460 251
1790470 251
1790480 251
1790490 251
1790500 251
1790510 251
1790520 250
1790530 251
1790540 251
1790550 251
1790560 251
1790570 251
1790580 251
1790590 251
1790600 251
1790610 251
1790620 251
1790630 251
1790640 251
1790650 251
1790660 251
1790670 251
1790680 251
1790690 251
1790700 251
1790710 251
1790720 251
1790730 251
1790740 251
1790750 250
1790760 250
1790770 250
1790780 250
1790790 250
1790800 250
1790810 250
1790820 250
1790830 250
1790840 250
1790850 250
1790860 250
1790870 250
1790880 248
1790890 248
1790900 248
1790910 248
1790920 248
1790930 249
1790940 250
1790950 250
1790960 250
1790970 250
1790980 250
1790990 250
1791000 250
1791010 250
1791020 250
1791030 250
1791040 250
1791050 250
1791060 250
1791070 250
1791080 250
1791090 250
1791100 250
1791110 250
1791120 250
1791130 250
1791140 250
1791150 250
1791160 250
1791170 250
1791180 250
1791190 250
1791200 250
1791210 250
1791220 250
1791230 250
1791240 250
1791250 249
1791260 249
1791270 249
1791280 249
1791290 249
1791300 249
1791310 249
1791320 250
1791330 250
1791340 249
1791350 249
1791360 249
1791370 249
1791380 249
1791390 249
1791400 249
1791410 249
1791420 249
1791430 249
1791440 249
1791450 249
1791460 249
1791470 249
1791480 249
1791490 249
1791500 249
1791510 249
1791520 249
1791530 249
1791540 249
1791550 249
1791560 249
1791570 249
1791580 249
1791590 249
1791600 249
1791610 249
1791620 249
1791630 249
1791640 249
1791650 249
1791660 249
1791670 249
1791680 249
1791690 249
1791700 249
1791710 249
1791720 249
1791730 249
1791740 249
1791750 249
1791760 249
1791770 249
1791780 249
1791790 249
1791800 249
1791810 249
1791820 249
1791830 249
1791840 249
1791850 249
1791860 249
1791870 249
1791880 249
1791890 249
1791900 249
1791910 249
1791920 249
1791930 249
1791940 249
1791950 249
1791960 249
1791970 249
1791980 250
1791990 250
1792000 250
1792010 250
1792020 250
1792030 250
1792040 250
1792050 250
1792060 250
1792070 250
1792080 250
1792090 250
1792100 250
1792110 250
1792120 250
1792130 251
1792140 249
1792150 249
1792160 249
1792170 250
1792180 250
1792190 251
1792200 251
1792210 251
1792220 250
1792230 250
1792240 250
1792250 251
1792260 251
1792270 251
1792280 251
1792290 251
1792300 251
1792310 251
1792320 251
1792330 250
1792340 250
1792350 250
1792360 250
1792370 250
1792380 250
1792390 250
1792400 250
1792410 250
1792420 250
1792430 250
1792440 249
1792450 249
1792460 249
1792470 249
1792480 249
1792490 249
1792500 249
1792510 249
1792520 249
1792530 249
1792540 249
1792550 249
1792560 249
1792570 249
1792580 249
1792590 249
1792600 248
1792610 248
1792620 248
1792630 248
1792640 248
1792650 248
1792660 248
1792670 248
1792680 248
1792690 248
1792700 248
1792710 248
1792720 248
1792730 248
1792740 247
1792750 247
1792760 247
1792770 247
1792780 247
1792790 246
1792800 247
1792810 247
1792820 247
1792830 247
1792840 247
1792850 247
1792860 247
1792870 247
1792880 247
1792890 247
1792900 247
1792910 248
1792920 247
1792930 247
1792940 247
1792950 248
1792960 247
1792970 247
1792980 247
1792990 247
1793000 247
1793010 247
1793020 247
1793030 247
1793040 247
1793050 247
1793060 247
1793070 247
1793080 247
1793090 247
1793100 247
1793110 247
1793120 247
1793130 248
1793140 248
1793150 248
1793160 248
1793170 248
1793180 248
1793190 248
1793200 248
1793210 248
1793220 248
1793230 248
1793240 248
1793250 248
1793260 248
1793270 248
1793280 248
1793290 248
1793300 248
1793310 248
1793320 248
1793330 248
1793340 248
1793350 248
1793360 247
1793370 247
1793380 247
1793390 247
1793400 247
1793410 247
1793420 247
1793430 247
1793440 247
1793450 247
1793460 247
1793470 247
1793480 247
1793490 247
1793500 247
1793510 247
1793520 248
1793530 248
1793540 247
1793550 247
1793560 247
1793570 247
1793580 247
1793590 247
1793600 247
1793610 247
1793620 248
1793630 248
1793640 247
1793650 248
1793660 248
1793670 247
1793680 247
1793690 247
1793700 247
1793710 247
1793720 247
1793730 247
1793740 247
1793750 247
1793760 247
1793770 247
1793780 247
1793790 247
1793800 247
1793810 247
1793820 247
1793830 247
1793840 248
1793850 248
1793860 247
1793870 247
1793880 247
1793890 244
1793900 246
1793910 246
1793920 247
1793930 246
1793940 246
1793950 247
1793960 245
1793970 245
1793980 244
1793990 244
1794000 244
1794010 244
1794020 243
1794030 242
1794040 242
1794050 242
1794060 245
1794070 245
1794080 246
1794090 246
1794100 246
1794110 246
1794120 246
1794130 246
1794140 246
1794150 246
1794160 246
1794170 246
1794180 246
1794190 246
1794200 247
1794210 247
1794220 247
1794230 247
1794240 247
1794250 247
1794260 247
1794270 247
1794280 247
1794290 247
1794300 247
1794310 247
1794320 247
1794330 247
1794340 247
1794350 247
1794360 247
1794370 248
1794380 248
1794390 247
1794400 248
1794410 248
1794420 248
1794430 248
1794440 248
1794450 248
1794460 248
1794470 248
1794480 248
1794490 248
1794500 248
1794510 248
1794520 249
1794530 248
1794540 248
1794550 248
1794560 248
1794570 248
1794580 248
1794590 248
1794600 248
1794610 248
1794620 248
1794630 248
1794640 248
1794650 249
1794660 248
1794670 248
1794680 248
1794690 248
1794700 248
1794710 249
1794720 249
1794730 249
1794740 249
1794750 249
1794760 249
1794770 249
1794780 249
1794790 249
1794800 249
1794810 249
1794820 249
1794830 250
1794840 250
1794850 250
1794860 250
1794870 250
1794880 250
1794890 250
1794900 250
1794910 250
1794920 250
1794930 251
1794940 251
1794950 251
1794960 251
1794970 251
1794980 251
1794990 251
1795000 251
1795010 251
1795020 251
1795030 251
1795040 251
1795050 251
1795060 252
1795070 252
1795080 252
1795090 252
1795100 252
1795110 252
1795120 253
1795130 253
1795140 253
1795150 254
1795160 254
1795170 254
1795180 255
1795190 255
1795200 255
1795210 256
1795220 257
1795230 257
1795240 258
1795250 259
1795260 259
1795270 260
1795280 260
1795290 260
1795300 262
1795310 263
1795320 264
1795330 264
1795340 265
1795350 266
1795360 266
1795370 268
1795380 269
1795390 269
1795400 272
1795410 275
1795420 275
1795430 278
1795440 281
1795450 281
1795460 280
1795470 282
1795480 282
1795490 289
1795500 291
1795510 292
1795520 292
1795530 293
1795540 291
1795550 291
1795560 290
1795570 288
1795580 288
1795590 285
1795600 283
1795610 283
1795620 281
1795630 278
1795640 278
1795650 275
1795660 274
1795670 274
1795680 274
1795690 274
1795700 274
1795710 274
1795720 276
1795730 277
1795740 277
1795750 278
1795760 282
1795770 282
1795780 284
1795790 285
1795800 285
1795810 287
1795820 290
1795830 290
1795840 293
1795850 297
1795860 297
1795870 299
1795880 301
1795890 301
1795900 302
1795910 304
1795920 304
1795930 308
1795940 311
1795950 315
1795960 315
1795970 317
1795980 319
1795990 319
1796000 321
1796010 322
1796020 322
1796030 324
1796040 325
1796050 325
1796060 326
1796070 328
1796080 328
1796090 329
1796100 331
1796110 331
