1780000 270
1780010 273
1780020 273
1780030 274
1780040 274
1780050 274
1780060 274
1780070 274
1780080 274
1780090 274
1780100 274
1780110 274
1780120 274
1780130 274
1780140 274
1780150 274
1780160 274
1780170 274
1780180 274
1780190 274
1780200 274
1780210 274
1780220 274
1780230 274
1780240 274
1780250 273
1780260 273
1780270 273
1780280 273
1780290 273
1780300 273
1780310 273
1780320 273
1780330 273
1780340 273
1780350 273
1780360 272
1780370 272
1780380 273
1780390 273
1780400 273
1780410 273
1780420 273
1780430 273
1780440 273
1780450 273
1780460 273
1780470 273
1780480 274
1780490 274
1780500 274
1780510 274
1780520 274
1780530 274
1780540 274
1780550 274
1780560 274
1780570 274
1780580 273
1780590 273
1780600 273
1780610 274
1780620 274
1780630 274
1780640 274
1780650 274
1780660 273
1780670 273
1780680 273
1780690 273
1780700 273
1780710 273
1780720 273
1780730 273
1780740 273
1780750 273
1780760 273
1780770 273
1780780 273
1780790 273
1780800 273
1780810 273
1780820 273
1780830 273
1780840 273
1780850 273
1780860 272
1780870 272
1780880 272
1780890 272
1780900 272
1780910 272
1780920 272
1780930 272
1780940 272
1780950 272
1780960 272
1780970 272
1780980 271
1780990 272
1781000 272
1781010 272
1781020 272
1781030 272
1781040 272
1781050 272
1781060 272
1781070 272
1781080 272
1781090 272
1781100 272
1781110 272
1781120 272
1781130 272
1781140 272
1781150 272
1781160 272
1781170 272
1781180 272
1781190 272
1781200 272
1781210 272
1781220 272
1781230 272
1781240 272
1781250 272
1781260 272
1781270 272
1781280 272
1781290 272
1781300 272
1781310 272
1781320 272
1781330 272
1781340 272
1781350 272
1781360 272
1781370 272
1781380 272
1781390 272
1781400 272
1781410 272
1781420 272
1781430 272
1781440 272
1781450 272
1781460 272
1781470 272
1781480 272
1781490 272
1781500 272
1781510 272
1781520 272
1781530 272
1781540 270
1781550 272
1781560 272
1781570 272
1781580 272
1781590 272
1781600 272
1781610 272
1781620 272
1781630 272
1781640 272
1781650 272
1781660 272
1781670 272
1781680 272
1781690 272
1781700 272
1781710 272
1781720 272
1781730 272
1781740 272
1781750 272
1781760 272
1781770 272
1781780 272
1781790 272
1781800 272
1781810 272
1781820 272
1781830 272
1781840 272
1781850 272
1781860 272
1781870 272
1781880 272
1781890 272
1781900 272
1781910 272
1781920 272
1781930 272
1781940 272
1781950 272
1781960 272
1781970 272
1781980 272
1781990 272
1782000 272
1782010 273
1782020 272
1782030 272
1782040 273
1782050 273
1782060 273
1782070 272
1782080 272
1782090 272
1782100 272
1782110 272
1782120 272
1782130 272
1782140 272
1782150 272
1782160 272
1782170 272
1782180 272
1782190 272
1782200 272
1782210 272
1782220 272
1782230 272
1782240 272
1782250 272
1782260 272
1782270 272
1782280 272
1782290 272
1782300 272
1782310 272
1782320 272
1782330 272
1782340 272
1782350 272
1782360 272
1782370 272
1782380 272
1782390 272
1782400 271
1782410 271
1782420 272
1782430 272
1782440 272
1782450 272
1782460 272
1782470 272
1782480 272
1782490 272
1782500 272
1782510 272
1782520 272
1782530 272
1782540 272
1782550 272
1782560 272
1782570 272
1782580 272
1782590 272
1782600 272
1782610 272
1782620 272
1782630 272
1782640 272
1782650 272
1782660 272
1782670 272
1782680 272
1782690 272
1782700 272
1782710 271
1782720 271
1782730 271
1782740 271
1782750 272
1782760 272
1782770 272
1782780 272
1782790 272
1782800 272
1782810 272
1782820 272
1782830 272
1782840 272
1782850 272
1782860 272
1782870 272
1782880 272
1782890 272
1782900 272
1782910 272
1782920 272
1782930 272
1782940 272
1782950 272
1782960 272
1782970 272
1782980 272
1782990 272
1783000 272
1783010 272
1783020 272
1783030 272
1783040 272
1783050 272
1783060 272
1783070 272
1783080 272
1783090 272
1783100 272
1783110 272
1783120 272
1783130 272
1783140 272
1783150 272
1783160 272
1783170 272
1783180 272
1783190 272
1783200 272
1783210 272
1783220 272
1783230 272
1783240 272
1783250 272
1783260 272
1783270 272
1783280 272
1783290 272
1783300 272
1783310 272
1783320 272
1783330 272
1783340 272
1783350 272
1783360 272
1783370 272
1783380 272
1783390 272
1783400 272
1783410 272
1783420 272
1783430 272
1783440 272
1783450 272
1783460 272
1783470 272
1783480 272
1783490 272
1783500 272
1783510 272
1783520 272
1783530 272
1783540 272
1783550 272
1783560 272
1783570 272
1783580 271
1783590 271
1783600 271
1783610 271
1783620 271
1783630 271
1783640 271
1783650 271
1783660 271
1783670 271
1783680 271
1783690 271
1783700 271
1783710 271
1783720 271
1783730 271
1783740 271
1783750 271
1783760 271
1783770 271
1783780 271
1783790 271
1783800 271
1783810 271
1783820 271
1783830 271
1783840 271
1783850 271
1783860 271
1783870 271
1783880 271
1783890 271
1783900 270
1783910 271
1783920 271
1783930 271
1783940 271
1783950 271
1783960 271
1783970 271
1783980 271
1783990 271
1784000 271
1784010 271
1784020 271
1784030 271
1784040 271
1784050 271
1784060 271
1784070 271
1784080 271
1784090 271
1784100 271
1784110 271
1784120 271
1784130 271
1784140 271
1784150 271
1784160 271
1784170 271
1784180 271
1784190 271
1784200 271
1784210 271
1784220 271
1784230 271
1784240 271
1784250 271
1784260 271
1784270 271
1784280 271
1784290 271
1784300 271
1784310 271
1784320 271
1784330 271
1784340 270
1784350 270
1784360 270
1784370 271
1784380 271
1784390 271
1784400 271
1784410 270
1784420 270
1784430 271
1784440 271
1784450 271
1784460 271
1784470 271
1784480 270
1784490 270
1784500 270
1784510 270
1784520 270
1784530 270
1784540 270
1784550 270
1784560 270
1784570 270
1784580 270
1784590 270
1784600 270
1784610 270
1784620 270
1784630 270
1784640 270
1784650 270
1784660 270
1784670 270
1784680 270
1784690 270
1784700 270
1784710 270
1784720 270
1784730 270
1784740 270
1784750 270
1784760 270
1784770 270
1784780 270
1784790 270
1784800 270
1784810 270
1784820 270
1784830 270
1784840 270
1784850 270
1784860 270
1784870 270
1784880 270
1784890 270
1784900 269
1784910 269
1784920 269
1784930 269
1784940 269
1784950 269
1784960 269
1784970 269
1784980 269
1784990 269
1785000 269
1785010 269
1785020 269
1785030 269
1785040 269
1785050 269
1785060 269
1785070 269
1785080 269
1785090 269
1785100 269
1785110 269
1785120 269
1785130 269
1785140 269
1785150 269
1785160 270
1785170 270
1785180 270
1785190 270
1785200 271
1785210 271
1785220 271
1785230 271
1785240 271
1785250 271
1785260 271
1785270 271
1785280 272
1785290 272
1785300 272
1785310 271
1785320 271
1785330 271
1785340 271
1785350 270
1785360 269
1785370 269
1785380 269
1785390 269
1785400 269
1785410 269
1785420 269
1785430 269
1785440 269
1785450 268
1785460 268
1785470 269
1785480 271
1785490 271
1785500 271
1785510 271
1785520 271
1785530 271
1785540 271
1785550 271
1785560 271
1785570 271
1785580 271
1785590 271
1785600 271
1785610 271
1785620 271
1785630 271
1785640 271
1785650 271
1785660 272
1785670 272
1785680 272
1785690 272
1785700 272
1785710 272
1785720 272
1785730 272
1785740 272
1785750 272
1785760 272
1785770 272
1785780 272
1785790 272
1785800 272
1785810 272
1785820 272
1785830 272
1785840 272
1785850 272
1785860 272
1785870 272
1785880 272
1785890 272
1785900 272
1785910 272
1785920 272
1785930 272
1785940 272
1785950 272
1785960 272
1785970 272
1785980 272
1785990 272
1786000 272
1786010 272
1786020 271
1786030 271
1786040 272
1786050 272
1786060 272
1786070 272
1786080 272
1786090 272
1786100 272
1786110 272
1786120 272
1786130 272
1786140 271
1786150 271
1786160 271
1786170 271
1786180 271
1786190 271
1786200 271
1786210 271
1786220 271
1786230 271
1786240 271
1786250 271
1786260 271
1786270 271
1786280 271
1786290 271
1786300 271
1786310 271
1786320 271
1786330 271
1786340 271
1786350 271
1786360 271
1786370 271
1786380 271
1786390 271
1786400 271
1786410 271
1786420 270
1786430 270
1786440 270
1786450 270
1786460 270
1786470 270
1786480 270
1786490 270
1786500 270
1786510 270
1786520 270
1786530 270
1786540 270
1786550 270
1786560 270
1786570 270
1786580 270
1786590 270
1786600 270
1786610 270
1786620 270
1786630 270
1786640 271
1786650 271
1786660 271
1786670 271
1786680 271
1786690 271
1786700 271
1786710 271
1786720 271
1786730 271
1786740 271
1786750 271
1786760 272
1786770 272
1786780 272
1786790 272
1786800 272
1786810 272
1786820 272
1786830 272
1786840 272
1786850 272
1786860 272
1786870 272
1786880 272
1786890 272
1786900 272
1786910 272
1786920 272
1786930 272
1786940 272
1786950 272
1786960 271
1786970 271
1786980 271
1786990 271
1787000 271
1787010 271
1787020 271
1787030 271
1787040 271
1787050 271
1787060 271
1787070 271
1787080 271
1787090 271
1787100 271
1787110 270
1787120 270
1787130 270
1787140 270
1787150 270
1787160 270
1787170 270
1787180 270
1787190 270
1787200 270
1787210 271
1787220 271
1787230 271
1787240 271
1787250 271
1787260 271
1787270 271
1787280 271
1787290 272
1787300 272
1787310 272
1787320 272
1787330 272
1787340 273
1787350 273
1787360 273
1787370 273
1787380 273
1787390 273
1787400 274
1787410 274
1787420 274
1787430 274
1787440 274
1787450 274
1787460 275
1787470 275
1787480 275
1787490 275
1787500 275
1787510 275
1787520 275
1787530 275
1787540 275
1787550 275
1787560 275
1787570 275
1787580 275
1787590 275
1787600 275
1787610 275
1787620 275
1787630 275
1787640 275
1787650 275
1787660 275
1787670 275
1787680 275
1787690 275
1787700 275
1787710 276
1787720 276
1787730 276
1787740 276
1787750 276
1787760 276
1787770 277
1787780 278
1787790 278
1787800 278
1787810 278
1787820 278
1787830 277
1787840 279
1787850 279
1787860 280
1787870 280
1787880 280
1787890 281
1787900 283
1787910 283
1787920 283
1787930 284
1787940 284
1787950 284
1787960 285
1787970 286
1787980 286
1787990 285
1788000 284
1788010 284
1788020 289
1788030 290
1788040 290
1788050 289
1788060 289
1788070 289
1788080 290
1788090 289
1788100 289
1788110 290
1788120 289
1788130 289
1788140 289
1788150 294
1788160 294
1788170 296
1788180 296
1788190 294
1788200 294
1788210 296
1788220 298
1788230 298
1788240 300
1788250 301
1788260 301
1788270 301
1788280 299
1788290 299
1788300 300
1788310 302
1788320 302
1788330 304
1788340 306
1788350 306
1788360 307
1788370 307
1788380 307
1788390 308
1788400 308
1788410 309
1788420 309
1788430 310
1788440 311
1788450 311
1788460 312
1788470 313
1788480 313
1788490 313
1788500 313
1788510 313
1788520 314
1788530 314
1788540 314
1788550 314
1788560 314
1788570 314
1788580 314
1788590 313
1788600 313
1788610 312
1788620 311
1788630 310
1788640 310
1788650 309
1788660 308
1788670 308
1788680 307
1788690 306
1788700 306
1788710 305
1788720 304
1788730 304
1788740 304
1788750 303
1788760 303
1788770 302
1788780 300
1788790 300
1788800 299
1788810 297
1788820 297
1788830 295
1788840 294
1788850 292
1788860 292
1788870 291
1788880 289
1788890 289
1788900 287
1788910 285
1788920 285
1788930 283
1788940 282
1788950 282
1788960 280
1788970 279
1788980 279
1788990 278
1789000 277
1789010 277
1789020 276
1789030 275
1789040 275
1789050 275
1789060 274
1789070 276
1789080 276
1789090 278
1789100 279
1789110 279
1789120 281
1789130 282
1789140 282
1789150 284
1789160 285
1789170 285
1789180 286
1789190 287
1789200 287
1789210 289
1789220 291
1789230 291
1789240 294
1789250 296
1789260 296
1789270 297
1789280 298
1789290 300
1789300 300
1789310 302
1789320 304
1789330 304
1789340 307
1789350 309
1789360 309
1789370 310
1789380 312
1789390 312
1789400 314
1789410 314
1789420 314
1789430 315
1789440 315
1789450 315
1789460 315
1789470 315
1789480 315
1789490 315
1789500 315
1789510 315
1789520 315
1789530 315
1789540 315
1789550 315
1789560 315
1789570 315
1789580 315
1789590 315
1789600 315
1789610 315
1789620 315
1789630 315
1789640 315
1789650 315
1789660 315
1789670 315
1789680 315
1789690 315
1789700 315
1789710 315
1789720 315
1789730 315
1789740 315
1789750 315
1789760 315
1789770 315
1789780 314
1789790 314
1789800 314
1789810 314
1789820 314
1789830 314
1789840 315
1789850 314
1789860 314
1789870 314
1789880 314
1789890 314
1789900 314
1789910 314
1789920 314
1789930 314
1789940 314
1789950 314
1789960 314
1789970 314
1789980 314
1789990 314
1790000 314
1790010 313
1790020 313
1790030 312
1790040 309
1790050 309
1790060 301
1790070 300
1790080 300
1790090 296
1790100 295
1790110 295
1790120 292
1790130 291
1790140 290
1790150 290
1790160 290
1790170 289
1790180 289
1790190 288
1790200 287
1790210 287
1790220 286
1790230 285
1790240 285
1790250 282
1790260 282
1790270 282
1790280 281
1790290 279
1790300 279
1790310 279
1790320 277
1790330 277
1790340 275
1790350 274
1790360 274
1790370 274
1790380 272
1790390 271
1790400 271
1790410 271
1790420 271
1790430 271
1790440 272
1790450 271
1790460 271
1790470 270
1790480 270
1790490 270
1790500 269
1790510 269
1790520 269
1790530 269
1790540 269
1790550 269
1790560 268
1790570 267
1790580 268
1790590 268
1790600 268
1790610 268
1790620 268
1790630 268
1790640 271
1790650 271
1790660 272
1790670 272
1790680 272
1790690 271
1790700 270
1790710 270
1790720 269
1790730 266
1790740 266
1790750 262
1790760 261
1790770 261
1790780 261
1790790 260
1790800 256
1790810 256
1790820 257
1790830 257
1790840 257
1790850 256
1790860 256
1790870 256
1790880 252
1790890 254
1790900 254
1790910 254
1790920 254
1790930 254
1790940 254
1790950 254
1790960 254
1790970 256
1790980 256
1790990 256
1791000 255
1791010 255
1791020 255
1791030 255
1791040 255
1791050 255
1791060 255
1791070 255
1791080 255
1791090 255
1791100 255
1791110 255
1791120 255
1791130 255
1791140 255
1791150 255
1791160 255
1791170 255
1791180 255
1791190 254
1791200 254
1791210 254
1791220 253
1791230 252
1791240 253
1791250 253
1791260 253
1791270 252
1791280 252
1791290 253
1791300 253
1791310 253
1791320 253
1791330 253
1791340 253
1791350 253
1791360 253
1791370 253
1791380 253
1791390 250
1791400 250
1791410 253
1791420 253
1791430 253
1791440 254
1791450 254
1791460 254
1791470 254
1791480 254
1791490 254
1791500 254
1791510 254
1791520 254
1791530 254
1791540 254
1791550 254
1791560 254
1791570 254
1791580 254
1791590 254
1791600 254
1791610 254
1791620 254
1791630 254
1791640 254
1791650 254
1791660 254
1791670 254
1791680 254
1791690 254
1791700 254
1791710 254
1791720 254
1791730 254
1791740 254
1791750 254
1791760 254
1791770 254
1791780 254
1791790 254
1791800 254
1791810 254
1791820 254
1791830 254
1791840 254
1791850 254
1791860 254
1791870 254
1791880 254
1791890 254
1791900 254
1791910 254
1791920 254
1791930 254
1791940 254
1791950 254
1791960 254
1791970 254
1791980 255
1791990 254
1792000 254
1792010 254
1792020 254
1792030 254
1792040 254
1792050 254
1792060 254
1792070 254
1792080 254
1792090 254
1792100 254
1792110 254
1792120 254
1792130 254
1792140 254
1792150 254
1792160 254
1792170 254
1792180 254
1792190 254
1792200 253
1792210 254
1792220 254
1792230 254
1792240 254
1792250 254
1792260 254
1792270 254
1792280 254
1792290 254
1792300 254
1792310 254
1792320 254
1792330 253
1792340 254
1792350 254
1792360 254
1792370 254
1792380 254
1792390 253
1792400 254
1792410 254
1792420 254
1792430 254
1792440 254
1792450 254
1792460 254
1792470 254
1792480 254
1792490 254
1792500 254
1792510 254
1792520 254
1792530 254
1792540 254
1792550 254
1792560 254
1792570 254
1792580 254
1792590 254
1792600 254
1792610 254
1792620 255
1792630 255
1792640 254
1792650 254
1792660 254
1792670 254
1792680 254
1792690 254
1792700 254
1792710 254
1792720 254
1792730 254
1792740 254
1792750 254
1792760 254
1792770 254
1792780 255
1792790 255
1792800 255
1792810 255
1792820 255
1792830 255
1792840 255
1792850 255
1792860 255
1792870 255
1792880 255
1792890 255
1792900 256
1792910 256
1792920 256
1792930 256
1792940 256
1792950 256
1792960 256
1792970 256
1792980 256
1792990 256
1793000 256
1793010 256
1793020 256
1793030 257
1793040 257
1793050 257
1793060 257
1793070 257
1793080 257
1793090 257
1793100 257
1793110 257
1793120 257
1793130 257
1793140 257
1793150 258
1793160 258
1793170 258
1793180 258
1793190 258
1793200 258
1793210 258
1793220 258
1793230 258
1793240 259
1793250 259
1793260 259
1793270 259
1793280 259
1793290 259
1793300 259
1793310 260
1793320 260
1793330 260
1793340 260
1793350 260
1793360 260
1793370 260
1793380 260
1793390 260
1793400 261
1793410 261
1793420 261
1793430 262
1793440 262
1793450 262
1793460 262
1793470 263
1793480 263
1793490 263
1793500 263
1793510 263
1793520 263
1793530 263
1793540 263
1793550 264
1793560 264
1793570 264
1793580 263
1793590 265
1793600 265
1793610 265
1793620 265
1793630 265
1793640 266
1793650 266
1793660 267
1793670 267
1793680 267
1793690 268
1793700 268
1793710 268
1793720 269
1793730 269
1793740 270
1793750 271
1793760 271
1793770 274
1793780 275
1793790 275
1793800 276
1793810 278
1793820 278
1793830 279
1793840 281
1793850 283
1793860 283
1793870 282
1793880 283
1793890 283
1793900 286
1793910 287
1793920 287
1793930 288
1793940 290
1793950 290
1793960 291
1793970 292
1793980 292
1793990 293
1794000 294
1794010 294
1794020 296
1794030 298
1794040 298
1794050 299
1794060 299
1794070 301
1794080 301
1794090 302
1794100 304
1794110 304
1794120 305
1794130 306
1794140 306
1794150 306
1794160 309
1794170 309
1794180 310
1794190 311
1794200 311
1794210 311
1794220 311
1794230 311
1794240 312
1794250 312
1794260 312
1794270 313
1794280 314
1794290 312
1794300 312
1794310 311
1794320 309
1794330 309
1794340 307
1794350 306
1794360 306
1794370 304
1794380 303
1794390 303
1794400 301
1794410 301
1794420 301
1794430 300
1794440 299
1794450 299
1794460 297
1794470 296
1794480 296
1794490 296
1794500 296
1794510 297
1794520 297
1794530 297
1794540 298
1794550 298
1794560 299
1794570 300
1794580 300
1794590 301
1794600 302
1794610 302
1794620 302
1794630 303
1794640 303
1790990 256
1791000 255
1791010 255
1791020 255
1791030 255
1791040 255
1791050 255
1791060 255
1791070 255
1791080 255
1791090 255
1791100 255
1791110 255
1791120 255
1791130 255
1791140 255
1791150 255
1791160 255
1791170 255
1791180 254
1791190 254
1791200 254
1791210 254
1791220 253
1791230 253
1791240 253
1791250 252
1791260 252
1791270 252
1791280 252
1791290 252
1791300 252
1791310 253
1791320 253
1791330 253
1791340 253
1791350 253
1791360 253
1791370 253
1791380 252
1791390 252
1791400 251
1791410 252
1791420 253
1791430 253
1791440 253
1791450 254
1791460 254
1791470 254
1791480 254
1791490 254
1791500 254
1791510 254
1791520 254
1791530 254
1791540 254
1791550 254
1791560 254
1791570 254
1791580 254
1791590 254
1791600 254
1791610 254
1791620 254
1791630 254
1791640 254
1791650 254
1791660 254
1791670 254
1791680 254
1791690 254
1791700 254
1791710 254
1791720 254
1791730 254
1791740 254
1791750 254
1791760 254
1791770 254
1791780 254
1791790 254
1791800 254
1791810 254
1791820 254
1791830 254
1791840 254
1791850 254
1791860 254
1791870 254
1791880 254
1791890 254
1791900 254
1791910 254
1791920 254
1791930 254
1791940 254
1791950 254
1791960 254
1791970 254
1791980 254
1791990 254
1792000 254
1792010 254
1792020 254
1792030 254
1792040 254
1792050 254
1792060 254
1792070 254
1792080 254
1792090 254
1792100 254
1792110 254
1792120 254
1792130 254
1792140 254
1792150 254
1792160 254
1792170 254
1792180 254
1792190 254
1792200 254
1792210 254
1792220 254
1792230 254
1792240 254
1792250 254
1792260 254
1792270 254
1792280 254
1792290 254
1792300 254
1792310 254
1792320 253
1792330 253
1792340 253
1792350 254
1792360 254
1792370 254
1792380 254
1792390 254
1792400 254
1792410 254
1792420 254
1792430 254
1792440 254
1792450 254
1792460 254
1792470 254
1792480 254
1792490 254
1792500 254
1792510 254
1792520 254
1792530 254
1792540 254
1792550 254
1792560 254
1792570 254
1792580 254
1792590 254
1792600 254
1792610 254
1792620 254
1792630 254
1792640 254
1792650 254
1792660 254
1792670 254
1792680 254
1792690 254
1792700 254
1792710 254
1792720 254
1792730 254
1792740 254
1792750 254
1792760 255
1792770 255
1792780 255
1792790 255
1792800 255
1792810 255
1792820 255
1792830 255
1792840 255
1792850 255
1792860 255
1792870 255
1792880 255
1792890 256
1792900 256
1792910 256
1792920 256
1792930 256
1792940 256
1792950 256
1792960 256
1792970 256
1792980 256
1792990 256
1793000 256
1793010 256
1793020 256
1793030 257
1793040 257
1793050 257
1793060 257
1793070 257
1793080 257
1793090 257
1793100 257
1793110 257
1793120 257
1793130 257
1793140 257
1793150 257
1793160 258
1793170 258
1793180 258
1793190 258
1793200 258
1793210 258
1793220 258
1793230 258
1793240 258
1793250 259
1793260 259
1793270 259
1793280 259
1793290 259
1793300 259
1793310 259
1793320 259
1793330 260
1793340 260
1793350 260
1793360 260
1793370 260
1793380 260
1793390 260
1793400 260
1793410 260
1793420 261
1793430 261
1793440 262
1793450 262
1793460 262
1793470 262
1793480 262
1793490 263
1793500 263
1793510 263
1793520 263
1793530 263
1793540 263
1793550 263
1793560 263
1793570 263
1793580 263
1793590 264
1793600 264
1793610 265
1793620 265
1793630 265
1793640 266
1793650 266
1793660 266
1793670 267
1793680 267
1793690 267
1793700 268
1793710 268
1793720 269
1793730 269
1793740 270
1793750 270
1793760 271
1793770 272
1793780 274
1793790 275
1793800 276
1793810 277
1793820 278
1793830 279
1793840 280
1793850 281
1793860 282
1793870 282
1793880 283
1793890 284
1793900 285
1793910 286
1793920 287
1793930 288
1793940 289
1793950 290
1793960 290
1793970 291
1793980 292
1793990 293
1794000 293
1794010 294
1794020 295
1794030 296
1794040 297
1794050 298
1794060 299
1794070 300
1794080 300
1794090 301
1794100 302
1794110 303
1794120 304
1794130 305
1794140 306
1794150 306
1794160 307
1794170 308
1794180 309
1794190 310
1794200 311
1794210 311
1794220 311
1794230 312
1794240 312
1794250 312
1794260 312
1794270 313
1794280 313
1794290 313
1794300 312
1794310 311
1794320 310
1794330 309
1794340 308
1794350 307
1794360 306
1794370 305
1794380 303
1794390 302
1794400 302
1794410 301
1794420 301
1794430 300
1794440 299
1794450 298
1794460 298
1794470 297
1794480 296
1794490 296
1794500 296
1794510 297
1794520 297
1794530 297
1794540 298
1794550 298
1794560 299
1794570 299
1794580 300
1794590 301
1794600 301
1794610 302
1794620 302
1794630 303
1794640 303
1794650 304
1794660 305
1794670 306
1794680 307
1794690 309
1794700 311
1794710 313
1794720 315
1794730 317
1794740 318
1794750 319
1794760 321
1794770 322
1794780 324
1794790 325
1794800 326
1794810 328
1794820 330
1794830 332
1794840 333
1794850 334
1794860 336
1794870 337
1794880 338
1794890 339
1794900 340
1794910 341
1794920 342
1794930 344
1794940 347
1794950 347
1794960 349
1794970 350
1794980 352
1794990 354
1795000 355
1795010 356
1795020 358
1795030 359
1795040 360
1795050 360
1795060 360
1795070 360
1795080 360
1795090 359
1795100 359
1795110 358
1795120 358
1795130 356
1795140 355
1795150 354
1795160 352
1795170 350
1795180 347
1795190 344
1795200 341
1795210 339
1795220 338
1795230 336
1795240 335
1795250 335
1795260 335
1795270 334
1795280 333
1795290 331
1795300 330
1795310 328
1795320 328
1795330 327
1795340 326
1795350 326
1795360 325
1795370 324
1795380 323
1795390 322
1795400 321
1795410 320
1795420 319
1795430 318
1795440 317
1795450 316
1795460 315
1795470 314
1795480 313
1795490 313
1795500 312
1795510 311
1795520 310
1795530 309
1795540 308
1795550 307
1795560 307
1795570 306
1795580 305
1795590 305
1795600 304
1795610 303
1795620 302
1795630 301
1795640 300
1795650 299
1795660 298
1795670 297
1795680 296
1795690 296
1795700 294
1795710 293
1795720 292
1795730 292
1795740 291
1795750 290
1795760 290
1795770 289
1795780 288
1795790 288
1795800 288
1795810 288
1795820 287
1795830 287
1795840 287
1795850 287
1795860 288
1795870 289
1795880 291
1795890 291
1795900 292
1795910 293
1795920 294
1795930 294
1795940 295
1795950 295
1795960 295
1795970 294
1795980 293
1795990 294
1796000 294
1796010 295
1796020 296
1796030 296
1796040 297
1796050 298
1796060 299
1796070 300
1796080 301
1796090 301
1796100 302
1796110 302
1796120 302
1796130 303
1796140 303
1796150 303
1796160 303
1796170 303
1796180 302
1796190 302
1796200 302
1796210 301
1796220 300
1796230 299
1796240 299
1796250 299
1796260 299
1796270 298
1796280 298
1796290 297
1796300 296
1796310 296
1796320 295
1796330 294
1796340 294
1796350 293
1796360 292
1796370 292
1796380 291
1796390 290
1796400 290
1796410 289
1796420 288
1796430 287
1796440 287
1796450 286
1796460 284
1796470 283
1796480 282
1796490 281
1796500 281
1796510 280
1796520 279
1796530 278
1796540 278
1796550 277
1796560 277
1796570 276
1796580 276
1796590 275
1796600 275
1796610 275
1796620 274
1796630 274
1796640 273
1796650 272
1796660 272
1796670 271
1796680 271
1796690 271
1796700 271
1796710 271
1796720 271
1796730 270
1796740 270
1796750 270
1796760 270
1796770 270
1796780 270
1796790 270
1796800 270
1796810 270
1796820 269
1796830 269
1796840 269
1796850 269
1796860 269
1796870 269
1796880 269
1796890 269
1796900 269
1796910 269
1796920 269
1796930 269
1796940 269
1796950 269
1796960 269
1796970 269
1796980 269
1796990 268
1797000 268
1797010 268
1797020 268
1797030 268
1797040 268
1797050 268
1797060 268
1797070 268
1797080 267
1797090 267
1797100 267
1797110 267
1797120 267
1797130 267
1797140 267
1797150 267
1797160 267
1797170 267
1797180 267
1797190 267
1797200 267
1797210 267
1797220 267
1797230 267
1797240 267
1797250 267
1797260 267
1797270 267
1797280 267
1797290 267
1797300 267
1797310 267
1797320 267
1797330 267
1797340 267
1797350 267
1797360 267
1797370 268
1797380 268
1797390 269
1797400 270
1797410 271
1797420 271
1797430 272
1797440 272
1797450 273
1797460 273
1797470 273
1797480 272
1797490 272
1797500 272
1797510 272
1797520 272
1797530 272
1797540 271
1797550 271
1797560 271
1797570 271
1797580 272
1797590 272
1797600 272
1797610 272
1797620 272
1797630 272
1797640 273
1797650 273
1797660 273
1797670 273
1797680 273
1797690 273
1797700 273
1797710 273
1797720 273
1797730 273
1797740 273
1797750 273
1797760 273
1797770 273
1797780 273
1797790 273
1797800 273
1797810 273
1797820 273
1797830 273
1797840 274
1797850 274
1797860 274
1797870 274
1797880 275
1797890 275
1797900 275
1797910 276
1797920 276
1797930 276
1797940 276
1797950 276
1797960 276
1797970 276
1797980 276
1797990 276
1798000 276
1798010 276
1798020 276
1798030 276
1798040 276
1798050 276
1798060 276
1798070 276
1798080 276
1798090 276
1798100 276
1798110 276
1798120 275
1798130 275
1798140 275
1798150 275
1798160 275
1798170 275
1798180 275
1798190 274
1798200 273
1798210 273
1798220 273
1798230 273
1798240 272
1798250 272
1798260 272
1798270 272
1798280 271
1798290 270
1798300 270
1798310 269
1798320 268
1798330 268
1798340 267
1798350 267
1798360 266
1798370 265
1798380 265
1798390 264
1798400 264
1798410 263
1798420 263
1798430 263
1798440 263
1798450 263
1798460 263
1798470 263
1798480 263
1798490 263
1798500 263
1798510 263
1798520 263
1798530 263
1798540 264
1798550 265
1798560 266
1798570 267
1798580 268
1798590 269
1798600 270
1798610 270
1798620 271
1798630 272
1798640 273
1798650 273
1798660 274
1798670 274
1798680 274
1798690 274
1798700 274
1798710 274
1798720 274
1798730 273
1798740 273
1798750 273
1798760 273
1798770 273
1798780 273
1798790 274
1798800 274
1798810 274
1798820 275
1798830 275
1798840 276
1798850 276
1798860 276
1798870 277
1798880 277
1798890 277
1798900 277
1798910 277
1798920 277
1798930 277
1798940 277
1798950 278
1798960 278
1798970 278
1798980 279
1798990 279
1799000 280
1799010 280
1799020 280
1799030 280
1799040 280
1799050 280
1799060 280
1799070 280
1799080 279
1799090 279
1799100 279
1799110 279
1799120 279
1799130 279
1799140 279
1799150 279
1799160 278
1799170 278
1799180 278
1799190 278
1799200 277
1799210 277
1799220 277
1799230 276
1799240 276
1799250 276
1799260 275
1799270 275
1799280 275
1799290 274
1799300 274
1799310 274
1799320 273
1799330 273
1799340 272
1799350 272
1799360 272
1799370 271
1799380 271
1799390 271
1799400 270
1799410 270
1799420 270
1799430 269
1799440 269
1799450 268
1799460 268
1799470 268
1799480 267
1799490 267
1799500 266
1799510 266
1799520 266
1799530 265
1799540 265
1799550 265
1799560 264
1799570 264
1799580 264
1799590 264
1799600 263
1799610 263
1799620 263
1799630 262
1799640 262
1799650 262
1799660 261
1799670 261
1799680 261
1799690 260
1799700 260
1799710 259
1799720 258
1799730 258
1799740 258
1799750 258
1799760 257
1799770 257
1799780 256
1799790 256
1799800 255
1799810 255
1799820 255
1799830 255
1799840 254
1799850 254
1799860 254
1799870 254
1799880 254
1799890 254
1799900 254
1799910 254
1799920 254
1799930 254
1799940 254
1799950 254
1799960 254
1799970 254
1799980 254
1799990 254
