1780000 272
1780010 272
1780020 272
1780030 271
1780040 271
1780050 271
1780060 272
1780070 272
1780080 272
1780090 272
1780100 272
1780110 272
1780120 272
1780130 272
1780140 272
1780150 272
1780160 272
1780170 272
1780180 271
1780190 271
1780200 271
1780210 271
1780220 271
1780230 271
1780240 272
1780250 271
1780260 271
1780270 271
1780280 271
1780290 271
1780300 271
1780310 269
1780320 270
1780330 270
1780340 272
1780350 272
1780360 272
1780370 272
1780380 272
1780390 272
1780400 271
1780410 271
1780420 271
1780430 271
1780440 271
1780450 271
1780460 271
1780470 271
1780480 271
1780490 271
1780500 271
1780510 271
1780520 271
1780530 271
1780540 271
1780550 271
1780560 271
1780570 271
1780580 271
1780590 271
1780600 271
1780610 271
1780620 271
1780630 271
1780640 271
1780650 271
1780660 271
1780670 271
1780680 271
1780690 271
1780700 271
1780710 271
1780720 271
1780730 271
1780740 271
1780750 270
1780760 271
1780770 271
1780780 271
1780790 271
1780800 271
1780810 271
1780820 271
1780830 271
1780840 271
1780850 271
1780860 271
1780870 271
1780880 271
1780890 271
1780900 271
1780910 271
1780920 271
1780930 272
1780940 271
1780950 272
1780960 272
1780970 272
1780980 272
1780990 272
1781000 272
1781010 271
1781020 271
1781030 271
1781040 271
1781050 271
1781060 271
1781070 271
1781080 271
1781090 271
1781100 271
1781110 271
1781120 271
1781130 271
1781140 271
1781150 270
1781160 271
1781170 271
1781180 271
1781190 271
1781200 270
1781210 270
1781220 270
1781230 270
1781240 270
1781250 270
1781260 270
1781270 270
1781280 270
1781290 270
1781300 270
1781310 270
1781320 270
1781330 270
1781340 270
1781350 270
1781360 270
1781370 270
1781380 270
1781390 270
1781400 270
1781410 271
1781420 271
1781430 271
1781440 270
1781450 270
1781460 270
1781470 270
1781480 270
1781490 270
1781500 270
1781510 270
1781520 270
1781530 270
1781540 270
1781550 270
1781560 270
1781570 270
1781580 270
1781590 270
1781600 270
1781610 270
1781620 270
1781630 270
1781640 270
1781650 270
1781660 270
1781670 270
1781680 270
1781690 270
1781700 270
1781710 270
1781720 270
1781730 270
1781740 270
1781750 270
1781760 269
1781770 269
1781780 268
1781790 267
1781800 267
1781810 267
1781820 267
1781830 267
1781840 267
1781850 267
1781860 267
1781870 267
1781880 267
1781890 267
1781900 267
1781910 267
1781920 267
1781930 267
1781940 267
1781950 269
1781960 269
1781970 269
1781980 270
1781990 270
1782000 270
1782010 273
1782020 273
1782030 270
1782040 270
1782050 270
1782060 270
1782070 270
1782080 270
1782090 270
1782100 272
1782110 271
1782120 271
1782130 272
1782140 272
1782150 272
1782160 270
1782170 270
1782180 270
1782190 270
1782200 272
1782210 272
1782220 271
1782230 272
1782240 272
1782250 271
1782260 270
1782270 270
1782280 270
1782290 271
1782300 273
1782310 273
1782320 271
1782330 270
1782340 270
1782350 270
1782360 270
1782370 270
1782380 270
1782390 270
1782400 270
1782410 270
1782420 270
1782430 270
1782440 270
1782450 270
1782460 270
1782470 270
1782480 270
1782490 270
1782500 270
1782510 270
1782520 270
1782530 270
1782540 270
1782550 270
1782560 270
1782570 270
1782580 270
1782590 270
1782600 270
1782610 270
1782620 270
1782630 270
1782640 270
1782650 270
1782660 270
1782670 270
1782680 270
1782690 270
1782700 270
1782710 269
1782720 269
1782730 269
1782740 269
1782750 269
1782760 270
1782770 270
1782780 270
1782790 270
1782800 270
1782810 270
1782820 269
1782830 270
1782840 270
1782850 270
1782860 270
1782870 270
1782880 269
1782890 269
1782900 269
1782910 269
1782920 269
1782930 269
1782940 269
1782950 269
1782960 269
1782970 269
1782980 269
1782990 269
1783000 269
1783010 269
1783020 269
1783030 269
1783040 269
1783050 269
1783060 269
1783070 269
1783080 269
1783090 269
1783100 269
1783110 269
1783120 269
1783130 269
1783140 269
1783150 269
1783160 269
1783170 269
1783180 269
1783190 269
1783200 269
1783210 269
1783220 269
1783230 269
1783240 269
1783250 269
1783260 269
1783270 269
1783280 269
1783290 269
1783300 269
1783310 269
1783320 269
1783330 269
1783340 269
1783350 269
1783360 269
1783370 269
1783380 269
1783390 269
1783400 269
1783410 269
1783420 270
1783430 270
1783440 270
1783450 270
1783460 270
1783470 270
1783480 270
1783490 270
1783500 270
1783510 270
1783520 270
1783530 270
1783540 270
1783550 270
1783560 270
1783570 270
1783580 270
1783590 269
1783600 269
1783610 269
1783620 269
1783630 269
1783640 270
1783650 270
1783660 270
1783670 270
1783680 269
1783690 269
1783700 269
1783710 269
1783720 269
1783730 269
1783740 269
1783750 269
1783760 269
1783770 269
1783780 269
1783790 269
1783800 269
1783810 269
1783820 269
1783830 269
1783840 269
1783850 269
1783860 269
1783870 269
1783880 269
1783890 269
1783900 269
1783910 269
1783920 268
1783930 268
1783940 268
1783950 268
1783960 268
1783970 268
1783980 268
1783990 268
1784000 268
1784010 268
1784020 268
1784030 267
1784040 267
1784050 268
1784060 268
1784070 268
1784080 268
1784090 268
1784100 268
1784110 268
1784120 268
1784130 268
1784140 268
1784150 268
1784160 268
1784170 268
1784180 268
1784190 268
1784200 268
1784210 268
1784220 268
1784230 268
1784240 268
1784250 268
1784260 268
1784270 268
1784280 268
1784290 268
1784300 267
1784310 267
1784320 267
1784330 268
1784340 267
1784350 267
1784360 267
1784370 267
1784380 267
1784390 267
1784400 267
1784410 267
1784420 267
1784430 267
1784440 267
1784450 267
1784460 267
1784470 267
1784480 267
1784490 267
1784500 267
1784510 267
1784520 267
1784530 267
1784540 267
1784550 267
1784560 267
1784570 267
1784580 267
1784590 267
1784600 267
1784610 267
1784620 267
1784630 267
1784640 267
1784650 266
1784660 266
1784670 266
1784680 266
1784690 266
1784700 266
1784710 266
1784720 266
1784730 266
1784740 266
1784750 266
1784760 266
1784770 266
1784780 266
1784790 266
1784800 263
1784810 265
1784820 265
1784830 265
1784840 265
1784850 265
1784860 265
1784870 265
1784880 265
1784890 265
1784900 265
1784910 265
1784920 265
1784930 265
1784940 265
1784950 265
1784960 266
1784970 266
1784980 266
1784990 266
1785000 266
1785010 266
1785020 266
1785030 266
1785040 266
1785050 266
1785060 266
1785070 266
1785080 266
1785090 266
1785100 266
1785110 266
1785120 266
1785130 266
1785140 266
1785150 266
1785160 265
1785170 265
1785180 265
1785190 265
1785200 265
1785210 265
1785220 265
1785230 265
1785240 265
1785250 265
1785260 265
1785270 265
1785280 265
1785290 265
1785300 265
1785310 265
1785320 265
1785330 265
1785340 265
1785350 265
1785360 265
1785370 264
1785380 264
1785390 264
1785400 263
1785410 263
1785420 263
1785430 263
1785440 263
1785450 263
1785460 263
1785470 263
1785480 263
1785490 263
1785500 264
1785510 264
1785520 263
1785530 263
1785540 263
1785550 263
1785560 263
1785570 263
1785580 263
1785590 263
1785600 263
1785610 263
1785620 263
1785630 263
1785640 263
1785650 263
1785660 263
1785670 263
1785680 263
1785690 263
1785700 263
1785710 264
1785720 264
1785730 264
1785740 264
1785750 264
1785760 264
1785770 264
1785780 264
1785790 264
1785800 264
1785810 265
1785820 265
1785830 265
1785840 265
1785850 265
1785860 265
1785870 265
1785880 265
1785890 265
1785900 265
1785910 265
1785920 265
1785930 265
1785940 265
1785950 265
1785960 265
1785970 266
1785980 266
1785990 266
1786000 266
1786010 266
1786020 266
1786030 265
1786040 265
1786050 265
1786060 265
1786070 265
1786080 265
1786090 265
1786100 265
1786110 265
1786120 265
1786130 265
1786140 265
1786150 265
1786160 266
1786170 266
1786180 266
1786190 266
1786200 265
1786210 265
1786220 265
1786230 265
1786240 265
1786250 265
1786260 264
1786270 264
1786280 264
1786290 264
1786300 264
1786310 264
1786320 264
1786330 264
1786340 265
1786350 265
1786360 265
1786370 266
1786380 266
1786390 266
1786400 266
1786410 266
1786420 266
1786430 266
1786440 266
1786450 266
1786460 266
1786470 266
1786480 266
1786490 266
1786500 266
1786510 266
1786520 266
1786530 266
1786540 265
1786550 265
1786560 265
1786570 265
1786580 265
1786590 265
1786600 265
1786610 265
1786620 265
1786630 265
1786640 265
1786650 265
1786660 265
1786670 265
1786680 265
1786690 265
1786700 265
1786710 265
1786720 265
1786730 265
1786740 265
1786750 265
1786760 265
1786770 265
1786780 265
1786790 265
1786800 265
1786810 264
1786820 264
1786830 264
1786840 264
1786850 264
1786860 264
1786870 264
1786880 264
1786890 265
1786900 265
1786910 265
1786920 265
1786930 265
1786940 265
1786950 265
1786960 265
1786970 265
1786980 265
1786990 265
1787000 265
1787010 265
1787020 265
1787030 265
1787040 265
1787050 265
1787060 265
1787070 265
1787080 265
1787090 265
1787100 265
1787110 265
1787120 265
1787130 265
1787140 265
1787150 265
1787160 266
1787170 266
1787180 266
1787190 266
1787200 266
1787210 266
1787220 266
1787230 266
1787240 266
1787250 266
1787260 266
1787270 266
1787280 266
1787290 266
1787300 265
1787310 265
1787320 265
1787330 264
1787340 264
1787350 264
1787360 263
1787370 263
1787380 263
1787390 263
1787400 263
1787410 263
1787420 263
1787430 263
1787440 263
1787450 263
1787460 263
1787470 263
1787480 263
1787490 263
1787500 263
1787510 263
1787520 263
1787530 263
1787540 262
1787550 262
1787560 262
1787570 262
1787580 262
1787590 262
1787600 262
1787610 262
1787620 262
1787630 263
1787640 262
1787650 262
1787660 262
1787670 262
1787680 262
1787690 262
1787700 262
1787710 263
1787720 263
1787730 263
1787740 264
1787750 264
1787760 264
1787770 264
1787780 264
1787790 264
1787800 265
1787810 265
1787820 264
1787830 264
1787840 264
1787850 264
1787860 264
1787870 264
1787880 264
1787890 264
1787900 264
1787910 264
1787920 264
1787930 263
1787940 263
1787950 263
1787960 263
1787970 263
1787980 263
1787990 264
1788000 264
1788010 264
1788020 264
1788030 264
1788040 264
1788050 264
1788060 264
1788070 264
1788080 264
1788090 264
1788100 264
1788110 264
1788120 264
1788130 264
1788140 264
1788150 264
1788160 264
1788170 264
1788180 264
1788190 264
1788200 264
1788210 264
1788220 264
1788230 264
1788240 264
1788250 264
1788260 264
1788270 264
1788280 264
1788290 264
1788300 264
1788310 264
1788320 264
1788330 264
1788340 264
1788350 264
1788360 264
1788370 264
1788380 264
1788390 264
1788400 264
1788410 264
1788420 264
1788430 264
1788440 264
1788450 264
1788460 264
1788470 264
1788480 264
1788490 264
1788500 264
1788510 264
1788520 264
1788530 264
1788540 264
1788550 265
1788560 265
1788570 265
1788580 265
1788590 265
1788600 265
1788610 265
1788620 265
1788630 265
1788640 266
1788650 266
1788660 266
1788670 266
1788680 266
1788690 266
1788700 266
1788710 266
1788720 266
1788730 266
1788740 266
1788750 266
1788760 266
1788770 266
1788780 266
1788790 266
1788800 266
1788810 266
1788820 266
1788830 266
1788840 266
1788850 266
1788860 266
1788870 266
1788880 266
1788890 266
1788900 266
1788910 266
1788920 265
1788930 265
1788940 265
1788950 264
1788960 265
1788970 265
1788980 265
1788990 266
1789000 266
1789010 266
1789020 266
1789030 266
1789040 266
1789050 266
1789060 266
1789070 266
1789080 266
1789090 266
1789100 266
1789110 266
1789120 266
1789130 266
1789140 266
1789150 266
1789160 266
1789170 266
1789180 265
1789190 265
1789200 265
1789210 265
1789220 265
1789230 265
1789240 265
1789250 265
1789260 265
1789270 265
1789280 265
1789290 265
1789300 265
1789310 265
1789320 265
1789330 265
1789340 265
1789350 265
1789360 265
1789370 265
1789380 265
1789390 265
1789400 265
1789410 265
1789420 265
1789430 265
1789440 265
1789450 265
1789460 265
1789470 265
1789480 265
1789490 265
1789500 265
1789510 265
1789520 265
1789530 265
1789540 265
1789550 265
1789560 265
1789570 265
1789580 265
1789590 265
1789600 265
1789610 265
1789620 265
1789630 265
1789640 266
1789650 266
1789660 266
1789670 266
1789680 266
1789690 267
1789700 267
1789710 267
1789720 268
1789730 268
1789740 268
1789750 269
1789760 269
1789770 269
1789780 269
1789790 269
1789800 269
1789810 268
1789820 268
1789830 269
1789840 268
1789850 268
1789860 268
1789870 268
1789880 267
1789890 267
1789900 267
1789910 267
1789920 267
1789930 268
1789940 268
1789950 268
1789960 268
1789970 268
1789980 268
1789990 268
1790000 268
1790010 268
1790020 269
1790030 270
1790040 270
1790050 270
1790060 270
1790070 270
1790080 271
1790090 271
1790100 270
1790110 270
1790120 270
1790130 273
1790140 273
1790150 273
1790160 273
1790170 273
1790180 273
1790190 273
1790200 273
1790210 274
1790220 273
1790230 273
1790240 274
1790250 275
1790260 275
1790270 275
1790280 275
1790290 275
1790300 275
1790310 275
1790320 275
1790330 275
1790340 274
1790350 273
1790360 273
1790370 273
1790380 272
1790390 272
1790400 273
1790410 270
1790420 270
1790430 270
1790440 271
1790450 271
1790460 271
1790470 271
1790480 271
1790490 271
1790500 271
1790510 271
1790520 271
1790530 268
1790540 267
1790550 267
1790560 266
1790570 265
1790580 265
1790590 266
1790600 266
1790610 266
1790620 264
1790630 261
1790640 261
1790650 259
1790660 258
1790670 258
1790680 258
1790690 257
1790700 257
1790710 256
1790720 255
1790730 255
1790740 255
1790750 255
1790760 254
1790770 254
1790780 255
1790790 255
1790800 255
1790810 255
1790820 254
1790830 254
1790840 252
1790850 252
1790860 252
1790870 255
1790880 254
1790890 254
1790900 254
1790910 254
1790920 254
1790930 254
1790940 254
1790950 254
1790960 254
1790970 254
1790980 254
1790990 254
1791000 254
1791010 254
1791020 254
1791030 254
1791040 254
1791050 254
1791060 254
1791070 253
1791080 253
1791090 253
1791100 253
1791110 253
1791120 253
1791130 253
1791140 253
1791150 253
1791160 253
1791170 253
1791180 253
1791190 253
1791200 253
1791210 253
1791220 253
1791230 253
1791240 253
1791250 253
1791260 253
1791270 253
1791280 253
1791290 253
1791300 253
1791310 253
1791320 252
1791330 252
1791340 249
1791350 250
1791360 250
1791370 251
1791380 252
1791390 252
1791400 252
1791410 252
1791420 252
1791430 252
1791440 252
1791450 252
1791460 252
1791470 252
1791480 252
1791490 252
1791500 252
1791510 252
1791520 252
1791530 252
1791540 253
1791550 253
1791560 253
1791570 253
1791580 253
1791590 253
1791600 253
1791610 253
1791620 253
1791630 253
1791640 253
1791650 253
1791660 253
1791670 253
1791680 253
1791690 253
1791700 253
1791710 253
1791720 253
1791730 253
1791740 253
1791750 253
1791760 253
1791770 253
1791780 253
1791790 252
1791800 252
1791810 252
1791820 253
1791830 253
1791840 253
1791850 252
1791860 252
1791870 252
1791880 252
1791890 252
1791900 252
1791910 252
1791920 252
1791930 252
1791940 252
1791950 252
1791960 252
1791970 252
1791980 252
1791990 252
1792000 252
1792010 252
1792020 252
1792030 252
1792040 252
1792050 252
1792060 252
1792070 252
1792080 252
1792090 252
1792100 252
1792110 252
1792120 252
1792130 252
1792140 252
1792150 252
1792160 252
1792170 252
1792180 252
1792190 252
1792200 252
1792210 252
1792220 252
1792230 252
1792240 252
1792250 252
1792260 252
1792270 252
1792280 252
1792290 252
1792300 252
1792310 252
1792320 252
1792330 252
1792340 252
1792350 252
1792360 252
1792370 252
1792380 252
1792390 252
1792400 252
1792410 252
1792420 252
1792430 252
1792440 252
1792450 252
1792460 252
1792470 252
1792480 251
1792490 252
1792500 252
1792510 252
1792520 252
1792530 252
1792540 251
1792550 252
1792560 252
1792570 252
1792580 252
1792590 252
1792600 252
1792610 252
1792620 252
1792630 252
1792640 252
1792650 252
1792660 251
1792670 252
1792680 252
1792690 252
1792700 252
1792710 252
1792720 252
1792730 252
1792740 252
1792750 252
1792760 252
1792770 252
1792780 252
1792790 252
1792800 252
1792810 252
1792820 252
1792830 252
1792840 252
1792850 251
1792860 252
1792870 252
1792880 252
1792890 252
1792900 252
1792910 252
1792920 252
1792930 252
1792940 252
1792950 252
1792960 252
1792970 252
1792980 252
1792990 252
1793000 252
1793010 252
1793020 252
1793030 252
1793040 252
1793050 252
1793060 252
1793070 252
1793080 252
1793090 252
1793100 252
1793110 252
1793120 252
1793130 253
1793140 253
1793150 253
1793160 253
1793170 253
1793180 253
1793190 253
1793200 253
1793210 253
1793220 253
1793230 253
1793240 254
1793250 254
1793260 254
1793270 254
1793280 254
1793290 254
1793300 254
1793310 254
1793320 254
1793330 254
1793340 255
1793350 255
1793360 255
1793370 255
1793380 255
1793390 255
1793400 255
1793410 255
1793420 255
1793430 256
1793440 256
1793450 256
1793460 256
1793470 256
1793480 256
1793490 256
1793500 256
1793510 257
1793520 257
1793530 257
1793540 257
1793550 257
1793560 258
1793570 258
1793580 258
1793590 258
1793600 258
1793610 259
1793620 260
1793630 260
1793640 261
1793650 261
1793660 261
1793670 261
1793680 261
1793690 261
1793700 262
1793710 262
1793720 262
1793730 263
1793740 263
1793750 263
1793760 264
1793770 265
1793780 265
1793790 265
1793800 267
1793810 267
1793820 267
1793830 268
1793840 269
1793850 269
1793860 270
1793870 271
1793880 271
1793890 272
1793900 273
1793910 273
1793920 274
1793930 275
1793940 275
1793950 275
1793960 276
1793970 276
1793980 277
1793990 278
1794000 278
1794010 278
1794020 278
1794030 279
1794040 279
1794050 276
1794060 271
1794070 271
1794080 270
1794090 269
1794100 269
1794110 270
1794120 270
1794130 270
1794140 270
1794150 271
1794160 271
1794170 271
1794180 271
1794190 271
1794200 271
1794210 272
1794220 273
1794230 273
1794240 276
1794250 278
1794260 278
1794270 280
1794280 283
1794290 283
1794300 286
1794310 288
1794320 288
1794330 290
1794340 289
1794350 289
1794360 291
1794370 290
1794380 290
1794390 292
1794400 294
1794410 294
1794420 298
1794430 302
1794440 305
1794450 305
1794460 307
1794470 309
1794480 309
1794490 311
1794500 312
1794510 312
1794520 314
1794530 316
1794540 316
1794550 319
1794560 321
1794570 321
1794580 322
1794590 324
1794600 324
1794610 326
1794620 327
1794630 327
1794640 329
1790960 254
1790970 254
1790980 254
1790990 254
1791000 254
1791010 254
1791020 254
1791030 254
1791040 254
1791050 253
1791060 253
1791070 253
1791080 253
1791090 253
1791100 253
1791110 253
1791120 253
1791130 253
1791140 253
1791150 253
1791160 253
1791170 253
1791180 253
1791190 253
1791200 253
1791210 253
1791220 253
1791230 253
1791240 253
1791250 253
1791260 253
1791270 253
1791280 253
1791290 253
1791300 253
1791310 253
1791320 253
1791330 251
1791340 250
1791350 250
1791360 250
1791370 251
1791380 252
1791390 252
1791400 252
1791410 252
1791420 252
1791430 252
1791440 252
1791450 252
1791460 252
1791470 252
1791480 252
1791490 252
1791500 252
1791510 252
1791520 252
1791530 252
1791540 252
1791550 252
1791560 253
1791570 253
1791580 253
1791590 253
1791600 253
1791610 253
1791620 253
1791630 253
1791640 253
1791650 253
1791660 253
1791670 253
1791680 253
1791690 253
1791700 253
1791710 253
1791720 253
1791730 253
1791740 253
1791750 253
1791760 253
1791770 253
1791780 253
1791790 253
1791800 253
1791810 253
1791820 253
1791830 253
1791840 253
1791850 253
1791860 252
1791870 252
1791880 252
1791890 252
1791900 252
1791910 252
1791920 252
1791930 252
1791940 252
1791950 252
1791960 252
1791970 252
1791980 252
1791990 252
1792000 252
1792010 252
1792020 252
1792030 252
1792040 252
1792050 252
1792060 252
1792070 252
1792080 252
1792090 252
1792100 252
1792110 252
1792120 252
1792130 252
1792140 252
1792150 252
1792160 252
1792170 252
1792180 252
1792190 252
1792200 252
1792210 252
1792220 252
1792230 252
1792240 252
1792250 252
1792260 252
1792270 252
1792280 252
1792290 252
1792300 252
1792310 252
1792320 252
1792330 252
1792340 252
1792350 252
1792360 252
1792370 252
1792380 252
1792390 252
1792400 252
1792410 252
1792420 252
1792430 252
1792440 252
1792450 252
1792460 252
1792470 252
1792480 252
1792490 251
1792500 252
1792510 252
1792520 252
1792530 252
1792540 252
1792550 252
1792560 252
1792570 252
1792580 252
1792590 252
1792600 252
1792610 252
1792620 252
1792630 252
1792640 252
1792650 252
1792660 252
1792670 252
1792680 252
1792690 252
1792700 252
1792710 252
1792720 252
1792730 252
1792740 252
1792750 252
1792760 252
1792770 252
1792780 252
1792790 252
1792800 252
1792810 252
1792820 252
1792830 252
1792840 252
1792850 252
1792860 252
1792870 252
1792880 252
1792890 252
1792900 252
1792910 252
1792920 252
1792930 252
1792940 252
1792950 252
1792960 252
1792970 252
1792980 252
1792990 252
1793000 252
1793010 252
1793020 252
1793030 252
1793040 252
1793050 252
1793060 252
1793070 252
1793080 252
1793090 252
1793100 252
1793110 252
1793120 252
1793130 252
1793140 253
1793150 253
1793160 253
1793170 253
1793180 253
1793190 253
1793200 253
1793210 253
1793220 253
1793230 253
1793240 253
1793250 254
1793260 254
1793270 254
1793280 254
1793290 254
1793300 254
1793310 254
1793320 254
1793330 254
1793340 254
1793350 255
1793360 255
1793370 255
1793380 255
1793390 255
1793400 255
1793410 255
1793420 255
1793430 255
1793440 255
1793450 256
1793460 256
1793470 256
1793480 256
1793490 256
1793500 256
1793510 256
1793520 257
1793530 257
1793540 257
1793550 257
1793560 257
1793570 257
1793580 258
1793590 258
1793600 258
1793610 259
1793620 259
1793630 260
1793640 260
1793650 261
1793660 261
1793670 261
1793680 261
1793690 261
1793700 262
1793710 262
1793720 262
1793730 263
1793740 263
1793750 263
1793760 264
1793770 264
1793780 265
1793790 265
1793800 266
1793810 266
1793820 267
1793830 267
1793840 268
1793850 268
1793860 269
1793870 269
1793880 270
1793890 270
1793900 271
1793910 272
1793920 272
1793930 273
1793940 274
1793950 275
1793960 276
1793970 276
1793980 277
1793990 277
1794000 278
1794010 278
1794020 279
1794030 279
1794040 279
1794050 278
1794060 276
1794070 273
1794080 272
1794090 271
1794100 270
1794110 270
1794120 270
1794130 270
1794140 270
1794150 271
1794160 271
1794170 271
1794180 271
1794190 271
1794200 271
1794210 271
1794220 272
1794230 273
1794240 274
1794250 276
1794260 277
1794270 279
1794280 280
1794290 282
1794300 283
1794310 285
1794320 287
1794330 288
1794340 289
1794350 289
1794360 290
1794370 291
1794380 291
1794390 292
1794400 294
1794410 295
1794420 297
1794430 299
1794440 301
1794450 303
1794460 304
1794470 306
1794480 308
1794490 309
1794500 310
1794510 312
1794520 313
1794530 314
1794540 316
1794550 317
1794560 319
1794570 320
1794580 321
1794590 322
1794600 324
1794610 325
1794620 326
1794630 327
1794640 328
1794650 329
1794660 330
1794670 331
1794680 331
1794690 331
1794700 330
1794710 329
1794720 329
1794730 328
1794740 327
1794750 327
1794760 326
1794770 325
1794780 324
1794790 323
1794800 323
1794810 322
1794820 321
1794830 320
1794840 319
1794850 317
1794860 315
1794870 313
1794880 311
1794890 310
1794900 310
1794910 309
1794920 308
1794930 308
1794940 307
1794950 307
1794960 306
1794970 306
1794980 305
1794990 305
1795000 304
1795010 303
1795020 303
1795030 302
1795040 301
1795050 300
1795060 299
1795070 299
1795080 298
1795090 298
1795100 298
1795110 298
1795120 298
1795130 299
1795140 300
1795150 302
1795160 303
1795170 304
1795180 305
1795190 306
1795200 308
1795210 309
1795220 311
1795230 312
1795240 314
1795250 315
1795260 317
1795270 318
1795280 320
1795290 322
1795300 323
1795310 324
1795320 326
1795330 327
1795340 329
1795350 330
1795360 332
1795370 334
1795380 336
1795390 338
1795400 340
1795410 342
1795420 344
1795430 345
1795440 346
1795450 346
1795460 347
1795470 348
1795480 349
1795490 351
1795500 352
1795510 353
1795520 354
1795530 356
1795540 357
1795550 358
1795560 359
1795570 359
1795580 359
1795590 359
1795600 358
1795610 357
1795620 355
1795630 354
1795640 352
1795650 351
1795660 349
1795670 348
1795680 346
1795690 345
1795700 344
1795710 343
1795720 342
1795730 341
1795740 341
1795750 340
1795760 340
1795770 339
1795780 338
1795790 338
1795800 337
1795810 336
1795820 336
1795830 336
1795840 335
1795850 335
1795860 334
1795870 334
1795880 333
1795890 332
1795900 332
1795910 331
1795920 330
1795930 330
1795940 329
1795950 328
1795960 327
1795970 327
1795980 326
1795990 326
1796000 326
1796010 326
1796020 325
1796030 325
1796040 324
1796050 324
1796060 323
1796070 323
1796080 323
1796090 322
1796100 322
1796110 322
1796120 322
1796130 321
1796140 321
1796150 321
1796160 321
1796170 320
1796180 320
1796190 320
1796200 320
1796210 320
1796220 320
1796230 319
1796240 319
1796250 319
1796260 319
1796270 319
1796280 318
1796290 318
1796300 318
1796310 318
1796320 318
1796330 318
1796340 318
1796350 318
1796360 318
1796370 318
1796380 318
1796390 317
1796400 317
1796410 317
1796420 317
1796430 318
1796440 318
1796450 318
1796460 318
1796470 318
1796480 318
1796490 318
1796500 317
1796510 317
1796520 317
1796530 318
1796540 318
1796550 318
1796560 318
1796570 318
1796580 318
1796590 318
1796600 319
1796610 319
1796620 319
1796630 319
1796640 319
1796650 319
1796660 320
1796670 320
1796680 320
1796690 320
1796700 320
1796710 320
1796720 319
1796730 319
1796740 319
1796750 320
1796760 320
1796770 321
1796780 321
1796790 321
1796800 322
1796810 322
1796820 323
1796830 324
1796840 324
1796850 324
1796860 325
1796870 326
1796880 326
1796890 326
1796900 326
1796910 325
1796920 325
1796930 324
1796940 323
1796950 323
1796960 322
1796970 322
1796980 321
1796990 321
1797000 320
1797010 319
1797020 319
1797030 319
1797040 319
1797050 317
1797060 316
1797070 314
1797080 314
1797090 314
1797100 315
1797110 315
1797120 315
1797130 316
1797140 316
1797150 316
1797160 315
1797170 314
1797180 313
1797190 312
1797200 311
1797210 311
1797220 310
1797230 309
1797240 309
1797250 308
1797260 307
1797270 307
1797280 307
1797290 306
1797300 305
1797310 305
1797320 305
1797330 305
1797340 305
1797350 306
1797360 307
1797370 308
1797380 310
1797390 310
1797400 310
1797410 311
1797420 311
1797430 311
1797440 312
1797450 313
1797460 313
1797470 314
1797480 315
1797490 316
1797500 316
1797510 317
1797520 318
1797530 319
1797540 320
1797550 322
1797560 325
1797570 327
1797580 328
1797590 330
1797600 331
1797610 333
1797620 334
1797630 335
1797640 336
1797650 337
1797660 339
1797670 340
1797680 341
1797690 342
1797700 342
1797710 342
1797720 341
1797730 341
1797740 340
1797750 340
1797760 339
1797770 338
1797780 337
1797790 336
1797800 336
1797810 335
1797820 335
1797830 334
1797840 334
1797850 334
1797860 333
1797870 333
1797880 332
1797890 331
1797900 331
1797910 330
1797920 329
1797930 328
1797940 326
1797950 325
1797960 324
1797970 323
1797980 322
1797990 322
1798000 321
1798010 320
1798020 320
1798030 320
1798040 319
1798050 318
1798060 318
1798070 317
1798080 317
1798090 316
1798100 316
1798110 315
1798120 315
1798130 314
1798140 314
1798150 313
1798160 313
1798170 312
1798180 311
1798190 311
1798200 311
1798210 311
1798220 311
1798230 311
1798240 310
1798250 310
1798260 310
1798270 310
1798280 310
1798290 310
1798300 310
1798310 311
1798320 311
1798330 312
1798340 312
1798350 312
1798360 312
1798370 312
1798380 312
1798390 312
1798400 313
1798410 314
1798420 315
1798430 316
1798440 317
1798450 318
1798460 319
1798470 319
1798480 320
1798490 320
1798500 321
1798510 322
1798520 322
1798530 323
1798540 324
1798550 325
1798560 328
1798570 330
1798580 333
1798590 335
1798600 337
1798610 339
1798620 339
1798630 339
1798640 339
1798650 340
1798660 341
1798670 342
1798680 342
1798690 341
1798700 341
1798710 340
1798720 340
1798730 339
1798740 337
1798750 336
1798760 335
1798770 334
1798780 333
1798790 331
1798800 329
1798810 327
1798820 325
1798830 324
1798840 323
1798850 322
1798860 320
1798870 318
1798880 317
1798890 315
1798900 314
1798910 313
1798920 312
1798930 311
1798940 310
1798950 310
1798960 309
1798970 308
1798980 308
1798990 307
1799000 306
1799010 306
1799020 305
1799030 304
1799040 302
1799050 300
1799060 299
1799070 298
1799080 297
1799090 296
1799100 296
1799110 295
1799120 295
1799130 295
1799140 294
1799150 294
1799160 293
1799170 292
1799180 291
1799190 290
1799200 289
1799210 289
1799220 288
1799230 287
1799240 287
1799250 286
1799260 285
1799270 284
1799280 283
1799290 283
1799300 282
1799310 282
1799320 281
1799330 280
1799340 279
1799350 278
1799360 278
1799370 277
1799380 276
1799390 276
1799400 276
1799410 275
1799420 275
1799430 274
1799440 274
1799450 274
1799460 273
1799470 273
1799480 273
1799490 273
1799500 272
1799510 272
1799520 272
1799530 272
1799540 272
1799550 272
1799560 272
1799570 272
1799580 273
1799590 273
1799600 274
1799610 274
1799620 274
1799630 275
1799640 275
1799650 275
1799660 276
1799670 276
1799680 276
1799690 277
1799700 277
1799710 278
1799720 278
1799730 279
1799740 279
1799750 280
1799760 280
1799770 280
1799780 281
1799790 281
1799800 281
1799810 282
1799820 283
1799830 283
1799840 284
1799850 285
1799860 286
1799870 288
1799880 289
1799890 290
1799900 291
1799910 292
1799920 294
1799930 295
1799940 295
1799950 295
1799960 296
1799970 297
1799980 298
1799990 298
