1780000 361
1780010 361
1780020 360
1780030 360
1780040 360
1780050 360
1780060 360
1780070 360
1780080 360
1780090 360
1780100 360
1780110 360
1780120 359
1780130 359
1780140 359
1780150 359
1780160 359
1780170 358
1780180 358
1780190 358
1780200 358
1780210 357
1780220 357
1780230 356
1780240 356
1780250 356
1780260 355
1780270 355
1780280 355
1780290 355
1780300 355
1780310 355
1780320 353
1780330 355
1780340 355
1780350 355
1780360 355
1780370 356
1780380 356
1780390 357
1780400 357
1780410 357
1780420 358
1780430 359
1780440 359
1780450 359
1780460 359
1780470 359
1780480 360
1780490 360
1780500 360
1780510 360
1780520 360
1780530 360
1780540 360
1780550 360
1780560 360
1780570 360
1780580 360
1780590 360
1780600 360
1780610 360
1780620 360
1780630 360
1780640 360
1780650 360
1780660 360
1780670 360
1780680 360
1780690 360
1780700 360
1780710 360
1780720 360
1780730 359
1780740 359
1780750 359
1780760 359
1780770 359
1780780 359
1780790 359
1780800 358
1780810 358
1780820 358
1780830 358
1780840 358
1780850 358
1780860 358
1780870 358
1780880 358
1780890 358
1780900 358
1780910 358
1780920 358
1780930 358
1780940 358
1780950 358
1780960 358
1780970 358
1780980 358
1780990 358
1781000 358
1781010 358
1781020 358
1781030 358
1781040 358
1781050 358
1781060 358
1781070 358
1781080 358
1781090 358
1781100 358
1781110 358
1781120 358
1781130 358
1781140 358
1781150 358
1781160 358
1781170 358
1781180 358
1781190 358
1781200 358
1781210 357
1781220 357
1781230 357
1781240 356
1781250 356
1781260 356
1781270 355
1781280 354
1781290 354
1781300 354
1781310 353
1781320 353
1781330 351
1781340 350
1781350 350
1781360 349
1781370 348
1781380 348
1781390 347
1781400 346
1781410 346
1781420 345
1781430 344
1781440 344
1781450 342
1781460 339
1781470 339
1781480 336
1781490 335
1781500 334
1781510 334
1781520 335
1781530 335
1781540 335
1781550 338
1781560 342
1781570 342
1781580 344
1781590 345
1781600 345
1781610 346
1781620 347
1781630 347
1781640 348
1781650 348
1781660 348
1781670 349
1781680 350
1781690 350
1781700 351
1781710 352
1781720 352
1781730 353
1781740 354
1781750 354
1781760 354
1781770 354
1781780 354
1781790 354
1781800 354
1781810 353
1781820 353
1781830 353
1781840 353
1781850 353
1781860 353
1781870 353
1781880 353
1781890 353
1781900 353
1781910 353
1781920 353
1781930 353
1781940 353
1781950 353
1781960 353
1781970 354
1781980 354
1781990 354
1782000 354
1782010 354
1782020 354
1782030 354
1782040 354
1782050 354
1782060 354
1782070 354
1782080 354
1782090 354
1782100 354
1782110 354
1782120 354
1782130 354
1782140 354
1782150 354
1782160 354
1782170 354
1782180 354
1782190 353
1782200 353
1782210 353
1782220 352
1782230 352
1782240 351
1782250 351
1782260 351
1782270 349
1782280 348
1782290 348
1782300 346
1782310 344
1782320 344
1782330 346
1782340 346
1782350 346
1782360 344
1782370 342
1782380 342
1782390 346
1782400 345
1782410 345
1782420 344
1782430 343
1782440 342
1782450 342
1782460 342
1782470 343
1782480 343
1782490 344
1782500 345
1782510 345
1782520 346
1782530 347
1782540 347
1782550 349
1782560 351
1782570 351
1782580 352
1782590 353
1782600 353
1782610 354
1782620 354
1782630 354
1782640 354
1782650 355
1782660 355
1782670 355
1782680 355
1782690 356
1782700 356
1782710 356
1782720 357
1782730 357
1782740 357
1782750 357
1782760 357
1782770 358
1782780 359
1782790 359
1782800 359
1782810 360
1782820 360
1782830 361
1782840 361
1782850 361
1782860 362
1782870 362
1782880 363
1782890 363
1782900 363
1782910 364
1782920 364
1782930 364
1782940 365
1782950 365
1782960 365
1782970 366
1782980 366
1782990 367
1783000 367
1783010 367
1783020 367
1783030 368
1783040 368
1783050 368
1783060 368
1783070 368
1783080 368
1783090 368
1783100 368
1783110 368
1783120 368
1783130 367
1783140 367
1783150 367
1783160 367
1783170 367
1783180 366
1783190 366
1783200 366
1783210 366
1783220 365
1783230 365
1783240 365
1783250 364
1783260 364
1783270 363
1783280 362
1783290 362
1783300 361
1783310 361
1783320 361
1783330 360
1783340 360
1783350 359
1783360 359
1783370 359
1783380 359
1783390 359
1783400 359
1783410 359
1783420 359
1783430 359
1783440 358
1783450 358
1783460 358
1783470 358
1783480 358
1783490 358
1783500 358
1783510 358
1783520 358
1783530 358
1783540 358
1783550 358
1783560 358
1783570 358
1783580 358
1783590 358
1783600 359
1783610 359
1783620 359
1783630 359
1783640 359
1783650 359
1783660 359
1783670 359
1783680 359
1783690 358
1783700 358
1783710 357
1783720 355
1783730 355
1783740 354
1783750 352
1783760 352
1783770 350
1783780 348
1783790 348
1783800 345
1783810 340
1783820 335
1783830 335
1783840 331
1783850 330
1783860 330
1783870 329
1783880 328
1783890 328
1783900 326
1783910 325
1783920 325
1783930 323
1783940 322
1783950 322
1783960 320
1783970 319
1783980 319
1783990 317
1784000 316
1784010 316
1784020 315
1784030 313
1784040 312
1784050 312
1784060 311
1784070 310
1784080 310
1784090 309
1784100 308
1784110 308
1784120 307
1784130 306
1784140 306
1784150 306
1784160 305
1784170 305
1784180 305
1784190 304
1784200 304
1784210 304
1784220 304
1784230 304
1784240 303
1784250 303
1784260 302
1784270 302
1784280 301
1784290 300
1784300 300
1784310 299
1784320 299
1784330 299
1784340 298
1784350 297
1784360 297
1784370 296
1784380 295
1784390 295
1784400 293
1784410 295
1784420 295
1784430 295
1784440 295
1784450 295
1784460 294
1784470 293
1784480 293
1784490 293
1784500 292
1784510 291
1784520 291
1784530 291
1784540 290
1784550 290
1784560 290
1784570 289
1784580 289
1784590 288
1784600 288
1784610 288
1784620 287
1784630 286
1784640 286
1784650 286
1784660 286
1784670 286
1784680 285
1784690 284
1784700 284
1784710 283
1784720 282
1784730 282
1784740 282
1784750 281
1784760 281
1784770 281
1784780 281
1784790 280
1784800 280
1784810 280
1784820 280
1784830 280
1784840 279
1784850 279
1784860 279
1784870 279
1784880 279
1784890 279
1784900 279
1784910 278
1784920 278
1784930 278
1784940 278
1784950 278
1784960 278
1784970 278
1784980 278
1784990 278
1785000 278
1785010 277
1785020 277
1785030 277
1785040 277
1785050 277
1785060 277
1785070 276
1785080 276
1785090 276
1785100 276
1785110 276
1785120 276
1785130 276
1785140 276
1785150 276
1785160 276
1785170 276
1785180 276
1785190 276
1785200 276
1785210 276
1785220 276
1785230 276
1785240 276
1785250 276
1785260 276
1785270 276
1785280 276
1785290 276
1785300 276
1785310 276
1785320 276
1785330 276
1785340 276
1785350 276
1785360 276
1785370 276
1785380 276
1785390 276
1785400 276
1785410 276
1785420 276
1785430 276
1785440 276
1785450 276
1785460 276
1785470 276
1785480 276
1785490 276
1785500 276
1785510 276
1785520 276
1785530 276
1785540 276
1785550 276
1785560 276
1785570 276
1785580 276
1785590 276
1785600 276
1785610 276
1785620 276
1785630 276
1785640 276
1785650 276
1785660 276
1785670 276
1785680 276
1785690 276
1785700 275
1785710 275
1785720 275
1785730 272
1785740 272
1785750 274
1785760 276
1785770 276
1785780 276
1785790 276
1785800 276
1785810 276
1785820 276
1785830 276
1785840 276
1785850 276
1785860 276
1785870 276
1785880 276
1785890 275
1785900 275
1785910 275
1785920 275
1785930 275
1785940 275
1785950 275
1785960 275
1785970 275
1785980 275
1785990 275
1786000 275
1786010 275
1786020 275
1786030 275
1786040 275
1786050 275
1786060 275
1786070 275
1786080 275
1786090 276
1786100 275
1786110 275
1786120 275
1786130 276
1786140 276
1786150 276
1786160 276
1786170 277
1786180 277
1786190 278
1786200 278
1786210 278
1786220 278
1786230 280
1786240 280
1786250 281
1786260 281
1786270 281
1786280 281
1786290 282
1786300 282
1786310 284
1786320 286
1786330 287
1786340 287
1786350 289
1786360 290
1786370 290
1786380 291
1786390 292
1786400 292
1786410 293
1786420 295
1786430 295
1786440 297
1786450 299
1786460 299
1786470 300
1786480 302
1786490 302
1786500 307
1786510 310
1786520 310
1786530 310
1786540 310
1786550 310
1786560 310
1786570 310
1786580 310
1786590 310
1786600 310
1786610 311
1786620 311
1786630 311
1786640 311
1786650 311
1786660 312
1786670 312
1786680 312
1786690 313
1786700 313
1786710 313
1786720 314
1786730 314
1786740 314
1786750 315
1786760 316
1786770 316
1786780 317
1786790 318
1786800 318
1786810 318
1786820 319
1786830 320
1786840 320
1786850 321
1786860 321
1786870 321
1786880 322
1786890 322
1786900 322
1786910 322
1786920 320
1786930 320
1786940 319
1786950 318
1786960 318
1786970 316
1786980 315
1786990 315
1787000 313
1787010 311
1787020 308
1787030 308
1787040 306
1787050 303
1787060 303
1787070 301
1787080 299
1787090 299
1787100 298
1787110 297
1787120 297
1787130 295
1787140 295
1787150 295
1787160 296
1787170 297
1787180 297
1787190 298
1787200 300
1787210 300
1787220 301
1787230 303
1787240 303
1787250 304
1787260 306
1787270 309
1787280 309
1787290 311
1787300 314
1787310 314
1787320 316
1787330 319
1787340 318
1787350 321
1787360 323
1787370 323
1787380 324
1787390 324
1787400 324
1787410 325
1787420 326
1787430 326
1787440 327
1787450 327
1787460 327
1787470 328
1787480 328
1787490 328
1787500 328
1787510 328
1787520 327
1787530 327
1787540 327
1787550 327
1787560 327
1787570 327
1787580 326
1787590 326
1787600 326
1787610 326
1787620 326
1787630 326
1787640 326
1787650 326
1787660 326
1787670 326
1787680 326
1787690 325
1787700 325
1787710 325
1787720 325
1787730 325
1787740 325
1787750 325
1787760 324
1787770 324
1787780 324
1787790 324
1787800 324
1787810 324
1787820 324
1787830 324
1787840 324
1787850 324
1787860 324
1787870 324
1787880 324
1787890 324
1787900 324
1787910 324
1787920 324
1787930 324
1787940 324
1787950 324
1787960 324
1787970 324
1787980 324
1787990 325
1788000 325
1788010 324
1788020 324
1788030 324
1788040 325
1788050 325
1788060 325
1788070 324
1788080 324
1788090 324
1788100 324
1788110 324
1788120 324
1788130 324
1788140 324
1788150 324
1788160 324
1788170 324
1788180 324
1788190 324
1788200 324
1788210 324
1788220 324
1788230 324
1788240 324
1788250 324
1788260 324
1788270 324
1788280 324
1788290 324
1788300 324
1788310 324
1788320 323
1788330 324
1788340 324
1788350 323
1788360 324
1788370 324
1788380 323
1788390 323
1788400 323
1788410 323
1788420 323
1788430 323
1788440 323
1788450 323
1788460 323
1788470 323
1788480 322
1788490 322
1788500 322
1788510 322
1788520 321
1788530 321
1788540 320
1788550 320
1788560 320
1788570 319
1788580 318
1788590 318
1788600 317
1788610 316
1788620 316
1788630 315
1788640 315
1788650 314
1788660 314
1788670 313
1788680 312
1788690 312
1788700 311
1788710 310
1788720 310
1788730 308
1788740 307
1788750 307
1788760 306
1788770 305
1788780 305
1788790 304
1788800 304
1788810 304
1788820 303
1788830 302
1788840 302
1788850 301
1788860 300
1788870 299
1788880 299
1788890 299
1788900 298
1788910 298
1788920 297
1788930 295
1788940 295
1788950 293
1788960 293
1788970 293
1788980 293
1788990 293
1789000 293
1789010 292
1789020 292
1789030 292
1789040 292
1789050 293
1789060 293
1789070 294
1789080 295
1789090 296
1789100 296
1789110 297
1789120 298
1789130 298
1789140 299
1789150 299
1789160 299
1789170 298
1789180 297
1789190 297
1789200 298
1789210 298
1789220 298
1789230 300
1789240 301
1789250 301
1789260 302
1789270 303
1789280 303
1789290 304
1789300 305
1789310 305
1789320 306
1789330 307
1789340 308
1789350 308
1789360 309
1789370 309
1789380 309
1789390 310
1789400 311
1789410 311
1789420 312
1789430 313
1789440 313
1789450 313
1789460 314
1789470 314
1789480 315
1789490 315
1789500 315
1789510 316
1789520 317
1789530 317
1789540 318
1789550 317
1789560 317
1789570 317
1789580 316
1789590 315
1789600 315
1789610 314
1789620 313
1789630 313
1789640 312
1789650 311
1789660 311
1789670 311
1789680 310
1789690 310
1789700 310
1789710 309
1789720 309
1789730 309
1789740 308
1789750 308
1789760 308
1789770 308
1789780 307
1789790 307
1789800 307
1789810 307
1789820 307
1789830 307
1789840 307
1789850 307
1789860 307
1789870 307
1789880 307
1789890 307
1789900 307
1789910 307
1789920 307
1789930 307
1789940 307
1789950 306
1789960 306
1789970 306
1789980 306
1789990 306
1790000 306
1790010 306
1790020 306
1790030 306
1790040 306
1790050 306
1790060 306
1790070 306
1790080 305
1790090 305
1790100 305
1790110 305
1790120 305
1790130 305
1790140 304
1790150 304
1790160 304
1790170 304
1790180 304
1790190 304
1790200 303
1790210 303
1790220 303
1790230 303
1790240 303
1790250 303
1790260 303
1790270 303
1790280 302
1790290 302
1790300 302
1790310 302
1790320 302
1790330 302
1790340 302
1790350 302
1790360 302
1790370 302
1790380 302
1790390 301
1790400 301
1790410 301
1790420 301
1790430 301
1790440 301
1790450 301
1790460 301
1790470 300
1790480 300
1790490 300
1790500 300
1790510 300
1790520 300
1790530 299
1790540 299
1790550 299
1790560 298
1790570 298
1790580 298
1790590 298
1790600 298
1790610 298
1790620 298
1790630 298
1790640 298
1790650 298
1790660 298
1790670 298
1790680 298
1790690 298
1790700 298
1790710 298
1790720 298
1790730 298
1790740 297
1790750 297
1790760 297
1790770 298
1790780 298
1790790 298
1790800 298
1790810 298
1790820 298
1790830 298
1790840 301
1790850 301
1790860 302
1790870 302
1790880 302
1790890 302
1790900 302
1790910 302
1790920 302
1790930 302
1790940 303
1790950 303
1790960 303
1790970 303
1790980 303
1790990 304
1791000 304
1791010 304
1791020 304
1791030 304
1791040 304
1791050 304
1791060 304
1791070 304
1791080 304
1791090 304
1791100 304
1791110 304
1791120 304
1791130 304
1791140 304
1791150 304
1791160 304
1791170 304
1791180 304
1791190 304
1791200 304
1791210 304
1791220 304
1791230 304
1791240 304
1791250 304
1791260 304
1791270 304
1791280 303
1791290 303
1791300 303
1791310 303
1791320 303
1791330 303
1791340 302
1791350 302
1791360 302
1791370 302
1791380 302
1791390 302
1791400 302
1791410 301
1791420 301
1791430 301
1791440 301
1791450 301
1791460 300
1791470 300
1791480 300
1791490 300
1791500 299
1791510 299
1791520 298
1791530 295
1791540 295
1791550 294
1791560 293
1791570 293
1791580 292
1791590 290
1791600 290
1791610 286
1791620 285
1791630 285
1791640 285
1791650 284
1791660 282
1791670 282
1791680 280
1791690 279
1791700 279
1791710 279
1791720 279
1791730 279
1791740 279
1791750 277
1791760 277
1791770 277
1791780 276
1791790 276
1791800 276
1791810 276
1791820 276
1791830 276
1791840 276
1791850 275
1791860 275
1791870 275
1791880 275
1791890 275
1791900 275
1791910 275
1791920 275
1791930 275
1791940 274
1791950 274
1791960 274
1791970 274
1791980 274
1791990 274
1792000 274
1792010 274
1792020 274
1792030 274
1792040 274
1792050 274
1792060 274
1792070 274
1792080 274
1792090 274
1792100 274
1792110 274
1792120 273
1792130 273
1792140 273
1792150 273
1792160 273
1792170 273
1792180 273
1792190 273
1792200 273
1792210 273
1792220 273
1792230 273
1792240 273
1792250 273
1792260 273
1792270 273
1792280 274
1792290 274
1792300 274
1792310 274
1792320 273
1792330 273
1792340 271
1792350 271
1792360 271
1792370 273
1792380 273
1792390 273
1792400 273
1792410 273
1792420 273
1792430 273
1792440 273
1792450 273
1792460 273
1792470 271
1792480 271
1792490 274
1792500 272
1792510 272
1792520 272
1792530 272
1792540 272
1792550 272
1792560 272
1792570 272
1792580 272
1792590 273
1792600 273
1792610 273
1792620 273
1792630 273
1792640 273
1792650 273
1792660 273
1792670 273
1792680 273
1792690 273
1792700 273
1792710 272
1792720 271
1792730 271
1792740 272
1792750 273
1792760 273
1792770 273
1792780 273
1792790 273
1792800 273
1792810 273
1792820 273
1792830 273
1792840 273
1792850 273
1792860 273
1792870 273
1792880 273
1792890 273
1792900 273
1792910 273
1792920 273
1792930 273
1792940 273
1792950 273
1792960 273
1792970 273
1792980 273
1792990 273
1793000 273
1793010 273
1793020 273
1793030 273
1793040 273
1793050 273
1793060 273
1793070 273
1793080 273
1793090 273
1793100 273
1793110 273
1793120 273
1793130 273
1793140 273
1793150 273
1793160 273
1793170 273
1793180 273
1793190 273
1793200 273
1793210 273
1793220 273
1793230 273
1793240 273
1793250 273
1793260 273
1793270 273
1793280 273
1793290 273
1793300 273
1793310 273
1793320 273
1793330 273
1793340 273
1793350 273
1793360 273
1793370 273
1793380 273
1793390 273
1793400 273
1793410 273
1793420 273
1793430 273
1793440 273
1793450 273
1793460 273
1793470 273
1793480 273
1793490 273
1793500 273
1793510 273
1793520 273
1793530 273
1793540 273
1793550 273
1793560 273
1793570 273
1793580 273
1793590 273
1793600 274
1793610 274
1793620 274
1793630 274
1793640 274
1793650 274
1793660 274
1793670 274
1793680 274
1793690 274
1793700 274
1793710 274
1793720 274
1793730 274
1793740 274
1793750 274
1793760 274
1793770 274
1793780 274
1793790 275
1793800 275
1793810 275
1793820 275
1793830 275
1793840 275
1793850 274
1793860 274
1793870 272
1793880 275
1793890 275
1793900 276
1793910 275
1793920 275
1793930 276
1793940 276
1793950 276
1793960 276
1793970 276
1793980 276
1793990 276
1794000 277
1794010 277
1794020 277
1794030 277
1794040 277
1794050 277
1794060 277
1794070 278
1794080 278
1794090 278
1794100 278
1794110 278
1794120 278
1794130 279
1794140 279
1794150 279
1794160 280
1794170 280
1794180 280
1794190 281
1794200 282
1794210 282
1794220 282
1794230 282
1794240 282
1794250 283
1794260 283
1794270 283
1794280 284
1794290 284
1794300 284
1794310 285
1794320 286
1794330 286
1794340 286
1794350 287
1794360 287
1794370 288
1794380 289
1794390 290
1794400 290
1794410 291
1794420 293
1794430 293
1794440 294
1794450 295
1794460 295
1794470 297
1794480 298
1794490 298
1794500 300
1794510 302
1794520 302
1794530 304
1794540 305
1794550 305
1794560 308
1794570 309
1794580 309
1794590 311
1794600 313
1794610 313
1794620 314
1794630 314
1794640 314
1794650 314
1794660 318
1794670 320
1794680 320
1794690 320
1794700 320
1794710 321
1794720 326
1794730 326
1794740 326
1794750 327
1794760 328
1794770 328
1794780 327
1794790 327
1794800 327
1794810 326
1794820 325
1794830 325
1794840 323
1794850 321
1794860 319
1794870 319
1794880 318
1794890 317
1794900 317
1794910 315
1794920 314
1794930 314
1794940 313
1794950 311
1794960 311
1794970 310
1794980 308
1794990 308
1795000 307
1795010 305
1795020 305
1795030 304
1795040 303
1795050 303
1795060 301
1795070 300
1795080 299
1795090 299
1795100 296
1795110 294
1795120 294
1795130 292
1795140 291
1795150 291
1795160 289
1795170 288
1795180 288
1795190 286
1795200 285
1795210 285
1795220 283
1795230 281
1795240 281
1795250 280
1795260 278
1795270 278
1795280 277
1795290 276
1795300 276
1795310 275
1795320 274
1795330 274
1795340 274
1795350 273
1795360 272
1795370 272
1795380 272
1795390 271
1795400 271
1795410 272
1795420 271
1795430 271
1795440 271
1795450 271
1795460 271
1795470 272
1795480 271
1795490 271
1795500 272
1795510 271
1795520 271
1795530 271
1795540 273
1795550 273
1795560 273
1795570 274
1795580 275
1795590 275
1795600 277
1795610 278
1795620 278
1795630 281
1795640 282
1795650 282
1795660 283
1795670 283
1795680 283
1795690 285
1795700 289
1795710 289
1795720 289
1795730 291
1795740 291
1795750 290
1795760 288
1795770 287
1795780 287
1795790 286
1795800 284
1795810 284
1795820 281
1795830 279
1795840 279
1795850 278
1795860 278
1795870 278
1795880 278
1795890 277
1795900 277
1795910 278
1795920 280
1795930 280
1795940 283
1795950 286
1795960 286
1795970 289
1795980 291
1795990 291
1796000 292
1796010 291
1796020 292
1796030 292
1796040 291
1796050 290
1796060 290
1796070 288
1793890 275
1793900 275
1793910 276
1793920 276
1793930 276
1793940 276
1793950 276
1793960 276
1793970 276
1793980 276
1793990 276
1794000 277
1794010 277
1794020 277
1794030 277
1794040 277
1794050 277
1794060 277
1794070 278
1794080 278
1794090 278
1794100 278
1794110 278
1794120 278
1794130 279
1794140 279
1794150 279
1794160 280
1794170 280
1794180 280
1794190 281
1794200 281
1794210 282
1794220 282
1794230 282
1794240 282
1794250 282
1794260 283
1794270 283
1794280 283
1794290 284
1794300 284
1794310 284
1794320 285
1794330 285
1794340 286
1794350 286
1794360 287
1794370 288
1794380 288
1794390 289
1794400 290
1794410 290
1794420 291
1794430 292
1794440 293
1794450 294
1794460 295
1794470 296
1794480 297
1794490 298
1794500 299
1794510 300
1794520 301
1794530 302
1794540 304
1794550 304
1794560 306
1794570 307
1794580 309
1794590 310
1794600 311
1794610 313
1794620 314
1794630 314
1794640 315
1794650 315
1794660 316
1794670 316
1794680 317
1794690 318
1794700 319
1794710 321
1794720 323
1794730 325
1794740 326
1794750 327
1794760 327
1794770 327
1794780 327
1794790 327
1794800 327
1794810 326
1794820 325
1794830 324
1794840 323
1794850 322
1794860 321
1794870 320
1794880 319
1794890 318
1794900 317
1794910 316
1794920 315
1794930 314
1794940 313
1794950 312
1794960 311
1794970 310
1794980 309
1794990 308
1795000 307
1795010 306
1795020 305
1795030 304
1795040 303
1795050 302
1795060 301
1795070 300
1795080 300
1795090 299
1795100 297
1795110 296
1795120 295
1795130 294
1795140 293
1795150 291
1795160 290
1795170 289
1795180 288
1795190 287
1795200 286
1795210 285
1795220 283
1795230 282
1795240 281
1795250 280
1795260 279
1795270 278
1795280 277
1795290 276
1795300 275
1795310 274
1795320 274
1795330 273
1795340 273
1795350 273
1795360 273
1795370 273
1795380 272
1795390 272
1795400 272
1795410 272
1795420 272
1795430 272
1795440 272
1795450 271
1795460 272
1795470 272
1795480 271
1795490 271
1795500 272
1795510 272
1795520 272
1795530 272
1795540 273
1795550 273
1795560 274
1795570 274
1795580 275
1795590 276
1795600 277
1795610 279
1795620 280
1795630 281
1795640 283
1795650 284
1795660 285
1795670 286
1795680 286
1795690 287
1795700 288
1795710 290
1795720 290
1795730 290
1795740 290
1795750 290
1795760 289
1795770 288
1795780 287
1795790 286
1795800 285
1795810 284
1795820 282
1795830 281
1795840 279
1795850 279
1795860 278
1795870 278
1795880 278
1795890 277
1795900 278
1795910 278
1795920 279
1795930 280
1795940 282
1795950 284
1795960 286
1795970 288
1795980 290
1795990 291
1796000 292
1796010 292
1796020 292
1796030 292
1796040 292
1796050 291
1796060 290
1796070 289
1796080 288
1796090 287
1796100 286
1796110 286
1796120 286
1796130 286
1796140 286
1796150 287
1796160 287
1796170 287
1796180 287
1796190 287
1796200 288
1796210 289
1796220 291
1796230 292
1796240 294
1796250 295
1796260 297
1796270 299
1796280 301
1796290 303
1796300 304
1796310 305
1796320 307
1796330 308
1796340 309
1796350 310
1796360 311
1796370 310
1796380 310
1796390 309
1796400 308
1796410 307
1796420 306
1796430 305
1796440 305
1796450 304
1796460 303
1796470 301
1796480 300
1796490 299
1796500 297
1796510 296
1796520 295
1796530 294
1796540 292
1796550 291
1796560 289
1796570 288
1796580 287
1796590 285
1796600 284
1796610 283
1796620 282
1796630 281
1796640 280
1796650 279
1796660 278
1796670 277
1796680 276
1796690 275
1796700 274
1796710 272
1796720 271
1796730 270
1796740 270
1796750 269
1796760 268
1796770 267
1796780 266
1796790 265
1796800 264
1796810 263
1796820 263
1796830 262
1796840 261
1796850 261
1796860 261
1796870 261
1796880 260
1796890 260
1796900 260
1796910 260
1796920 260
1796930 260
1796940 260
1796950 260
1796960 260
1796970 260
1796980 260
1796990 260
1797000 260
1797010 260
1797020 260
1797030 260
1797040 261
1797050 261
1797060 262
1797070 263
1797080 264
1797090 265
1797100 266
1797110 267
1797120 267
1797130 266
1797140 265
1797150 265
1797160 264
1797170 264
1797180 264
1797190 264
1797200 264
1797210 265
1797220 265
1797230 266
1797240 267
1797250 268
1797260 269
1797270 270
1797280 271
1797290 273
1797300 274
1797310 275
1797320 276
1797330 277
1797340 279
1797350 280
1797360 281
1797370 283
1797380 284
1797390 285
1797400 287
1797410 289
1797420 290
1797430 292
1797440 293
1797450 295
1797460 296
1797470 297
1797480 299
1797490 300
1797500 302
1797510 304
1797520 306
1797530 308
1797540 310
1797550 312
1797560 314
1797570 316
1797580 318
1797590 320
1797600 321
1797610 323
1797620 325
1797630 327
1797640 328
1797650 330
1797660 332
1797670 333
1797680 333
1797690 333
1797700 333
1797710 333
1797720 332
1797730 332
1797740 331
1797750 330
1797760 329
1797770 329
1797780 328
1797790 327
1797800 326
1797810 325
1797820 324
1797830 322
1797840 321
1797850 320
1797860 319
1797870 317
1797880 316
1797890 315
1797900 314
1797910 313
1797920 312
1797930 311
1797940 310
1797950 309
1797960 307
1797970 306
1797980 305
1797990 304
1798000 302
1798010 301
1798020 299
1798030 297
1798040 295
1798050 294
1798060 293
1798070 291
1798080 290
1798090 289
1798100 288
1798110 287
1798120 286
1798130 285
1798140 284
1798150 282
1798160 281
1798170 281
1798180 280
1798190 279
1798200 278
1798210 276
1798220 276
1798230 275
1798240 275
1798250 274
1798260 274
1798270 273
1798280 273
1798290 273
1798300 273
1798310 274
1798320 274
1798330 275
1798340 275
1798350 276
1798360 276
1798370 277
1798380 278
1798390 279
1798400 280
1798410 282
1798420 284
1798430 286
1798440 288
1798450 290
1798460 292
1798470 294
1798480 296
1798490 298
1798500 299
1798510 300
1798520 301
1798530 301
1798540 301
1798550 300
1798560 299
1798570 298
1798580 298
1798590 297
1798600 296
1798610 295
1798620 294
1798630 293
1798640 292
1798650 290
1798660 289
1798670 287
1798680 285
1798690 284
1798700 283
1798710 282
1798720 281
1798730 281
1798740 280
1798750 280
1798760 280
1798770 280
1798780 280
1798790 280
1798800 280
1798810 281
1798820 281
1798830 282
1798840 282
1798850 283
1798860 284
1798870 285
1798880 287
1798890 288
1798900 290
1798910 291
1798920 293
1798930 294
1798940 295
1798950 297
1798960 298
1798970 299
1798980 301
1798990 302
1799000 303
1799010 305
1799020 306
1799030 308
1799040 309
1799050 311
1799060 313
1799070 314
1799080 315
1799090 316
1799100 316
1799110 316
1799120 319
1799130 320
1799140 321
1799150 321
1799160 317
1799170 314
1799180 309
1799190 308
1799200 307
1799210 306
1799220 305
1799230 303
1799240 301
1799250 300
1799260 299
1799270 298
1799280 296
1799290 294
1799300 293
1799310 292
1799320 291
1799330 291
1799340 290
1799350 288
1799360 287
1799370 287
1799380 286
1799390 285
1799400 284
1799410 283
1799420 282
1799430 282
1799440 281
1799450 280
1799460 279
1799470 279
1799480 278
1799490 277
1799500 276
1799510 275
1799520 275
1799530 274
1799540 274
1799550 273
1799560 273
1799570 272
1799580 270
1799590 269
1799600 268
1799610 267
1799620 266
1799630 265
1799640 264
1799650 264
1799660 263
1799670 262
1799680 262
1799690 261
1799700 260
1799710 259
1799720 258
1799730 257
1799740 257
1799750 256
1799760 256
1799770 255
1799780 255
1799790 255
1799800 254
1799810 254
1799820 253
1799830 253
1799840 253
1799850 253
1799860 253
1799870 253
1799880 253
1799890 254
1799900 254
1799910 254
1799920 253
1799930 253
1799940 252
1799950 252
1799960 251
1799970 250
1799980 250
1799990 249
