1780000 359
1780010 359
1780020 359
1780030 360
1780040 360
1780050 360
1780060 361
1780070 361
1780080 361
1780090 362
1780100 362
1780110 362
1780120 362
1780130 363
1780140 363
1780150 363
1780160 363
1780170 363
1780180 363
1780190 363
1780200 363
1780210 364
1780220 364
1780230 364
1780240 364
1780250 363
1780260 363
1780270 363
1780280 363
1780290 363
1780300 363
1780310 363
1780320 363
1780330 363
1780340 363
1780350 363
1780360 363
1780370 363
1780380 363
1780390 363
1780400 363
1780410 363
1780420 363
1780430 363
1780440 363
1780450 363
1780460 363
1780470 363
1780480 363
1780490 363
1780500 363
1780510 363
1780520 363
1780530 363
1780540 363
1780550 363
1780560 363
1780570 363
1780580 363
1780590 363
1780600 363
1780610 363
1780620 363
1780630 363
1780640 363
1780650 362
1780660 362
1780670 362
1780680 362
1780690 362
1780700 362
1780710 362
1780720 362
1780730 362
1780740 362
1780750 362
1780760 362
1780770 362
1780780 362
1780790 362
1780800 362
1780810 362
1780820 362
1780830 362
1780840 362
1780850 362
1780860 362
1780870 362
1780880 362
1780890 362
1780900 362
1780910 362
1780920 361
1780930 361
1780940 360
1780950 360
1780960 360
1780970 359
1780980 359
1780990 359
1781000 358
1781010 358
1781020 358
1781030 357
1781040 357
1781050 357
1781060 356
1781070 356
1781080 356
1781090 356
1781100 356
1781110 356
1781120 355
1781130 354
1781140 350
1781150 350
1781160 346
1781170 345
1781180 345
1781190 346
1781200 344
1781210 344
1781220 346
1781230 346
1781240 346
1781250 347
1781260 347
1781270 347
1781280 347
1781290 345
1781300 345
1781310 346
1781320 349
1781330 349
1781340 350
1781350 351
1781360 351
1781370 351
1781380 352
1781390 353
1781400 353
1781410 354
1781420 355
1781430 355
1781440 356
1781450 356
1781460 356
1781470 356
1781480 356
1781490 356
1781500 356
1781510 356
1781520 356
1781530 356
1781540 356
1781550 356
1781560 356
1781570 357
1781580 357
1781590 357
1781600 356
1781610 354
1781620 354
1781630 355
1781640 353
1781650 353
1781660 352
1781670 350
1781680 350
1781690 355
1781700 356
1781710 356
1781720 356
1781730 357
1781740 356
1781750 357
1781760 357
1781770 357
1781780 358
1781790 358
1781800 358
1781810 358
1781820 358
1781830 358
1781840 358
1781850 358
1781860 358
1781870 358
1781880 359
1781890 359
1781900 359
1781910 359
1781920 360
1781930 360
1781940 361
1781950 362
1781960 362
1781970 362
1781980 363
1781990 363
1782000 363
1782010 364
1782020 364
1782030 364
1782040 365
1782050 365
1782060 365
1782070 366
1782080 367
1782090 367
1782100 367
1782110 368
1782120 368
1782130 368
1782140 369
1782150 369
1782160 369
1782170 370
1782180 370
1782190 371
1782200 371
1782210 371
1782220 372
1782230 372
1782240 372
1782250 373
1782260 373
1782270 373
1782280 373
1782290 373
1782300 374
1782310 374
1782320 374
1782330 374
1782340 374
1782350 374
1782360 374
1782370 374
1782380 373
1782390 373
1782400 373
1782410 372
1782420 371
1782430 371
1782440 371
1782450 370
1782460 370
1782470 370
1782480 370
1782490 370
1782500 369
1782510 369
1782520 369
1782530 369
1782540 369
1782550 369
1782560 369
1782570 369
1782580 370
1782590 370
1782600 370
1782610 371
1782620 371
1782630 372
1782640 373
1782650 373
1782660 374
1782670 374
1782680 374
1782690 374
1782700 374
1782710 374
1782720 375
1782730 375
1782740 375
1782750 375
1782760 375
1782770 375
1782780 375
1782790 375
1782800 375
1782810 375
1782820 375
1782830 375
1782840 375
1782850 375
1782860 374
1782870 374
1782880 373
1782890 372
1782900 372
1782910 371
1782920 370
1782930 370
1782940 368
1782950 367
1782960 367
1782970 364
1782980 362
1782990 361
1783000 361
1783010 360
1783020 358
1783030 358
1783040 357
1783050 355
1783060 355
1783070 354
1783080 352
1783090 352
1783100 351
1783110 349
1783120 349
1783130 347
1783140 346
1783150 346
1783160 343
1783170 341
1783180 341
1783190 339
1783200 338
1783210 338
1783220 337
1783230 335
1783240 333
1783250 333
1783260 332
1783270 331
1783280 331
1783290 330
1783300 329
1783310 329
1783320 328
1783330 328
1783340 328
1783350 327
1783360 327
1783370 327
1783380 326
1783390 326
1783400 326
1783410 325
1783420 325
1783430 325
1783440 324
1783450 324
1783460 324
1783470 324
1783480 324
1783490 324
1783500 324
1783510 324
1783520 325
1783530 325
1783540 325
1783550 325
1783560 325
1783570 325
1783580 324
1783590 324
1783600 323
1783610 323
1783620 323
1783630 322
1783640 322
1783650 322
1783660 321
1783670 320
1783680 319
1783690 319
1783700 316
1783710 317
1783720 317
1783730 317
1783740 315
1783750 315
1783760 314
1783770 313
1783780 313
1783790 313
1783800 312
1783810 312
1783820 311
1783830 310
1783840 310
1783850 309
1783860 308
1783870 308
1783880 307
1783890 306
1783900 306
1783910 306
1783920 305
1783930 303
1783940 303
1783950 302
1783960 300
1783970 300
1783980 298
1783990 296
1784000 296
1784010 295
1784020 293
1784030 293
1784040 292
1784050 291
1784060 291
1784070 290
1784080 289
1784090 289
1784100 289
1784110 288
1784120 288
1784130 288
1784140 287
1784150 287
1784160 287
1784170 286
1784180 285
1784190 285
1784200 285
1784210 284
1784220 284
1784230 284
1784240 284
1784250 284
1784260 283
1784270 283
1784280 283
1784290 283
1784300 283
1784310 283
1784320 282
1784330 282
1784340 282
1784350 282
1784360 282
1784370 282
1784380 282
1784390 282
1784400 281
1784410 281
1784420 280
1784430 280
1784440 280
1784450 279
1784460 279
1784470 279
1784480 279
1784490 279
1784500 279
1784510 279
1784520 279
1784530 279
1784540 279
1784550 278
1784560 278
1784570 278
1784580 278
1784590 278
1784600 278
1784610 278
1784620 278
1784630 278
1784640 278
1784650 278
1784660 278
1784670 278
1784680 278
1784690 278
1784700 277
1784710 277
1784720 277
1784730 278
1784740 278
1784750 278
1784760 278
1784770 278
1784780 278
1784790 277
1784800 277
1784810 277
1784820 278
1784830 277
1784840 278
1784850 278
1784860 277
1784870 277
1784880 277
1784890 277
1784900 277
1784910 277
1784920 277
1784930 277
1784940 277
1784950 277
1784960 277
1784970 277
1784980 277
1784990 277
1785000 277
1785010 277
1785020 277
1785030 277
1785040 278
1785050 278
1785060 278
1785070 277
1785080 278
1785090 277
1785100 277
1785110 277
1785120 278
1785130 278
1785140 278
1785150 277
1785160 277
1785170 277
1785180 277
1785190 277
1785200 277
1785210 277
1785220 277
1785230 277
1785240 277
1785250 277
1785260 277
1785270 277
1785280 277
1785290 277
1785300 277
1785310 277
1785320 277
1785330 277
1785340 277
1785350 277
1785360 277
1785370 277
1785380 277
1785390 277
1785400 277
1785410 277
1785420 277
1785430 277
1785440 277
1785450 276
1785460 275
1785470 275
1785480 273
1785490 274
1785500 274
1785510 275
1785520 277
1785530 277
1785540 277
1785550 277
1785560 277
1785570 277
1785580 277
1785590 277
1785600 277
1785610 277
1785620 277
1785630 277
1785640 277
1785650 277
1785660 277
1785670 276
1785680 278
1785690 278
1785700 276
1785710 276
1785720 276
1785730 277
1785740 277
1785750 277
1785760 277
1785770 277
1785780 277
1785790 277
1785800 277
1785810 277
1785820 277
1785830 277
1785840 277
1785850 277
1785860 277
1785870 278
1785880 278
1785890 278
1785900 278
1785910 278
1785920 278
1785930 278
1785940 278
1785950 278
1785960 279
1785970 279
1785980 279
1785990 279
1786000 279
1786010 279
1786020 280
1786030 280
1786040 280
1786050 281
1786060 281
1786070 281
1786080 282
1786090 283
1786100 283
1786110 284
1786120 286
1786130 286
1786140 287
1786150 289
1786160 289
1786170 289
1786180 288
1786190 288
1786200 287
1786210 287
1786220 287
1786230 287
1786240 290
1786250 293
1786260 293
1786270 294
1786280 294
1786290 294
1786300 294
1786310 295
1786320 295
1786330 298
1786340 299
1786350 299
1786360 301
1786370 302
1786380 302
1786390 306
1786400 310
1786410 310
1786420 311
1786430 312
1786440 312
1786450 313
1786460 313
1786470 315
1786480 315
1786490 315
1786500 317
1786510 317
1786520 319
1786530 320
1786540 320
1786550 321
1786560 322
1786570 322
1786580 323
1786590 325
1786600 325
1786610 326
1786620 328
1786630 328
1786640 330
1786650 332
1786660 332
1786670 333
1786680 335
1786690 334
1786700 334
1786710 334
1786720 334
1786730 334
1786740 335
1786750 335
1786760 335
1786770 335
1786780 337
1786790 337
1786800 339
1786810 341
1786820 341
1786830 337
1786840 336
1786850 336
1786860 334
1786870 332
1786880 332
1786890 329
1786900 326
1786910 326
1786920 324
1786930 322
1786940 319
1786950 319
1786960 317
1786970 315
1786980 315
1786990 313
1787000 311
1787010 311
1787020 306
1787030 307
1787040 307
1787050 307
1787060 308
1787070 308
1787080 310
1787090 312
1787100 312
1787110 313
1787120 315
1787130 315
1787140 316
1787150 318
1787160 319
1787170 319
1787180 320
1787190 322
1787200 322
1787210 323
1787220 325
1787230 325
1787240 326
1787250 328
1787260 328
1787270 330
1787280 331
1787290 331
1787300 334
1787310 335
1787320 335
1787330 335
1787340 335
1787350 335
1787360 336
1787370 336
1787380 336
1787390 336
1787400 337
1787410 337
1787420 337
1787430 337
1787440 338
1787450 338
1787460 337
1787470 337
1787480 337
1787490 337
1787500 337
1787510 337
1787520 337
1787530 336
1787540 336
1787550 336
1787560 336
1787570 336
1787580 335
1787590 334
1787600 334
1787610 333
1787620 333
1787630 332
1787640 332
1787650 332
1787660 331
1787670 331
1787680 331
1787690 331
1787700 331
1787710 330
1787720 329
1787730 329
1787740 329
1787750 328
1787760 328
1787770 328
1787780 328
1787790 328
1787800 327
1787810 327
1787820 327
1787830 326
1787840 326
1787850 326
1787860 326
1787870 325
1787880 325
1787890 325
1787900 324
1787910 324
1787920 324
1787930 324
1787940 324
1787950 324
1787960 324
1787970 323
1787980 323
1787990 323
1788000 323
1788010 323
1788020 323
1788030 322
1788040 322
1788050 322
1788060 320
1788070 319
1788080 319
1788090 317
1788100 315
1788110 315
1788120 314
1788130 315
1788140 315
1788150 315
1788160 315
1788170 315
1788180 314
1788190 314
1788200 314
1788210 313
1788220 313
1788230 313
1788240 312
1788250 312
1788260 312
1788270 311
1788280 311
1788290 311
1788300 310
1788310 309
1788320 308
1788330 308
1788340 307
1788350 306
1788360 306
1788370 305
1788380 302
1788390 301
1788400 299
1788410 298
1788420 298
1788430 297
1788440 298
1788450 298
1788460 298
1788470 299
1788480 299
1788490 298
1788500 298
1788510 298
1788520 298
1788530 299
1788540 299
1788550 299
1788560 300
1788570 300
1788580 300
1788590 301
1788600 302
1788610 302
1788620 303
1788630 304
1788640 304
1788650 305
1788660 307
1788670 307
1788680 309
1788690 310
1788700 310
1788710 311
1788720 312
1788730 312
1788740 313
1788750 314
1788760 315
1788770 315
1788780 316
1788790 317
1788800 317
1788810 319
1788820 319
1788830 319
1788840 320
1788850 321
1788860 321
1788870 321
1788880 321
1788890 321
1788900 321
1788910 321
1788920 321
1788930 322
1788940 321
1788950 321
1788960 321
1788970 321
1788980 321
1788990 321
1789000 321
1789010 320
1789020 320
1789030 320
1789040 319
1789050 319
1789060 319
1789070 318
1789080 318
1789090 318
1789100 318
1789110 318
1789120 319
1789130 319
1789140 319
1789150 320
1789160 320
1789170 320
1789180 320
1789190 321
1789200 321
1789210 321
1789220 321
1789230 321
1789240 321
1789250 321
1789260 321
1789270 321
1789280 321
1789290 321
1789300 321
1789310 321
1789320 321
1789330 321
1789340 321
1789350 320
1789360 320
1789370 320
1789380 320
1789390 320
1789400 319
1789410 319
1789420 319
1789430 319
1789440 318
1789450 318
1789460 318
1789470 318
1789480 318
1789490 318
1789500 317
1789510 316
1789520 316
1789530 317
1789540 317
1789550 317
1789560 317
1789570 317
1789580 317
1789590 318
1789600 318
1789610 318
1789620 318
1789630 318
1789640 318
1789650 319
1789660 319
1789670 319
1789680 319
1789690 319
1789700 319
1789710 319
1789720 319
1789730 318
1789740 318
1789750 318
1789760 317
1789770 317
1789780 317
1789790 316
1789800 316
1789810 315
1789820 315
1789830 315
1789840 314
1789850 313
1789860 313
1789870 313
1789880 312
1789890 312
1789900 311
1789910 311
1789920 310
1789930 310
1789940 310
1789950 309
1789960 309
1789970 308
1789980 308
1789990 308
1790000 308
1790010 307
1790020 307
1790030 307
1790040 306
1790050 306
1790060 306
1790070 306
1790080 306
1790090 306
1790100 306
1790110 306
1790120 305
1790130 305
1790140 305
1790150 305
1790160 305
1790170 304
1790180 304
1790190 304
1790200 304
1790210 304
1790220 304
1790230 304
1790240 304
1790250 304
1790260 303
1790270 303
1790280 303
1790290 303
1790300 303
1790310 303
1790320 303
1790330 303
1790340 302
1790350 302
1790360 302
1790370 302
1790380 302
1790390 302
1790400 302
1790410 302
1790420 301
1790430 301
1790440 301
1790450 301
1790460 301
1790470 301
1790480 301
1790490 301
1790500 301
1790510 301
1790520 301
1790530 301
1790540 301
1790550 301
1790560 301
1790570 301
1790580 301
1790590 301
1790600 301
1790610 301
1790620 301
1790630 301
1790640 301
1790650 301
1790660 301
1790670 301
1790680 301
1790690 301
1790700 302
1790710 302
1790720 302
1790730 302
1790740 302
1790750 303
1790760 303
1790770 303
1790780 303
1790790 303
1790800 303
1790810 303
1790820 303
1790830 303
1790840 303
1790850 303
1790860 303
1790870 303
1790880 303
1790890 303
1790900 303
1790910 303
1790920 303
1790930 303
1790940 303
1790950 303
1790960 303
1790970 303
1790980 303
1790990 303
1791000 303
1791010 303
1791020 303
1791030 303
1791040 302
1791050 302
1791060 302
1791070 302
1791080 301
1791090 301
1791100 300
1791110 299
1791120 299
1791130 299
1791140 296
1791150 296
1791160 294
1791170 293
1791180 293
1791190 292
1791200 290
1791210 290
1791220 289
1791230 287
1791240 287
1791250 286
1791260 285
1791270 285
1791280 282
1791290 280
1791300 279
1791310 279
1791320 278
1791330 279
1791340 279
1791350 279
1791360 279
1791370 279
1791380 279
1791390 280
1791400 280
1791410 281
1791420 282
1791430 282
1791440 282
1791450 283
1791460 283
1791470 286
1791480 286
1791490 286
1791500 289
1791510 288
1791520 288
1791530 288
1791540 290
1791550 291
1791560 291
1791570 291
1791580 292
1791590 292
1791600 293
1791610 294
1791620 294
1791630 294
1791640 295
1791650 295
1791660 295
1791670 296
1791680 296
1791690 296
1791700 296
1791710 296
1791720 296
1791730 296
1791740 296
1791750 294
1791760 292
1791770 292
1791780 292
1791790 292
1791800 290
1791810 290
1791820 286
1791830 283
1791840 283
1791850 283
1791860 283
1791870 283
1791880 280
1791890 279
1791900 279
1791910 279
1791920 278
1791930 278
1791940 278
1791950 278
1791960 278
1791970 277
1791980 276
1791990 277
1792000 277
1792010 276
1792020 276
1792030 276
1792040 275
1792050 275
1792060 275
1792070 275
1792080 275
1792090 275
1792100 275
1792110 275
1792120 275
1792130 275
1792140 275
1792150 275
1792160 275
1792170 275
1792180 275
1792190 275
1792200 274
1792210 274
1792220 274
1792230 274
1792240 274
1792250 274
1792260 274
1792270 274
1792280 274
1792290 274
1792300 274
1792310 274
1792320 274
1792330 274
1792340 274
1792350 274
1792360 274
1792370 274
1792380 274
1792390 274
1792400 274
1792410 274
1792420 274
1792430 274
1792440 274
1792450 274
1792460 274
1792470 274
1792480 274
1792490 274
1792500 274
1792510 275
1792520 275
1792530 275
1792540 275
1792550 275
1792560 275
1792570 274
1792580 274
1792590 274
1792600 274
1792610 275
1792620 274
1792630 274
1792640 274
1792650 274
1792660 274
1792670 274
1792680 274
1792690 274
1792700 274
1792710 274
1792720 274
1792730 274
1792740 274
1792750 274
1792760 274
1792770 274
1792780 274
1792790 274
1792800 275
1792810 275
1792820 273
1792830 273
1792840 273
1792850 274
1792860 274
1792870 274
1792880 274
1792890 274
1792900 274
1792910 274
1792920 274
1792930 274
1792940 274
1792950 274
1792960 274
1792970 274
1792980 274
1792990 274
1793000 274
1793010 274
1793020 274
1793030 274
1793040 274
1793050 274
1793060 274
1793070 274
1793080 274
1793090 274
1793100 274
1793110 274
1793120 274
1793130 274
1793140 274
1793150 274
1793160 274
1793170 274
1793180 274
1793190 274
1793200 274
1793210 274
1793220 274
1793230 274
1793240 274
1793250 274
1793260 274
1793270 274
1793280 274
1793290 274
1793300 274
1793310 274
1793320 274
1793330 274
1793340 274
1793350 274
1793360 274
1793370 274
1793380 274
1793390 274
1793400 274
1793410 274
1793420 274
1793430 274
1793440 274
1793450 274
1793460 274
1793470 274
1793480 274
1793490 274
1793500 274
1793510 274
1793520 274
1793530 274
1793540 274
1793550 274
1793560 274
1793570 274
1793580 274
1793590 274
1793600 274
1793610 274
1793620 274
1793630 274
1793640 274
1793650 275
1793660 274
1793670 275
1793680 275
1793690 275
1793700 275
1793710 275
1793720 275
1793730 275
1793740 275
1793750 275
1793760 275
1793770 275
1793780 275
1793790 275
1793800 275
1793810 275
1793820 275
1793830 275
1793840 275
1793850 275
1793860 276
1793870 276
1793880 276
1793890 276
1793900 276
1793910 276
1793920 276
1793930 277
1793940 277
1793950 274
1793960 274
1793970 274
1793980 275
1793990 275
1794000 275
1794010 275
1794020 276
1794030 276
1794040 276
1794050 275
1794060 275
1794070 275
1794080 276
1794090 277
1794100 277
1794110 278
1794120 278
1794130 278
1794140 279
1794150 279
1794160 279
1794170 279
1794180 279
1794190 279
1794200 280
1794210 280
1794220 280
1794230 280
1794240 280
1794250 280
1794260 280
1794270 281
1794280 281
1794290 281
1794300 281
1794310 282
1794320 282
1794330 282
1794340 282
1794350 282
1794360 283
1794370 283
1794380 283
1794390 284
1794400 285
1794410 285
1794420 286
1794430 287
1794440 287
1794450 288
1794460 290
1794470 290
1794480 291
1794490 293
1794500 293
1794510 294
1794520 296
1794530 298
1794540 298
1794550 300
1794560 301
1794570 301
1794580 304
1794590 307
1794600 307
1794610 309
1794620 311
1794630 311
1794640 313
1794650 315
1794660 315
1794670 316
1794680 317
1794690 317
1794700 318
1794710 318
1794720 318
1794730 317
1794740 316
1794750 316
1794760 315
1794770 314
1794780 310
1794790 310
1794800 307
1794810 304
1794820 304
1794830 300
1794840 296
1794850 296
1794860 293
1794870 291
1794880 291
1794890 289
1794900 287
1794910 287
1794920 285
1794930 284
1794940 284
1794950 283
1794960 282
1794970 282
1794980 281
1794990 281
1795000 282
1795010 282
1795020 284
1795030 287
1795040 287
1795050 289
1795060 291
1795070 291
1795080 295
1795090 297
1795100 297
1795110 299
1795120 303
1795130 303
1795140 306
1795150 306
1795160 306
1795170 306
1795180 307
1795190 307
1795200 306
1795210 306
1795220 306
1795230 306
1795240 305
1795250 305
1795260 305
1795270 305
1795280 305
1795290 305
1795300 306
1795310 307
1795320 307
1795330 308
1795340 309
1795350 309
1795360 310
1795370 311
1795380 311
1795390 313
1795400 314
1795410 314
1795420 317
1795430 319
1795440 319
1795450 320
1795460 323
1795470 326
1795480 326
1795490 329
1795500 333
1795510 333
1795520 336
1795530 339
1795540 339
1795550 342
1795560 345
1795570 345
1795580 348
1795590 348
1795600 348
1795610 347
1795620 345
1795630 345
1795640 344
1795650 340
1795660 340
1795670 339
1795680 337
1795690 335
1795700 333
1795710 331
1795720 327
1795730 327
1795740 326
1795750 324
1795760 324
1795770 323
1795780 320
1795790 320
1795800 318
1795810 317
1795820 317
1795830 315
1795840 313
1795850 313
1795860 312
1795870 311
1795880 311
1795890 309
1795900 308
1795910 308
1795920 306
1795930 305
1795940 304
1795950 304
1795960 303
1795970 299
1795980 299
1795990 298
1796000 297
1796010 297
1796020 295
1796030 294
1796040 294
1796050 293
1796060 291
1796070 291
1794080 275
1794090 276
1794100 276
1794110 276
1794120 277
1794130 277
1794140 278
1794150 279
1794160 279
1794170 279
1794180 279
1794190 279
1794200 280
1794210 280
1794220 280
1794230 280
1794240 280
1794250 280
1794260 280
1794270 280
1794280 281
1794290 281
1794300 281
1794310 281
1794320 281
1794330 282
1794340 282
1794350 282
1794360 283
1794370 283
1794380 283
1794390 284
1794400 284
1794410 284
1794420 285
1794430 286
1794440 286
1794450 287
1794460 289
1794470 290
1794480 291
1794490 292
1794500 293
1794510 294
1794520 295
1794530 296
1794540 297
1794550 298
1794560 300
1794570 301
1794580 302
1794590 304
1794600 306
1794610 308
1794620 310
1794630 311
1794640 312
1794650 313
1794660 314
1794670 316
1794680 316
1794690 317
1794700 318
1794710 318
1794720 318
1794730 317
1794740 316
1794750 316
1794760 315
1794770 314
1794780 313
1794790 310
1794800 308
1794810 306
1794820 304
1794830 301
1794840 299
1794850 297
1794860 294
1794870 292
1794880 291
1794890 289
1794900 288
1794910 287
1794920 286
1794930 285
1794940 284
1794950 284
1794960 283
1794970 282
1794980 281
1794990 281
1795000 282
1795010 282
1795020 283
1795030 284
1795040 286
1795050 288
1795060 289
1795070 291
1795080 293
1795090 295
1795100 298
1795110 299
1795120 301
1795130 303
1795140 305
1795150 306
1795160 306
1795170 307
1795180 307
1795190 307
1795200 307
1795210 307
1795220 307
1795230 306
1795240 306
1795250 306
1795260 306
1795270 306
1795280 306
1795290 306
1795300 307
1795310 307
1795320 307
1795330 308
1795340 309
1795350 309
1795360 310
1795370 311
1795380 312
1795390 313
1795400 314
1795410 315
1795420 316
1795430 318
1795440 319
1795450 320
1795460 321
1795470 323
1795480 325
1795490 328
1795500 330
1795510 332
1795520 334
1795530 337
1795540 339
1795550 341
1795560 343
1795570 345
1795580 346
1795590 347
1795600 347
1795610 346
1795620 345
1795630 344
1795640 343
1795650 341
1795660 339
1795670 338
1795680 337
1795690 335
1795700 333
1795710 332
1795720 330
1795730 328
1795740 326
1795750 325
1795760 324
1795770 323
1795780 321
1795790 320
1795800 319
1795810 318
1795820 316
1795830 315
1795840 314
1795850 313
1795860 312
1795870 311
1795880 310
1795890 309
1795900 308
1795910 308
1795920 306
1795930 306
1795940 305
1795950 304
1795960 303
1795970 301
1795980 300
1795990 298
1796000 297
1796010 296
1796020 295
1796030 294
1796040 294
1796050 292
1796060 291
1796070 289
1796080 288
1796090 286
1796100 285
1796110 284
1796120 282
1796130 280
1796140 278
1796150 276
1796160 276
1796170 275
1796180 275
1796190 275
1796200 276
1796210 277
1796220 276
1796230 276
1796240 276
1796250 275
1796260 275
1796270 275
1796280 274
1796290 273
1796300 273
1796310 272
1796320 271
1796330 270
1796340 269
1796350 268
1796360 268
1796370 267
1796380 267
1796390 266
1796400 266
1796410 266
1796420 266
1796430 266
1796440 266
1796450 266
1796460 266
1796470 265
1796480 265
1796490 265
1796500 265
1796510 265
1796520 265
1796530 265
1796540 264
1796550 264
1796560 264
1796570 264
1796580 264
1796590 264
1796600 264
1796610 264
1796620 264
1796630 264
1796640 264
1796650 263
1796660 263
1796670 263
1796680 263
1796690 263
1796700 263
1796710 263
1796720 263
1796730 263
1796740 263
1796750 263
1796760 263
1796770 263
1796780 263
1796790 263
1796800 263
1796810 263
1796820 263
1796830 263
1796840 263
1796850 263
1796860 263
1796870 263
1796880 264
1796890 265
1796900 265
1796910 266
1796920 268
1796930 269
1796940 271
1796950 272
1796960 273
1796970 275
1796980 276
1796990 278
1797000 279
1797010 281
1797020 282
1797030 284
1797040 285
1797050 287
1797060 289
1797070 292
1797080 294
1797090 296
1797100 299
1797110 301
1797120 303
1797130 304
1797140 306
1797150 308
1797160 310
1797170 312
1797180 314
1797190 316
1797200 317
1797210 319
1797220 320
1797230 322
1797240 323
1797250 325
1797260 326
1797270 328
1797280 330
1797290 331
1797300 332
1797310 333
1797320 335
1797330 336
1797340 337
1797350 338
1797360 339
1797370 340
1797380 341
1797390 342
1797400 343
1797410 344
1797420 345
1797430 346
1797440 347
1797450 348
1797460 348
1797470 348
1797480 348
1797490 347
1797500 346
1797510 345
1797520 344
1797530 344
1797540 343
1797550 342
1797560 341
1797570 340
1797580 340
1797590 339
1797600 338
1797610 337
1797620 336
1797630 336
1797640 335
1797650 334
1797660 332
1797670 331
1797680 331
1797690 330
1797700 329
1797710 328
1797720 326
1797730 325
1797740 324
1797750 323
1797760 322
1797770 321
1797780 320
1797790 319
1797800 318
1797810 317
1797820 316
1797830 315
1797840 314
1797850 313
1797860 312
1797870 311
1797880 311
1797890 310
1797900 309
1797910 308
1797920 307
1797930 306
1797940 306
1797950 307
1797960 307
1797970 307
1797980 307
1797990 306
1798000 305
1798010 304
1798020 304
1798030 305
1798040 305
1798050 305
1798060 305
1798070 305
1798080 306
1798090 306
1798100 306
1798110 306
1798120 308
1798130 310
1798140 312
1798150 314
1798160 316
1798170 318
1798180 319
1798190 319
1798200 320
1798210 321
1798220 322
1798230 323
1798240 323
1798250 324
1798260 325
1798270 325
1798280 326
1798290 327
1798300 328
1798310 330
1798320 332
1798330 334
1798340 336
1798350 337
1798360 339
1798370 341
1798380 342
1798390 342
1798400 343
1798410 343
1798420 344
1798430 344
1798440 344
1798450 344
1798460 343
1798470 343
1798480 342
1798490 342
1798500 341
1798510 340
1798520 340
1798530 339
1798540 339
1798550 339
1798560 338
1798570 337
1798580 337
1798590 336
1798600 336
1798610 335
1798620 334
1798630 334
1798640 333
1798650 333
1798660 332
1798670 332
1798680 331
1798690 330
1798700 329
1798710 328
1798720 327
1798730 326
1798740 325
1798750 325
1798760 324
1798770 323
1798780 322
1798790 321
1798800 320
1798810 319
1798820 318
1798830 317
1798840 317
1798850 316
1798860 315
1798870 314
1798880 313
1798890 312
1798900 311
1798910 310
1798920 309
1798930 309
1798940 307
1798950 306
1798960 305
1798970 304
1798980 302
1798990 300
1799000 298
1799010 297
1799020 297
1799030 297
1799040 296
1799050 296
1799060 295
1799070 293
1799080 292
1799090 291
1799100 290
1799110 289
1799120 288
1799130 286
1799140 285
1799150 285
1799160 284
1799170 284
1799180 283
1799190 282
1799200 281
1799210 280
1799220 280
1799230 280
1799240 280
1799250 280
1799260 280
1799270 279
1799280 279
1799290 279
1799300 279
1799310 278
1799320 278
1799330 278
1799340 278
1799350 278
1799360 279
1799370 277
1799380 275
1799390 271
1799400 270
1799410 270
1799420 271
1799430 273
1799440 272
1799450 271
1799460 269
1799470 268
1799480 267
1799490 265
1799500 264
1799510 262
1799520 261
1799530 259
1799540 258
1799550 256
1799560 255
1799570 254
1799580 253
1799590 252
1799600 251
1799610 250
1799620 249
1799630 249
1799640 248
1799650 248
1799660 247
1799670 247
1799680 247
1799690 246
1799700 246
1799710 246
1799720 246
1799730 246
1799740 245
1799750 245
1799760 245
1799770 245
1799780 245
1799790 245
1799800 245
1799810 245
1799820 245
1799830 245
1799840 245
1799850 245
1799860 244
1799870 244
1799880 244
1799890 244
1799900 244
1799910 244
1799920 244
1799930 244
1799940 244
1799950 244
1799960 244
1799970 244
1799980 244
1799990 244
