1780000 369
1780010 369
1780020 369
1780030 369
1780040 369
1780050 369
1780060 369
1780070 369
1780080 370
1780090 370
1780100 370
1780110 370
1780120 370
1780130 371
1780140 371
1780150 371
1780160 371
1780170 371
1780180 371
1780190 372
1780200 372
1780210 372
1780220 372
1780230 373
1780240 373
1780250 373
1780260 373
1780270 373
1780280 373
1780290 373
1780300 374
1780310 374
1780320 374
1780330 374
1780340 374
1780350 374
1780360 374
1780370 374
1780380 374
1780390 374
1780400 374
1780410 375
1780420 375
1780430 375
1780440 375
1780450 375
1780460 375
1780470 375
1780480 375
1780490 375
1780500 375
1780510 374
1780520 374
1780530 374
1780540 373
1780550 373
1780560 373
1780570 372
1780580 372
1780590 372
1780600 371
1780610 370
1780620 370
1780630 369
1780640 367
1780650 367
1780660 367
1780670 368
1780680 368
1780690 364
1780700 362
1780710 363
1780720 363
1780730 364
1780740 366
1780750 366
1780760 367
1780770 367
1780780 367
1780790 368
1780800 369
1780810 369
1780820 369
1780830 370
1780840 370
1780850 371
1780860 372
1780870 372
1780880 372
1780890 373
1780900 373
1780910 373
1780920 373
1780930 373
1780940 373
1780950 373
1780960 373
1780970 373
1780980 374
1780990 374
1781000 374
1781010 375
1781020 376
1781030 376
1781040 376
1781050 377
1781060 377
1781070 377
1781080 377
1781090 377
1781100 377
1781110 377
1781120 377
1781130 377
1781140 376
1781150 376
1781160 376
1781170 376
1781180 375
1781190 375
1781200 374
1781210 373
1781220 373
1781230 373
1781240 373
1781250 373
1781260 372
1781270 371
1781280 371
1781290 370
1781300 371
1781310 371
1781320 372
1781330 373
1781340 373
1781350 373
1781360 373
1781370 373
1781380 374
1781390 375
1781400 375
1781410 375
1781420 376
1781430 376
1781440 376
1781450 377
1781460 378
1781470 378
1781480 378
1781490 379
1781500 379
1781510 379
1781520 379
1781530 379
1781540 379
1781550 379
1781560 379
1781570 379
1781580 379
1781590 379
1781600 379
1781610 379
1781620 379
1781630 379
1781640 379
1781650 379
1781660 379
1781670 379
1781680 379
1781690 379
1781700 380
1781710 380
1781720 380
1781730 380
1781740 380
1781750 380
1781760 380
1781770 379
1781780 379
1781790 379
1781800 378
1781810 378
1781820 378
1781830 378
1781840 378
1781850 379
1781860 379
1781870 380
1781880 380
1781890 380
1781900 380
1781910 380
1781920 381
1781930 381
1781940 381
1781950 381
1781960 381
1781970 381
1781980 381
1781990 381
1782000 381
1782010 382
1782020 382
1782030 382
1782040 382
1782050 382
1782060 382
1782070 382
1782080 382
1782090 382
1782100 382
1782110 382
1782120 382
1782130 382
1782140 382
1782150 382
1782160 382
1782170 382
1782180 381
1782190 381
1782200 381
1782210 381
1782220 381
1782230 381
1782240 381
1782250 381
1782260 381
1782270 381
1782280 381
1782290 380
1782300 379
1782310 379
1782320 378
1782330 378
1782340 376
1782350 376
1782360 375
1782370 374
1782380 374
1782390 373
1782400 372
1782410 372
1782420 370
1782430 369
1782440 369
1782450 369
1782460 369
1782470 369
1782480 369
1782490 368
1782500 368
1782510 368
1782520 364
1782530 364
1782540 363
1782550 362
1782560 361
1782570 361
1782580 359
1782590 358
1782600 358
1782610 357
1782620 356
1782630 356
1782640 354
1782650 353
1782660 353
1782670 352
1782680 351
1782690 351
1782700 350
1782710 348
1782720 348
1782730 347
1782740 345
1782750 345
1782760 343
1782770 341
1782780 341
1782790 339
1782800 338
1782810 337
1782820 337
1782830 335
1782840 332
1782850 332
1782860 330
1782870 328
1782880 328
1782890 327
1782900 326
1782910 326
1782920 324
1782930 322
1782940 322
1782950 321
1782960 317
1782970 317
1782980 314
1782990 314
1783000 314
1783010 313
1783020 313
1783030 312
1783040 312
1783050 311
1783060 310
1783070 310
1783080 309
1783090 308
1783100 308
1783110 307
1783120 307
1783130 307
1783140 306
1783150 305
1783160 305
1783170 305
1783180 304
1783190 304
1783200 303
1783210 302
1783220 302
1783230 301
1783240 301
1783250 300
1783260 300
1783270 299
1783280 298
1783290 298
1783300 297
1783310 297
1783320 297
1783330 296
1783340 295
1783350 295
1783360 295
1783370 295
1783380 295
1783390 296
1783400 296
1783410 296
1783420 294
1783430 294
1783440 294
1783450 294
1783460 293
1783470 293
1783480 293
1783490 293
1783500 293
1783510 293
1783520 292
1783530 292
1783540 292
1783550 292
1783560 291
1783570 291
1783580 291
1783590 290
1783600 290
1783610 290
1783620 289
1783630 289
1783640 289
1783650 288
1783660 288
1783670 287
1783680 287
1783690 287
1783700 287
1783710 286
1783720 286
1783730 286
1783740 285
1783750 285
1783760 285
1783770 285
1783780 284
1783790 284
1783800 284
1783810 284
1783820 284
1783830 284
1783840 284
1783850 284
1783860 283
1783870 283
1783880 283
1783890 283
1783900 283
1783910 283
1783920 282
1783930 283
1783940 283
1783950 282
1783960 282
1783970 281
1783980 281
1783990 281
1784000 281
1784010 281
1784020 281
1784030 281
1784040 281
1784050 281
1784060 281
1784070 281
1784080 280
1784090 281
1784100 281
1784110 281
1784120 281
1784130 281
1784140 281
1784150 280
1784160 280
1784170 280
1784180 280
1784190 280
1784200 280
1784210 280
1784220 280
1784230 280
1784240 280
1784250 280
1784260 280
1784270 280
1784280 280
1784290 280
1784300 280
1784310 280
1784320 280
1784330 280
1784340 280
1784350 280
1784360 280
1784370 279
1784380 279
1784390 276
1784400 278
1784410 280
1784420 280
1784430 280
1784440 279
1784450 279
1784460 279
1784470 279
1784480 279
1784490 279
1784500 279
1784510 279
1784520 279
1784530 279
1784540 279
1784550 279
1784560 279
1784570 279
1784580 279
1784590 279
1784600 279
1784610 280
1784620 279
1784630 279
1784640 279
1784650 279
1784660 279
1784670 279
1784680 279
1784690 279
1784700 279
1784710 279
1784720 279
1784730 279
1784740 279
1784750 279
1784760 279
1784770 279
1784780 279
1784790 279
1784800 279
1784810 279
1784820 279
1784830 279
1784840 280
1784850 280
1784860 280
1784870 279
1784880 280
1784890 280
1784900 280
1784910 280
1784920 280
1784930 280
1784940 280
1784950 280
1784960 280
1784970 280
1784980 280
1784990 280
1785000 280
1785010 280
1785020 280
1785030 280
1785040 280
1785050 280
1785060 281
1785070 281
1785080 281
1785090 281
1785100 281
1785110 281
1785120 282
1785130 282
1785140 282
1785150 283
1785160 283
1785170 283
1785180 284
1785190 285
1785200 285
1785210 286
1785220 286
1785230 286
1785240 287
1785250 288
1785260 288
1785270 288
1785280 289
1785290 289
1785300 290
1785310 291
1785320 291
1785330 291
1785340 292
1785350 293
1785360 293
1785370 295
1785380 296
1785390 296
1785400 297
1785410 298
1785420 298
1785430 300
1785440 301
1785450 301
1785460 303
1785470 305
1785480 305
1785490 307
1785500 308
1785510 308
1785520 309
1785530 309
1785540 309
1785550 309
1785560 308
1785570 308
1785580 308
1785590 307
1785600 305
1785610 305
1785620 303
1785630 302
1785640 302
1785650 298
1785660 295
1785670 295
1785680 295
1785690 297
1785700 297
1785710 298
1785720 302
1785730 302
1785740 304
1785750 304
1785760 304
1785770 305
1785780 303
1785790 303
1785800 305
1785810 305
1785820 301
1785830 301
1785840 299
1785850 301
1785860 301
1785870 303
1785880 310
1785890 310
1785900 314
1785910 312
1785920 312
1785930 308
1785940 312
1785950 312
1785960 307
1785970 307
1785980 307
1785990 310
1786000 312
1786010 312
1786020 316
1786030 318
1786040 318
1786050 318
1786060 321
1786070 324
1786080 324
1786090 324
1786100 323
1786110 323
1786120 326
1786130 330
1786140 330
1786150 332
1786160 334
1786170 334
1786180 334
1786190 335
1786200 335
1786210 336
1786220 337
1786230 337
1786240 339
1786250 339
1786260 338
1786270 338
1786280 336
1786290 332
1786300 332
1786310 335
1786320 340
1786330 340
1786340 344
1786350 345
1786360 345
1786370 346
1786380 346
1786390 346
1786400 347
1786410 347
1786420 347
1786430 347
1786440 347
1786450 347
1786460 347
1786470 347
1786480 347
1786490 347
1786500 347
1786510 347
1786520 347
1786530 347
1786540 346
1786550 346
1786560 346
1786570 345
1786580 345
1786590 344
1786600 343
1786610 343
1786620 342
1786630 341
1786640 341
1786650 340
1786660 339
1786670 339
1786680 338
1786690 337
1786700 337
1786710 335
1786720 333
1786730 331
1786740 331
1786750 330
1786760 327
1786770 327
1786780 326
1786790 330
1786800 330
1786810 329
1786820 328
1786830 328
1786840 330
1786850 330
1786860 330
1786870 333
1786880 335
1786890 335
1786900 335
1786910 336
1786920 336
1786930 336
1786940 337
1786950 337
1786960 338
1786970 338
1786980 339
1786990 339
1787000 340
1787010 341
1787020 341
1787030 342
1787040 343
1787050 343
1787060 344
1787070 344
1787080 344
1787090 345
1787100 346
1787110 346
1787120 346
1787130 346
1787140 346
1787150 346
1787160 346
1787170 346
1787180 346
1787190 346
1787200 346
1787210 346
1787220 346
1787230 346
1787240 346
1787250 345
1787260 345
1787270 345
1787280 345
1787290 345
1787300 345
1787310 344
1787320 344
1787330 344
1787340 344
1787350 344
1787360 344
1787370 344
1787380 343
1787390 343
1787400 343
1787410 343
1787420 342
1787430 342
1787440 342
1787450 342
1787460 342
1787470 341
1787480 341
1787490 341
1787500 341
1787510 340
1787520 340
1787530 340
1787540 339
1787550 339
1787560 339
1787570 338
1787580 338
1787590 338
1787600 338
1787610 338
1787620 337
1787630 337
1787640 337
1787650 336
1787660 335
1787670 335
1787680 335
1787690 334
1787700 333
1787710 333
1787720 333
1787730 332
1787740 332
1787750 332
1787760 331
1787770 331
1787780 331
1787790 330
1787800 330
1787810 330
1787820 330
1787830 330
1787840 330
1787850 329
1787860 329
1787870 329
1787880 329
1787890 328
1787900 328
1787910 328
1787920 328
1787930 328
1787940 327
1787950 326
1787960 326
1787970 326
1787980 325
1787990 325
1788000 324
1788010 323
1788020 323
1788030 322
1788040 321
1788050 322
1788060 321
1788070 320
1788080 320
1788090 319
1788100 318
1788110 318
1788120 317
1788130 316
1788140 316
1788150 316
1788160 315
1788170 315
1788180 315
1788190 313
1788200 313
1788210 313
1788220 312
1788230 310
1788240 310
1788250 309
1788260 308
1788270 308
1788280 307
1788290 306
1788300 306
1788310 306
1788320 304
1788330 304
1788340 304
1788350 304
1788360 304
1788370 304
1788380 303
1788390 301
1788400 301
1788410 303
1788420 304
1788430 304
1788440 304
1788450 305
1788460 305
1788470 306
1788480 308
1788490 308
1788500 309
1788510 311
1788520 311
1788530 312
1788540 313
1788550 313
1788560 315
1788570 316
1788580 317
1788590 317
1788600 318
1788610 320
1788620 320
1788630 321
1788640 322
1788650 322
1788660 323
1788670 324
1788680 324
1788690 325
1788700 326
1788710 326
1788720 326
1788730 325
1788740 325
1788750 326
1788760 326
1788770 326
1788780 326
1788790 325
1788800 325
1788810 325
1788820 325
1788830 325
1788840 325
1788850 325
1788860 325
1788870 325
1788880 325
1788890 325
1788900 325
1788910 325
1788920 325
1788930 325
1788940 325
1788950 325
1788960 325
1788970 325
1788980 325
1788990 325
1789000 325
1789010 325
1789020 325
1789030 325
1789040 324
1789050 324
1789060 324
1789070 324
1789080 324
1789090 324
1789100 324
1789110 324
1789120 324
1789130 324
1789140 324
1789150 324
1789160 324
1789170 324
1789180 324
1789190 323
1789200 323
1789210 323
1789220 323
1789230 323
1789240 323
1789250 323
1789260 323
1789270 323
1789280 323
1789290 323
1789300 323
1789310 323
1789320 323
1789330 324
1789340 324
1789350 323
1789360 323
1789370 323
1789380 323
1789390 323
1789400 323
1789410 323
1789420 323
1789430 323
1789440 323
1789450 323
1789460 323
1789470 322
1789480 322
1789490 322
1789500 322
1789510 322
1789520 321
1789530 321
1789540 321
1789550 321
1789560 321
1789570 320
1789580 320
1789590 320
1789600 319
1789610 318
1789620 318
1789630 318
1789640 317
1789650 317
1789660 316
1789670 316
1789680 316
1789690 315
1789700 314
1789710 314
1789720 314
1789730 313
1789740 312
1789750 312
1789760 312
1789770 311
1789780 311
1789790 311
1789800 311
1789810 311
1789820 312
1789830 312
1789840 312
1789850 312
1789860 312
1789870 312
1789880 312
1789890 312
1789900 312
1789910 312
1789920 312
1789930 312
1789940 312
1789950 312
1789960 312
1789970 312
1789980 312
1789990 311
1790000 311
1790010 311
1790020 310
1790030 310
1790040 310
1790050 310
1790060 310
1790070 310
1790080 310
1790090 310
1790100 309
1790110 309
1790120 309
1790130 309
1790140 309
1790150 309
1790160 308
1790170 308
1790180 308
1790190 308
1790200 308
1790210 307
1790220 307
1790230 307
1790240 307
1790250 307
1790260 307
1790270 306
1790280 306
1790290 306
1790300 306
1790310 306
1790320 306
1790330 306
1790340 306
1790350 306
1790360 305
1790370 305
1790380 305
1790390 305
1790400 305
1790410 305
1790420 305
1790430 305
1790440 305
1790450 304
1790460 304
1790470 304
1790480 304
1790490 303
1790500 303
1790510 303
1790520 303
1790530 303
1790540 303
1790550 303
1790560 303
1790570 303
1790580 303
1790590 303
1790600 303
1790610 304
1790620 304
1790630 304
1790640 303
1790650 303
1790660 304
1790670 304
1790680 304
1790690 304
1790700 303
1790710 303
1790720 303
1790730 302
1790740 302
1790750 302
1790760 301
1790770 300
1790780 300
1790790 299
1790800 299
1790810 299
1790820 299
1790830 298
1790840 298
1790850 297
1790860 296
1790870 296
1790880 295
1790890 294
1790900 293
1790910 293
1790920 292
1790930 291
1790940 291
1790950 290
1790960 289
1790970 289
1790980 289
1790990 288
1791000 288
1791010 287
1791020 286
1791030 286
1791040 286
1791050 286
1791060 286
1791070 286
1791080 286
1791090 286
1791100 286
1791110 286
1791120 286
1791130 286
1791140 286
1791150 287
1791160 287
1791170 289
1791180 290
1791190 290
1791200 292
1791210 293
1791220 293
1791230 295
1791240 297
1791250 297
1791260 298
1791270 300
1791280 300
1791290 301
1791300 301
1791310 301
1791320 301
1791330 302
1791340 302
1791350 303
1791360 305
1791370 306
1791380 306
1791390 306
1791400 305
1791410 305
1791420 305
1791430 304
1791440 304
1791450 304
1791460 304
1791470 304
1791480 303
1791490 302
1791500 302
1791510 302
1791520 301
1791530 301
1791540 301
1791550 300
1791560 300
1791570 300
1791580 299
1791590 299
1791600 298
1791610 298
1791620 297
1791630 297
1791640 297
1791650 296
1791660 296
1791670 295
1791680 294
1791690 294
1791700 293
1791710 293
1791720 293
1791730 293
1791740 292
1791750 292
1791760 292
1791770 292
1791780 292
1791790 291
1791800 291
1791810 291
1791820 291
1791830 291
1791840 289
1791850 289
1791860 289
1791870 288
1791880 288
1791890 288
1791900 288
1791910 288
1791920 288
1791930 287
1791940 287
1791950 286
1791960 288
1791970 288
1791980 289
1791990 288
1792000 288
1792010 286
1792020 286
1792030 286
1792040 285
1792050 285
1792060 283
1792070 283
1792080 281
1792090 280
1792100 280
1792110 280
1792120 280
1792130 280
1792140 279
1792150 278
1792160 278
1792170 277
1792180 277
1792190 277
1792200 277
1792210 277
1792220 277
1792230 277
1792240 277
1792250 277
1792260 277
1792270 277
1792280 277
1792290 277
1792300 276
1792310 275
1792320 275
1792330 275
1792340 275
1792350 275
1792360 275
1792370 275
1792380 275
1792390 275
1792400 275
1792410 275
1792420 275
1792430 275
1792440 275
1792450 276
1792460 276
1792470 276
1792480 276
1792490 276
1792500 276
1792510 276
1792520 276
1792530 276
1792540 276
1792550 276
1792560 276
1792570 276
1792580 275
1792590 275
1792600 275
1792610 276
1792620 276
1792630 276
1792640 277
1792650 276
1792660 276
1792670 277
1792680 277
1792690 277
1792700 277
1792710 277
1792720 277
1792730 277
1792740 276
1792750 276
1792760 276
1792770 276
1792780 276
1792790 276
1792800 276
1792810 275
1792820 275
1792830 275
1792840 276
1792850 276
1792860 276
1792870 274
1792880 274
1792890 274
1792900 275
1792910 275
1792920 276
1792930 275
1792940 275
1792950 276
1792960 276
1792970 276
1792980 275
1792990 275
1793000 275
1793010 275
1793020 275
1793030 275
1793040 275
1793050 275
1793060 275
1793070 275
1793080 275
1793090 275
1793100 275
1793110 275
1793120 275
1793130 275
1793140 275
1793150 275
1793160 275
1793170 276
1793180 276
1793190 276
1793200 276
1793210 276
1793220 276
1793230 276
1793240 276
1793250 276
1793260 276
1793270 276
1793280 276
1793290 276
1793300 276
1793310 276
1793320 276
1793330 276
1793340 276
1793350 276
1793360 276
1793370 276
1793380 276
1793390 276
1793400 276
1793410 276
1793420 276
1793430 276
1793440 276
1793450 276
1793460 277
1793470 277
1793480 277
1793490 277
1793500 277
1793510 277
1793520 277
1793530 277
1793540 277
1793550 277
1793560 277
1793570 277
1793580 277
1793590 277
1793600 277
1793610 277
1793620 277
1793630 277
1793640 277
1793650 277
1793660 277
1793670 277
1793680 277
1793690 277
1793700 277
1793710 277
1793720 278
1793730 278
1793740 279
1793750 276
1793760 276
1793770 278
1793780 278
1793790 278
1793800 278
1793810 279
1793820 279
1793830 279
1793840 279
1793850 279
1793860 279
1793870 279
1793880 279
1793890 279
1793900 280
1793910 280
1793920 280
1793930 280
1793940 280
1793950 280
1793960 280
1793970 280
1793980 280
1793990 280
1794000 280
1794010 280
1794020 280
1794030 280
1794040 280
1794050 280
1794060 281
1794070 281
1794080 281
1794090 281
1794100 281
1794110 281
1794120 281
1794130 281
1794140 281
1794150 283
1794160 283
1794170 283
1794180 283
1794190 283
1794200 283
1794210 283
1794220 283
1794230 283
1794240 283
1794250 284
1794260 284
1794270 284
1794280 285
1794290 285
1794300 285
1794310 285
1794320 285
1794330 286
1794340 287
1794350 287
1794360 287
1794370 288
1794380 289
1794390 289
1794400 290
1794410 291
1794420 291
1794430 292
1794440 293
1794450 293
1794460 295
1794470 297
1794480 297
1794490 298
1794500 299
1794510 299
1794520 299
1794530 299
1794540 299
1794550 300
1794560 302
1794570 302
1794580 304
1794590 306
1794600 306
1794610 306
1794620 306
1794630 309
1794640 309
1794650 312
1794660 314
1794670 314
1794680 317
1794690 319
1794700 319
1794710 321
1794720 323
1794730 323
1794740 325
1794750 327
1794760 327
1794770 329
1794780 331
1794790 331
1794800 333
1794810 336
1794820 336
1794830 338
1794840 338
1794850 338
1794860 338
1794870 338
1794880 340
1794890 340
1794900 340
1794910 340
1794920 340
1794930 340
1794940 340
1794950 340
1794960 339
1794970 339
1794980 339
1794990 338
1795000 338
1795010 338
1795020 337
1795030 337
1795040 337
1795050 336
1795060 335
1795070 334
1795080 334
1795090 333
1795100 331
1795110 331
1795120 331
1795130 330
1795140 330
1795150 329
1795160 328
1795170 328
1795180 327
1795190 326
1795200 326
1795210 325
1795220 324
1795230 324
1795240 323
1795250 322
1795260 322
1795270 320
1795280 319
1795290 319
1795300 317
1795310 316
1795320 316
1795330 316
1795340 315
1795350 314
1795360 314
1795370 313
1795380 310
1795390 310
1795400 309
1795410 308
1795420 308
1795430 307
1795440 306
1795450 306
1795460 306
1795470 304
1795480 304
1795490 302
1795500 304
1795510 304
1795520 306
1795530 306
1795540 304
1795550 304
1795560 306
1795570 305
1795580 305
1795590 304
1795600 305
1795610 305
1795620 304
1795630 303
1795640 303
1795650 302
1795660 301
1795670 301
1795680 301
1795690 300
1795700 300
1795710 299
1795720 298
1795730 298
1795740 297
1795750 296
1795760 296
1795770 294
1795780 293
1795790 293
1795800 293
1795810 290
1795820 287
1795830 287
1795840 289
1795850 288
1795860 288
1795870 286
1795880 285
1795890 285
1795900 283
1795910 280
1795920 280
1795930 279
1795940 276
1795950 276
1795960 276
1795970 273
1795980 273
1795990 272
1796000 271
1796010 269
1796020 269
1796030 269
1796040 268
1796050 268
1796060 268
