1780000 387
1780010 387
1780020 387
1780030 387
1780040 387
1780050 387
1780060 387
1780070 386
1780080 386
1780090 386
1780100 386
1780110 386
1780120 386
1780130 386
1780140 386
1780150 386
1780160 386
1780170 386
1780180 386
1780190 386
1780200 386
1780210 386
1780220 386
1780230 386
1780240 386
1780250 386
1780260 386
1780270 386
1780280 386
1780290 386
1780300 386
1780310 386
1780320 386
1780330 386
1780340 387
1780350 387
1780360 387
1780370 387
1780380 387
1780390 387
1780400 387
1780410 387
1780420 387
1780430 387
1780440 387
1780450 387
1780460 386
1780470 386
1780480 386
1780490 386
1780500 386
1780510 386
1780520 386
1780530 386
1780540 385
1780550 385
1780560 385
1780570 385
1780580 385
1780590 385
1780600 384
1780610 384
1780620 383
1780630 382
1780640 382
1780650 382
1780660 381
1780670 381
1780680 380
1780690 381
1780700 381
1780710 381
1780720 382
1780730 382
1780740 382
1780750 383
1780760 384
1780770 384
1780780 384
1780790 384
1780800 384
1780810 385
1780820 385
1780830 385
1780840 385
1780850 386
1780860 386
1780870 386
1780880 386
1780890 386
1780900 387
1780910 387
1780920 387
1780930 388
1780940 388
1780950 388
1780960 388
1780970 388
1780980 388
1780990 387
1781000 387
1781010 387
1781020 387
1781030 386
1781040 386
1781050 386
1781060 384
1781070 384
1781080 384
1781090 383
1781100 381
1781110 381
1781120 380
1781130 378
1781140 378
1781150 376
1781160 375
1781170 375
1781180 374
1781190 372
1781200 372
1781210 370
1781220 369
1781230 365
1781240 365
1781250 363
1781260 364
1781270 364
1781280 364
1781290 363
1781300 363
1781310 362
1781320 358
1781330 358
1781340 355
1781350 351
1781360 351
1781370 354
1781380 356
1781390 356
1781400 355
1781410 354
1781420 354
1781430 351
1781440 350
1781450 350
1781460 348
1781470 346
1781480 344
1781490 344
1781500 344
1781510 343
1781520 343
1781530 342
1781540 342
1781550 342
1781560 340
1781570 338
1781580 338
1781590 338
1781600 335
1781610 335
1781620 336
1781630 335
1781640 335
1781650 334
1781660 333
1781670 333
1781680 332
1781690 331
1781700 330
1781710 330
1781720 329
1781730 328
1781740 328
1781750 327
1781760 326
1781770 326
1781780 326
1781790 325
1781800 325
1781810 324
1781820 323
1781830 323
1781840 322
1781850 322
1781860 322
1781870 322
1781880 321
1781890 321
1781900 319
1781910 318
1781920 318
1781930 318
1781940 317
1781950 317
1781960 317
1781970 316
1781980 315
1781990 315
1782000 314
1782010 314
1782020 314
1782030 313
1782040 314
1782050 314
1782060 313
1782070 312
1782080 312
1782090 311
1782100 310
1782110 310
1782120 308
1782130 305
1782140 306
1782150 305
1782160 305
1782170 306
1782180 306
1782190 305
1782200 305
1782210 305
1782220 305
1782230 304
1782240 304
1782250 304
1782260 303
1782270 303
1782280 302
1782290 301
1782300 301
1782310 301
1782320 300
1782330 300
1782340 300
1782350 299
1782360 299
1782370 299
1782380 299
1782390 299
1782400 298
1782410 297
1782420 297
1782430 297
1782440 296
1782450 295
1782460 295
1782470 295
1782480 294
1782490 294
1782500 293
1782510 293
1782520 293
1782530 292
1782540 292
1782550 292
1782560 291
1782570 291
1782580 291
1782590 290
1782600 290
1782610 290
1782620 290
1782630 289
1782640 289
1782650 289
1782660 288
1782670 288
1782680 288
1782690 287
1782700 287
1782710 287
1782720 287
1782730 287
1782740 287
1782750 286
1782760 286
1782770 286
1782780 286
1782790 286
1782800 286
1782810 285
1782820 285
1782830 285
1782840 285
1782850 285
1782860 285
1782870 284
1782880 284
1782890 284
1782900 284
1782910 284
1782920 284
1782930 284
1782940 284
1782950 284
1782960 284
1782970 284
1782980 284
1782990 284
1783000 284
1783010 283
1783020 283
1783030 283
1783040 283
1783050 283
1783060 283
1783070 282
1783080 282
1783090 282
1783100 282
1783110 282
1783120 282
1783130 282
1783140 282
1783150 282
1783160 282
1783170 282
1783180 282
1783190 282
1783200 282
1783210 282
1783220 282
1783230 283
1783240 283
1783250 282
1783260 282
1783270 282
1783280 282
1783290 282
1783300 282
1783310 282
1783320 282
1783330 282
1783340 282
1783350 282
1783360 282
1783370 282
1783380 282
1783390 282
1783400 282
1783410 282
1783420 282
1783430 282
1783440 282
1783450 282
1783460 282
1783470 282
1783480 282
1783490 282
1783500 282
1783510 282
1783520 282
1783530 282
1783540 282
1783550 282
1783560 283
1783570 283
1783580 283
1783590 283
1783600 283
1783610 282
1783620 282
1783630 278
1783640 280
1783650 280
1783660 286
1783670 286
1783680 286
1783690 287
1783700 288
1783710 288
1783720 289
1783730 289
1783740 289
1783750 290
1783760 290
1783770 290
1783780 290
1783790 290
1783800 291
1783810 291
1783820 291
1783830 291
1783840 291
1783850 292
1783860 292
1783870 292
1783880 293
1783890 293
1783900 293
1783910 293
1783920 294
1783930 294
1783940 294
1783950 295
1783960 295
1783970 295
1783980 296
1783990 296
1784000 298
1784010 298
1784020 298
1784030 298
1784040 298
1784050 299
1784060 299
1784070 300
1784080 301
1784090 301
1784100 301
1784110 302
1784120 302
1784130 302
1784140 302
1784150 302
1784160 302
1784170 303
1784180 303
1784190 304
1784200 305
1784210 305
1784220 307
1784230 308
1784240 308
1784250 309
1784260 309
1784270 309
1784280 309
1784290 309
1784300 309
1784310 309
1784320 308
1784330 307
1784340 307
1784350 307
1784360 308
1784370 308
1784380 308
1784390 308
1784400 308
1784410 307
1784420 307
1784430 307
1784440 307
1784450 307
1784460 307
1784470 308
1784480 312
1784490 312
1784500 314
1784510 315
1784520 316
1784530 316
1784540 317
1784550 319
1784560 319
1784570 320
1784580 321
1784590 321
1784600 322
1784610 323
1784620 323
1784630 324
1784640 325
1784650 325
1784660 325
1784670 326
1784680 326
1784690 327
1784700 327
1784710 327
1784720 327
1784730 328
1784740 328
1784750 328
1784760 327
1784770 327
1784780 327
1784790 326
1784800 325
1784810 325
1784820 324
1784830 324
1784840 324
1784850 324
1784860 325
1784870 325
1784880 325
1784890 326
1784900 326
1784910 327
1784920 327
1784930 327
1784940 328
1784950 329
1784960 329
1784970 330
1784980 332
1784990 333
1785000 333
1785010 334
1785020 335
1785030 335
1785040 336
1785050 337
1785060 337
1785070 338
1785080 339
1785090 339
1785100 340
1785110 341
1785120 341
1785130 343
1785140 344
1785150 344
1785160 345
1785170 347
1785180 347
1785190 348
1785200 350
1785210 350
1785220 350
1785230 351
1785240 352
1785250 352
1785260 353
1785270 354
1785280 354
1785290 355
1785300 356
1785310 356
1785320 356
1785330 357
1785340 357
1785350 357
1785360 358
1785370 358
1785380 358
1785390 359
1785400 359
1785410 360
1785420 360
1785430 360
1785440 361
1785450 361
1785460 361
1785470 361
1785480 361
1785490 361
1785500 361
1785510 361
1785520 361
1785530 361
1785540 360
1785550 360
1785560 360
1785570 360
1785580 360
1785590 360
1785600 359
1785610 359
1785620 359
1785630 359
1785640 359
1785650 359
1785660 358
1785670 358
1785680 358
1785690 358
1785700 358
1785710 357
1785720 357
1785730 357
1785740 357
1785750 357
1785760 356
1785770 356
1785780 356
1785790 355
1785800 354
1785810 354
1785820 354
1785830 353
1785840 353
1785850 352
1785860 352
1785870 352
1785880 351
1785890 350
1785900 350
1785910 350
1785920 349
1785930 349
1785940 349
1785950 348
1785960 348
1785970 348
1785980 348
1785990 348
1786000 348
1786010 348
1786020 348
1786030 348
1786040 348
1786050 348
1786060 348
1786070 348
1786080 348
1786090 348
1786100 348
1786110 348
1786120 348
1786130 348
1786140 348
1786150 348
1786160 348
1786170 348
1786180 348
1786190 348
1786200 348
1786210 349
1786220 349
1786230 349
1786240 349
1786250 349
1786260 349
1786270 349
1786280 349
1786290 349
1786300 349
1786310 349
1786320 349
1786330 349
1786340 349
1786350 349
1786360 349
1786370 349
1786380 349
1786390 349
1786400 350
1786410 350
1786420 350
1786430 350
1786440 350
1786450 350
1786460 351
1786470 351
1786480 351
1786490 351
1786500 351
1786510 352
1786520 352
1786530 352
1786540 352
1786550 353
1786560 353
1786570 353
1786580 353
1786590 353
1786600 353
1786610 353
1786620 353
1786630 353
1786640 353
1786650 353
1786660 353
1786670 352
1786680 352
1786690 352
1786700 352
1786710 351
1786720 351
1786730 351
1786740 351
1786750 351
1786760 351
1786770 350
1786780 350
1786790 350
1786800 350
1786810 350
1786820 350
1786830 350
1786840 350
1786850 350
1786860 349
1786870 349
1786880 349
1786890 349
1786900 349
1786910 349
1786920 349
1786930 349
1786940 349
1786950 349
1786960 349
1786970 349
1786980 349
1786990 349
1787000 349
1787010 349
1787020 349
1787030 349
1787040 348
1787050 348
1787060 348
1787070 348
1787080 348
1787090 347
1787100 347
1787110 347
1787120 346
1787130 346
1787140 346
1787150 345
1787160 345
1787170 345
1787180 344
1787190 344
1787200 343
1787210 342
1787220 342
1787230 341
1787240 340
1787250 340
1787260 339
1787270 338
1787280 338
1787290 337
1787300 337
1787310 335
1787320 335
1787330 334
1787340 333
1787350 333
1787360 333
1787370 332
1787380 332
1787390 331
1787400 330
1787410 330
1787420 329
1787430 328
1787440 328
1787450 327
1787460 326
1787470 326
1787480 325
1787490 323
1787500 323
1787510 321
1787520 317
1787530 317
1787540 317
1787550 317
1787560 317
1787570 317
1787580 317
1787590 317
1787600 317
1787610 316
1787620 317
1787630 317
1787640 317
1787650 319
1787660 319
1787670 322
1787680 322
1787690 324
1787700 325
1787710 326
1787720 326
1787730 327
1787740 327
1787750 327
1787760 328
1787770 329
1787780 329
1787790 329
1787800 330
1787810 331
1787820 331
1787830 332
1787840 332
1787850 332
1787860 334
1787870 335
1787880 335
1787890 335
1787900 337
1787910 337
1787920 338
1787930 339
1787940 339
1787950 339
1787960 340
1787970 340
1787980 339
1787990 340
1788000 340
1788010 339
1788020 338
1788030 338
1788040 338
1788050 338
1788060 338
1788070 338
1788080 338
1788090 338
1788100 338
1788110 338
1788120 337
1788130 337
1788140 337
1788150 337
1788160 337
1788170 336
1788180 336
1788190 336
1788200 336
1788210 336
1788220 336
1788230 336
1788240 335
1788250 335
1788260 335
1788270 335
1788280 335
1788290 335
1788300 335
1788310 335
1788320 335
1788330 334
1788340 334
1788350 334
1788360 334
1788370 334
1788380 334
1788390 334
1788400 334
1788410 334
1788420 334
1788430 333
1788440 333
1788450 333
1788460 333
1788470 333
1788480 333
1788490 333
1788500 333
1788510 333
1788520 333
1788530 333
1788540 333
1788550 332
1788560 332
1788570 332
1788580 332
1788590 332
1788600 332
1788610 332
1788620 332
1788630 332
1788640 332
1788650 332
1788660 332
1788670 332
1788680 331
1788690 331
1788700 331
1788710 331
1788720 331
1788730 331
1788740 331
1788750 331
1788760 331
1788770 331
1788780 331
1788790 331
1788800 331
1788810 331
1788820 331
1788830 331
1788840 331
1788850 331
1788860 331
1788870 331
1788880 331
1788890 330
1788900 330
1788910 330
1788920 330
1788930 329
1788940 329
1788950 328
1788960 328
1788970 327
1788980 327
1788990 327
1789000 327
1789010 327
1789020 326
1789030 326
1789040 326
1789050 325
1789060 325
1789070 325
1789080 324
1789090 324
1789100 324
1789110 323
1789120 323
1789130 323
1789140 322
1789150 321
1789160 321
1789170 320
1789180 319
1789190 319
1789200 319
1789210 317
1789220 316
1789230 316
1789240 314
1789250 314
1789260 314
1789270 313
1789280 312
1789290 312
1789300 311
1789310 311
1789320 311
1789330 311
1789340 312
1789350 312
1789360 312
1789370 313
1789380 313
1789390 314
1789400 315
1789410 315
1789420 316
1789430 317
1789440 318
1789450 318
1789460 319
1789470 319
1789480 319
1789490 319
1789500 319
1789510 319
1789520 320
1789530 321
1789540 321
1789550 321
1789560 322
1789570 322
1789580 322
1789590 322
1789600 322
1789610 323
1789620 323
1789630 323
1789640 323
1789650 324
1789660 324
1789670 324
1789680 324
1789690 324
1789700 324
1789710 324
1789720 324
1789730 324
1789740 324
1789750 323
1789760 323
1789770 323
1789780 322
1789790 322
1789800 320
1789810 318
1789820 318
1789830 317
1789840 316
1789850 316
1789860 317
1789870 319
1789880 320
1789890 320
1789900 321
1789910 322
1789920 322
1789930 322
1789940 322
1789950 322
1789960 323
1789970 322
1789980 322
1789990 322
1790000 321
1790010 321
1790020 321
1790030 320
1790040 320
1790050 319
1790060 319
1790070 319
1790080 318
1790090 317
1790100 317
1790110 316
1790120 316
1790130 315
1790140 315
1790150 315
1790160 314
1790170 314
1790180 313
1790190 313
1790200 313
1790210 312
1790220 312
1790230 312
1790240 311
1790250 310
1790260 310
1790270 310
1790280 310
1790290 310
1790300 309
1790310 309
1790320 309
1790330 309
1790340 308
1790350 308
1790360 308
1790370 307
1790380 307
1790390 307
1790400 307
1790410 307
1790420 307
1790430 306
1790440 306
1790450 306
1790460 306
1790470 306
1790480 306
1790490 305
1790500 305
1790510 305
1790520 305
1790530 304
1790540 304
1790550 304
1790560 303
1790570 303
1790580 303
1790590 303
1790600 303
1790610 303
1790620 303
1790630 302
1790640 302
1790650 303
1790660 302
1790670 302
1790680 302
1790690 301
1790700 301
1790710 300
1790720 300
1790730 300
1790740 300
1790750 300
1790760 300
1790770 301
1790780 301
1790790 301
1790800 302
1790810 303
1790820 303
1790830 303
1790840 304
1790850 305
1790860 305
1790870 305
1790880 306
1790890 306
1790900 306
1790910 306
1790920 306
1790930 307
1790940 307
1790950 307
1790960 307
1790970 307
1790980 307
1790990 308
1791000 307
1791010 307
1791020 307
1791030 307
1791040 307
1791050 307
1791060 307
1791070 307
1791080 307
1791090 307
1791100 307
1791110 307
1791120 307
1791130 307
1791140 307
1791150 307
1791160 307
1791170 307
1791180 307
1791190 307
1791200 307
1791210 307
1791220 307
1791230 307
1791240 307
1791250 307
1791260 307
1791270 307
1791280 307
1791290 307
1791300 307
1791310 306
1791320 306
1791330 306
1791340 306
1791350 306
1791360 306
1791370 306
1791380 305
1791390 305
1791400 305
1791410 305
1791420 305
1791430 305
1791440 304
1791450 304
1791460 304
1791470 303
1791480 303
1791490 303
1791500 303
1791510 303
1791520 302
1791530 302
1791540 302
1791550 302
1791560 302
1791570 302
1791580 302
1791590 302
1791600 302
1791610 302
1791620 302
1791630 302
1791640 302
1791650 302
1791660 303
1791670 303
1791680 303
1791690 303
1791700 303
1791710 303
1791720 302
1791730 302
1791740 302
1791750 301
1791760 299
1791770 299
1791780 298
1791790 296
1791800 296
1791810 295
1791820 293
1791830 293
1791840 292
1791850 291
1791860 291
1791870 290
1791880 289
1791890 289
1791900 288
1791910 287
1791920 287
1791930 287
1791940 286
1791950 285
1791960 284
1791970 284
1791980 284
1791990 283
1792000 283
1792010 282
1792020 282
1792030 282
1792040 282
1792050 282
1792060 282
1792070 282
1792080 282
1792090 281
1792100 281
1792110 281
1792120 281
1792130 281
1792140 281
1792150 281
1792160 281
1792170 281
1792180 280
1792190 280
1792200 280
1792210 280
1792220 280
1792230 280
1792240 280
1792250 280
1792260 280
1792270 280
1792280 280
1792290 280
1792300 280
1792310 280
1792320 280
1792330 280
1792340 280
1792350 280
1792360 280
1792370 280
1792380 280
1792390 280
1792400 281
1792410 280
1792420 280
1792430 281
1792440 280
1792450 280
1792460 280
1792470 280
1792480 280
1792490 280
1792500 280
1792510 280
1792520 280
1792530 280
1792540 279
1792550 279
1792560 279
1792570 279
1792580 279
1792590 279
1792600 279
1792610 279
1792620 279
1792630 280
1792640 280
1792650 279
1792660 279
1792670 279
1792680 279
1792690 279
1792700 279
1792710 279
1792720 279
1792730 279
1792740 279
1792750 279
1792760 279
1792770 279
1792780 279
1792790 279
1792800 279
1792810 280
1792820 279
1792830 279
1792840 279
1792850 279
1792860 279
1792870 279
1792880 279
1792890 279
1792900 279
1792910 279
1792920 279
1792930 279
1792940 279
1792950 279
1792960 279
1792970 279
1792980 279
1792990 279
1793000 279
1793010 279
1793020 279
1793030 279
1793040 279
1793050 279
1793060 280
1793070 280
1793080 280
1793090 280
1793100 280
1793110 280
1793120 280
1793130 280
1793140 280
1793150 280
1793160 280
1793170 280
1793180 280
1793190 280
1793200 280
1793210 280
1793220 280
1793230 280
1793240 280
1793250 280
1793260 280
1793270 280
1793280 280
1793290 280
1793300 280
1793310 280
1793320 280
1793330 280
1793340 280
1793350 280
1793360 280
1793370 280
1793380 280
1793390 280
1793400 280
1793410 280
1793420 280
1793430 280
1793440 280
1793450 280
1793460 280
1793470 280
1793480 280
1793490 280
1793500 280
1793510 280
1793520 280
1793530 280
1793540 280
1793550 280
1793560 281
1793570 282
1793580 282
1793590 280
1793600 280
1793610 280
1793620 281
1793630 282
1793640 283
1793650 283
1793660 283
1793670 283
1793680 283
1793690 284
1793700 284
1793710 284
1793720 284
1793730 285
1793740 285
1793750 285
1793760 285
1793770 285
1793780 285
1793790 285
1793800 285
1793810 286
1793820 286
1793830 286
1793840 286
1793850 286
1793860 287
1793870 287
1793880 287
1793890 287
1793900 287
1793910 287
1793920 288
1793930 288
1793940 288
1793950 288
1793960 288
1793970 289
1793980 289
1793990 289
1794000 289
1794010 290
1794020 290
1794030 290
1794040 290
1794050 290
1794060 291
1794070 291
1794080 291
1794090 292
1794100 293
1794110 293
1794120 293
1794130 294
1794140 294
1794150 294
1794160 295
1794170 295
1794180 295
1794190 296
1794200 295
1794210 295
1794220 295
1794230 296
1794240 296
1794250 298
1794260 299
1794270 299
1794280 299
1794290 300
1794300 300
1794310 301
1794320 302
1794330 303
1794340 303
1794350 304
1794360 304
1794370 304
1794380 304
1794390 305
1794400 305
1794410 307
1794420 308
1794430 308
1794440 310
1794450 310
1794460 310
1794470 312
1794480 314
1794490 314
1794500 315
1794510 317
1794520 317
1794530 319
1794540 321
1794550 321
1794560 323
1794570 324
1794580 326
1794590 326
1794600 328
1794610 330
1794620 330
1794630 331
1794640 334
1794650 334
1794660 336
1794670 339
1794680 339
1794690 342
1794700 343
1794710 343
1794720 343
1794730 347
1794740 347
1794750 350
1794760 352
1794770 352
1794780 355
1794790 357
1794800 358
1794810 358
1794820 360
1794830 362
1794840 362
1794850 365
1794860 367
1794870 367
1794880 368
1794890 369
1794900 369
1794910 370
1794920 370
1794930 370
1794940 369
1794950 368
1794960 368
1794970 366
1794980 364
1794990 364
1795000 363
1795010 361
1795020 361
1795030 359
1795040 356
1795050 355
1795060 355
1795070 353
1795080 352
1795090 352
1795100 350
1795110 349
1795120 349
1795130 347
1795140 345
1795150 345
1795160 344
1795170 342
1795180 342
1795190 341
1795200 340
1795210 340
1795220 339
1795230 339
1795240 339
1795250 338
1795260 336
1795270 335
1795280 335
1795290 334
1795300 332
1795310 332
1795320 331
1795330 329
1795340 329
1795350 328
1795360 327
1795370 327
1795380 326
1795390 325
1795400 325
1795410 324
1795420 322
1795430 322
1795440 321
1795450 320
1795460 320
1795470 319
1795480 317
1795490 317
1795500 314
1795510 313
1795520 314
1795530 314
1795540 311
1795550 310
1795560 310
1795570 306
1795580 307
1795590 307
1795600 307
1795610 306
1795620 306
1795630 305
1795640 304
1795650 304
1795660 303
1795670 301
1795680 301
1795690 300
1795700 299
1795710 299
1795720 298
1795730 296
1795740 295
1795750 295
1795760 294
1795770 292
1795780 292
1795790 287
1795800 284
1795810 284
1795820 284
1795830 284
1795840 284
1795850 284
1795860 284
1795870 284
1795880 285
1795890 285
1795900 285
1795910 285
1795920 285
1795930 285
1795940 286
1795950 286
1795960 286
1795970 286
1795980 286
1795990 287
1796000 287
1796010 291
1796020 295
1796030 295
1796040 298
1796050 301
1796060 302
1796070 304
