1780000 295
1780010 295
1780020 295
1780030 295
1780040 295
1780050 295
1780060 294
1780070 294
1780080 294
1780090 294
1780100 294
1780110 294
1780120 294
1780130 293
1780140 293
1780150 293
1780160 293
1780170 293
1780180 293
1780190 293
1780200 293
1780210 293
1780220 293
1780230 293
1780240 293
1780250 293
1780260 293
1780270 293
1780280 293
1780290 293
1780300 293
1780310 292
1780320 292
1780330 293
1780340 293
1780350 293
1780360 293
1780370 293
1780380 293
1780390 293
1780400 293
1780410 293
1780420 293
1780430 293
1780440 293
1780450 293
1780460 293
1780470 292
1780480 292
1780490 293
1780500 293
1780510 293
1780520 292
1780530 292
1780540 292
1780550 292
1780560 292
1780570 292
1780580 292
1780590 292
1780600 292
1780610 292
1780620 292
1780630 292
1780640 292
1780650 292
1780660 292
1780670 292
1780680 292
1780690 292
1780700 292
1780710 292
1780720 292
1780730 292
1780740 292
1780750 292
1780760 292
1780770 292
1780780 295
1780790 295
1780800 296
1780810 296
1780820 296
1780830 296
1780840 296
1780850 297
1780860 297
1780870 298
1780880 300
1780890 300
1780900 301
1780910 301
1780920 301
1780930 301
1780940 301
1780950 301
1780960 301
1780970 301
1780980 301
1780990 301
1781000 301
1781010 301
1781020 301
1781030 298
1781040 295
1781050 295
1781060 293
1781070 292
1781080 292
1781090 291
1781100 290
1781110 290
1781120 289
1781130 289
1781140 289
1781150 290
1781160 291
1781170 291
1781180 291
1781190 292
1781200 292
1781210 292
1781220 292
1781230 292
1781240 292
1781250 292
1781260 292
1781270 291
1781280 290
1781290 290
1781300 290
1781310 289
1781320 289
1781330 289
1781340 289
1781350 290
1781360 290
1781370 290
1781380 291
1781390 291
1781400 291
1781410 290
1781420 290
1781430 290
1781440 290
1781450 290
1781460 289
1781470 289
1781480 289
1781490 291
1781500 289
1781510 289
1781520 290
1781530 291
1781540 291
1781550 291
1781560 291
1781570 291
1781580 291
1781590 291
1781600 291
1781610 291
1781620 291
1781630 291
1781640 291
1781650 292
1781660 292
1781670 292
1781680 292
1781690 292
1781700 292
1781710 292
1781720 292
1781730 292
1781740 292
1781750 292
1781760 292
1781770 292
1781780 292
1781790 292
1781800 292
1781810 292
1781820 292
1781830 292
1781840 292
1781850 293
1781860 293
1781870 292
1781880 292
1781890 292
1781900 292
1781910 292
1781920 292
1781930 293
1781940 293
1781950 293
1781960 293
1781970 293
1781980 293
1781990 293
1782000 293
1782010 293
1782020 293
1782030 293
1782040 293
1782050 293
1782060 294
1782070 294
1782080 294
1782090 294
1782100 294
1782110 294
1782120 294
1782130 294
1782140 294
1782150 294
1782160 295
1782170 295
1782180 295
1782190 295
1782200 295
1782210 295
1782220 295
1782230 295
1782240 295
1782250 293
1782260 292
1782270 292
1782280 295
1782290 297
1782300 297
1782310 298
1782320 300
1782330 300
1782340 302
1782350 303
1782360 303
1782370 304
1782380 308
1782390 308
1782400 310
1782410 312
1782420 312
1782430 314
1782440 315
1782450 315
1782460 317
1782470 318
1782480 320
1782490 320
1782500 322
1782510 323
1782520 323
1782530 323
1782540 323
1782550 323
1782560 325
1782570 330
1782580 330
1782590 332
1782600 334
1782610 334
1782620 335
1782630 334
1782640 334
1782650 338
1782660 340
1782670 340
1782680 341
1782690 343
1782700 343
1782710 346
1782720 348
1782730 351
1782740 351
1782750 351
1782760 352
1782770 352
1782780 352
1782790 352
1782800 352
1782810 352
1782820 348
1782830 348
1782840 349
1782850 354
1782860 354
1782870 355
1782880 356
1782890 356
1782900 357
1782910 358
1782920 358
1782930 360
1782940 361
1782950 362
1782960 362
1782970 364
1782980 365
1782990 365
1783000 367
1783010 368
1783020 368
1783030 369
1783040 370
1783050 370
1783060 372
1783070 374
1783080 374
1783090 376
1783100 378
1783110 378
1783120 379
1783130 381
1783140 381
1783150 383
1783160 385
1783170 385
1783180 386
1783190 387
1783200 388
1783210 388
1783220 390
1783230 391
1783240 391
1783250 392
1783260 392
1783270 392
1783280 393
1783290 394
1783300 394
1783310 395
1783320 395
1783330 395
1783340 395
1783350 395
1783360 395
1783370 394
1783380 394
1783390 394
1783400 394
1783410 394
1783420 394
1783430 394
1783440 393
1783450 392
1783460 392
1783470 391
1783480 389
1783490 389
1783500 389
1783510 388
1783520 388
1783530 387
1783540 386
1783550 386
1783560 385
1783570 384
1783580 384
1783590 383
1783600 382
1783610 382
1783620 381
1783630 380
1783640 380
1783650 379
1783660 379
1783670 378
1783680 378
1783690 374
1783700 371
1783710 371
1783720 368
1783730 365
1783740 365
1783750 367
1783760 369
1783770 369
1783780 368
1783790 365
1783800 365
1783810 366
1783820 368
1783830 368
1783840 368
1783850 366
1783860 366
1783870 369
1783880 370
1783890 370
1783900 374
1783910 375
1783920 377
1783930 377
1783940 378
1783950 380
1783960 380
1783970 380
1783980 383
1783990 383
1784000 384
1784010 386
1784020 386
1784030 388
1784040 389
1784050 389
1784060 391
1784070 393
1784080 393
1784090 396
1784100 398
1784110 398
1784120 400
1784130 402
1784140 403
1784150 403
1784160 404
1784170 406
1784180 406
1784190 407
1784200 406
1784210 406
1784220 406
1784230 406
1784240 406
1784250 405
1784260 405
1784270 405
1784280 405
1784290 405
1784300 405
1784310 404
1784320 404
1784330 404
1784340 404
1784350 403
1784360 403
1784370 403
1784380 403
1784390 402
1784400 402
1784410 402
1784420 402
1784430 402
1784440 401
1784450 401
1784460 401
1784470 401
1784480 401
1784490 401
1784500 400
1784510 400
1784520 400
1784530 400
1784540 399
1784550 399
1784560 399
1784570 399
1784580 399
1784590 399
1784600 399
1784610 399
1784620 399
1784630 399
1784640 399
1784650 399
1784660 399
1784670 399
1784680 399
1784690 399
1784700 400
1784710 400
1784720 400
1784730 400
1784740 400
1784750 399
1784760 399
1784770 399
1784780 399
1784790 398
1784800 398
1784810 398
1784820 397
1784830 397
1784840 397
1784850 396
1784860 396
1784870 395
1784880 395
1784890 394
1784900 394
1784910 393
1784920 393
1784930 393
1784940 392
1784950 391
1784960 391
1784970 391
1784980 390
1784990 390
1785000 389
1785010 389
1785020 389
1785030 389
1785040 388
1785050 388
1785060 388
1785070 387
1785080 387
1785090 387
1785100 387
1785110 386
1785120 386
1785130 386
1785140 385
1785150 385
1785160 384
1785170 384
1785180 384
1785190 383
1785200 383
1785210 383
1785220 383
1785230 383
1785240 383
1785250 384
1785260 385
1785270 385
1785280 385
1785290 385
1785300 385
1785310 387
1785320 387
1785330 388
1785340 388
1785350 389
1785360 389
1785370 389
1785380 390
1785390 390
1785400 390
1785410 390
1785420 390
1785430 390
1785440 391
1785450 391
1785460 391
1785470 391
1785480 391
1785490 391
1785500 391
1785510 390
1785520 390
1785530 390
1785540 390
1785550 390
1785560 390
1785570 389
1785580 389
1785590 389
1785600 388
1785610 388
1785620 388
1785630 387
1785640 386
1785650 386
1785660 386
1785670 385
1785680 385
1785690 385
1785700 384
1785710 384
1785720 383
1785730 383
1785740 383
1785750 382
1785760 382
1785770 382
1785780 381
1785790 380
1785800 380
1785810 380
1785820 379
1785830 378
1785840 378
1785850 378
1785860 377
1785870 377
1785880 377
1785890 376
1785900 376
1785910 375
1785920 374
1785930 374
1785940 374
1785950 373
1785960 373
1785970 372
1785980 371
1785990 371
1786000 370
1786010 370
1786020 370
1786030 369
1786040 368
1786050 368
1786060 368
1786070 367
1786080 366
1786090 366
1786100 365
1786110 365
1786120 365
1786130 365
1786140 365
1786150 365
1786160 365
1786170 365
1786180 365
1786190 364
1786200 364
1786210 364
1786220 364
1786230 364
1786240 364
1786250 364
1786260 364
1786270 364
1786280 364
1786290 364
1786300 365
1786310 365
1786320 365
1786330 365
1786340 365
1786350 364
1786360 364
1786370 364
1786380 364
1786390 364
1786400 364
1786410 363
1786420 363
1786430 363
1786440 363
1786450 362
1786460 362
1786470 362
1786480 362
1786490 362
1786500 362
1786510 362
1786520 362
1786530 361
1786540 361
1786550 361
1786560 361
1786570 361
1786580 361
1786590 361
1786600 360
1786610 360
1786620 360
1786630 360
1786640 360
1786650 360
1786660 359
1786670 359
1786680 359
1786690 359
1786700 359
1786710 359
1786720 359
1786730 358
1786740 358
1786750 358
1786760 358
1786770 358
1786780 358
1786790 358
1786800 357
1786810 357
1786820 357
1786830 357
1786840 357
1786850 357
1786860 357
1786870 357
1786880 357
1786890 357
1786900 357
1786910 356
1786920 356
1786930 356
1786940 356
1786950 356
1786960 356
1786970 356
1786980 356
1786990 356
1787000 356
1787010 356
1787020 356
1787030 356
1787040 356
1787050 355
1787060 355
1787070 355
1787080 355
1787090 355
1787100 354
1787110 354
1787120 354
1787130 354
1787140 353
1787150 353
1787160 353
1787170 352
1787180 352
1787190 352
1787200 352
1787210 352
1787220 351
1787230 351
1787240 351
1787250 351
1787260 351
1787270 351
1787280 351
1787290 351
1787300 351
1787310 351
1787320 351
1787330 352
1787340 352
1787350 352
1787360 352
1787370 352
1787380 352
1787390 352
1787400 352
1787410 353
1787420 353
1787430 353
1787440 353
1787450 353
1787460 353
1787470 353
1787480 353
1787490 353
1787500 353
1787510 354
1787520 354
1787530 354
1787540 354
1787550 354
1787560 354
1787570 354
1787580 354
1787590 354
1787600 355
1787610 355
1787620 355
1787630 355
1787640 355
1787650 355
1787660 355
1787670 355
1787680 355
1787690 355
1787700 355
1787710 355
1787720 355
1787730 355
1787740 355
1787750 355
1787760 355
1787770 355
1787780 355
1787790 355
1787800 355
1787810 355
1787820 355
1787830 355
1787840 355
1787850 355
1787860 354
1787870 354
1787880 354
1787890 354
1787900 354
1787910 354
1787920 354
1787930 354
1787940 354
1787950 354
1787960 354
1787970 354
1787980 354
1787990 354
1788000 354
1788010 354
1788020 354
1788030 354
1788040 353
1788050 353
1788060 353
1788070 352
1788080 352
1788090 352
1788100 352
1788110 351
1788120 351
1788130 351
1788140 351
1788150 351
1788160 350
1788170 350
1788180 350
1788190 350
1788200 349
1788210 349
1788220 349
1788230 349
1788240 348
1788250 348
1788260 348
1788270 348
1788280 348
1788290 348
1788300 348
1788310 348
1788320 347
1788330 347
1788340 347
1788350 347
1788360 347
1788370 347
1788380 346
1788390 346
1788400 346
1788410 346
1788420 345
1788430 345
1788440 345
1788450 345
1788460 345
1788470 345
1788480 344
1788490 344
1788500 344
1788510 344
1788520 344
1788530 344
1788540 343
1788550 343
1788560 343
1788570 342
1788580 342
1788590 342
1788600 342
1788610 342
1788620 342
1788630 341
1788640 341
1788650 341
1788660 341
1788670 341
1788680 341
1788690 341
1788700 341
1788710 341
1788720 341
1788730 341
1788740 341
1788750 341
1788760 342
1788770 341
1788780 341
1788790 341
1788800 341
1788810 341
1788820 341
1788830 341
1788840 341
1788850 340
1788860 340
1788870 340
1788880 340
1788890 340
1788900 340
1788910 340
1788920 340
1788930 340
1788940 340
1788950 340
1788960 340
1788970 340
1788980 340
1788990 340
1789000 340
1789010 340
1789020 340
1789030 340
1789040 339
1789050 339
1789060 339
1789070 339
1789080 339
1789090 339
1789100 339
1789110 339
1789120 339
1789130 336
1789140 336
1789150 335
1789160 335
1789170 335
1789180 334
1789190 334
1789200 334
1789210 334
1789220 334
1789230 333
1789240 332
1789250 332
1789260 332
1789270 332
1789280 332
1789290 332
1789300 331
1789310 331
1789320 331
1789330 330
1789340 330
1789350 330
1789360 330
1789370 330
1789380 329
1789390 329
1789400 329
1789410 329
1789420 329
1789430 329
1789440 329
1789450 329
1789460 329
1789470 329
1789480 329
1789490 328
1789500 328
1789510 328
1789520 328
1789530 328
1789540 327
1789550 327
1789560 327
1789570 326
1789580 326
1789590 326
1789600 325
1789610 325
1789620 325
1789630 326
1789640 325
1789650 326
1789660 326
1789670 326
1789680 326
1789690 326
1789700 326
1789710 326
1789720 326
1789730 326
1789740 325
1789750 325
1789760 325
1789770 325
1789780 325
1789790 324
1789800 324
1789810 324
1789820 323
1789830 323
1789840 323
1789850 322
1789860 322
1789870 322
1789880 322
1789890 321
1789900 321
1789910 321
1789920 320
1789930 320
1789940 320
1789950 319
1789960 318
1789970 318
1789980 318
1789990 317
1790000 317
1790010 316
1790020 315
1790030 315
1790040 314
1790050 313
1790060 313
1790070 312
1790080 311
1790090 311
1790100 310
1790110 306
1790120 302
1790130 302
1790140 302
1790150 302
1790160 302
1790170 302
1790180 302
1790190 302
1790200 302
1790210 301
1790220 301
1790230 300
1790240 300
1790250 300
1790260 301
1790270 301
1790280 301
1790290 301
1790300 301
1790310 301
1790320 301
1790330 301
1790340 301
1790350 301
1790360 301
1790370 301
1790380 301
1790390 301
1790400 300
1790410 300
1790420 300
1790430 300
1790440 300
1790450 300
1790460 300
1790470 300
1790480 300
1790490 300
1790500 300
1790510 299
1790520 299
1790530 299
1790540 299
1790550 299
1790560 299
1790570 299
1790580 299
1790590 299
1790600 299
1790610 299
1790620 298
1790630 298
1790640 296
1790650 298
1790660 298
1790670 299
1790680 298
1790690 298
1790700 298
1790710 297
1790720 297
1790730 297
1790740 297
1790750 297
1790760 297
1790770 297
1790780 297
1790790 297
1790800 297
1790810 297
1790820 297
1790830 296
1790840 296
1790850 296
1790860 296
1790870 296
1790880 296
1790890 296
1790900 296
1790910 296
1790920 295
1790930 295
1790940 295
1790950 295
1790960 295
1790970 295
1790980 295
1790990 295
1791000 295
1791010 294
1791020 294
1791030 294
1791040 294
1791050 294
1791060 294
1791070 294
1791080 293
1791090 293
1791100 293
1791110 293
1791120 293
1791130 293
1791140 293
1791150 293
1791160 293
1791170 293
1791180 293
1791190 293
1791200 292
1791210 292
1791220 292
1791230 292
1791240 292
1791250 292
1791260 292
1791270 292
1791280 292
1791290 292
1791300 292
1791310 291
1791320 291
1791330 291
1791340 291
1791350 291
1791360 291
1791370 291
1791380 291
1791390 291
1791400 291
1791410 291
1791420 291
1791430 291
1791440 291
1791450 291
1791460 291
1791470 291
1791480 290
1791490 290
1791500 290
1791510 290
1791520 290
1791530 290
1791540 290
1791550 290
1791560 290
1791570 290
1791580 290
1791590 290
1791600 290
1791610 290
1791620 290
1791630 290
1791640 289
1791650 289
1791660 289
1791670 290
1791680 289
1791690 289
1791700 289
1791710 289
1791720 289
1791730 289
1791740 289
1791750 289
1791760 289
1791770 289
1791780 289
1791790 289
1791800 289
1791810 289
1791820 289
1791830 288
1791840 285
1791850 285
1791860 287
1791870 288
1791880 288
1791890 288
1791900 288
1791910 288
1791920 288
1791930 288
1791940 288
1791950 288
1791960 288
1791970 288
1791980 288
1791990 288
1792000 288
1792010 288
1792020 288
1792030 288
1792040 288
1792050 288
1792060 288
1792070 288
1792080 288
1792090 289
1792100 289
1792110 290
1792120 289
1792130 289
1792140 289
1792150 291
1792160 291
1792170 292
1792180 289
1792190 289
1792200 289
1792210 289
1792220 289
1792230 289
1792240 289
1792250 288
1792260 288
1792270 288
1792280 288
1792290 288
1792300 288
1792310 288
1792320 288
1792330 288
1792340 289
1792350 289
1792360 289
1792370 289
1792380 289
1792390 289
1792400 289
1792410 289
1792420 289
1792430 289
1792440 289
1792450 289
1792460 289
1792470 289
1792480 289
1792490 289
1792500 289
1792510 289
1792520 289
1792530 289
1792540 289
1792550 289
1792560 289
1792570 289
1792580 289
1792590 289
1792600 289
1792610 289
1792620 288
1792630 288
1792640 288
1792650 288
1792660 288
1792670 288
1792680 288
1792690 288
1792700 289
1792710 289
1792720 289
1792730 289
1792740 289
1792750 290
1792760 290
1792770 290
1792780 288
1792790 288
1792800 289
1792810 289
1792820 289
1792830 286
1792840 286
1792850 286
1792860 289
1792870 290
1792880 290
1792890 290
1792900 290
1792910 290
1792920 290
1792930 290
1792940 290
1792950 290
1792960 290
1792970 290
1792980 290
1792990 290
1793000 290
1793010 290
1793020 290
1793030 290
1793040 290
1793050 290
1793060 290
1793070 290
1793080 290
1793090 290
1793100 290
1793110 290
1793120 291
1793130 291
1793140 291
1793150 291
1793160 291
1793170 291
1793180 291
1793190 291
1793200 291
1793210 292
1793220 292
1793230 292
1793240 292
1793250 292
1793260 292
1793270 292
1793280 293
1793290 293
1793300 293
1793310 293
1793320 293
1793330 293
1793340 294
1793350 294
1793360 294
1793370 294
1793380 294
1793390 295
1793400 295
1793410 295
1793420 296
1793430 296
1793440 297
1793450 297
1793460 298
1793470 299
1793480 299
1793490 300
1793500 301
1793510 301
1793520 302
1793530 304
1793540 304
1793550 306
1793560 307
1793570 307
1793580 309
1793590 310
1793600 310
1793610 311
1793620 312
1793630 312
1793640 314
1793650 315
1793660 315
1793670 316
1793680 317
1793690 317
1793700 317
1793710 319
1793720 319
1793730 319
1793740 322
1793750 323
1793760 323
1793770 326
1793780 328
1793790 328
1793800 330
1793810 331
1793820 331
1793830 332
1793840 333
1793850 333
1793860 333
1793870 334
1793880 334
1793890 334
1793900 334
1793910 334
1793920 333
1793930 332
1793940 330
1793950 330
1793960 330
1793970 327
1793980 327
1793990 325
1794000 322
1794010 322
1794020 320
1794030 319
1794040 319
1794050 317
1794060 317
1794070 317
1794080 316
1794090 316
1794100 316
1794110 316
1794120 314
1794130 314
1794140 314
1794150 319
1794160 320
1794170 320
1794180 322
1794190 323
1794200 323
1794210 324
1794220 324
1794230 324
1794240 325
1794250 325
1794260 325
1794270 325
1794280 325
1794290 325
1794300 325
1794310 324
1794320 324
1794330 324
1794340 322
1794350 322
1794360 320
1794370 318
1794380 318
1794390 317
1794400 315
1794410 311
1794420 311
1794430 309
1794440 314
1794450 314
1794460 310
1794470 313
1794480 313
1794490 313
1794500 312
1794510 312
1794520 312
1794530 311
1794540 311
1794550 311
1794560 310
1794570 310
1794580 309
1794590 308
1794600 308
1792960 290
1792970 290
1792980 290
1792990 290
1793000 290
1793010 290
1793020 290
1793030 290
1793040 290
1793050 290
1793060 290
1793070 290
1793080 290
1793090 290
1793100 290
1793110 290
1793120 290
1793130 291
1793140 291
1793150 291
1793160 291
1793170 291
1793180 291
1793190 291
1793200 291
1793210 292
1793220 292
1793230 292
1793240 292
1793250 292
1793260 292
1793270 292
1793280 292
1793290 293
1793300 293
1793310 293
1793320 293
1793330 293
1793340 293
1793350 294
1793360 294
1793370 294
1793380 294
1793390 295
1793400 295
1793410 295
1793420 296
1793430 296
1793440 297
1793450 297
1793460 298
1793470 298
1793480 299
1793490 299
1793500 300
1793510 301
1793520 302
1793530 303
1793540 303
1793550 305
1793560 306
1793570 307
1793580 308
1793590 309
1793600 310
1793610 311
1793620 312
1793630 312
1793640 313
1793650 314
1793660 315
1793670 315
1793680 316
1793690 317
1793700 317
1793710 318
1793720 319
1793730 319
1793740 320
1793750 322
1793760 323
1793770 325
1793780 326
1793790 328
1793800 329
1793810 330
1793820 331
1793830 331
1793840 332
1793850 333
1793860 333
1793870 334
1793880 334
1793890 334
1793900 334
1793910 333
1793920 333
1793930 333
1793940 332
1793950 331
1793960 330
1793970 329
1793980 327
1793990 326
1794000 324
1794010 322
1794020 320
1794030 319
1794040 318
1794050 317
1794060 316
1794070 316
1794080 316
1794090 316
1794100 315
1794110 315
1794120 314
1794130 313
1794140 314
1794150 316
1794160 318
1794170 319
1794180 320
1794190 320
1794200 321
1794210 322
1794220 323
1794230 324
1794240 324
1794250 324
1794260 324
1794270 324
1794280 325
1794290 325
1794300 325
1794310 325
1794320 324
1794330 324
1794340 324
1794350 323
1794360 322
1794370 321
1794380 320
1794390 320
1794400 318
1794410 316
1794420 313
1794430 310
1794440 308
1794450 308
1794460 309
1794470 310
1794480 312
1794490 313
1794500 313
1794510 312
1794520 312
1794530 312
1794540 311
1794550 311
1794560 310
1794570 310
1794580 309
1794590 309
1794600 308
1794610 307
1794620 307
1794630 306
1794640 305
1794650 304
1794660 303
1794670 302
1794680 301
1794690 300
1794700 299
1794710 298
1794720 297
1794730 296
1794740 294
1794750 294
1794760 293
1794770 292
1794780 291
1794790 290
1794800 289
1794810 288
1794820 287
1794830 287
1794840 286
1794850 286
1794860 286
1794870 286
1794880 285
1794890 285
1794900 285
1794910 285
1794920 285
1794930 285
1794940 285
1794950 285
1794960 285
1794970 285
1794980 285
1794990 285
1795000 285
1795010 285
1795020 285
1795030 285
1795040 286
1795050 286
1795060 287
1795070 288
1795080 289
1795090 289
1795100 290
1795110 291
1795120 291
1795130 292
1795140 292
1795150 293
1795160 293
1795170 293
1795180 294
1795190 294
1795200 295
1795210 295
1795220 296
1795230 296
1795240 296
1795250 297
1795260 297
1795270 297
1795280 297
1795290 297
1795300 297
1795310 297
1795320 298
1795330 298
1795340 298
1795350 298
1795360 299
1795370 299
1795380 299
1795390 299
1795400 299
1795410 300
1795420 300
1795430 301
1795440 301
1795450 302
1795460 302
1795470 302
1795480 302
1795490 302
1795500 302
1795510 301
1795520 302
1795530 302
1795540 301
1795550 300
1795560 298
1795570 296
1795580 295
1795590 293
1795600 291
1795610 290
1795620 289
1795630 288
1795640 286
1795650 285
1795660 284
1795670 283
1795680 282
1795690 282
1795700 281
1795710 281
1795720 282
1795730 282
1795740 282
1795750 283
1795760 283
1795770 284
1795780 286
1795790 287
1795800 288
1795810 290
1795820 291
1795830 292
1795840 294
1795850 296
1795860 297
1795870 297
1795880 297
1795890 297
1795900 298
1795910 298
1795920 299
1795930 300
1795940 300
1795950 301
1795960 301
1795970 300
1795980 300
1795990 299
1796000 299
1796010 299
1796020 299
1796030 299
1796040 299
1796050 298
1796060 297
1796070 297
1796080 296
1796090 295
1796100 294
1796110 292
1796120 291
1796130 290
1796140 288
1796150 287
1796160 286
1796170 285
1796180 285
1796190 285
1796200 285
1796210 285
1796220 285
1796230 286
1796240 287
1796250 288
1796260 289
1796270 290
1796280 292
1796290 293
1796300 294
1796310 295
1796320 296
1796330 296
1796340 297
1796350 298
1796360 299
1796370 300
1796380 300
1796390 301
1796400 300
1796410 299
1796420 298
1796430 297
1796440 296
1796450 296
1796460 295
1796470 294
1796480 293
1796490 292
1796500 291
1796510 290
1796520 289
1796530 287
1796540 286
1796550 285
1796560 284
1796570 283
1796580 283
1796590 282
1796600 282
1796610 282
1796620 282
1796630 282
1796640 283
1796650 284
1796660 284
1796670 285
1796680 287
1796690 288
1796700 289
1796710 290
1796720 292
1796730 293
1796740 294
1796750 296
1796760 297
1796770 298
1796780 299
1796790 300
1796800 301
1796810 302
1796820 303
1796830 305
1796840 305
1796850 306
1796860 307
1796870 309
1796880 310
1796890 311
1796900 312
1796910 312
1796920 313
1796930 313
1796940 314
1796950 314
1796960 314
1796970 315
1796980 315
1796990 315
1797000 315
1797010 315
1797020 315
1797030 316
1797040 316
1797050 316
1797060 316
1797070 315
1797080 315
1797090 315
1797100 314
1797110 314
1797120 313
1797130 313
1797140 313
1797150 312
1797160 311
1797170 311
1797180 311
1797190 311
1797200 311
1797210 311
1797220 311
1797230 311
1797240 310
1797250 310
1797260 310
1797270 311
1797280 311
1797290 311
1797300 312
1797310 312
1797320 312
1797330 313
1797340 313
1797350 313
1797360 313
1797370 313
1797380 313
1797390 313
1797400 313
1797410 313
1797420 313
1797430 313
1797440 313
1797450 313
1797460 313
1797470 312
1797480 312
1797490 312
1797500 312
1797510 311
1797520 311
1797530 311
1797540 311
1797550 311
1797560 310
1797570 310
1797580 310
1797590 310
1797600 309
1797610 309
1797620 309
1797630 308
1797640 308
1797650 308
1797660 308
1797670 307
1797680 307
1797690 307
1797700 307
1797710 306
1797720 306
1797730 305
1797740 305
1797750 304
1797760 304
1797770 303
1797780 303
1797790 302
1797800 301
1797810 301
1797820 300
1797830 299
1797840 299
1797850 298
1797860 297
1797870 297
1797880 296
1797890 295
1797900 294
1797910 294
1797920 293
1797930 292
1797940 291
1797950 291
1797960 290
1797970 289
1797980 289
1797990 288
1798000 288
1798010 287
1798020 287
1798030 286
1798040 286
1798050 285
1798060 285
1798070 284
1798080 284
1798090 283
1798100 283
1798110 283
1798120 282
1798130 281
1798140 280
1798150 280
1798160 279
1798170 278
1798180 278
1798190 277
1798200 276
1798210 276
1798220 275
1798230 275
1798240 274
1798250 274
1798260 274
1798270 273
1798280 273
1798290 273
1798300 273
1798310 272
1798320 272
1798330 272
1798340 271
1798350 271
1798360 271
1798370 270
1798380 270
1798390 269
1798400 269
1798410 269
1798420 268
1798430 268
1798440 268
1798450 268
1798460 267
1798470 267
1798480 267
1798490 267
1798500 266
1798510 266
1798520 266
1798530 266
1798540 266
1798550 266
1798560 265
1798570 265
1798580 265
1798590 265
1798600 265
1798610 264
1798620 264
1798630 264
1798640 264
1798650 264
1798660 264
1798670 264
1798680 264
1798690 263
1798700 263
1798710 263
1798720 263
1798730 263
1798740 262
1798750 262
1798760 261
1798770 261
1798780 260
1798790 260
1798800 260
1798810 260
1798820 259
1798830 259
1798840 259
1798850 259
1798860 259
1798870 259
1798880 259
1798890 259
1798900 259
1798910 259
1798920 259
1798930 259
1798940 259
1798950 259
1798960 259
1798970 259
1798980 259
1798990 259
1799000 259
1799010 259
1799020 259
1799030 259
1799040 259
1799050 259
1799060 259
1799070 259
1799080 259
1799090 259
1799100 259
1799110 259
1799120 259
1799130 258
1799140 258
1799150 258
1799160 258
1799170 258
1799180 258
1799190 258
1799200 258
1799210 258
1799220 258
1799230 258
1799240 258
1799250 258
1799260 258
1799270 258
1799280 258
1799290 259
1799300 259
1799310 259
1799320 259
1799330 259
1799340 259
1799350 259
1799360 259
1799370 259
1799380 259
1799390 259
1799400 260
1799410 261
1799420 261
1799430 261
1799440 261
1799450 262
1799460 262
1799470 263
1799480 264
1799490 265
1799500 267
1799510 269
1799520 271
1799530 273
1799540 274
1799550 277
1799560 278
1799570 280
1799580 282
1799590 284
1799600 286
1799610 287
1799620 289
1799630 292
1799640 294
1799650 295
1799660 297
1799670 298
1799680 300
1799690 300
1799700 301
1799710 302
1799720 304
1799730 305
1799740 306
1799750 307
1799760 308
1799770 309
1799780 310
1799790 311
1799800 312
1799810 313
1799820 314
1799830 316
1799840 317
1799850 317
1799860 318
1799870 319
1799880 319
1799890 320
1799900 320
1799910 320
1799920 320
1799930 320
1799940 319
1799950 319
1799960 318
1799970 317
1799980 317
1799990 316
