1780000 323
1780010 321
1780020 320
1780030 320
1780040 318
1780050 315
1780060 315
1780070 314
1780080 312
1780090 310
1780100 310
1780110 309
1780120 304
1780130 304
1780140 303
1780150 301
1780160 301
1780170 298
1780180 297
1780190 297
1780200 297
1780210 296
1780220 296
1780230 295
1780240 294
1780250 294
1780260 293
1780270 293
1780280 293
1780290 293
1780300 292
1780310 292
1780320 292
1780330 292
1780340 292
1780350 292
1780360 292
1780370 292
1780380 292
1780390 292
1780400 291
1780410 291
1780420 292
1780430 293
1780440 293
1780450 293
1780460 292
1780470 292
1780480 292
1780490 292
1780500 292
1780510 292
1780520 292
1780530 292
1780540 293
1780550 292
1780560 292
1780570 292
1780580 292
1780590 292
1780600 292
1780610 292
1780620 292
1780630 292
1780640 292
1780650 294
1780660 294
1780670 295
1780680 295
1780690 295
1780700 296
1780710 292
1780720 292
1780730 293
1780740 292
1780750 292
1780760 291
1780770 292
1780780 292
1780790 292
1780800 293
1780810 293
1780820 293
1780830 294
1780840 294
1780850 294
1780860 294
1780870 294
1780880 294
1780890 295
1780900 295
1780910 295
1780920 295
1780930 295
1780940 295
1780950 295
1780960 295
1780970 295
1780980 296
1780990 296
1781000 296
1781010 297
1781020 297
1781030 297
1781040 298
1781050 298
1781060 299
1781070 299
1781080 299
1781090 300
1781100 300
1781110 300
1781120 301
1781130 301
1781140 302
1781150 302
1781160 302
1781170 303
1781180 304
1781190 304
1781200 305
1781210 305
1781220 305
1781230 306
1781240 305
1781250 305
1781260 305
1781270 306
1781280 306
1781290 307
1781300 307
1781310 308
1781320 308
1781330 309
1781340 310
1781350 310
1781360 310
1781370 311
1781380 311
1781390 313
1781400 314
1781410 314
1781420 316
1781430 318
1781440 318
1781450 319
1781460 320
1781470 320
1781480 321
1781490 322
1781500 322
1781510 323
1781520 324
1781530 325
1781540 325
1781550 327
1781560 331
1781570 331
1781580 333
1781590 335
1781600 335
1781610 341
1781620 346
1781630 346
1781640 349
1781650 352
1781660 352
1781670 353
1781680 354
1781690 354
1781700 355
1781710 356
1781720 356
1781730 357
1781740 358
1781750 358
1781760 359
1781770 360
1781780 361
1781790 361
1781800 363
1781810 365
1781820 365
1781830 366
1781840 368
1781850 368
1781860 368
1781870 369
1781880 369
1781890 369
1781900 368
1781910 368
1781920 368
1781930 368
1781940 368
1781950 368
1781960 368
1781970 368
1781980 368
1781990 368
1782000 368
1782010 368
1782020 368
1782030 368
1782040 368
1782050 367
1782060 367
1782070 367
1782080 366
1782090 365
1782100 365
1782110 364
1782120 363
1782130 363
1782140 362
1782150 362
1782160 362
1782170 360
1782180 359
1782190 359
1782200 358
1782210 357
1782220 357
1782230 356
1782240 355
1782250 354
1782260 354
1782270 353
1782280 351
1782290 351
1782300 350
1782310 349
1782320 349
1782330 346
1782340 344
1782350 344
1782360 341
1782370 339
1782380 339
1782390 337
1782400 335
1782410 335
1782420 333
1782430 332
1782440 332
1782450 330
1782460 329
1782470 329
1782480 328
1782490 326
1782500 325
1782510 325
1782520 324
1782530 322
1782540 322
1782550 321
1782560 320
1782570 320
1782580 320
1782590 319
1782600 319
1782610 318
1782620 318
1782630 318
1782640 317
1782650 316
1782660 316
1782670 315
1782680 315
1782690 315
1782700 314
1782710 314
1782720 314
1782730 313
1782740 313
1782750 312
1782760 312
1782770 311
1782780 309
1782790 309
1782800 310
1782810 311
1782820 311
1782830 310
1782840 309
1782850 309
1782860 311
1782870 312
1782880 312
1782890 312
1782900 313
1782910 313
1782920 315
1782930 317
1782940 317
1782950 319
1782960 320
1782970 322
1782980 322
1782990 323
1783000 325
1783010 325
1783020 327
1783030 329
1783040 329
1783050 333
1783060 335
1783070 335
1783080 337
1783090 339
1783100 339
1783110 341
1783120 343
1783130 343
1783140 344
1783150 346
1783160 346
1783170 347
1783180 348
1783190 348
1783200 350
1783210 351
1783220 353
1783230 353
1783240 354
1783250 353
1783260 353
1783270 355
1783280 358
1783290 358
1783300 360
1783310 362
1783320 362
1783330 364
1783340 366
1783350 366
1783360 368
1783370 369
1783380 369
1783390 369
1783400 367
1783410 367
1783420 370
1783430 373
1783440 373
1783450 374
1783460 377
1783470 378
1783480 378
1783490 380
1783500 382
1783510 382
1783520 384
1783530 386
1783540 386
1783550 387
1783560 388
1783570 388
1783580 389
1783590 391
1783600 391
1783610 392
1783620 393
1783630 393
1783640 393
1783650 393
1783660 393
1783670 392
1783680 391
1783690 391
1783700 391
1783710 391
1783720 392
1783730 392
1783740 392
1783750 393
1783760 393
1783770 393
1783780 393
1783790 393
1783800 393
1783810 393
1783820 393
1783830 393
1783840 392
1783850 392
1783860 392
1783870 391
1783880 391
1783890 390
1783900 390
1783910 390
1783920 389
1783930 388
1783940 386
1783950 386
1783960 384
1783970 383
1783980 383
1783990 382
1784000 380
1784010 380
1784020 379
1784030 378
1784040 378
1784050 377
1784060 376
1784070 376
1784080 375
1784090 375
1784100 375
1784110 374
1784120 372
1784130 372
1784140 371
1784150 369
1784160 369
1784170 366
1784180 361
1784190 356
1784200 356
1784210 359
1784220 365
1784230 365
1784240 371
1784250 375
1784260 375
1784270 376
1784280 375
1784290 375
1784300 375
1784310 371
1784320 371
1784330 369
1784340 371
1784350 371
1784360 374
1784370 375
1784380 375
1784390 377
1784400 381
1784410 381
1784420 385
1784430 387
1784440 388
1784450 388
1784460 389
1784470 390
1784480 390
1784490 391
1784500 392
1784510 392
1784520 393
1784530 394
1784540 394
1784550 395
1784560 396
1784570 396
1784580 397
1784590 398
1784600 398
1784610 399
1784620 400
1784630 400
1784640 401
1784650 401
1784660 401
1784670 401
1784680 401
1784690 401
1784700 401
1784710 400
1784720 400
1784730 400
1784740 400
1784750 400
1784760 400
1784770 400
1784780 400
1784790 400
1784800 400
1784810 400
1784820 400
1784830 400
1784840 400
1784850 400
1784860 400
1784870 400
1784880 400
1784890 400
1784900 399
1784910 399
1784920 399
1784930 399
1784940 399
1784950 399
1784960 398
1784970 398
1784980 398
1784990 398
1785000 398
1785010 398
1785020 399
1785030 398
1785040 398
1785050 398
1785060 397
1785070 397
1785080 397
1785090 397
1785100 397
1785110 397
1785120 396
1785130 396
1785140 396
1785150 396
1785160 396
1785170 396
1785180 395
1785190 395
1785200 395
1785210 394
1785220 394
1785230 394
1785240 393
1785250 393
1785260 393
1785270 393
1785280 392
1785290 392
1785300 392
1785310 391
1785320 391
1785330 391
1785340 390
1785350 390
1785360 389
1785370 389
1785380 388
1785390 388
1785400 387
1785410 386
1785420 386
1785430 386
1785440 385
1785450 385
1785460 384
1785470 384
1785480 384
1785490 383
1785500 382
1785510 382
1785520 382
1785530 381
1785540 381
1785550 381
1785560 380
1785570 380
1785580 380
1785590 379
1785600 379
1785610 378
1785620 378
1785630 377
1785640 377
1785650 376
1785660 376
1785670 376
1785680 375
1785690 374
1785700 374
1785710 373
1785720 372
1785730 372
1785740 371
1785750 370
1785760 370
1785770 369
1785780 370
1785790 370
1785800 373
1785810 374
1785820 374
1785830 375
1785840 376
1785850 376
1785860 376
1785870 376
1785880 376
1785890 376
1785900 377
1785910 377
1785920 377
1785930 377
1785940 377
1785950 377
1785960 377
1785970 377
1785980 377
1785990 377
1786000 377
1786010 377
1786020 377
1786030 377
1786040 377
1786050 377
1786060 377
1786070 377
1786080 377
1786090 377
1786100 377
1786110 377
1786120 376
1786130 376
1786140 376
1786150 376
1786160 376
1786170 376
1786180 376
1786190 376
1786200 376
1786210 376
1786220 375
1786230 375
1786240 375
1786250 375
1786260 375
1786270 375
1786280 375
1786290 375
1786300 374
1786310 374
1786320 374
1786330 374
1786340 374
1786350 373
1786360 373
1786370 373
1786380 373
1786390 373
1786400 372
1786410 372
1786420 372
1786430 372
1786440 371
1786450 371
1786460 371
1786470 371
1786480 371
1786490 370
1786500 369
1786510 369
1786520 369
1786530 368
1786540 368
1786550 368
1786560 367
1786570 367
1786580 367
1786590 366
1786600 365
1786610 365
1786620 365
1786630 364
1786640 364
1786650 364
1786660 363
1786670 363
1786680 363
1786690 362
1786700 362
1786710 362
1786720 361
1786730 361
1786740 360
1786750 359
1786760 359
1786770 359
1786780 358
1786790 358
1786800 357
1786810 356
1786820 355
1786830 355
1786840 354
1786850 353
1786860 353
1786870 351
1786880 349
1786890 349
1786900 351
1786910 353
1786920 353
1786930 354
1786940 354
1786950 354
1786960 354
1786970 356
1786980 356
1786990 357
1787000 357
1787010 357
1787020 357
1787030 357
1787040 357
1787050 358
1787060 358
1787070 358
1787080 358
1787090 358
1787100 358
1787110 358
1787120 357
1787130 357
1787140 357
1787150 356
1787160 355
1787170 355
1787180 353
1787190 351
1787200 351
1787210 351
1787220 353
1787230 353
1787240 354
1787250 354
1787260 354
1787270 355
1787280 355
1787290 355
1787300 355
1787310 356
1787320 356
1787330 356
1787340 356
1787350 356
1787360 356
1787370 356
1787380 356
1787390 356
1787400 356
1787410 356
1787420 356
1787430 356
1787440 356
1787450 356
1787460 356
1787470 356
1787480 356
1787490 356
1787500 356
1787510 356
1787520 356
1787530 356
1787540 356
1787550 356
1787560 356
1787570 356
1787580 356
1787590 356
1787600 357
1787610 357
1787620 357
1787630 357
1787640 357
1787650 357
1787660 357
1787670 357
1787680 357
1787690 357
1787700 357
1787710 357
1787720 357
1787730 357
1787740 357
1787750 357
1787760 357
1787770 357
1787780 357
1787790 356
1787800 356
1787810 357
1787820 356
1787830 356
1787840 356
1787850 356
1787860 356
1787870 356
1787880 356
1787890 356
1787900 356
1787910 355
1787920 355
1787930 355
1787940 355
1787950 355
1787960 355
1787970 355
1787980 355
1787990 355
1788000 354
1788010 354
1788020 354
1788030 354
1788040 354
1788050 354
1788060 353
1788070 353
1788080 353
1788090 353
1788100 352
1788110 352
1788120 352
1788130 351
1788140 351
1788150 351
1788160 349
1788170 349
1788180 349
1788190 349
1788200 349
1788210 350
1788220 351
1788230 351
1788240 351
1788250 352
1788260 352
1788270 352
1788280 352
1788290 352
1788300 352
1788310 352
1788320 352
1788330 352
1788340 352
1788350 352
1788360 352
1788370 352
1788380 351
1788390 351
1788400 351
1788410 351
1788420 351
1788430 351
1788440 351
1788450 351
1788460 351
1788470 351
1788480 351
1788490 351
1788500 351
1788510 351
1788520 351
1788530 351
1788540 351
1788550 351
1788560 351
1788570 350
1788580 350
1788590 350
1788600 350
1788610 350
1788620 350
1788630 350
1788640 350
1788650 349
1788660 349
1788670 349
1788680 349
1788690 348
1788700 348
1788710 348
1788720 348
1788730 348
1788740 348
1788750 347
1788760 347
1788770 347
1788780 347
1788790 347
1788800 347
1788810 347
1788820 346
1788830 346
1788840 346
1788850 346
1788860 346
1788870 346
1788880 346
1788890 346
1788900 346
1788910 346
1788920 346
1788930 346
1788940 346
1788950 346
1788960 346
1788970 345
1788980 345
1788990 345
1789000 345
1789010 345
1789020 345
1789030 345
1789040 345
1789050 345
1789060 345
1789070 345
1789080 345
1789090 345
1789100 345
1789110 345
1789120 345
1789130 345
1789140 345
1789150 344
1789160 345
1789170 345
1789180 344
1789190 344
1789200 344
1789210 344
1789220 344
1789230 344
1789240 344
1789250 344
1789260 344
1789270 344
1789280 343
1789290 343
1789300 343
1789310 343
1789320 342
1789330 342
1789340 342
1789350 341
1789360 341
1789370 341
1789380 340
1789390 340
1789400 340
1789410 339
1789420 339
1789430 339
1789440 339
1789450 339
1789460 338
1789470 338
1789480 338
1789490 338
1789500 337
1789510 337
1789520 337
1789530 337
1789540 337
1789550 337
1789560 336
1789570 336
1789580 336
1789590 336
1789600 336
1789610 336
1789620 335
1789630 335
1789640 335
1789650 335
1789660 334
1789670 334
1789680 334
1789690 333
1789700 333
1789710 333
1789720 332
1789730 332
1789740 332
1789750 331
1789760 331
1789770 331
1789780 330
1789790 330
1789800 330
1789810 329
1789820 329
1789830 329
1789840 328
1789850 328
1789860 328
1789870 327
1789880 326
1789890 326
1789900 326
1789910 325
1789920 325
1789930 325
1789940 325
1789950 324
1789960 324
1789970 324
1789980 323
1789990 323
1790000 323
1790010 323
1790020 323
1790030 322
1790040 322
1790050 322
1790060 322
1790070 322
1790080 322
1790090 322
1790100 321
1790110 321
1790120 321
1790130 321
1790140 321
1790150 320
1790160 320
1790170 320
1790180 319
1790190 319
1790200 318
1790210 318
1790220 317
1790230 316
1790240 316
1790250 315
1790260 314
1790270 314
1790280 312
1790290 310
1790300 310
1790310 309
1790320 307
1790330 307
1790340 306
1790350 305
1790360 305
1790370 304
1790380 303
1790390 303
1790400 302
1790410 301
1790420 301
1790430 300
1790440 299
1790450 299
1790460 299
1790470 298
1790480 297
1790490 297
1790500 296
1790510 296
1790520 296
1790530 296
1790540 295
1790550 295
1790560 295
1790570 295
1790580 295
1790590 295
1790600 295
1790610 295
1790620 295
1790630 295
1790640 295
1790650 294
1790660 294
1790670 294
1790680 294
1790690 294
1790700 294
1790710 294
1790720 294
1790730 294
1790740 294
1790750 294
1790760 294
1790770 294
1790780 293
1790790 293
1790800 293
1790810 293
1790820 293
1790830 293
1790840 293
1790850 293
1790860 293
1790870 294
1790880 293
1790890 293
1790900 293
1790910 293
1790920 293
1790930 293
1790940 293
1790950 293
1790960 293
1790970 293
1790980 293
1790990 293
1791000 293
1791010 293
1791020 293
1791030 293
1791040 293
1791050 293
1791060 293
1791070 293
1791080 293
1791090 293
1791100 293
1791110 293
1791120 293
1791130 293
1791140 293
1791150 293
1791160 293
1791170 293
1791180 293
1791190 293
1791200 293
1791210 293
1791220 293
1791230 293
1791240 293
1791250 293
1791260 293
1791270 293
1791280 293
1791290 293
1791300 293
1791310 293
1791320 293
1791330 293
1791340 293
1791350 293
1791360 293
1791370 293
1791380 293
1791390 293
1791400 293
1791410 293
1791420 293
1791430 293
1791440 293
1791450 294
1791460 294
1791470 293
1791480 293
1791490 293
1791500 293
1791510 293
1791520 293
1791530 293
1791540 293
1791550 293
1791560 293
1791570 293
1791580 293
1791590 293
1791600 293
1791610 293
1791620 293
1791630 293
1791640 293
1791650 293
1791660 293
1791670 293
1791680 293
1791690 293
1791700 293
1791710 293
1791720 293
1791730 293
1791740 293
1791750 293
1791760 293
1791770 293
1791780 293
1791790 293
1791800 293
1791810 293
1791820 293
1791830 293
1791840 293
1791850 293
1791860 293
1791870 293
1791880 293
1791890 293
1791900 293
1791910 293
1791920 293
1791930 293
1791940 293
1791950 293
1791960 293
1791970 293
1791980 293
1791990 293
1792000 292
1792010 291
1792020 291
1792030 295
1792040 294
1792050 294
1792060 293
1792070 293
1792080 293
1792090 293
1792100 293
1792110 293
1792120 293
1792130 293
1792140 293
1792150 293
1792160 293
1792170 291
1792180 291
1792190 292
1792200 293
1792210 293
1792220 293
1792230 294
1792240 294
1792250 295
1792260 294
1792270 294
1792280 293
1792290 294
1792300 294
1792310 294
1792320 294
1792330 294
1792340 294
1792350 295
1792360 295
1792370 295
1792380 295
1792390 295
1792400 295
1792410 295
1792420 295
1792430 295
1792440 295
1792450 295
1792460 295
1792470 295
1792480 295
1792490 295
1792500 295
1792510 295
1792520 295
1792530 295
1792540 296
1792550 296
1792560 296
1792570 296
1792580 296
1792590 296
1792600 296
1792610 296
1792620 296
1792630 296
1792640 296
1792650 296
1792660 296
1792670 296
1792680 296
1792690 296
1792700 296
1792710 296
1792720 296
1792730 296
1792740 296
1792750 297
1792760 297
1792770 297
1792780 297
1792790 297
1792800 297
1792810 297
1792820 297
1792830 297
1792840 297
1792850 297
1792860 297
1792870 297
1792880 297
1792890 297
1792900 297
1792910 298
1792920 298
1792930 298
1792940 298
1792950 299
1792960 299
1792970 299
1792980 300
1792990 300
1793000 300
1793010 300
1793020 300
1793030 301
1793040 301
1793050 301
1793060 301
1793070 301
1793080 302
1793090 302
1793100 302
1793110 302
1793120 302
1793130 302
1793140 302
1793150 302
1793160 302
1793170 304
1793180 304
1793190 305
1793200 305
1793210 305
1793220 306
1793230 307
1793240 307
1793250 308
1793260 310
1793270 309
1793280 310
1793290 311
1793300 311
1793310 312
1793320 312
1793330 313
1793340 313
1793350 314
1793360 316
1793370 316
1793380 317
1793390 319
1793400 319
1793410 320
1793420 321
1793430 321
1793440 321
1793450 322
1793460 322
1793470 324
1793480 326
1793490 326
1793500 327
1793510 328
1793520 328
1793530 329
1793540 330
1793550 330
1793560 331
1793570 332
1793580 332
1793590 332
1793600 332
1793610 332
1793620 332
1793630 334
1793640 335
1793650 335
1793660 336
1793670 336
1793680 336
1793690 334
1793700 333
1793710 333
1793720 332
1793730 330
1793740 330
1793750 329
1793760 328
1793770 328
1793780 327
1793790 326
1793800 325
1793810 325
1793820 324
1793830 322
1793840 322
1793850 321
1793860 320
1793870 320
1793880 318
1793890 317
1793900 317
1793910 316
1793920 315
1793930 315
1793940 315
1793950 313
1793960 313
1793970 312
1793980 312
1793990 312
1794000 311
1794010 311
1794020 311
1794030 310
1794040 310
1794050 309
1794060 309
1794070 309
1794080 309
1794090 309
1794100 309
1794110 310
1794120 310
1794130 311
1794140 312
1794150 312
1794160 313
1794170 315
1794180 315
1794190 315
1794200 316
1794210 316
1794220 317
1794230 317
1794240 317
1794250 316
1794260 314
1794270 314
1794280 312
1794290 310
1794300 310
1794310 310
1794320 309
1794330 308
1794340 308
1794350 308
1794360 308
1794370 308
1794380 308
1794390 308
1794400 308
1794410 308
1794420 309
1794430 309
1794440 310
1794450 312
1794460 312
1794470 313
1794480 315
1794490 315
1794500 317
1794510 317
1794520 321
1794530 321
1794540 323
1794550 324
1794560 324
1794570 325
1794580 326
1794590 326
1792480 295
1792490 295
1792500 295
1792510 295
1792520 295
1792530 295
1792540 295
1792550 296
1792560 296
1792570 296
1792580 296
1792590 296
1792600 296
1792610 296
1792620 296
1792630 296
1792640 296
1792650 296
1792660 296
1792670 296
1792680 296
1792690 296
1792700 296
1792710 296
1792720 296
1792730 296
1792740 296
1792750 296
1792760 297
1792770 297
1792780 297
1792790 297
1792800 297
1792810 297
1792820 297
1792830 297
1792840 297
1792850 297
1792860 297
1792870 297
1792880 297
1792890 297
1792900 298
1792910 298
1792920 298
1792930 298
1792940 298
1792950 298
1792960 299
1792970 299
1792980 299
1792990 299
1793000 300
1793010 300
1793020 300
1793030 301
1793040 301
1793050 301
1793060 301
1793070 301
1793080 302
1793090 302
1793100 302
1793110 302
1793120 302
1793130 302
1793140 302
1793150 302
1793160 302
1793170 303
1793180 304
1793190 305
1793200 305
1793210 306
1793220 306
1793230 306
1793240 307
1793250 308
1793260 308
1793270 309
1793280 310
1793290 310
1793300 311
1793310 311
1793320 312
1793330 312
1793340 313
1793350 314
1793360 315
1793370 316
1793380 317
1793390 318
1793400 318
1793410 319
1793420 320
1793430 321
1793440 321
1793450 321
1793460 322
1793470 323
1793480 324
1793490 325
1793500 326
1793510 327
1793520 328
1793530 329
1793540 330
1793550 330
1793560 331
1793570 331
1793580 332
1793590 332
1793600 332
1793610 332
1793620 333
1793630 333
1793640 334
1793650 335
1793660 335
1793670 336
1793680 336
1793690 335
1793700 334
1793710 333
1793720 332
1793730 331
1793740 331
1793750 330
1793760 329
1793770 328
1793780 328
1793790 327
1793800 326
1793810 325
1793820 324
1793830 323
1793840 322
1793850 321
1793860 320
1793870 319
1793880 319
1793890 318
1793900 318
1793910 317
1793920 316
1793930 316
1793940 315
1793950 315
1793960 314
1793970 313
1793980 312
1793990 312
1794000 311
1794010 311
1794020 310
1794030 310
1794040 310
1794050 309
1794060 309
1794070 309
1794080 309
1794090 309
1794100 309
1794110 310
1794120 310
1794130 311
1794140 312
1794150 312
1794160 313
1794170 314
1794180 315
1794190 316
1794200 316
1794210 317
1794220 318
1794230 318
1794240 318
1794250 317
1794260 316
1794270 314
1794280 313
1794290 312
1794300 311
1794310 310
1794320 309
1794330 309
1794340 308
1794350 308
1794360 308
1794370 308
1794380 307
1794390 307
1794400 307
1794410 308
1794420 308
1794430 309
1794440 310
1794450 311
1794460 312
1794470 313
1794480 314
1794490 315
1794500 316
1794510 317
1794520 318
1794530 320
1794540 322
1794550 323
1794560 324
1794570 324
1794580 325
1794590 326
1794600 326
1794610 326
1794620 326
1794630 325
1794640 325
1794650 325
1794660 325
1794670 326
1794680 326
1794690 327
1794700 328
1794710 329
1794720 330
1794730 331
1794740 332
1794750 333
1794760 335
1794770 336
1794780 337
1794790 339
1794800 340
1794810 340
1794820 341
1794830 342
1794840 342
1794850 343
1794860 344
1794870 344
1794880 344
1794890 344
1794900 345
1794910 345
1794920 345
1794930 345
1794940 345
1794950 345
1794960 345
1794970 345
1794980 344
1794990 344
1795000 344
1795010 344
1795020 344
1795030 344
1795040 344
1795050 343
1795060 343
1795070 343
1795080 344
1795090 345
1795100 345
1795110 345
1795120 347
1795130 347
1795140 347
1795150 348
1795160 348
1795170 349
1795180 349
1795190 350
1795200 350
1795210 351
1795220 351
1795230 352
1795240 352
1795250 353
1795260 353
1795270 353
1795280 353
1795290 353
1795300 353
1795310 353
1795320 353
1795330 353
1795340 352
1795350 352
1795360 352
1795370 352
1795380 352
1795390 351
1795400 351
1795410 350
1795420 349
1795430 349
1795440 348
1795450 348
1795460 347
1795470 346
1795480 345
1795490 345
1795500 344
1795510 342
1795520 340
1795530 338
1795540 336
1795550 333
1795560 331
1795570 329
1795580 327
1795590 326
1795600 325
1795610 323
1795620 322
1795630 321
1795640 320
1795650 319
1795660 318
1795670 317
1795680 316
1795690 315
1795700 314
1795710 313
1795720 312
1795730 312
1795740 311
1795750 310
1795760 309
1795770 308
1795780 307
1795790 307
1795800 306
1795810 305
1795820 305
1795830 305
1795840 305
1795850 305
1795860 306
1795870 306
1795880 307
1795890 307
1795900 307
1795910 308
1795920 308
1795930 309
1795940 310
1795950 310
1795960 311
1795970 311
1795980 312
1795990 313
1796000 314
1796010 314
1796020 315
1796030 316
1796040 317
1796050 318
1796060 318
1796070 319
1796080 320
1796090 320
1796100 321
1796110 321
1796120 321
1796130 321
1796140 321
1796150 321
1796160 321
1796170 321
1796180 321
1796190 322
1796200 322
1796210 323
1796220 323
1796230 324
1796240 324
1796250 324
1796260 324
1796270 324
1796280 324
1796290 324
1796300 324
1796310 324
1796320 324
1796330 323
1796340 324
1796350 323
1796360 323
1796370 323
1796380 323
1796390 323
1796400 323
1796410 322
1796420 321
1796430 320
1796440 320
1796450 320
1796460 319
1796470 319
1796480 318
1796490 318
1796500 317
1796510 316
1796520 315
1796530 313
1796540 311
1796550 309
1796560 307
1796570 305
1796580 304
1796590 302
1796600 301
1796610 300
1796620 299
1796630 297
1796640 297
1796650 297
1796660 300
1796670 302
1796680 302
1796690 302
1796700 302
1796710 302
1796720 303
1796730 303
1796740 303
1796750 304
1796760 303
1796770 303
1796780 303
1796790 303
1796800 303
1796810 302
1796820 302
1796830 302
1796840 301
1796850 300
1796860 299
1796870 298
1796880 298
1796890 297
1796900 297
1796910 296
1796920 295
1796930 294
1796940 293
1796950 293
1796960 292
1796970 291
1796980 290
1796990 289
1797000 289
1797010 288
1797020 288
1797030 288
1797040 287
1797050 286
1797060 286
1797070 285
1797080 284
1797090 284
1797100 282
1797110 281
1797120 280
1797130 279
1797140 279
1797150 278
1797160 278
1797170 279
1797180 280
1797190 280
1797200 280
1797210 280
1797220 280
1797230 280
1797240 280
1797250 280
1797260 280
1797270 280
1797280 281
1797290 281
1797300 282
1797310 282
1797320 283
1797330 284
1797340 286
1797350 287
1797360 288
1797370 289
1797380 291
1797390 292
1797400 294
1797410 295
1797420 296
1797430 297
1797440 298
1797450 299
1797460 299
1797470 300
1797480 300
1797490 301
1797500 301
1797510 301
1797520 301
1797530 301
1797540 302
1797550 302
1797560 303
1797570 303
1797580 303
1797590 303
1797600 303
1797610 303
1797620 303
1797630 303
1797640 303
1797650 302
1797660 302
1797670 302
1797680 302
1797690 301
1797700 301
1797710 301
1797720 301
1797730 301
1797740 300
1797750 300
1797760 300
1797770 300
1797780 299
1797790 299
1797800 299
1797810 299
1797820 298
1797830 298
1797840 298
1797850 297
1797860 297
1797870 297
1797880 295
1797890 294
1797900 294
1797910 295
1797920 296
1797930 296
1797940 296
1797950 297
1797960 297
1797970 297
1797980 297
1797990 297
1798000 297
1798010 297
1798020 297
1798030 297
1798040 297
1798050 297
1798060 297
1798070 297
1798080 297
1798090 296
1798100 296
1798110 295
1798120 295
1798130 294
1798140 294
1798150 293
1798160 293
1798170 292
1798180 292
1798190 291
1798200 291
1798210 290
1798220 288
1798230 287
1798240 287
1798250 287
1798260 288
1798270 290
1798280 291
1798290 292
1798300 292
1798310 294
1798320 294
1798330 294
1798340 294
1798350 294
1798360 293
1798370 293
1798380 293
1798390 292
1798400 292
1798410 291
1798420 291
1798430 290
1798440 290
1798450 289
1798460 288
1798470 287
1798480 286
1798490 285
1798500 284
1798510 284
1798520 283
1798530 282
1798540 281
1798550 281
1798560 280
1798570 279
1798580 278
1798590 277
1798600 276
1798610 275
1798620 274
1798630 273
1798640 272
1798650 271
1798660 270
1798670 269
1798680 268
1798690 267
1798700 266
1798710 266
1798720 265
1798730 265
1798740 265
1798750 265
1798760 265
1798770 264
1798780 264
1798790 264
1798800 264
1798810 264
1798820 264
1798830 264
1798840 264
1798850 263
1798860 263
1798870 263
1798880 263
1798890 263
1798900 263
1798910 263
1798920 263
1798930 263
1798940 263
1798950 263
1798960 263
1798970 263
1798980 263
1798990 263
1799000 262
1799010 262
1799020 262
1799030 262
1799040 263
1799050 262
1799060 261
1799070 262
1799080 263
1799090 263
1799100 263
1799110 263
1799120 263
1799130 263
1799140 263
1799150 263
1799160 263
1799170 263
1799180 263
1799190 263
1799200 263
1799210 264
1799220 264
1799230 264
1799240 264
1799250 264
1799260 264
1799270 265
1799280 265
1799290 266
1799300 267
1799310 267
1799320 267
1799330 267
1799340 267
1799350 267
1799360 267
1799370 267
1799380 268
1799390 268
1799400 268
1799410 269
1799420 269
1799430 269
1799440 270
1799450 270
1799460 271
1799470 271
1799480 271
1799490 271
1799500 272
1799510 272
1799520 272
1799530 273
1799540 273
1799550 275
1799560 276
1799570 277
1799580 278
1799590 279
1799600 279
1799610 279
1799620 280
1799630 281
1799640 281
1799650 282
1799660 283
1799670 283
1799680 284
1799690 285
1799700 285
1799710 286
1799720 287
1799730 288
1799740 289
1799750 290
1799760 290
1799770 290
1799780 290
1799790 290
1799800 290
1799810 290
1799820 291
1799830 292
1799840 293
1799850 295
1799860 296
1799870 297
1799880 299
1799890 300
1799900 302
1799910 303
1799920 304
1799930 305
1799940 306
1799950 307
1799960 308
1799970 309
1799980 310
1799990 311
