1780000 299
1780010 299
1780020 301
1780030 303
1780040 303
1780050 303
1780060 303
1780070 303
1780080 299
1780090 298
1780100 298
1780110 297
1780120 297
1780130 297
1780140 297
1780150 297
1780160 297
1780170 297
1780180 294
1780190 297
1780200 297
1780210 296
1780220 296
1780230 296
1780240 296
1780250 296
1780260 296
1780270 295
1780280 295
1780290 295
1780300 295
1780310 295
1780320 295
1780330 295
1780340 295
1780350 295
1780360 295
1780370 295
1780380 295
1780390 295
1780400 295
1780410 295
1780420 295
1780430 295
1780440 295
1780450 295
1780460 295
1780470 295
1780480 295
1780490 295
1780500 295
1780510 295
1780520 295
1780530 295
1780540 295
1780550 295
1780560 295
1780570 295
1780580 295
1780590 295
1780600 295
1780610 295
1780620 295
1780630 296
1780640 296
1780650 296
1780660 294
1780670 294
1780680 296
1780690 297
1780700 297
1780710 298
1780720 300
1780730 300
1780740 302
1780750 304
1780760 304
1780770 305
1780780 308
1780790 308
1780800 311
1780810 314
1780820 314
1780830 317
1780840 318
1780850 319
1780860 319
1780870 320
1780880 320
1780890 320
1780900 320
1780910 320
1780920 320
1780930 320
1780940 320
1780950 320
1780960 320
1780970 321
1780980 321
1780990 321
1781000 322
1781010 322
1781020 323
1781030 324
1781040 324
1781050 325
1781060 327
1781070 327
1781080 328
1781090 329
1781100 331
1781110 331
1781120 332
1781130 334
1781140 334
1781150 335
1781160 337
1781170 337
1781180 339
1781190 341
1781200 341
1781210 343
1781220 344
1781230 344
1781240 346
1781250 347
1781260 347
1781270 348
1781280 349
1781290 349
1781300 351
1781310 352
1781320 353
1781330 354
1781340 355
1781350 355
1781360 355
1781370 355
1781380 355
1781390 355
1781400 354
1781410 352
1781420 352
1781430 350
1781440 348
1781450 348
1781460 344
1781470 343
1781480 343
1781490 341
1781500 340
1781510 340
1781520 339
1781530 338
1781540 338
1781550 338
1781560 337
1781570 337
1781580 336
1781590 335
1781600 334
1781610 334
1781620 333
1781630 332
1781640 332
1781650 331
1781660 330
1781670 330
1781680 329
1781690 328
1781700 328
1781710 327
1781720 326
1781730 326
1781740 326
1781750 325
1781760 325
1781770 325
1781780 325
1781790 325
1781800 325
1781810 330
1781820 329
1781830 329
1781840 330
1781850 338
1781860 338
1781870 344
1781880 347
1781890 347
1781900 349
1781910 350
1781920 350
1781930 351
1781940 352
1781950 352
1781960 352
1781970 353
1781980 353
1781990 354
1782000 355
1782010 355
1782020 355
1782030 356
1782040 356
1782050 357
1782060 357
1782070 358
1782080 358
1782090 359
1782100 360
1782110 360
1782120 361
1782130 362
1782140 362
1782150 363
1782160 364
1782170 364
1782180 366
1782190 367
1782200 367
1782210 368
1782220 369
1782230 369
1782240 370
1782250 371
1782260 371
1782270 372
1782280 373
1782290 373
1782300 374
1782310 375
1782320 376
1782330 376
1782340 377
1782350 378
1782360 378
1782370 378
1782380 379
1782390 379
1782400 379
1782410 380
1782420 380
1782430 380
1782440 380
1782450 380
1782460 380
1782470 381
1782480 381
1782490 380
1782500 379
1782510 379
1782520 379
1782530 378
1782540 378
1782550 376
1782560 376
1782570 375
1782580 375
1782590 374
1782600 373
1782610 373
1782620 372
1782630 371
1782640 371
1782650 371
1782660 370
1782670 370
1782680 369
1782690 368
1782700 368
1782710 367
1782720 366
1782730 366
1782740 365
1782750 364
1782760 364
1782770 363
1782780 362
1782790 362
1782800 360
1782810 359
1782820 358
1782830 358
1782840 357
1782850 355
1782860 355
1782870 354
1782880 353
1782890 353
1782900 352
1782910 350
1782920 350
1782930 349
1782940 347
1782950 347
1782960 344
1782970 342
1782980 342
1782990 336
1783000 331
1783010 331
1783020 333
1783030 338
1783040 338
1783050 338
1783060 339
1783070 339
1783080 339
1783090 341
1783100 342
1783110 342
1783120 342
1783130 344
1783140 344
1783150 344
1783160 344
1783170 344
1783180 347
1783190 348
1783200 348
1783210 349
1783220 350
1783230 350
1783240 352
1783250 352
1783260 352
1783270 353
1783280 352
1783290 352
1783300 352
1783310 353
1783320 355
1783330 355
1783340 356
1783350 357
1783360 357
1783370 361
1783380 363
1783390 363
1783400 365
1783410 369
1783420 369
1783430 371
1783440 372
1783450 372
1783460 371
1783470 370
1783480 370
1783490 370
1783500 371
1783510 371
1783520 372
1783530 373
1783540 375
1783550 375
1783560 376
1783570 377
1783580 377
1783590 378
1783600 379
1783610 379
1783620 381
1783630 379
1783640 379
1783650 375
1783660 379
1783670 379
1783680 380
1783690 381
1783700 381
1783710 380
1783720 380
1783730 380
1783740 380
1783750 381
1783760 381
1783770 382
1783780 381
1783790 382
1783800 382
1783810 383
1783820 386
1783830 386
1783840 386
1783850 387
1783860 387
1783870 388
1783880 389
1783890 389
1783900 390
1783910 390
1783920 390
1783930 391
1783940 391
1783950 391
1783960 393
1783970 395
1783980 395
1783990 397
1784000 396
1784010 399
1784020 399
1784030 401
1784040 404
1784050 404
1784060 406
1784070 408
1784080 408
1784090 410
1784100 412
1784110 412
1784120 415
1784130 418
1784140 418
1784150 420
1784160 421
1784170 421
1784180 421
1784190 420
1784200 420
1784210 418
1784220 418
1784230 418
1784240 418
1784250 418
1784260 417
1784270 417
1784280 417
1784290 418
1784300 418
1784310 417
1784320 417
1784330 417
1784340 417
1784350 416
1784360 416
1784370 416
1784380 416
1784390 416
1784400 415
1784410 415
1784420 415
1784430 414
1784440 413
1784450 413
1784460 413
1784470 412
1784480 412
1784490 411
1784500 410
1784510 409
1784520 409
1784530 408
1784540 407
1784550 407
1784560 406
1784570 405
1784580 405
1784590 405
1784600 404
1784610 404
1784620 403
1784630 402
1784640 402
1784650 401
1784660 401
1784670 401
1784680 400
1784690 400
1784700 403
1784710 402
1784720 403
1784730 403
1784740 403
1784750 404
1784760 405
1784770 405
1784780 405
1784790 405
1784800 405
1784810 406
1784820 406
1784830 406
1784840 405
1784850 405
1784860 405
1784870 404
1784880 403
1784890 403
1784900 402
1784910 402
1784920 402
1784930 400
1784940 399
1784950 399
1784960 396
1784970 397
1784980 397
1784990 398
1785000 399
1785010 400
1785020 400
1785030 401
1785040 401
1785050 401
1785060 401
1785070 401
1785080 401
1785090 402
1785100 401
1785110 401
1785120 401
1785130 401
1785140 401
1785150 400
1785160 399
1785170 399
1785180 399
1785190 398
1785200 398
1785210 397
1785220 396
1785230 395
1785240 395
1785250 394
1785260 394
1785270 394
1785280 393
1785290 392
1785300 392
1785310 391
1785320 390
1785330 390
1785340 389
1785350 388
1785360 388
1785370 387
1785380 386
1785390 386
1785400 386
1785410 385
1785420 385
1785430 384
1785440 384
1785450 384
1785460 384
1785470 383
1785480 382
1785490 382
1785500 382
1785510 382
1785520 382
1785530 381
1785540 381
1785550 381
1785560 380
1785570 380
1785580 380
1785590 379
1785600 378
1785610 378
1785620 378
1785630 377
1785640 377
1785650 376
1785660 376
1785670 376
1785680 375
1785690 374
1785700 374
1785710 374
1785720 373
1785730 372
1785740 372
1785750 372
1785760 372
1785770 372
1785780 371
1785790 370
1785800 370
1785810 369
1785820 368
1785830 368
1785840 368
1785850 368
1785860 368
1785870 368
1785880 367
1785890 367
1785900 367
1785910 367
1785920 367
1785930 368
1785940 368
1785950 368
1785960 368
1785970 368
1785980 368
1785990 368
1786000 368
1786010 368
1786020 368
1786030 367
1786040 367
1786050 367
1786060 366
1786070 366
1786080 366
1786090 365
1786100 364
1786110 364
1786120 364
1786130 363
1786140 363
1786150 363
1786160 362
1786170 362
1786180 362
1786190 361
1786200 360
1786210 360
1786220 359
1786230 358
1786240 358
1786250 358
1786260 357
1786270 357
1786280 355
1786290 354
1786300 354
1786310 353
1786320 351
1786330 351
1786340 350
1786350 348
1786360 348
1786370 347
1786380 346
1786390 346
1786400 345
1786410 344
1786420 344
1786430 343
1786440 342
1786450 342
1786460 342
1786470 341
1786480 342
1786490 342
1786500 343
1786510 343
1786520 343
1786530 343
1786540 343
1786550 343
1786560 345
1786570 345
1786580 345
1786590 346
1786600 347
1786610 347
1786620 348
1786630 348
1786640 348
1786650 349
1786660 350
1786670 350
1786680 350
1786690 351
1786700 351
1786710 351
1786720 351
1786730 351
1786740 351
1786750 352
1786760 352
1786770 352
1786780 352
1786790 353
1786800 353
1786810 353
1786820 353
1786830 353
1786840 354
1786850 354
1786860 354
1786870 354
1786880 355
1786890 355
1786900 355
1786910 356
1786920 356
1786930 356
1786940 356
1786950 356
1786960 356
1786970 356
1786980 356
1786990 356
1787000 356
1787010 356
1787020 356
1787030 355
1787040 355
1787050 355
1787060 355
1787070 354
1787080 354
1787090 354
1787100 354
1787110 354
1787120 354
1787130 354
1787140 354
1787150 353
1787160 352
1787170 352
1787180 352
1787190 351
1787200 351
1787210 351
1787220 350
1787230 350
1787240 350
1787250 349
1787260 348
1787270 348
1787280 348
1787290 346
1787300 346
1787310 345
1787320 344
1787330 344
1787340 343
1787350 341
1787360 341
1787370 340
1787380 339
1787390 339
1787400 338
1787410 337
1787420 336
1787430 336
1787440 336
1787450 335
1787460 335
1787470 335
1787480 334
1787490 334
1787500 333
1787510 333
1787520 333
1787530 332
1787540 331
1787550 331
1787560 330
1787570 329
1787580 329
1787590 329
1787600 328
1787610 328
1787620 328
1787630 327
1787640 327
1787650 327
1787660 327
1787670 326
1787680 326
1787690 326
1787700 325
1787710 325
1787720 325
1787730 323
1787740 323
1787750 325
1787760 326
1787770 326
1787780 327
1787790 329
1787800 329
1787810 330
1787820 330
1787830 330
1787840 331
1787850 332
1787860 332
1787870 333
1787880 333
1787890 333
1787900 334
1787910 334
1787920 335
1787930 335
1787940 335
1787950 335
1787960 335
1787970 336
1787980 336
1787990 335
1788000 335
1788010 336
1788020 336
1788030 336
1788040 336
1788050 336
1788060 337
1788070 338
1788080 338
1788090 338
1788100 339
1788110 339
1788120 339
1788130 340
1788140 340
1788150 340
1788160 341
1788170 341
1788180 341
1788190 341
1788200 342
1788210 342
1788220 342
1788230 342
1788240 342
1788250 342
1788260 342
1788270 342
1788280 342
1788290 341
1788300 341
1788310 341
1788320 341
1788330 341
1788340 340
1788350 340
1788360 340
1788370 340
1788380 340
1788390 340
1788400 340
1788410 340
1788420 341
1788430 341
1788440 341
1788450 341
1788460 341
1788470 341
1788480 341
1788490 341
1788500 341
1788510 341
1788520 341
1788530 340
1788540 340
1788550 340
1788560 339
1788570 338
1788580 338
1788590 338
1788600 338
1788610 338
1788620 337
1788630 337
1788640 335
1788650 335
1788660 334
1788670 332
1788680 332
1788690 331
1788700 329
1788710 329
1788720 328
1788730 327
1788740 327
1788750 326
1788760 326
1788770 326
1788780 325
1788790 324
1788800 324
1788810 323
1788820 322
1788830 322
1788840 321
1788850 320
1788860 320
1788870 319
1788880 319
1788890 318
1788900 318
1788910 317
1788920 312
1788930 312
1788940 311
1788950 311
1788960 311
1788970 310
1788980 312
1788990 312
1789000 312
1789010 312
1789020 312
1789030 312
1789040 312
1789050 312
1789060 313
1789070 315
1789080 315
1789090 316
1789100 317
1789110 317
1789120 319
1789130 320
1789140 323
1789150 323
1789160 325
1789170 327
1789180 327
1789190 328
1789200 329
1789210 329
1789220 330
1789230 331
1789240 331
1789250 332
1789260 332
1789270 332
1789280 332
1789290 332
1789300 332
1789310 332
1789320 332
1789330 332
1789340 332
1789350 332
1789360 332
1789370 332
1789380 331
1789390 331
1789400 331
1789410 330
1789420 329
1789430 329
1789440 328
1789450 327
1789460 327
1789470 325
1789480 324
1789490 324
1789500 323
1789510 322
1789520 322
1789530 320
1789540 318
1789550 318
1789560 316
1789570 314
1789580 314
1789590 312
1789600 310
1789610 309
1789620 309
1789630 308
1789640 306
1789650 306
1789660 305
1789670 305
1789680 305
1789690 305
1789700 305
1789710 305
1789720 304
1789730 303
1789740 303
1789750 303
1789760 303
1789770 303
1789780 303
1789790 303
1789800 303
1789810 303
1789820 303
1789830 303
1789840 303
1789850 303
1789860 303
1789870 303
1789880 303
1789890 303
1789900 303
1789910 303
1789920 303
1789930 303
1789940 303
1789950 303
1789960 303
1789970 303
1789980 303
1789990 303
1790000 303
1790010 303
1790020 303
1790030 302
1790040 302
1790050 302
1790060 302
1790070 302
1790080 302
1790090 301
1790100 301
1790110 301
1790120 301
1790130 301
1790140 301
1790150 301
1790160 301
1790170 301
1790180 301
1790190 301
1790200 301
1790210 301
1790220 301
1790230 301
1790240 301
1790250 301
1790260 300
1790270 300
1790280 300
1790290 300
1790300 300
1790310 300
1790320 300
1790330 300
1790340 300
1790350 299
1790360 300
1790370 300
1790380 300
1790390 300
1790400 300
1790410 300
1790420 300
1790430 300
1790440 299
1790450 299
1790460 299
1790470 299
1790480 299
1790490 299
1790500 299
1790510 299
1790520 299
1790530 299
1790540 299
1790550 299
1790560 299
1790570 299
1790580 299
1790590 299
1790600 299
1790610 299
1790620 299
1790630 298
1790640 298
1790650 298
1790660 298
1790670 298
1790680 298
1790690 298
1790700 299
1790710 299
1790720 298
1790730 298
1790740 298
1790750 298
1790760 298
1790770 298
1790780 298
1790790 298
1790800 298
1790810 298
1790820 298
1790830 298
1790840 298
1790850 298
1790860 298
1790870 298
1790880 298
1790890 298
1790900 298
1790910 298
1790920 298
1790930 298
1790940 298
1790950 298
1790960 298
1790970 298
1790980 298
1790990 298
1791000 298
1791010 298
1791020 298
1791030 298
1791040 298
1791050 298
1791060 298
1791070 298
1791080 298
1791090 298
1791100 298
1791110 298
1791120 298
1791130 298
1791140 298
1791150 298
1791160 298
1791170 298
1791180 298
1791190 298
1791200 298
1791210 298
1791220 298
1791230 299
1791240 299
1791250 299
1791260 299
1791270 299
1791280 299
1791290 298
1791300 298
1791310 296
1791320 299
1791330 299
1791340 299
1791350 299
1791360 299
1791370 299
1791380 298
1791390 299
1791400 299
1791410 299
1791420 300
1791430 300
1791440 300
1791450 300
1791460 300
1791470 300
1791480 300
1791490 300
1791500 301
1791510 301
1791520 301
1791530 302
1791540 302
1791550 302
1791560 303
1791570 303
1791580 303
1791590 303
1791600 303
1791610 304
1791620 304
1791630 304
1791640 305
1791650 305
1791660 305
1791670 306
1791680 306
1791690 306
1791700 306
1791710 306
1791720 307
1791730 307
1791740 307
1791750 308
1791760 308
1791770 308
1791780 308
1791790 308
1791800 308
1791810 308
1791820 308
1791830 308
1791840 308
1791850 308
1791860 308
1791870 308
1791880 308
1791890 307
1791900 307
1791910 307
1791920 307
1791930 307
1791940 307
1791950 307
1791960 307
1791970 307
1791980 308
1791990 308
1792000 308
1792010 308
1792020 308
1792030 309
1792040 309
1792050 309
1792060 309
1792070 310
1792080 310
1792090 310
1792100 310
1792110 310
1792120 310
1792130 309
1792140 309
1792150 309
1792160 311
1792170 312
1792180 312
1792190 312
1792200 312
1792210 312
1792220 313
1792230 313
1792240 312
1792250 313
1792260 313
1792270 313
1792280 314
1792290 314
1792300 314
1792310 314
1792320 315
1792330 315
1792340 315
1792350 316
1792360 316
1792370 316
1792380 317
1792390 317
1792400 317
1792410 318
1792420 318
1792430 318
1792440 319
1792450 320
1792460 320
1792470 320
1792480 321
1792490 321
1792500 322
1792510 322
1792520 322
1792530 323
1792540 324
1792550 324
1792560 324
1792570 325
1792580 326
1792590 326
1792600 327
1792610 327
1792620 327
1792630 328
1792640 329
1792650 329
1792660 330
1792670 328
1792680 328
1792690 326
1792700 326
1792710 326
1792720 327
1792730 328
1792740 328
1792750 330
1792760 334
1792770 338
1792780 338
1792790 342
1792800 344
1792810 344
1792820 346
1792830 349
1792840 349
1792850 351
1792860 353
1792870 353
1792880 355
1792890 356
1792900 356
1792910 357
1792920 358
1792930 358
1792940 359
1792950 359
1792960 359
1792970 360
1792980 360
1792990 360
1793000 360
1793010 359
1793020 358
1793030 358
1793040 360
1793050 360
1793060 360
1793070 360
1793080 360
1793090 360
1793100 360
1791500 301
1791510 301
1791520 301
1791530 302
1791540 302
1791550 302
1791560 303
1791570 303
1791580 303
1791590 303
1791600 303
1791610 304
1791620 304
1791630 304
1791640 304
1791650 304
1791660 305
1791670 305
1791680 306
1791690 306
1791700 306
1791710 306
1791720 307
1791730 307
1791740 307
1791750 308
1791760 308
1791770 308
1791780 308
1791790 308
1791800 308
1791810 308
1791820 308
1791830 308
1791840 308
1791850 308
1791860 308
1791870 308
1791880 308
1791890 308
1791900 308
1791910 307
1791920 307
1791930 307
1791940 307
1791950 307
1791960 307
1791970 307
1791980 307
1791990 308
1792000 308
1792010 308
1792020 308
1792030 309
1792040 309
1792050 309
1792060 309
1792070 309
1792080 310
1792090 310
1792100 309
1792110 309
1792120 310
1792130 310
1792140 310
1792150 310
1792160 311
1792170 311
1792180 311
1792190 312
1792200 312
1792210 312
1792220 312
1792230 312
1792240 312
1792250 313
1792260 313
1792270 313
1792280 313
1792290 314
1792300 314
1792310 315
1792320 315
1792330 315
1792340 315
1792350 316
1792360 316
1792370 316
1792380 317
1792390 317
1792400 317
1792410 318
1792420 318
1792430 318
1792440 319
1792450 319
1792460 320
1792470 320
1792480 320
1792490 321
1792500 321
1792510 322
1792520 322
1792530 323
1792540 323
1792550 324
1792560 324
1792570 325
1792580 325
1792590 326
1792600 326
1792610 327
1792620 327
1792630 328
1792640 328
1792650 329
1792660 329
1792670 328
1792680 327
1792690 326
1792700 326
1792710 326
1792720 327
1792730 328
1792740 329
1792750 330
1792760 332
1792770 335
1792780 338
1792790 340
1792800 342
1792810 343
1792820 345
1792830 347
1792840 348
1792850 350
1792860 352
1792870 353
1792880 354
1792890 355
1792900 356
1792910 357
1792920 357
1792930 358
1792940 359
1792950 359
1792960 359
1792970 359
1792980 359
1792990 360
1793000 360
1793010 359
1793020 359
1793030 358
1793040 359
1793050 359
1793060 359
1793070 360
1793080 360
1793090 360
1793100 360
1793110 360
1793120 360
1793130 360
1793140 360
1793150 360
1793160 360
1793170 359
1793180 359
1793190 359
1793200 359
1793210 359
1793220 358
1793230 358
1793240 358
1793250 358
1793260 358
1793270 357
1793280 357
1793290 357
1793300 356
1793310 356
1793320 356
1793330 356
1793340 355
1793350 355
1793360 354
1793370 354
1793380 353
1793390 353
1793400 352
1793410 352
1793420 352
1793430 352
1793440 351
1793450 351
1793460 351
1793470 351
1793480 350
1793490 350
1793500 349
1793510 349
1793520 348
1793530 348
1793540 347
1793550 347
1793560 347
1793570 346
1793580 346
1793590 345
1793600 345
1793610 344
1793620 344
1793630 344
1793640 343
1793650 343
1793660 343
1793670 342
1793680 342
1793690 341
1793700 341
1793710 340
1793720 340
1793730 339
1793740 339
1793750 338
1793760 338
1793770 337
1793780 337
1793790 337
1793800 336
1793810 336
1793820 335
1793830 335
1793840 334
1793850 334
1793860 333
1793870 333
1793880 333
1793890 332
1793900 331
1793910 330
1793920 328
1793930 326
1793940 323
1793950 323
1793960 323
1793970 324
1793980 325
1793990 327
1794000 328
1794010 331
1794020 334
1794030 336
1794040 336
1794050 335
1794060 335
1794070 334
1794080 333
1794090 333
1794100 333
1794110 335
1794120 336
1794130 337
1794140 338
1794150 339
1794160 340
1794170 341
1794180 342
1794190 344
1794200 345
1794210 346
1794220 347
1794230 349
1794240 350
1794250 351
1794260 351
1794270 352
1794280 353
1794290 353
1794300 354
1794310 355
1794320 355
1794330 356
1794340 356
1794350 357
1794360 358
1794370 358
1794380 359
1794390 359
1794400 360
1794410 360
1794420 360
1794430 360
1794440 360
1794450 361
1794460 361
1794470 362
1794480 362
1794490 363
1794500 362
1794510 363
1794520 362
1794530 362
1794540 362
1794550 362
1794560 362
1794570 362
1794580 361
1794590 361
1794600 361
1794610 360
1794620 360
1794630 360
1794640 359
1794650 359
1794660 359
1794670 359
1794680 359
1794690 358
1794700 358
1794710 358
1794720 358
1794730 357
1794740 357
1794750 357
1794760 357
1794770 357
1794780 357
1794790 357
1794800 356
1794810 356
1794820 356
1794830 356
1794840 356
1794850 355
1794860 355
1794870 355
1794880 355
1794890 355
1794900 355
1794910 355
1794920 355
1794930 356
1794940 355
1794950 355
1794960 355
1794970 355
1794980 355
1794990 355
1795000 354
1795010 354
1795020 354
1795030 354
1795040 354
1795050 353
1795060 353
1795070 353
1795080 352
1795090 352
1795100 352
1795110 351
1795120 351
1795130 351
1795140 350
1795150 350
1795160 350
1795170 349
1795180 349
1795190 349
1795200 348
1795210 347
1795220 347
1795230 346
1795240 346
1795250 345
1795260 344
1795270 344
1795280 343
1795290 343
1795300 342
1795310 342
1795320 341
1795330 341
1795340 340
1795350 340
1795360 340
1795370 339
1795380 339
1795390 339
1795400 338
1795410 338
1795420 338
1795430 338
1795440 338
1795450 337
1795460 337
1795470 337
1795480 336
1795490 336
1795500 335
1795510 335
1795520 334
1795530 334
1795540 333
1795550 333
1795560 332
1795570 330
1795580 328
1795590 326
1795600 326
1795610 325
1795620 324
1795630 322
1795640 321
1795650 320
1795660 320
1795670 321
1795680 323
1795690 324
1795700 325
1795710 326
1795720 327
1795730 329
1795740 330
1795750 332
1795760 333
1795770 334
1795780 334
1795790 335
1795800 335
1795810 336
1795820 336
1795830 336
1795840 337
1795850 337
1795860 338
1795870 339
1795880 339
1795890 340
1795900 341
1795910 342
1795920 342
1795930 342
1795940 342
1795950 342
1795960 342
1795970 342
1795980 342
1795990 342
1796000 343
1796010 343
1796020 343
1796030 342
1796040 342
1796050 342
1796060 342
1796070 342
1796080 342
1796090 342
1796100 341
1796110 341
1796120 341
1796130 341
1796140 341
1796150 340
1796160 340
1796170 340
1796180 339
1796190 339
1796200 339
1796210 338
1796220 338
1796230 338
1796240 337
1796250 337
1796260 336
1796270 336
1796280 335
1796290 335
1796300 334
1796310 334
1796320 333
1796330 333
1796340 332
1796350 332
1796360 332
1796370 331
1796380 331
1796390 331
1796400 330
1796410 330
1796420 330
1796430 330
1796440 329
1796450 329
1796460 329
1796470 328
1796480 328
1796490 328
1796500 328
1796510 329
1796520 329
1796530 329
1796540 329
1796550 329
1796560 329
1796570 330
1796580 330
1796590 330
1796600 330
1796610 330
1796620 330
1796630 330
1796640 330
1796650 330
1796660 330
1796670 330
1796680 330
1796690 330
1796700 330
1796710 329
1796720 329
1796730 328
1796740 328
1796750 327
1796760 327
1796770 326
1796780 326
1796790 325
1796800 325
1796810 324
1796820 323
1796830 323
1796840 322
1796850 322
1796860 321
1796870 321
1796880 320
1796890 319
1796900 319
1796910 318
1796920 318
1796930 317
1796940 317
1796950 316
1796960 316
1796970 315
1796980 315
1796990 314
1797000 314
1797010 313
1797020 312
1797030 311
1797040 310
1797050 310
1797060 309
1797070 308
1797080 307
1797090 306
1797100 306
1797110 305
1797120 303
1797130 301
1797140 298
1797150 295
1797160 293
1797170 291
1797180 291
1797190 291
1797200 291
1797210 291
1797220 292
1797230 294
1797240 295
1797250 295
1797260 297
1797270 298
1797280 297
1797290 298
1797300 297
1797310 297
1797320 295
1797330 293
1797340 291
1797350 292
1797360 291
1797370 290
1797380 289
1797390 288
1797400 288
1797410 289
1797420 288
1797430 287
1797440 286
1797450 286
1797460 287
1797470 287
1797480 287
1797490 288
1797500 288
1797510 289
1797520 290
1797530 291
1797540 292
1797550 292
1797560 293
1797570 294
1797580 294
1797590 294
1797600 294
1797610 294
1797620 293
1797630 293
1797640 292
1797650 291
1797660 291
1797670 290
1797680 289
1797690 288
1797700 287
1797710 287
1797720 286
1797730 284
1797740 282
1797750 280
1797760 280
1797770 279
1797780 279
1797790 279
1797800 279
1797810 279
1797820 280
1797830 280
1797840 280
1797850 280
1797860 280
1797870 280
1797880 280
1797890 281
1797900 282
1797910 282
1797920 283
1797930 284
1797940 286
1797950 287
1797960 288
1797970 289
1797980 290
1797990 291
1798000 292
1798010 293
1798020 295
1798030 296
1798040 297
1798050 299
1798060 300
1798070 301
1798080 302
1798090 302
1798100 303
1798110 304
1798120 305
1798130 306
1798140 306
1798150 307
1798160 307
1798170 307
1798180 307
1798190 307
1798200 307
1798210 307
1798220 307
1798230 306
1798240 306
1798250 305
1798260 305
1798270 305
1798280 304
1798290 303
1798300 303
1798310 302
1798320 301
1798330 301
1798340 300
1798350 299
1798360 298
1798370 297
1798380 296
1798390 295
1798400 294
1798410 293
1798420 292
1798430 291
1798440 290
1798450 289
1798460 288
1798470 287
1798480 287
1798490 286
1798500 285
1798510 284
1798520 283
1798530 282
1798540 281
1798550 279
1798560 278
1798570 277
1798580 275
1798590 274
1798600 273
1798610 273
1798620 272
1798630 271
1798640 271
1798650 270
1798660 270
1798670 269
1798680 269
1798690 269
1798700 268
1798710 268
1798720 268
1798730 268
1798740 268
1798750 268
1798760 268
1798770 268
1798780 268
1798790 268
1798800 268
1798810 268
1798820 268
1798830 268
1798840 268
1798850 268
1798860 268
1798870 268
1798880 269
1798890 268
1798900 267
1798910 268
1798920 268
1798930 268
1798940 269
1798950 269
1798960 269
1798970 269
1798980 269
1798990 269
1799000 269
1799010 270
1799020 270
1799030 269
1799040 269
1799050 269
1799060 270
1799070 270
1799080 270
1799090 270
1799100 270
1799110 271
1799120 271
1799130 271
1799140 271
1799150 272
1799160 272
1799170 272
1799180 272
1799190 272
1799200 273
1799210 273
1799220 273
1799230 274
1799240 274
1799250 275
1799260 276
1799270 276
1799280 276
1799290 277
1799300 277
1799310 277
1799320 278
1799330 279
1799340 279
1799350 280
1799360 281
1799370 282
1799380 283
1799390 283
1799400 284
1799410 285
1799420 285
1799430 286
1799440 286
1799450 287
1799460 287
1799470 288
1799480 288
1799490 289
1799500 289
1799510 290
1799520 290
1799530 291
1799540 291
1799550 291
1799560 292
1799570 292
1799580 293
1799590 293
1799600 293
1799610 294
1799620 294
1799630 294
1799640 294
1799650 294
1799660 295
1799670 295
1799680 295
1799690 295
1799700 295
1799710 295
1799720 295
1799730 296
1799740 296
1799750 296
1799760 296
1799770 297
1799780 297
1799790 297
1799800 297
1799810 297
1799820 297
1799830 297
1799840 298
1799850 298
1799860 298
1799870 298
1799880 298
1799890 297
1799900 297
1799910 297
1799920 297
1799930 298
1799940 298
1799950 298
1799960 298
1799970 298
1799980 298
1799990 298
