1780000 303
1780010 302
1780020 302
1780030 302
1780040 302
1780050 301
1780060 301
1780070 301
1780080 300
1780090 300
1780100 300
1780110 300
1780120 300
1780130 301
1780140 300
1780150 300
1780160 300
1780170 301
1780180 301
1780190 307
1780200 307
1780210 301
1780220 301
1780230 299
1780240 300
1780250 300
1780260 301
1780270 302
1780280 302
1780290 301
1780300 300
1780310 300
1780320 300
1780330 300
1780340 300
1780350 300
1780360 299
1780370 299
1780380 298
1780390 300
1780400 300
1780410 301
1780420 300
1780430 300
1780440 301
1780450 301
1780460 301
1780470 301
1780480 302
1780490 302
1780500 302
1780510 303
1780520 303
1780530 303
1780540 303
1780550 303
1780560 303
1780570 303
1780580 303
1780590 303
1780600 303
1780610 305
1780620 305
1780630 304
1780640 304
1780650 304
1780660 304
1780670 305
1780680 305
1780690 305
1780700 306
1780710 307
1780720 307
1780730 307
1780740 308
1780750 308
1780760 309
1780770 310
1780780 310
1780790 311
1780800 312
1780810 312
1780820 313
1780830 313
1780840 313
1780850 314
1780860 315
1780870 315
1780880 317
1780890 319
1780900 319
1780910 320
1780920 321
1780930 321
1780940 323
1780950 324
1780960 326
1780970 326
1780980 328
1780990 330
1781000 330
1781010 331
1781020 332
1781030 332
1781040 333
1781050 335
1781060 335
1781070 336
1781080 337
1781090 337
1781100 338
1781110 339
1781120 339
1781130 340
1781140 341
1781150 341
1781160 342
1781170 343
1781180 343
1781190 344
1781200 345
1781210 346
1781220 346
1781230 347
1781240 347
1781250 347
1781260 348
1781270 348
1781280 348
1781290 347
1781300 344
1781310 344
1781320 344
1781330 350
1781340 350
1781350 351
1781360 350
1781370 350
1781380 349
1781390 353
1781400 353
1781410 353
1781420 353
1781430 353
1781440 353
1781450 353
1781460 355
1781470 355
1781480 356
1781490 357
1781500 357
1781510 357
1781520 357
1781530 357
1781540 356
1781550 353
1781560 353
1781570 353
1781580 360
1781590 360
1781600 365
1781610 367
1781620 367
1781630 370
1781640 371
1781650 371
1781660 373
1781670 376
1781680 378
1781690 378
1781700 379
1781710 381
1781720 381
1781730 383
1781740 386
1781750 386
1781760 388
1781770 389
1781780 389
1781790 390
1781800 391
1781810 391
1781820 392
1781830 393
1781840 393
1781850 392
1781860 392
1781870 392
1781880 392
1781890 392
1781900 392
1781910 393
1781920 392
1781930 393
1781940 393
1781950 395
1781960 395
1781970 395
1781980 395
1781990 393
1782000 393
1782010 392
1782020 391
1782030 391
1782040 391
1782050 390
1782060 390
1782070 390
1782080 389
1782090 389
1782100 388
1782110 386
1782120 386
1782130 385
1782140 384
1782150 384
1782160 383
1782170 381
1782180 379
1782190 379
1782200 377
1782210 376
1782220 376
1782230 374
1782240 373
1782250 373
1782260 372
1782270 371
1782280 371
1782290 370
1782300 369
1782310 369
1782320 366
1782330 363
1782340 363
1782350 358
1782360 361
1782370 361
1782380 358
1782390 353
1782400 353
1782410 347
1782420 352
1782430 351
1782440 351
1782450 353
1782460 360
1782470 360
1782480 365
1782490 367
1782500 367
1782510 369
1782520 371
1782530 370
1782540 372
1782550 374
1782560 374
1782570 377
1782580 379
1782590 379
1782600 381
1782610 384
1782620 384
1782630 386
1782640 389
1782650 389
1782660 391
1782670 393
1782680 395
1782690 395
1782700 396
1782710 398
1782720 398
1782730 399
1782740 400
1782750 400
1782760 401
1782770 401
1782780 401
1782790 402
1782800 402
1782810 402
1782820 403
1782830 403
1782840 403
1782850 403
1782860 401
1782870 401
1782880 402
1782890 404
1782900 404
1782910 404
1782920 406
1782930 406
1782940 406
1782950 407
1782960 408
1782970 408
1782980 409
1782990 411
1783000 411
1783010 412
1783020 413
1783030 413
1783040 414
1783050 415
1783060 415
1783070 416
1783080 417
1783090 417
1783100 417
1783110 418
1783120 418
1783130 419
1783140 419
1783150 419
1783160 419
1783170 419
1783180 420
1783190 420
1783200 420
1783210 420
1783220 420
1783230 420
1783240 419
1783250 419
1783260 418
1783270 417
1783280 417
1783290 416
1783300 416
1783310 416
1783320 415
1783330 414
1783340 414
1783350 413
1783360 413
1783370 413
1783380 412
1783390 411
1783400 410
1783410 410
1783420 409
1783430 408
1783440 408
1783450 407
1783460 406
1783470 406
1783480 406
1783490 405
1783500 405
1783510 404
1783520 403
1783530 403
1783540 402
1783550 402
1783560 402
1783570 401
1783580 400
1783590 400
1783600 399
1783610 398
1783620 398
1783630 398
1783640 397
1783650 396
1783660 396
1783670 395
1783680 394
1783690 394
1783700 393
1783710 393
1783720 393
1783730 392
1783740 391
1783750 391
1783760 391
1783770 390
1783780 390
1783790 389
1783800 388
1783810 388
1783820 388
1783830 388
1783840 388
1783850 389
1783860 389
1783870 389
1783880 389
1783890 389
1783900 389
1783910 389
1783920 389
1783930 390
1783940 390
1783950 390
1783960 390
1783970 390
1783980 390
1783990 391
1784000 391
1784010 391
1784020 392
1784030 392
1784040 392
1784050 392
1784060 392
1784070 393
1784080 393
1784090 393
1784100 393
1784110 393
1784120 393
1784130 393
1784140 394
1784150 394
1784160 394
1784170 394
1784180 394
1784190 394
1784200 394
1784210 395
1784220 395
1784230 395
1784240 395
1784250 395
1784260 396
1784270 396
1784280 396
1784290 397
1784300 397
1784310 397
1784320 397
1784330 400
1784340 400
1784350 400
1784360 401
1784370 401
1784380 402
1784390 402
1784400 402
1784410 402
1784420 402
1784430 402
1784440 402
1784450 403
1784460 403
1784470 403
1784480 403
1784490 403
1784500 403
1784510 403
1784520 404
1784530 404
1784540 404
1784550 404
1784560 404
1784570 405
1784580 405
1784590 405
1784600 405
1784610 405
1784620 405
1784630 406
1784640 406
1784650 406
1784660 406
1784670 407
1784680 407
1784690 407
1784700 407
1784710 407
1784720 407
1784730 408
1784740 409
1784750 409
1784760 409
1784770 411
1784780 411
1784790 412
1784800 412
1784810 412
1784820 412
1784830 412
1784840 412
1784850 412
1784860 412
1784870 413
1784880 413
1784890 413
1784900 414
1784910 414
1784920 414
1784930 414
1784940 414
1784950 413
1784960 413
1784970 413
1784980 413
1784990 413
1785000 413
1785010 412
1785020 412
1785030 412
1785040 411
1785050 411
1785060 411
1785070 411
1785080 410
1785090 410
1785100 409
1785110 409
1785120 409
1785130 409
1785140 408
1785150 408
1785160 408
1785170 407
1785180 407
1785190 407
1785200 407
1785210 406
1785220 406
1785230 406
1785240 405
1785250 405
1785260 405
1785270 404
1785280 404
1785290 404
1785300 403
1785310 403
1785320 403
1785330 402
1785340 402
1785350 401
1785360 401
1785370 400
1785380 400
1785390 399
1785400 398
1785410 398
1785420 397
1785430 397
1785440 397
1785450 396
1785460 395
1785470 395
1785480 394
1785490 394
1785500 394
1785510 393
1785520 393
1785530 393
1785540 392
1785550 392
1785560 392
1785570 391
1785580 390
1785590 390
1785600 390
1785610 389
1785620 389
1785630 389
1785640 388
1785650 388
1785660 388
1785670 388
1785680 387
1785690 387
1785700 387
1785710 387
1785720 387
1785730 386
1785740 386
1785750 386
1785760 385
1785770 385
1785780 385
1785790 385
1785800 384
1785810 384
1785820 384
1785830 384
1785840 384
1785850 384
1785860 383
1785870 383
1785880 383
1785890 382
1785900 382
1785910 382
1785920 382
1785930 382
1785940 382
1785950 381
1785960 381
1785970 381
1785980 381
1785990 380
1786000 380
1786010 380
1786020 380
1786030 380
1786040 379
1786050 379
1786060 379
1786070 378
1786080 378
1786090 378
1786100 377
1786110 376
1786120 376
1786130 376
1786140 375
1786150 374
1786160 374
1786170 373
1786180 373
1786190 373
1786200 372
1786210 372
1786220 372
1786230 371
1786240 370
1786250 370
1786260 370
1786270 369
1786280 369
1786290 368
1786300 367
1786310 367
1786320 366
1786330 365
1786340 365
1786350 364
1786360 362
1786370 361
1786380 361
1786390 359
1786400 357
1786410 357
1786420 355
1786430 354
1786440 354
1786450 352
1786460 351
1786470 351
1786480 349
1786490 348
1786500 348
1786510 347
1786520 346
1786530 346
1786540 347
1786550 347
1786560 347
1786570 347
1786580 347
1786590 348
1786600 348
1786610 348
1786620 347
1786630 347
1786640 347
1786650 346
1786660 346
1786670 346
1786680 343
1786690 343
1786700 344
1786710 344
1786720 344
1786730 344
1786740 344
1786750 344
1786760 344
1786770 344
1786780 344
1786790 344
1786800 344
1786810 344
1786820 347
1786830 349
1786840 352
1786850 352
1786860 353
1786870 352
1786880 352
1786890 355
1786900 358
1786910 358
1786920 359
1786930 360
1786940 360
1786950 362
1786960 363
1786970 363
1786980 366
1786990 367
1787000 367
1787010 368
1787020 368
1787030 368
1787040 369
1787050 369
1787060 369
1787070 369
1787080 369
1787090 370
1787100 370
1787110 370
1787120 370
1787130 370
1787140 370
1787150 370
1787160 370
1787170 370
1787180 370
1787190 370
1787200 370
1787210 370
1787220 370
1787230 370
1787240 370
1787250 370
1787260 370
1787270 370
1787280 370
1787290 370
1787300 370
1787310 370
1787320 370
1787330 370
1787340 370
1787350 370
1787360 370
1787370 370
1787380 370
1787390 370
1787400 370
1787410 370
1787420 369
1787430 369
1787440 369
1787450 369
1787460 369
1787470 369
1787480 369
1787490 369
1787500 369
1787510 369
1787520 369
1787530 369
1787540 369
1787550 369
1787560 369
1787570 369
1787580 369
1787590 368
1787600 368
1787610 368
1787620 369
1787630 369
1787640 368
1787650 368
1787660 368
1787670 368
1787680 368
1787690 368
1787700 368
1787710 368
1787720 368
1787730 367
1787740 367
1787750 367
1787760 367
1787770 366
1787780 366
1787790 366
1787800 365
1787810 365
1787820 365
1787830 364
1787840 364
1787850 364
1787860 363
1787870 362
1787880 362
1787890 361
1787900 361
1787910 361
1787920 360
1787930 359
1787940 359
1787950 358
1787960 357
1787970 357
1787980 357
1787990 356
1788000 356
1788010 355
1788020 354
1788030 354
1788040 354
1788050 353
1788060 353
1788070 352
1788080 351
1788090 350
1788100 350
1788110 350
1788120 349
1788130 349
1788140 349
1788150 348
1788160 348
1788170 348
1788180 347
1788190 347
1788200 346
1788210 346
1788220 346
1788230 345
1788240 345
1788250 345
1788260 344
1788270 344
1788280 344
1788290 343
1788300 343
1788310 342
1788320 342
1788330 342
1788340 341
1788350 341
1788360 340
1788370 340
1788380 340
1788390 339
1788400 338
1788410 338
1788420 336
1788430 334
1788440 334
1788450 333
1788460 333
1788470 333
1788480 333
1788490 334
1788500 334
1788510 333
1788520 333
1788530 333
1788540 333
1788550 332
1788560 331
1788570 331
1788580 331
1788590 330
1788600 330
1788610 330
1788620 329
1788630 329
1788640 328
1788650 327
1788660 327
1788670 326
1788680 325
1788690 325
1788700 324
1788710 325
1788720 325
1788730 325
1788740 325
1788750 325
1788760 324
1788770 324
1788780 324
1788790 323
1788800 323
1788810 323
1788820 323
1788830 323
1788840 322
1788850 322
1788860 322
1788870 321
1788880 321
1788890 321
1788900 320
1788910 320
1788920 320
1788930 319
1788940 319
1788950 319
1788960 318
1788970 318
1788980 318
1788990 317
1789000 317
1789010 316
1789020 316
1789030 316
1789040 315
1789050 315
1789060 314
1789070 314
1789080 313
1789090 313
1789100 313
1789110 312
1789120 311
1789130 311
1789140 310
1789150 310
1789160 310
1789170 310
1789180 309
1789190 309
1789200 309
1789210 308
1789220 308
1789230 308
1789240 308
1789250 308
1789260 308
1789270 307
1789280 307
1789290 307
1789300 307
1789310 307
1789320 307
1789330 306
1789340 307
1789350 307
1789360 307
1789370 307
1789380 307
1789390 307
1789400 307
1789410 307
1789420 307
1789430 306
1789440 306
1789450 306
1789460 306
1789470 306
1789480 306
1789490 306
1789500 306
1789510 306
1789520 305
1789530 305
1789540 305
1789550 305
1789560 305
1789570 305
1789580 304
1789590 304
1789600 304
1789610 304
1789620 304
1789630 304
1789640 303
1789650 303
1789660 303
1789670 303
1789680 303
1789690 303
1789700 303
1789710 303
1789720 303
1789730 303
1789740 303
1789750 303
1789760 303
1789770 303
1789780 303
1789790 302
1789800 303
1789810 303
1789820 303
1789830 303
1789840 303
1789850 303
1789860 303
1789870 303
1789880 303
1789890 303
1789900 303
1789910 303
1789920 303
1789930 303
1789940 303
1789950 303
1789960 303
1789970 303
1789980 303
1789990 303
1790000 303
1790010 303
1790020 303
1790030 303
1790040 303
1790050 303
1790060 303
1790070 303
1790080 303
1790090 304
1790100 304
1790110 304
1790120 303
1790130 303
1790140 304
1790150 304
1790160 304
1790170 304
1790180 304
1790190 304
1790200 303
1790210 304
1790220 304
1790230 304
1790240 303
1790250 303
1790260 303
1790270 303
1790280 303
1790290 303
1790300 303
1790310 304
1790320 304
1790330 303
1790340 303
1790350 303
1790360 303
1790370 303
1790380 303
1790390 303
1790400 303
1790410 303
1790420 303
1790430 304
1790440 304
1790450 304
1790460 303
1790470 303
1790480 303
1790490 303
1790500 303
1790510 303
1790520 303
1790530 303
1790540 303
1790550 304
1790560 303
1790570 303
1790580 303
1790590 304
1790600 304
1790610 304
1790620 303
1790630 303
1790640 303
1790650 303
1790660 303
1790670 303
1790680 303
1790690 303
1790700 301
1790710 300
1790720 300
1790730 302
1790740 303
1790750 303
1790760 303
1790770 304
1790780 304
1790790 304
1790800 304
1790810 304
1790820 304
1790830 304
1790840 305
1790850 305
1790860 305
1790870 305
1790880 305
1790890 305
1790900 305
1790910 305
1790920 306
1790930 306
1790940 306
1790950 306
1790960 306
1790970 306
1790980 307
1790990 307
1791000 307
1791010 308
1791020 308
1791030 308
1791040 308
1791050 309
1791060 309
1791070 309
1791080 309
1791090 309
1791100 309
1791110 311
1791120 311
1791130 311
1791140 311
1791150 311
1791160 311
1791170 312
1791180 312
1791190 312
1791200 312
1791210 313
1791220 313
1791230 313
1791240 314
1791250 314
1791260 315
1791270 315
1791280 316
1791290 316
1791300 316
1791310 316
1791320 316
1791330 317
1791340 317
1791350 317
1791360 317
1791370 318
1791380 318
1791390 318
1791400 318
1791410 318
1791420 319
1791430 319
1791440 319
1791450 319
1791460 319
1791470 319
1791480 319
1791490 320
1791500 320
1791510 320
1791520 321
1791530 321
1791540 321
1791550 322
1791560 322
1791570 322
1791580 323
1791590 324
1791600 324
1791610 325
1791620 326
1791630 326
1791640 327
1791650 328
1791660 328
1791670 329
1791680 329
1791690 329
1791700 329
1791710 331
1791720 331
1791730 332
1791740 332
1791750 332
1791760 332
1791770 333
1791780 335
1791790 335
1791800 336
1791810 339
1791820 339
1791830 340
1791840 341
1791850 341
1791860 343
1791870 344
1791880 344
1791890 345
1791900 346
1791910 346
1791920 347
1791930 348
1791940 348
1791950 349
1791960 350
1791970 350
1791980 351
1791990 352
1792000 354
1792010 354
1792020 355
1792030 356
1792040 356
1792050 356
1792060 356
1792070 356
1792080 357
1792090 357
1792100 357
1792110 357
1792120 358
1792130 358
1792140 358
1792150 357
1792160 357
1792170 356
1792180 355
1792190 355
1792200 354
1792210 354
1792220 354
1792230 353
1792240 352
1792250 351
1792260 351
1792270 349
1792280 349
1792290 349
1792300 348
1792310 349
1792320 349
1792330 349
1792340 349
1792350 349
1792360 349
1792370 349
1792380 349
1792390 350
1792400 350
1792410 350
1792420 351
1792430 353
1792440 353
1792450 355
1792460 357
1792470 357
1792480 359
1792490 360
1792500 361
1792510 361
1792520 363
1792530 364
1792540 364
1792550 366
1792560 367
1792570 367
1792580 368
1792590 370
1792600 370
1792610 371
1792620 372
1792630 372
1792640 374
1792650 375
1792660 375
1792670 376
1792680 377
1792690 377
1792700 378
1792710 380
1792720 380
1792730 381
1792740 382
1792750 383
1792760 383
1792770 385
1792780 386
1792790 386
1792800 387
1792810 388
1792820 388
1792830 389
1792840 389
1792850 389
1792860 390
1792870 391
1792880 391
1792890 392
1792900 392
1792910 392
1792920 393
1792930 393
1792940 393
1792950 393
1792960 394
1792970 394
1792980 394
1792990 394
1793000 394
1793010 394
1793020 394
1793030 394
1793040 394
1793050 393
1793060 394
1793070 394
1793080 394
1793090 394
1793100 394
1793110 394
