1780000 306
1780010 306
1780020 306
1780030 306
1780040 305
1780050 305
1780060 305
1780070 304
1780080 304
1780090 303
1780100 303
1780110 303
1780120 302
1780130 302
1780140 302
1780150 301
1780160 301
1780170 301
1780180 301
1780190 301
1780200 300
1780210 300
1780220 300
1780230 300
1780240 300
1780250 300
1780260 300
1780270 300
1780280 299
1780290 300
1780300 300
1780310 300
1780320 300
1780330 300
1780340 300
1780350 302
1780360 302
1780370 303
1780380 303
1780390 303
1780400 303
1780410 301
1780420 300
1780430 300
1780440 298
1780450 300
1780460 300
1780470 300
1780480 300
1780490 300
1780500 300
1780510 301
1780520 301
1780530 301
1780540 302
1780550 302
1780560 302
1780570 302
1780580 302
1780590 302
1780600 302
1780610 302
1780620 302
1780630 302
1780640 302
1780650 302
1780660 302
1780670 302
1780680 302
1780690 302
1780700 302
1780710 302
1780720 303
1780730 304
1780740 304
1780750 304
1780760 304
1780770 304
1780780 304
1780790 304
1780800 304
1780810 304
1780820 304
1780830 304
1780840 304
1780850 305
1780860 305
1780870 305
1780880 305
1780890 305
1780900 306
1780910 306
1780920 307
1780930 307
1780940 307
1780950 308
1780960 308
1780970 308
1780980 309
1780990 309
1781000 310
1781010 311
1781020 311
1781030 311
1781040 313
1781050 313
1781060 314
1781070 315
1781080 315
1781090 316
1781100 321
1781110 321
1781120 325
1781130 326
1781140 326
1781150 328
1781160 330
1781170 332
1781180 332
1781190 333
1781200 336
1781210 336
1781220 338
1781230 340
1781240 340
1781250 343
1781260 344
1781270 344
1781280 346
1781290 347
1781300 347
1781310 347
1781320 349
1781330 346
1781340 346
1781350 347
1781360 347
1781370 343
1781380 341
1781390 341
1781400 340
1781410 346
1781420 348
1781430 348
1781440 343
1781450 349
1781460 349
1781470 344
1781480 342
1781490 342
1781500 349
1781510 351
1781520 351
1781530 348
1781540 349
1781550 349
1781560 351
1781570 354
1781580 354
1781590 357
1781600 358
1781610 358
1781620 360
1781630 362
1781640 362
1781650 364
1781660 365
1781670 365
1781680 365
1781690 364
1781700 363
1781710 363
1781720 362
1781730 361
1781740 361
1781750 360
1781760 359
1781770 359
1781780 358
1781790 357
1781800 357
1781810 354
1781820 352
1781830 352
1781840 351
1781850 348
1781860 348
1781870 344
1781880 344
1781890 344
1781900 343
1781910 342
1781920 341
1781930 341
1781940 342
1781950 343
1781960 343
1781970 344
1781980 344
1781990 344
1782000 344
1782010 345
1782020 345
1782030 341
1782040 341
1782050 341
1782060 345
1782070 345
1782080 345
1782090 346
1782100 346
1782110 346
1782120 345
1782130 345
1782140 345
1782150 345
1782160 345
1782170 344
1782180 344
1782190 344
1782200 344
1782210 344
1782220 343
1782230 343
1782240 343
1782250 342
1782260 340
1782270 340
1782280 339
1782290 338
1782300 338
1782310 337
1782320 336
1782330 336
1782340 335
1782350 334
1782360 334
1782370 336
1782380 343
1782390 345
1782400 345
1782410 346
1782420 345
1782430 345
1782440 347
1782450 346
1782460 346
1782470 341
1782480 341
1782490 341
1782500 344
1782510 348
1782520 348
1782530 352
1782540 354
1782550 354
1782560 357
1782570 360
1782580 360
1782590 363
1782600 365
1782610 365
1782620 369
1782630 372
1782640 374
1782650 374
1782660 377
1782670 380
1782680 380
1782690 381
1782700 384
1782710 384
1782720 386
1782730 387
1782740 387
1782750 388
1782760 388
1782770 388
1782780 388
1782790 388
1782800 388
1782810 389
1782820 389
1782830 389
1782840 388
1782850 387
1782860 387
1782870 387
1782880 386
1782890 386
1782900 386
1782910 386
1782920 386
1782930 386
1782940 386
1782950 386
1782960 386
1782970 387
1782980 389
1782990 389
1783000 390
1783010 392
1783020 392
1783030 393
1783040 394
1783050 394
1783060 396
1783070 397
1783080 397
1783090 398
1783100 400
1783110 400
1783120 401
1783130 403
1783140 404
1783150 404
1783160 404
1783170 405
1783180 405
1783190 405
1783200 406
1783210 406
1783220 406
1783230 407
1783240 407
1783250 407
1783260 406
1783270 406
1783280 406
1783290 405
1783300 405
1783310 404
1783320 404
1783330 404
1783340 402
1783350 401
1783360 401
1783370 400
1783380 400
1783390 399
1783400 399
1783410 399
1783420 399
1783430 399
1783440 398
1783450 398
1783460 398
1783470 398
1783480 398
1783490 398
1783500 398
1783510 398
1783520 398
1783530 398
1783540 398
1783550 398
1783560 399
1783570 399
1783580 399
1783590 400
1783600 402
1783610 402
1783620 403
1783630 403
1783640 403
1783650 403
1783660 404
1783670 405
1783680 405
1783690 405
1783700 406
1783710 406
1783720 406
1783730 408
1783740 408
1783750 408
1783760 409
1783770 409
1783780 410
1783790 410
1783800 410
1783810 411
1783820 410
1783830 410
1783840 409
1783850 411
1783860 411
1783870 412
1783880 412
1783890 413
1783900 413
1783910 414
1783920 414
1783930 414
1783940 415
1783950 416
1783960 416
1783970 416
1783980 417
1783990 417
1784000 418
1784010 418
1784020 418
1784030 418
1784040 419
1784050 419
1784060 420
1784070 420
1784080 420
1784090 421
1784100 421
1784110 421
1784120 421
1784130 422
1784140 422
1784150 422
1784160 423
1784170 423
1784180 423
1784190 424
1784200 425
1784210 425
1784220 425
1784230 426
1784240 426
1784250 427
1784260 427
1784270 427
1784280 428
1784290 429
1784300 429
1784310 430
1784320 431
1784330 431
1784340 432
1784350 432
1784360 433
1784370 433
1784380 434
1784390 434
1784400 434
1784410 435
1784420 435
1784430 435
1784440 435
1784450 436
1784460 436
1784470 436
1784480 435
1784490 435
1784500 434
1784510 435
1784520 435
1784530 436
1784540 435
1784550 435
1784560 434
1784570 434
1784580 434
1784590 433
1784600 433
1784610 432
1784620 432
1784630 432
1784640 431
1784650 431
1784660 431
1784670 430
1784680 430
1784690 429
1784700 428
1784710 428
1784720 427
1784730 426
1784740 426
1784750 425
1784760 424
1784770 424
1784780 424
1784790 423
1784800 423
1784810 423
1784820 422
1784830 422
1784840 420
1784850 419
1784860 418
1784870 418
1784880 417
1784890 417
1784900 417
1784910 416
1784920 415
1784930 415
1784940 414
1784950 413
1784960 413
1784970 412
1784980 411
1784990 411
1785000 410
1785010 409
1785020 409
1785030 408
1785040 407
1785050 407
1785060 406
1785070 405
1785080 405
1785090 405
1785100 404
1785110 403
1785120 403
1785130 402
1785140 402
1785150 402
1785160 401
1785170 400
1785180 400
1785190 400
1785200 400
1785210 400
1785220 399
1785230 399
1785240 399
1785250 399
1785260 399
1785270 399
1785280 398
1785290 398
1785300 398
1785310 398
1785320 397
1785330 397
1785340 397
1785350 397
1785360 397
1785370 397
1785380 396
1785390 396
1785400 396
1785410 396
1785420 395
1785430 395
1785440 395
1785450 395
1785460 395
1785470 394
1785480 394
1785490 394
1785500 394
1785510 393
1785520 393
1785530 392
1785540 391
1785550 391
1785560 391
1785570 390
1785580 390
1785590 389
1785600 388
1785610 388
1785620 388
1785630 387
1785640 386
1785650 386
1785660 385
1785670 383
1785680 383
1785690 383
1785700 382
1785710 382
1785720 381
1785730 381
1785740 381
1785750 380
1785760 380
1785770 380
1785780 379
1785790 378
1785800 378
1785810 376
1785820 375
1785830 375
1785840 373
1785850 373
1785860 373
1785870 373
1785880 374
1785890 374
1785900 374
1785910 374
1785920 373
1785930 373
1785940 373
1785950 372
1785960 372
1785970 371
1785980 371
1785990 371
1786000 369
1786010 368
1786020 368
1786030 367
1786040 367
1786050 367
1786060 366
1786070 365
1786080 364
1786090 364
1786100 362
1786110 360
1786120 360
1786130 360
1786140 359
1786150 359
1786160 358
1786170 358
1786180 358
1786190 355
1786200 354
1786210 354
1786220 355
1786230 357
1786240 357
1786250 357
1786260 357
1786270 357
1786280 358
1786290 359
1786300 359
1786310 360
1786320 361
1786330 362
1786340 362
1786350 363
1786360 364
1786370 364
1786380 364
1786390 364
1786400 364
1786410 364
1786420 363
1786430 363
1786440 362
1786450 361
1786460 361
1786470 360
1786480 358
1786490 358
1786500 357
1786510 356
1786520 356
1786530 354
1786540 353
1786550 353
1786560 350
1786570 349
1786580 350
1786590 350
1786600 350
1786610 350
1786620 350
1786630 350
1786640 351
1786650 351
1786660 352
1786670 353
1786680 353
1786690 356
1786700 358
1786710 358
1786720 360
1786730 362
1786740 362
1786750 363
1786760 365
1786770 365
1786780 366
1786790 369
1786800 369
1786810 370
1786820 371
1786830 372
1786840 372
1786850 373
1786860 373
1786870 373
1786880 374
1786890 373
1786900 373
1786910 374
1786920 373
1786930 373
1786940 373
1786950 373
1786960 373
1786970 373
1786980 373
1786990 373
1787000 373
1787010 372
1787020 372
1787030 372
1787040 372
1787050 372
1787060 372
1787070 372
1787080 372
1787090 372
1787100 372
1787110 372
1787120 372
1787130 371
1787140 371
1787150 371
1787160 371
1787170 371
1787180 371
1787190 371
1787200 371
1787210 371
1787220 370
1787230 370
1787240 370
1787250 370
1787260 370
1787270 370
1787280 369
1787290 369
1787300 369
1787310 369
1787320 368
1787330 368
1787340 368
1787350 367
1787360 366
1787370 366
1787380 366
1787390 366
1787400 366
1787410 365
1787420 364
1787430 364
1787440 364
1787450 364
1787460 364
1787470 363
1787480 364
1787490 364
1787500 364
1787510 364
1787520 364
1787530 364
1787540 364
1787550 364
1787560 364
1787570 364
1787580 364
1787590 364
1787600 364
1787610 364
1787620 364
1787630 364
1787640 364
1787650 364
1787660 364
1787670 364
1787680 364
1787690 363
1787700 363
1787710 363
1787720 363
1787730 362
1787740 362
1787750 361
1787760 360
1787770 360
1787780 360
1787790 360
1787800 360
1787810 359
1787820 358
1787830 358
1787840 358
1787850 357
1787860 357
1787870 357
1787880 356
1787890 355
1787900 355
1787910 355
1787920 354
1787930 354
1787940 353
1787950 353
1787960 353
1787970 352
1787980 351
1787990 351
1788000 350
1788010 350
1788020 350
1788030 349
1788040 349
1788050 348
1788060 348
1788070 348
1788080 348
1788090 348
1788100 347
1788110 347
1788120 347
1788130 347
1788140 347
1788150 347
1788160 347
1788170 346
1788180 346
1788190 346
1788200 346
1788210 346
1788220 346
1788230 345
1788240 345
1788250 345
1788260 345
1788270 345
1788280 344
1788290 344
1788300 344
1788310 344
1788320 343
1788330 343
1788340 343
1788350 342
1788360 342
1788370 342
1788380 341
1788390 341
1788400 341
1788410 340
1788420 340
1788430 340
1788440 339
1788450 339
1788460 339
1788470 339
1788480 339
1788490 339
1788500 338
1788510 338
1788520 338
1788530 337
1788540 337
1788550 336
1788560 336
1788570 336
1788580 335
1788590 335
1788600 335
1788610 333
1788620 333
1788630 333
1788640 333
1788650 333
1788660 333
1788670 332
1788680 332
1788690 331
1788700 330
1788710 330
1788720 329
1788730 329
1788740 329
1788750 328
1788760 327
1788770 327
1788780 326
1788790 325
1788800 324
1788810 324
1788820 323
1788830 322
1788840 322
1788850 321
1788860 319
1788870 319
1788880 318
1788890 317
1788900 317
1788910 315
1788920 314
1788930 314
1788940 313
1788950 312
1788960 312
1788970 311
1788980 310
1788990 310
1789000 310
1789010 309
1789020 309
1789030 309
1789040 309
1789050 309
1789060 309
1789070 309
1789080 309
1789090 309
1789100 309
1789110 309
1789120 309
1789130 309
1789140 309
1789150 309
1789160 309
1789170 309
1789180 309
1789190 309
1789200 309
1789210 309
1789220 309
1789230 308
1789240 308
1789250 308
1789260 308
1789270 308
1789280 308
1789290 308
1789300 307
1789310 307
1789320 307
1789330 307
1789340 307
1789350 307
1789360 307
1789370 307
1789380 307
1789390 307
1789400 307
1789410 306
1789420 306
1789430 306
1789440 306
1789450 306
1789460 306
1789470 306
1789480 306
1789490 306
1789500 306
1789510 305
1789520 305
1789530 305
1789540 305
1789550 305
1789560 305
1789570 305
1789580 305
1789590 305
1789600 305
1789610 305
1789620 305
1789630 304
1789640 303
1789650 303
1789660 304
1789670 304
1789680 304
1789690 304
1789700 304
1789710 304
1789720 304
1789730 304
1789740 304
1789750 304
1789760 304
1789770 304
1789780 304
1789790 304
1789800 304
1789810 304
1789820 304
1789830 304
1789840 304
1789850 304
1789860 304
1789870 304
1789880 304
1789890 304
1789900 304
1789910 304
1789920 304
1789930 304
1789940 304
1789950 304
1789960 304
1789970 304
1789980 304
1789990 304
1790000 304
1790010 304
1790020 304
1790030 304
1790040 304
1790050 304
1790060 304
1790070 304
1790080 304
1790090 304
1790100 304
1790110 304
1790120 304
1790130 303
1790140 303
1790150 303
1790160 303
1790170 303
1790180 303
1790190 303
1790200 304
1790210 304
1790220 303
1790230 303
1790240 303
1790250 303
1790260 303
1790270 303
1790280 303
1790290 303
1790300 303
1790310 303
1790320 303
1790330 304
1790340 304
1790350 305
1790360 305
1790370 305
1790380 305
1790390 304
1790400 304
1790410 304
1790420 304
1790430 304
1790440 305
1790450 303
1790460 303
1790470 302
1790480 303
1790490 303
1790500 303
1790510 303
1790520 303
1790530 303
1790540 303
1790550 303
1790560 303
1790570 303
1790580 303
1790590 303
1790600 303
1790610 303
1790620 303
1790630 303
1790640 303
1790650 303
1790660 303
1790670 303
1790680 303
1790690 303
1790700 303
1790710 303
1790720 303
1790730 304
1790740 304
1790750 304
1790760 302
1790770 301
1790780 301
1790790 304
1790800 304
1790810 304
1790820 305
1790830 305
1790840 305
1790850 305
1790860 305
1790870 305
1790880 306
1790890 306
1790900 306
1790910 306
1790920 306
1790930 306
1790940 306
1790950 306
1790960 306
1790970 307
1790980 307
1790990 307
1791000 307
1791010 307
1791020 307
1791030 307
1791040 307
1791050 307
1791060 307
1791070 307
1791080 308
1791090 308
1791100 308
1791110 309
1791120 309
1791130 310
1791140 311
1791150 311
1791160 312
1791170 312
1791180 312
1791190 312
1791200 313
1791210 313
1791220 313
1791230 315
1791240 315
1791250 316
1791260 316
1791270 316
1791280 316
1791290 317
1791300 317
1791310 317
1791320 318
1791330 318
1791340 318
1791350 319
1791360 320
1791370 320
1791380 321
1791390 321
1791400 321
1791410 322
1791420 323
1791430 323
1791440 323
1791450 324
1791460 324
1791470 324
1791480 325
1791490 325
1791500 325
1791510 326
1791520 326
1791530 326
1791540 327
1791550 326
1791560 326
1791570 327
1791580 328
1791590 328
1791600 329
1791610 330
1791620 330
1791630 331
1791640 331
1791650 331
1791660 332
1791670 333
1791680 333
1791690 334
1791700 334
1791710 334
1791720 334
1791730 334
1791740 338
1791750 338
1791760 339
1791770 340
1791780 340
1791790 341
1791800 342
1791810 342
1791820 343
1791830 344
1791840 344
1791850 346
1791860 347
1791870 347
1791880 348
1791890 350
1791900 350
1791910 351
1791920 353
1791930 353
1791940 354
1791950 356
1791960 356
1791970 357
1791980 358
1791990 360
1792000 360
1792010 361
1792020 363
1792030 363
1792040 364
1792050 366
1792060 366
1792070 367
1792080 368
1792090 368
1792100 369
1792110 370
1792120 370
1792130 371
1792140 372
1792150 372
1792160 373
1792170 374
1792180 374
1792190 376
1792200 377
1792210 377
1792220 378
1792230 379
1792240 380
1792250 381
1792260 382
1792270 382
1792280 382
1792290 383
1792300 384
1792310 384
1792320 385
1792330 385
1792340 385
1792350 385
1792360 385
1792370 385
1792380 385
1792390 385
1792400 385
1792410 385
1792420 386
1792430 386
1792440 387
1792450 388
1792460 388
1792470 388
1792480 389
1792490 389
1792500 389
1792510 389
1792520 389
1792530 389
1792540 390
1792550 390
1792560 390
1792570 391
1792580 392
1792590 392
1792600 392
1792610 393
1792620 393
1792630 394
1792640 394
1792650 394
1792660 395
1792670 396
1792680 396
1792690 397
1792700 398
1792710 398
1792720 398
1792730 398
1792740 399
1792750 399
1792760 398
1792770 398
1792780 398
1792790 398
1792800 398
1792810 398
1792820 398
1792830 397
1792840 397
1792850 397
1792860 397
1792870 397
1792880 396
1792890 396
1792900 396
1792910 396
1792920 396
1792930 396
1792940 395
1792950 395
1792960 395
1792970 394
1792980 394
1792990 393
1793000 393
1793010 393
1793020 392
1793030 392
1793040 391
1793050 390
1793060 390
1793070 390
1793080 389
1793090 389
1793100 388
