1780000 314
1780010 314
1780020 313
1780030 313
1780040 313
1780050 312
1780060 311
1780070 310
1780080 310
1780090 309
1780100 308
1780110 308
1780120 307
1780130 306
1780140 306
1780150 305
1780160 304
1780170 304
1780180 303
1780190 303
1780200 303
1780210 303
1780220 302
1780230 302
1780240 301
1780250 301
1780260 301
1780270 301
1780280 301
1780290 301
1780300 301
1780310 301
1780320 301
1780330 301
1780340 301
1780350 301
1780360 301
1780370 300
1780380 300
1780390 300
1780400 300
1780410 300
1780420 300
1780430 301
1780440 301
1780450 301
1780460 302
1780470 301
1780480 301
1780490 301
1780500 298
1780510 298
1780520 301
1780530 301
1780540 301
1780550 301
1780560 302
1780570 302
1780580 302
1780590 302
1780600 302
1780610 302
1780620 303
1780630 303
1780640 303
1780650 303
1780660 303
1780670 303
1780680 304
1780690 303
1780700 303
1780710 303
1780720 303
1780730 303
1780740 303
1780750 303
1780760 303
1780770 303
1780780 303
1780790 303
1780800 303
1780810 303
1780820 303
1780830 303
1780840 303
1780850 304
1780860 304
1780870 304
1780880 304
1780890 304
1780900 304
1780910 304
1780920 304
1780930 304
1780940 305
1780950 305
1780960 305
1780970 305
1780980 305
1780990 306
1781000 307
1781010 307
1781020 307
1781030 308
1781040 309
1781050 309
1781060 309
1781070 310
1781080 310
1781090 312
1781100 311
1781110 311
1781120 315
1781130 315
1781140 315
1781150 316
1781160 317
1781170 317
1781180 317
1781190 318
1781200 318
1781210 318
1781220 318
1781230 318
1781240 319
1781250 319
1781260 319
1781270 320
1781280 320
1781290 321
1781300 321
1781310 322
1781320 322
1781330 322
1781340 323
1781350 320
1781360 320
1781370 323
1781380 324
1781390 324
1781400 320
1781410 320
1781420 320
1781430 324
1781440 325
1781450 325
1781460 324
1781470 325
1781480 325
1781490 325
1781500 325
1781510 325
1781520 326
1781530 326
1781540 326
1781550 326
1781560 327
1781570 327
1781580 327
1781590 328
1781600 328
1781610 328
1781620 330
1781630 330
1781640 330
1781650 331
1781660 331
1781670 331
1781680 331
1781690 331
1781700 331
1781710 329
1781720 332
1781730 332
1781740 332
1781750 333
1781760 333
1781770 331
1781780 331
1781790 329
1781800 329
1781810 331
1781820 332
1781830 332
1781840 331
1781850 330
1781860 330
1781870 328
1781880 326
1781890 326
1781900 326
1781910 325
1781920 325
1781930 325
1781940 324
1781950 324
1781960 323
1781970 323
1781980 323
1781990 323
1782000 323
1782010 323
1782020 323
1782030 323
1782040 323
1782050 323
1782060 322
1782070 322
1782080 322
1782090 322
1782100 322
1782110 322
1782120 324
1782130 324
1782140 324
1782150 325
1782160 325
1782170 325
1782180 325
1782190 326
1782200 326
1782210 327
1782220 328
1782230 328
1782240 328
1782250 329
1782260 329
1782270 330
1782280 330
1782290 332
1782300 332
1782310 333
1782320 335
1782330 335
1782340 337
1782350 339
1782360 339
1782370 341
1782380 343
1782390 343
1782400 345
1782410 346
1782420 346
1782430 347
1782440 344
1782450 344
1782460 339
1782470 337
1782480 337
1782490 336
1782500 339
1782510 341
1782520 341
1782530 343
1782540 344
1782550 344
1782560 345
1782570 345
1782580 345
1782590 350
1782600 346
1782610 346
1782620 348
1782630 350
1782640 350
1782650 352
1782660 353
1782670 353
1782680 355
1782690 355
1782700 355
1782710 356
1782720 356
1782730 356
1782740 356
1782750 357
1782760 358
1782770 358
1782780 359
1782790 361
1782800 361
1782810 363
1782820 365
1782830 365
1782840 368
1782850 371
1782860 371
1782870 375
1782880 376
1782890 376
1782900 378
1782910 380
1782920 380
1782930 382
1782940 384
1782950 384
1782960 387
1782970 388
1782980 388
1782990 389
1783000 390
1783010 391
1783020 391
1783030 392
1783040 393
1783050 393
1783060 395
1783070 396
1783080 396
1783090 397
1783100 398
1783110 398
1783120 400
1783130 400
1783140 400
1783150 401
1783160 401
1783170 401
1783180 402
1783190 402
1783200 402
1783210 402
1783220 403
1783230 403
1783240 402
1783250 401
1783260 401
1783270 401
1783280 400
1783290 401
1783300 401
1783310 400
1783320 400
1783330 400
1783340 400
1783350 401
1783360 401
1783370 401
1783380 401
1783390 401
1783400 401
1783410 402
1783420 402
1783430 402
1783440 403
1783450 403
1783460 403
1783470 404
1783480 404
1783490 405
1783500 405
1783510 406
1783520 406
1783530 407
1783540 408
1783550 408
1783560 409
1783570 410
1783580 410
1783590 411
1783600 412
1783610 412
1783620 413
1783630 414
1783640 414
1783650 415
1783660 416
1783670 416
1783680 417
1783690 418
1783700 418
1783710 419
1783720 420
1783730 421
1783740 422
1783750 422
1783760 423
1783770 423
1783780 423
1783790 424
1783800 424
1783810 425
1783820 425
1783830 425
1783840 426
1783850 426
1783860 426
1783870 427
1783880 427
1783890 427
1783900 428
1783910 428
1783920 428
1783930 429
1783940 430
1783950 430
1783960 430
1783970 430
1783980 430
1783990 431
1784000 431
1784010 432
1784020 432
1784030 433
1784040 434
1784050 434
1784060 435
1784070 435
1784080 435
1784090 436
1784100 437
1784110 437
1784120 438
1784130 439
1784140 439
1784150 439
1784160 440
1784170 440
1784180 441
1784190 441
1784200 441
1784210 442
1784220 442
1784230 442
1784240 442
1784250 443
1784260 443
1784270 443
1784280 443
1784290 443
1784300 443
1784310 442
1784320 442
1784330 442
1784340 442
1784350 442
1784360 442
1784370 442
1784380 442
1784390 442
1784400 441
1784410 441
1784420 441
1784430 440
1784440 439
1784450 439
1784460 439
1784470 438
1784480 437
1784490 437
1784500 437
1784510 436
1784520 436
1784530 436
1784540 434
1784550 434
1784560 434
1784570 433
1784580 433
1784590 432
1784600 431
1784610 431
1784620 431
1784630 429
1784640 429
1784650 428
1784660 426
1784670 426
1784680 425
1784690 423
1784700 423
1784710 422
1784720 421
1784730 420
1784740 420
1784750 419
1784760 418
1784770 418
1784780 417
1784790 416
1784800 416
1784810 415
1784820 415
1784830 415
1784840 414
1784850 413
1784860 413
1784870 413
1784880 412
1784890 412
1784900 410
1784910 409
1784920 409
1784930 408
1784940 408
1784950 408
1784960 407
1784970 406
1784980 402
1784990 402
1785000 401
1785010 400
1785020 400
1785030 401
1785040 403
1785050 403
1785060 403
1785070 402
1785080 402
1785090 402
1785100 403
1785110 403
1785120 403
1785130 404
1785140 404
1785150 404
1785160 405
1785170 405
1785180 404
1785190 402
1785200 402
1785210 401
1785220 399
1785230 398
1785240 398
1785250 397
1785260 396
1785270 396
1785280 395
1785290 395
1785300 395
1785310 394
1785320 393
1785330 393
1785340 392
1785350 392
1785360 392
1785370 391
1785380 390
1785390 390
1785400 390
1785410 389
1785420 389
1785430 388
1785440 387
1785450 387
1785460 386
1785470 385
1785480 385
1785490 385
1785500 385
1785510 384
1785520 384
1785530 384
1785540 383
1785550 383
1785560 381
1785570 379
1785580 379
1785590 377
1785600 376
1785610 376
1785620 376
1785630 375
1785640 375
1785650 376
1785660 376
1785670 376
1785680 376
1785690 376
1785700 376
1785710 375
1785720 374
1785730 373
1785740 373
1785750 372
1785760 370
1785770 370
1785780 369
1785790 369
1785800 369
1785810 368
1785820 368
1785830 368
1785840 367
1785850 367
1785860 367
1785870 366
1785880 365
1785890 365
1785900 365
1785910 364
1785920 364
1785930 365
1785940 365
1785950 364
1785960 364
1785970 364
1785980 363
1785990 363
1786000 361
1786010 359
1786020 359
1786030 360
1786040 359
1786050 359
1786060 358
1786070 362
1786080 362
1786090 363
1786100 365
1786110 365
1786120 366
1786130 367
1786140 367
1786150 369
1786160 370
1786170 370
1786180 371
1786190 372
1786200 372
1786210 371
1786220 371
1786230 371
1786240 371
1786250 371
1786260 370
1786270 370
1786280 369
1786290 368
1786300 368
1786310 367
1786320 366
1786330 366
1786340 365
1786350 364
1786360 364
1786370 363
1786380 360
1786390 360
1786400 355
1786410 354
1786420 354
1786430 354
1786440 355
1786450 355
1786460 354
1786470 354
1786480 354
1786490 354
1786500 354
1786510 355
1786520 355
1786530 355
1786540 356
1786550 356
1786560 357
1786570 358
1786580 358
1786590 360
1786600 361
1786610 361
1786620 363
1786630 365
1786640 365
1786650 366
1786660 368
1786670 368
1786680 367
1786690 369
1786700 370
1786710 370
1786720 372
1786730 374
1786740 374
1786750 375
1786760 375
1786770 375
1786780 375
1786790 375
1786800 375
1786810 375
1786820 375
1786830 375
1786840 375
1786850 375
1786860 375
1786870 375
1786880 374
1786890 374
1786900 374
1786910 374
1786920 374
1786930 374
1786940 373
1786950 373
1786960 373
1786970 373
1786980 373
1786990 373
1787000 373
1787010 372
1787020 372
1787030 372
1787040 372
1787050 372
1787060 371
1787070 371
1787080 371
1787090 371
1787100 371
1787110 371
1787120 370
1787130 370
1787140 370
1787150 370
1787160 370
1787170 370
1787180 369
1787190 369
1787200 369
1787210 369
1787220 369
1787230 369
1787240 369
1787250 369
1787260 369
1787270 369
1787280 369
1787290 369
1787300 369
1787310 369
1787320 369
1787330 369
1787340 369
1787350 369
1787360 369
1787370 369
1787380 369
1787390 369
1787400 370
1787410 370
1787420 370
1787430 370
1787440 370
1787450 370
1787460 370
1787470 370
1787480 369
1787490 369
1787500 369
1787510 369
1787520 369
1787530 369
1787540 369
1787550 369
1787560 369
1787570 369
1787580 369
1787590 368
1787600 368
1787610 368
1787620 368
1787630 367
1787640 367
1787650 367
1787660 366
1787670 366
1787680 366
1787690 365
1787700 365
1787710 365
1787720 364
1787730 363
1787740 363
1787750 362
1787760 362
1787770 362
1787780 361
1787790 360
1787800 360
1787810 360
1787820 359
1787830 359
1787840 358
1787850 357
1787860 357
1787870 356
1787880 355
1787890 355
1787900 355
1787910 354
1787920 354
1787930 353
1787940 352
1787950 351
1787960 351
1787970 351
1787980 350
1787990 350
1788000 349
1788010 349
1788020 349
1788030 348
1788040 348
1788050 348
1788060 347
1788070 346
1788080 346
1788090 346
1788100 345
1788110 345
1788120 345
1788130 344
1788140 344
1788150 343
1788160 342
1788170 342
1788180 342
1788190 341
1788200 340
1788210 340
1788220 340
1788230 339
1788240 339
1788250 339
1788260 338
1788270 338
1788280 337
1788290 337
1788300 337
1788310 337
1788320 336
1788330 336
1788340 336
1788350 336
1788360 336
1788370 335
1788380 335
1788390 335
1788400 335
1788410 334
1788420 334
1788430 334
1788440 334
1788450 333
1788460 333
1788470 333
1788480 333
1788490 333
1788500 332
1788510 332
1788520 332
1788530 332
1788540 331
1788550 331
1788560 331
1788570 330
1788580 330
1788590 330
1788600 329
1788610 329
1788620 328
1788630 328
1788640 328
1788650 328
1788660 327
1788670 326
1788680 326
1788690 326
1788700 325
1788710 325
1788720 324
1788730 323
1788740 323
1788750 322
1788760 322
1788770 322
1788780 322
1788790 321
1788800 321
1788810 320
1788820 319
1788830 319
1788840 318
1788850 317
1788860 317
1788870 316
1788880 315
1788890 315
1788900 314
1788910 313
1788920 312
1788930 312
1788940 311
1788950 311
1788960 311
1788970 310
1788980 310
1788990 310
1789000 309
1789010 309
1789020 309
1789030 309
1789040 309
1789050 309
1789060 309
1789070 309
1789080 309
1789090 309
1789100 310
1789110 310
1789120 309
1789130 309
1789140 309
1789150 309
1789160 309
1789170 309
1789180 309
1789190 309
1789200 309
1789210 309
1789220 309
1789230 309
1789240 309
1789250 309
1789260 308
1789270 308
1789280 308
1789290 308
1789300 308
1789310 308
1789320 307
1789330 307
1789340 307
1789350 307
1789360 307
1789370 307
1789380 307
1789390 307
1789400 307
1789410 307
1789420 307
1789430 307
1789440 307
1789450 306
1789460 306
1789470 306
1789480 306
1789490 306
1789500 306
1789510 306
1789520 306
1789530 305
1789540 306
1789550 306
1789560 306
1789570 306
1789580 306
1789590 306
1789600 306
1789610 306
1789620 305
1789630 305
1789640 305
1789650 305
1789660 305
1789670 305
1789680 305
1789690 305
1789700 305
1789710 305
1789720 305
1789730 305
1789740 305
1789750 305
1789760 305
1789770 305
1789780 305
1789790 305
1789800 305
1789810 305
1789820 304
1789830 304
1789840 304
1789850 304
1789860 304
1789870 304
1789880 304
1789890 304
1789900 304
1789910 304
1789920 304
1789930 304
1789940 304
1789950 304
1789960 304
1789970 304
1789980 304
1789990 304
1790000 304
1790010 304
1790020 304
1790030 304
1790040 304
1790050 304
1790060 304
1790070 304
1790080 304
1790090 304
1790100 304
1790110 304
1790120 304
1790130 305
1790140 305
1790150 304
1790160 304
1790170 304
1790180 304
1790190 304
1790200 304
1790210 304
1790220 305
1790230 302
1790240 302
1790250 305
1790260 304
1790270 304
1790280 304
1790290 304
1790300 304
1790310 304
1790320 304
1790330 304
1790340 304
1790350 304
1790360 304
1790370 304
1790380 303
1790390 303
1790400 303
1790410 304
1790420 304
1790430 304
1790440 304
1790450 304
1790460 304
1790470 304
1790480 304
1790490 304
1790500 304
1790510 304
1790520 304
1790530 304
1790540 304
1790550 304
1790560 304
1790570 304
1790580 304
1790590 304
1790600 304
1790610 304
1790620 304
1790630 304
1790640 304
1790650 304
1790660 304
1790670 304
1790680 304
1790690 303
1790700 301
1790710 301
1790720 303
1790730 304
1790740 304
1790750 304
1790760 305
1790770 305
1790780 305
1790790 304
1790800 304
1790810 304
1790820 304
1790830 304
1790840 304
1790850 304
1790860 304
1790870 304
1790880 304
1790890 304
1790900 304
1790910 305
1790920 305
1790930 305
1790940 305
1790950 308
1790960 308
1790970 309
1790980 309
1790990 309
1791000 309
1791010 309
1791020 309
1791030 309
1791040 309
1791050 309
1791060 309
1791070 310
1791080 310
1791090 310
1791100 310
1791110 310
1791120 310
1791130 311
1791140 311
1791150 311
1791160 311
1791170 312
1791180 312
1791190 313
1791200 315
1791210 315
1791220 316
1791230 318
1791240 318
1791250 319
1791260 319
1791270 319
1791280 320
1791290 320
1791300 320
1791310 321
1791320 321
1791330 321
1791340 322
1791350 321
1791360 321
1791370 320
1791380 318
1791390 317
1791400 317
1791410 317
1791420 323
1791430 323
1791440 323
1791450 325
1791460 325
1791470 327
1791480 328
1791490 328
1791500 328
1791510 329
1791520 329
1791530 330
1791540 331
1791550 331
1791560 332
1791570 332
1791580 332
1791590 333
1791600 334
1791610 334
1791620 335
1791630 336
1791640 337
1791650 337
1791660 338
1791670 339
1791680 339
1791690 341
1791700 342
1791710 342
1791720 343
1791730 345
1791740 345
1791750 346
1791760 348
1791770 348
1791780 349
1791790 350
1791800 350
1791810 351
1791820 352
1791830 352
1791840 353
1791850 354
1791860 354
1791870 355
1791880 356
1791890 356
1791900 356
1791910 357
1791920 357
1791930 357
1791940 358
1791950 358
1791960 358
1791970 359
1791980 360
1791990 360
1792000 361
1792010 361
1792020 361
1792030 362
1792040 362
1792050 362
1792060 363
1792070 364
1792080 364
1792090 364
1792100 365
1792110 365
1792120 366
1792130 368
1792140 369
1792150 369
1792160 369
1792170 371
1792180 371
1792190 373
1792200 375
1792210 375
1792220 377
1792230 378
1792240 378
1792250 379
1792260 380
1792270 380
1792280 381
1792290 382
1792300 382
1792310 383
1792320 384
1792330 384
1792340 386
1792350 387
1792360 387
1792370 389
1792380 391
1792390 391
1792400 391
1792410 393
1792420 394
1792430 394
1792440 394
1792450 395
1792460 395
1792470 395
1792480 396
1792490 396
1792500 396
1792510 397
1792520 397
1792530 398
1792540 398
1792550 398
1792560 399
1792570 400
1792580 400
1792590 400
1792600 400
1792610 400
1792620 400
1792630 400
1792640 401
1792650 401
1792660 399
1792670 398
1792680 398
1792690 398
1792700 398
1792710 398
1792720 396
1792730 396
1792740 396
1792750 395
1792760 395
1792770 395
1792780 394
1792790 394
1792800 394
1792810 393
1792820 393
1792830 393
1792840 392
1792850 392
1792860 391
1792870 391
1792880 391
1792890 390
1792900 390
1792910 390
1792920 389
1792930 389
1792940 389
1792950 388
1792960 388
1792970 388
1792980 388
1792990 388
1793000 387
1793010 386
1793020 386
1793030 386
1793040 385
1793050 385
1793060 384
1793070 383
1793080 383
1793090 382
1793100 381
