1780000 304
1780010 304
1780020 304
1780030 303
1780040 302
1780050 302
1780060 302
1780070 302
1780080 302
1780090 301
1780100 301
1780110 301
1780120 302
1780130 302
1780140 301
1780150 301
1780160 301
1780170 301
1780180 301
1780190 300
1780200 300
1780210 300
1780220 300
1780230 300
1780240 300
1780250 300
1780260 300
1780270 300
1780280 298
1780290 300
1780300 300
1780310 300
1780320 300
1780330 300
1780340 302
1780350 303
1780360 303
1780370 302
1780380 303
1780390 301
1780400 301
1780410 299
1780420 299
1780430 299
1780440 300
1780450 300
1780460 300
1780470 300
1780480 300
1780490 300
1780500 301
1780510 302
1780520 302
1780530 301
1780540 301
1780550 301
1780560 301
1780570 301
1780580 301
1780590 301
1780600 301
1780610 301
1780620 302
1780630 302
1780640 302
1780650 302
1780660 302
1780670 302
1780680 302
1780690 302
1780700 304
1780710 304
1780720 304
1780730 304
1780740 304
1780750 304
1780760 304
1780770 304
1780780 304
1780790 304
1780800 304
1780810 305
1780820 305
1780830 305
1780840 305
1780850 306
1780860 306
1780870 306
1780880 307
1780890 307
1780900 307
1780910 308
1780920 309
1780930 309
1780940 309
1780950 310
1780960 310
1780970 311
1780980 312
1780990 312
1781000 313
1781010 314
1781020 314
1781030 313
1781040 313
1781050 313
1781060 313
1781070 315
1781080 315
1781090 316
1781100 316
1781110 316
1781120 322
1781130 326
1781140 329
1781150 329
1781160 331
1781170 332
1781180 332
1781190 335
1781200 337
1781210 337
1781220 338
1781230 341
1781240 341
1781250 344
1781260 346
1781270 346
1781280 349
1781290 350
1781300 350
1781310 352
1781320 354
1781330 354
1781340 355
1781350 357
1781360 357
1781370 358
1781380 352
1781390 350
1781400 350
1781410 358
1781420 360
1781430 360
1781440 360
1781450 360
1781460 360
1781470 360
1781480 361
1781490 361
1781500 358
1781510 362
1781520 362
1781530 363
1781540 363
1781550 363
1781560 364
1781570 364
1781580 364
1781590 365
1781600 366
1781610 366
1781620 367
1781630 367
1781640 368
1781650 368
1781660 369
1781670 369
1781680 369
1781690 369
1781700 368
1781710 368
1781720 367
1781730 367
1781740 367
1781750 366
1781760 364
1781770 363
1781780 361
1781790 360
1781800 360
1781810 355
1781820 357
1781830 357
1781840 355
1781850 350
1781860 350
1781870 350
1781880 349
1781890 348
1781900 348
1781910 350
1781920 350
1781930 350
1781940 350
1781950 350
1781960 350
1781970 350
1781980 350
1781990 350
1782000 350
1782010 350
1782020 350
1782030 348
1782040 344
1782050 344
1782060 349
1782070 351
1782080 351
1782090 352
1782100 352
1782110 352
1782120 352
1782130 352
1782140 351
1782150 351
1782160 350
1782170 349
1782180 349
1782190 349
1782200 348
1782210 348
1782220 348
1782230 346
1782240 346
1782250 346
1782260 345
1782270 345
1782280 344
1782290 342
1782300 342
1782310 340
1782320 339
1782330 339
1782340 338
1782350 337
1782360 336
1782370 336
1782380 341
1782390 347
1782400 347
1782410 350
1782420 352
1782430 352
1782440 353
1782450 354
1782460 354
1782470 354
1782480 354
1782490 354
1782500 352
1782510 354
1782520 354
1782530 351
1782540 351
1782550 351
1782560 357
1782570 360
1782580 360
1782590 361
1782600 364
1782610 366
1782620 366
1782630 369
1782640 372
1782650 372
1782660 373
1782670 375
1782680 375
1782690 377
1782700 380
1782710 380
1782720 383
1782730 387
1782740 387
1782750 392
1782760 395
1782770 395
1782780 398
1782790 401
1782800 401
1782810 402
1782820 401
1782830 401
1782840 400
1782850 400
1782860 400
1782870 400
1782880 399
1782890 399
1782900 399
1782910 393
1782920 393
1782930 393
1782940 393
1782950 393
1782960 393
1782970 393
1782980 394
1782990 394
1783000 394
1783010 395
1783020 395
1783030 396
1783040 397
1783050 397
1783060 398
1783070 400
1783080 400
1783090 402
1783100 403
1783110 404
1783120 404
1783130 404
1783140 405
1783150 405
1783160 405
1783170 406
1783180 406
1783190 406
1783200 407
1783210 407
1783220 407
1783230 407
1783240 407
1783250 407
1783260 407
1783270 407
1783280 407
1783290 406
1783300 406
1783310 406
1783320 405
1783330 405
1783340 404
1783350 403
1783360 402
1783370 402
1783380 400
1783390 399
1783400 399
1783410 399
1783420 398
1783430 398
1783440 398
1783450 398
1783460 398
1783470 397
1783480 397
1783490 397
1783500 397
1783510 397
1783520 397
1783530 397
1783540 397
1783550 397
1783560 398
1783570 398
1783580 398
1783590 398
1783600 398
1783610 398
1783620 398
1783630 398
1783640 399
1783650 399
1783660 400
1783670 400
1783680 400
1783690 401
1783700 401
1783710 401
1783720 402
1783730 403
1783740 403
1783750 403
1783760 404
1783770 404
1783780 404
1783790 405
1783800 405
1783810 405
1783820 406
1783830 406
1783840 406
1783850 407
1783860 407
1783870 407
1783880 408
1783890 409
1783900 409
1783910 409
1783920 409
1783930 409
1783940 410
1783950 410
1783960 410
1783970 411
1783980 411
1783990 411
1784000 412
1784010 413
1784020 413
1784030 415
1784040 416
1784050 416
1784060 416
1784070 417
1784080 417
1784090 417
1784100 417
1784110 418
1784120 418
1784130 418
1784140 419
1784150 419
1784160 419
1784170 420
1784180 420
1784190 421
1784200 421
1784210 421
1784220 421
1784230 422
1784240 422
1784250 423
1784260 424
1784270 424
1784280 425
1784290 425
1784300 425
1784310 426
1784320 427
1784330 428
1784340 428
1784350 428
1784360 429
1784370 429
1784380 430
1784390 430
1784400 430
1784410 431
1784420 432
1784430 432
1784440 432
1784450 432
1784460 432
1784470 433
1784480 434
1784490 434
1784500 434
1784510 435
1784520 435
1784530 435
1784540 435
1784550 435
1784560 434
1784570 434
1784580 433
1784590 433
1784600 433
1784610 433
1784620 433
1784630 432
1784640 431
1784650 431
1784660 430
1784670 430
1784680 430
1784690 429
1784700 428
1784710 428
1784720 428
1784730 427
1784740 427
1784750 426
1784760 426
1784770 426
1784780 425
1784790 425
1784800 425
1784810 424
1784820 424
1784830 422
1784840 422
1784850 421
1784860 420
1784870 420
1784880 419
1784890 418
1784900 418
1784910 417
1784920 416
1784930 416
1784940 415
1784950 414
1784960 414
1784970 413
1784980 413
1784990 413
1785000 412
1785010 410
1785020 410
1785030 410
1785040 409
1785050 409
1785060 408
1785070 407
1785080 407
1785090 407
1785100 406
1785110 405
1785120 405
1785130 405
1785140 404
1785150 403
1785160 403
1785170 403
1785180 403
1785190 402
1785200 402
1785210 402
1785220 402
1785230 401
1785240 401
1785250 401
1785260 401
1785270 401
1785280 401
1785290 400
1785300 400
1785310 400
1785320 400
1785330 399
1785340 399
1785350 399
1785360 398
1785370 398
1785380 398
1785390 397
1785400 397
1785410 396
1785420 396
1785430 396
1785440 395
1785450 395
1785460 395
1785470 394
1785480 394
1785490 394
1785500 393
1785510 392
1785520 392
1785530 392
1785540 391
1785550 391
1785560 391
1785570 390
1785580 389
1785590 389
1785600 388
1785610 386
1785620 386
1785630 385
1785640 384
1785650 384
1785660 383
1785670 382
1785680 382
1785690 381
1785700 382
1785710 382
1785720 381
1785730 381
1785740 381
1785750 380
1785760 380
1785770 380
1785780 379
1785790 378
1785800 377
1785810 377
1785820 377
1785830 376
1785840 376
1785850 375
1785860 375
1785870 375
1785880 375
1785890 376
1785900 376
1785910 375
1785920 375
1785930 375
1785940 374
1785950 374
1785960 374
1785970 373
1785980 372
1785990 372
1786000 372
1786010 371
1786020 371
1786030 370
1786040 368
1786050 366
1786060 366
1786070 365
1786080 364
1786090 364
1786100 364
1786110 363
1786120 363
1786130 362
1786140 361
1786150 361
1786160 361
1786170 361
1786180 361
1786190 360
1786200 357
1786210 357
1786220 354
1786230 354
1786240 354
1786250 355
1786260 356
1786270 356
1786280 356
1786290 356
1786300 356
1786310 356
1786320 357
1786330 358
1786340 358
1786350 359
1786360 360
1786370 360
1786380 361
1786390 362
1786400 362
1786410 363
1786420 363
1786430 363
1786440 361
1786450 361
1786460 361
1786470 360
1786480 359
1786490 359
1786500 358
1786510 357
1786520 357
1786530 355
1786540 353
1786550 352
1786560 352
1786570 350
1786580 350
1786590 350
1786600 348
1786610 348
1786620 348
1786630 349
1786640 349
1786650 349
1786660 350
1786670 352
1786680 352
1786690 354
1786700 356
1786710 356
1786720 359
1786730 361
1786740 361
1786750 362
1786760 364
1786770 364
1786780 365
1786790 367
1786800 368
1786810 368
1786820 370
1786830 371
1786840 371
1786850 372
1786860 373
1786870 373
1786880 373
1786890 373
1786900 373
1786910 373
1786920 373
1786930 373
1786940 373
1786950 373
1786960 373
1786970 373
1786980 373
1786990 373
1787000 373
1787010 373
1787020 373
1787030 373
1787040 372
1787050 372
1787060 372
1787070 372
1787080 372
1787090 372
1787100 372
1787110 372
1787120 372
1787130 371
1787140 371
1787150 371
1787160 371
1787170 371
1787180 371
1787190 371
1787200 371
1787210 371
1787220 371
1787230 370
1787240 370
1787250 370
1787260 370
1787270 370
1787280 370
1787290 370
1787300 369
1787310 369
1787320 369
1787330 369
1787340 369
1787350 368
1787360 368
1787370 368
1787380 367
1787390 367
1787400 367
1787410 366
1787420 366
1787430 366
1787440 365
1787450 364
1787460 364
1787470 364
1787480 363
1787490 363
1787500 363
1787510 363
1787520 362
1787530 362
1787540 362
1787550 361
1787560 361
1787570 361
1787580 360
1787590 360
1787600 360
1787610 360
1787620 360
1787630 359
1787640 359
1787650 359
1787660 359
1787670 358
1787680 358
1787690 357
1787700 357
1787710 357
1787720 355
1787730 355
1787740 355
1787750 356
1787760 356
1787770 355
1787780 355
1787790 353
1787800 352
1787810 352
1787820 352
1787830 352
1787840 352
1787850 351
1787860 350
1787870 350
1787880 350
1787890 351
1787900 351
1787910 350
1787920 348
1787930 348
1787940 348
1787950 347
1787960 347
1787970 349
1787980 349
1787990 349
1788000 348
1788010 347
1788020 343
1788030 343
1788040 343
1788050 345
1788060 345
1788070 345
1788080 343
1788090 343
1788100 340
1788110 339
1788120 339
1788130 340
1788140 340
1788150 340
1788160 342
1788170 344
1788180 344
1788190 344
1788200 344
1788210 344
1788220 343
1788230 343
1788240 343
1788250 343
1788260 343
1788270 343
1788280 343
1788290 343
1788300 343
1788310 343
1788320 343
1788330 342
1788340 342
1788350 342
1788360 342
1788370 342
1788380 342
1788390 341
1788400 341
1788410 341
1788420 340
1788430 340
1788440 340
1788450 339
1788460 339
1788470 339
1788480 339
1788490 339
1788500 339
1788510 338
1788520 338
1788530 338
1788540 337
1788550 337
1788560 337
1788570 336
1788580 336
1788590 336
1788600 335
1788610 334
1788620 334
1788630 334
1788640 333
1788650 333
1788660 332
1788670 329
1788680 329
1788690 330
1788700 331
1788710 331
1788720 330
1788730 329
1788740 329
1788750 329
1788760 328
1788770 327
1788780 327
1788790 325
1788800 324
1788810 324
1788820 323
1788830 323
1788840 323
1788850 321
1788860 320
1788870 320
1788880 319
1788890 317
1788900 317
1788910 316
1788920 315
1788930 315
1788940 314
1788950 313
1788960 313
1788970 312
1788980 311
1788990 311
1789000 310
1789010 310
1789020 310
1789030 310
1789040 309
1789050 309
1789060 309
1789070 309
1789080 309
1789090 309
1789100 309
1789110 309
1789120 309
1789130 309
1789140 309
1789150 309
1789160 309
1789170 309
1789180 309
1789190 309
1789200 308
1789210 308
1789220 308
1789230 308
1789240 308
1789250 308
1789260 308
1789270 308
1789280 308
1789290 308
1789300 308
1789310 308
1789320 308
1789330 307
1789340 307
1789350 307
1789360 307
1789370 307
1789380 307
1789390 307
1789400 307
1789410 307
1789420 307
1789430 307
1789440 306
1789450 306
1789460 306
1789470 306
1789480 306
1789490 305
1789500 305
1789510 305
1789520 305
1789530 305
1789540 305
1789550 305
1789560 305
1789570 305
1789580 305
1789590 305
1789600 305
1789610 305
1789620 305
1789630 304
1789640 304
1789650 304
1789660 304
1789670 303
1789680 303
1789690 304
1789700 304
1789710 304
1789720 304
1789730 304
1789740 304
1789750 304
1789760 304
1789770 304
1789780 304
1789790 304
1789800 304
1789810 304
1789820 304
1789830 304
1789840 304
1789850 304
1789860 304
1789870 304
1789880 304
1789890 303
1789900 303
1789910 304
1789920 304
1789930 304
1789940 303
1789950 303
1789960 303
1789970 304
1789980 303
1789990 303
1790000 303
1790010 304
1790020 304
1790030 304
1790040 304
1790050 304
1790060 304
1790070 304
1790080 304
1790090 304
1790100 304
1790110 303
1790120 303
1790130 303
1790140 303
1790150 303
1790160 303
1790170 304
1790180 304
1790190 304
1790200 304
1790210 304
1790220 303
1790230 303
1790240 303
1790250 303
1790260 303
1790270 303
1790280 303
1790290 303
1790300 303
1790310 303
1790320 303
1790330 303
1790340 303
1790350 303
1790360 303
1790370 303
1790380 303
1790390 303
1790400 303
1790410 303
1790420 303
1790430 303
1790440 303
1790450 304
1790460 304
1790470 302
1790480 303
1790490 303
1790500 303
1790510 303
1790520 303
1790530 303
1790540 303
1790550 303
1790560 303
1790570 303
1790580 303
1790590 303
1790600 303
1790610 303
1790620 303
1790630 303
1790640 303
1790650 303
1790660 303
1790670 303
1790680 303
1790690 303
1790700 303
1790710 303
1790720 304
1790730 304
1790740 304
1790750 304
1790760 303
1790770 301
1790780 301
1790790 303
1790800 306
1790810 306
1790820 304
1790830 304
1790840 304
1790850 305
1790860 306
1790870 306
1790880 306
1790890 306
1790900 306
1790910 306
1790920 306
1790930 306
1790940 306
1790950 306
1790960 306
1790970 306
1790980 306
1790990 307
1791000 307
1791010 307
1791020 307
1791030 307
1791040 308
1791050 308
1791060 308
1791070 309
1791080 309
1791090 309
1791100 310
1791110 310
1791120 310
1791130 311
1791140 311
1791150 311
1791160 311
1791170 310
1791180 310
1791190 314
1791200 315
1791210 315
1791220 315
1791230 316
1791240 316
1791250 316
1791260 316
1791270 317
1791280 317
1791290 317
1791300 318
1791310 318
1791320 318
1791330 319
1791340 319
1791350 320
1791360 320
1791370 320
1791380 321
1791390 321
1791400 321
1791410 320
1791420 320
1791430 320
1791440 320
1791450 320
1791460 320
1791470 320
1791480 322
1791490 324
1791500 324
1791510 323
1791520 323
1791530 323
1791540 324
1791550 325
1791560 325
1791570 326
1791580 327
1791590 327
1791600 328
1791610 329
1791620 329
1791630 330
1791640 330
1791650 330
1791660 331
1791670 332
1791680 332
1791690 332
1791700 332
1791710 333
1791720 333
1791730 336
1791740 337
1791750 337
1791760 338
1791770 339
1791780 339
1791790 340
1791800 341
1791810 341
1791820 342
1791830 343
1791840 343
1791850 345
1791860 346
1791870 346
1791880 348
1791890 349
1791900 349
1791910 350
1791920 352
1791930 352
1791940 353
1791950 355
1791960 356
1791970 356
1791980 357
1791990 358
1792000 358
1792010 360
1792020 362
1792030 362
1792040 363
1792050 364
1792060 364
1792070 366
1792080 367
1792090 367
1792100 368
1792110 369
1792120 369
1792130 370
1792140 371
1792150 371
1792160 371
1792170 373
1792180 373
1792190 374
1792200 375
1792210 376
1792220 376
1792230 376
1792240 376
1792250 376
1792260 377
1792270 379
1792280 379
1792290 380
1792300 380
1792310 380
1792320 381
1792330 381
1792340 381
1792350 381
1792360 382
1792370 382
1792380 380
1792390 381
1792400 381
1792410 382
1792420 382
1792430 382
1792440 383
1792450 383
1792460 384
1792470 384
1792480 384
1792490 384
1792500 384
1792510 383
1792520 383
1792530 383
1792540 383
1792550 384
1792560 384
1792570 384
1792580 385
1792590 385
1792600 386
1792610 387
1792620 387
1792630 389
1792640 390
1792650 391
1792660 392
1792670 394
1792680 394
1792690 395
1792700 395
1792710 396
1792720 396
1792730 397
1792740 398
1792750 398
1792760 398
1792770 398
1792780 398
1792790 399
1792800 399
1792810 399
1792820 399
1792830 399
1792840 399
1792850 398
1792860 398
1792870 398
1792880 398
1792890 398
1792900 398
1792910 397
1792920 397
1792930 397
1792940 397
1792950 396
1792960 396
1792970 396
1792980 395
1792990 394
1793000 394
1793010 394
1793020 393
1793030 393
1793040 392
1793050 392
1793060 392
1793070 391
1793080 390
1793090 390
1793100 389
