1780000 324
1780010 324
1780020 324
1780030 323
1780040 323
1780050 323
1780060 323
1780070 323
1780080 323
1780090 319
1780100 319
1780110 318
1780120 316
1780130 316
1780140 315
1780150 314
1780160 314
1780170 313
1780180 312
1780190 312
1780200 310
1780210 309
1780220 309
1780230 308
1780240 307
1780250 306
1780260 306
1780270 305
1780280 305
1780290 305
1780300 304
1780310 303
1780320 303
1780330 302
1780340 302
1780350 302
1780360 302
1780370 302
1780380 302
1780390 302
1780400 302
1780410 302
1780420 302
1780430 301
1780440 301
1780450 301
1780460 301
1780470 301
1780480 302
1780490 305
1780500 305
1780510 305
1780520 305
1780530 303
1780540 303
1780550 301
1780560 300
1780570 300
1780580 301
1780590 301
1780600 301
1780610 301
1780620 302
1780630 302
1780640 302
1780650 302
1780660 302
1780670 302
1780680 302
1780690 302
1780700 302
1780710 302
1780720 302
1780730 303
1780740 303
1780750 303
1780760 303
1780770 304
1780780 304
1780790 304
1780800 303
1780810 304
1780820 304
1780830 304
1780840 304
1780850 304
1780860 304
1780870 305
1780880 305
1780890 305
1780900 305
1780910 305
1780920 305
1780930 305
1780940 305
1780950 305
1780960 305
1780970 305
1780980 306
1780990 306
1781000 306
1781010 306
1781020 306
1781030 306
1781040 306
1781050 307
1781060 308
1781070 307
1781080 308
1781090 308
1781100 308
1781110 308
1781120 308
1781130 308
1781140 309
1781150 309
1781160 309
1781170 310
1781180 310
1781190 310
1781200 311
1781210 312
1781220 312
1781230 313
1781240 313
1781250 314
1781260 314
1781270 315
1781280 315
1781290 315
1781300 316
1781310 317
1781320 317
1781330 318
1781340 318
1781350 318
1781360 319
1781370 319
1781380 319
1781390 320
1781400 321
1781410 321
1781420 321
1781430 322
1781440 322
1781450 323
1781460 323
1781470 324
1781480 324
1781490 324
1781500 324
1781510 324
1781520 325
1781530 326
1781540 326
1781550 326
1781560 326
1781570 326
1781580 326
1781590 325
1781600 325
1781610 324
1781620 323
1781630 323
1781640 323
1781650 322
1781660 322
1781670 322
1781680 322
1781690 322
1781700 322
1781710 322
1781720 322
1781730 322
1781740 323
1781750 324
1781760 324
1781770 324
1781780 325
1781790 325
1781800 326
1781810 327
1781820 327
1781830 328
1781840 328
1781850 328
1781860 329
1781870 330
1781880 330
1781890 331
1781900 332
1781910 332
1781920 333
1781930 334
1781940 334
1781950 335
1781960 336
1781970 337
1781980 337
1781990 338
1782000 340
1782010 340
1782020 341
1782030 341
1782040 341
1782050 340
1782060 339
1782070 339
1782080 336
1782090 333
1782100 333
1782110 332
1782120 332
1782130 332
1782140 334
1782150 338
1782160 338
1782170 342
1782180 344
1782190 344
1782200 344
1782210 349
1782220 347
1782230 347
1782240 345
1782250 344
1782260 344
1782270 341
1782280 340
1782290 340
1782300 340
1782310 340
1782320 340
1782330 340
1782340 340
1782350 340
1782360 341
1782370 341
1782380 341
1782390 342
1782400 343
1782410 343
1782420 343
1782430 343
1782440 343
1782450 342
1782460 342
1782470 341
1782480 341
1782490 341
1782500 340
1782510 340
1782520 341
1782530 340
1782540 340
1782550 339
1782560 338
1782570 338
1782580 339
1782590 338
1782600 338
1782610 339
1782620 339
1782630 339
1782640 342
1782650 347
1782660 347
1782670 352
1782680 356
1782690 356
1782700 358
1782710 360
1782720 360
1782730 360
1782740 360
1782750 361
1782760 361
1782770 361
1782780 361
1782790 361
1782800 362
1782810 362
1782820 362
1782830 362
1782840 362
1782850 362
1782860 362
1782870 362
1782880 362
1782890 362
1782900 361
1782910 361
1782920 359
1782930 360
1782940 360
1782950 359
1782960 359
1782970 360
1782980 360
1782990 360
1783000 361
1783010 361
1783020 360
1783030 362
1783040 362
1783050 365
1783060 365
1783070 365
1783080 366
1783090 366
1783100 366
1783110 368
1783120 369
1783130 369
1783140 370
1783150 373
1783160 373
1783170 376
1783180 383
1783190 383
1783200 385
1783210 386
1783220 387
1783230 387
1783240 388
1783250 389
1783260 389
1783270 391
1783280 393
1783290 393
1783300 395
1783310 397
1783320 397
1783330 398
1783340 396
1783350 396
1783360 399
1783370 402
1783380 402
1783390 404
1783400 407
1783410 407
1783420 410
1783430 413
1783440 413
1783450 416
1783460 418
1783470 420
1783480 420
1783490 421
1783500 423
1783510 423
1783520 424
1783530 425
1783540 425
1783550 426
1783560 427
1783570 427
1783580 428
1783590 429
1783600 429
1783610 431
1783620 433
1783630 433
1783640 433
1783650 434
1783660 434
1783670 437
1783680 439
1783690 439
1783700 439
1783710 440
1783720 441
1783730 441
1783740 442
1783750 443
1783760 443
1783770 444
1783780 445
1783790 445
1783800 446
1783810 446
1783820 446
1783830 447
1783840 447
1783850 447
1783860 448
1783870 449
1783880 449
1783890 449
1783900 450
1783910 450
1783920 450
1783930 451
1783940 451
1783950 451
1783960 451
1783970 451
1783980 451
1783990 451
1784000 450
1784010 450
1784020 449
1784030 448
1784040 448
1784050 448
1784060 447
1784070 447
1784080 447
1784090 447
1784100 447
1784110 447
1784120 444
1784130 444
1784140 444
1784150 443
1784160 443
1784170 442
1784180 441
1784190 441
1784200 441
1784210 440
1784220 439
1784230 439
1784240 438
1784250 438
1784260 438
1784270 437
1784280 436
1784290 436
1784300 435
1784310 435
1784320 435
1784330 434
1784340 433
1784350 433
1784360 433
1784370 432
1784380 432
1784390 431
1784400 430
1784410 430
1784420 430
1784430 429
1784440 428
1784450 428
1784460 425
1784470 423
1784480 423
1784490 422
1784500 421
1784510 421
1784520 420
1784530 418
1784540 418
1784550 416
1784560 414
1784570 414
1784580 416
1784590 416
1784600 416
1784610 417
1784620 411
1784630 411
1784640 416
1784650 412
1784660 412
1784670 416
1784680 411
1784690 415
1784700 415
1784710 413
1784720 415
1784730 415
1784740 419
1784750 419
1784760 419
1784770 420
1784780 420
1784790 420
1784800 420
1784810 420
1784820 420
1784830 420
1784840 420
1784850 420
1784860 420
1784870 420
1784880 420
1784890 419
1784900 419
1784910 419
1784920 419
1784930 419
1784940 418
1784950 418
1784960 418
1784970 418
1784980 418
1784990 416
1785000 416
1785010 416
1785020 414
1785030 414
1785040 414
1785050 413
1785060 412
1785070 412
1785080 411
1785090 410
1785100 410
1785110 407
1785120 406
1785130 406
1785140 406
1785150 405
1785160 405
1785170 404
1785180 403
1785190 402
1785200 402
1785210 402
1785220 401
1785230 401
1785240 401
1785250 400
1785260 400
1785270 399
1785280 399
1785290 399
1785300 398
1785310 397
1785320 397
1785330 396
1785340 396
1785350 396
1785360 396
1785370 395
1785380 395
1785390 395
1785400 394
1785410 394
1785420 393
1785430 393
1785440 393
1785450 393
1785460 392
1785470 389
1785480 389
1785490 387
1785500 384
1785510 384
1785520 384
1785530 385
1785540 385
1785550 379
1785560 377
1785570 384
1785580 383
1785590 378
1785600 378
1785610 378
1785620 377
1785630 377
1785640 374
1785650 371
1785660 371
1785670 369
1785680 370
1785690 371
1785700 371
1785710 372
1785720 373
1785730 373
1785740 373
1785750 374
1785760 374
1785770 374
1785780 374
1785790 374
1785800 375
1785810 376
1785820 376
1785830 378
1785840 379
1785850 379
1785860 380
1785870 381
1785880 381
1785890 382
1785900 384
1785910 384
1785920 383
1785930 384
1785940 383
1785950 383
1785960 383
1785970 384
1785980 384
1785990 384
1786000 383
1786010 383
1786020 382
1786030 381
1786040 381
1786050 381
1786060 380
1786070 380
1786080 379
1786090 377
1786100 377
1786110 375
1786120 373
1786130 373
1786140 372
1786150 370
1786160 369
1786170 369
1786180 368
1786190 367
1786200 367
1786210 366
1786220 365
1786230 365
1786240 364
1786250 363
1786260 363
1786270 363
1786280 362
1786290 362
1786300 362
1786310 362
1786320 362
1786330 362
1786340 363
1786350 363
1786360 363
1786370 364
1786380 364
1786390 364
1786400 365
1786410 365
1786420 365
1786430 366
1786440 366
1786450 366
1786460 367
1786470 367
1786480 367
1786490 369
1786500 372
1786510 372
1786520 373
1786530 375
1786540 375
1786550 376
1786560 377
1786570 377
1786580 379
1786590 380
1786600 380
1786610 381
1786620 381
1786630 381
1786640 382
1786650 382
1786660 382
1786670 382
1786680 382
1786690 382
1786700 382
1786710 382
1786720 381
1786730 381
1786740 381
1786750 381
1786760 381
1786770 381
1786780 380
1786790 380
1786800 380
1786810 380
1786820 380
1786830 379
1786840 379
1786850 379
1786860 378
1786870 378
1786880 378
1786890 378
1786900 377
1786910 377
1786920 377
1786930 376
1786940 376
1786950 376
1786960 375
1786970 375
1786980 375
1786990 375
1787000 374
1787010 374
1787020 374
1787030 374
1787040 374
1787050 373
1787060 373
1787070 373
1787080 373
1787090 372
1787100 372
1787110 372
1787120 372
1787130 372
1787140 372
1787150 372
1787160 372
1787170 372
1787180 372
1787190 371
1787200 371
1787210 371
1787220 371
1787230 371
1787240 371
1787250 371
1787260 371
1787270 372
1787280 371
1787290 371
1787300 371
1787310 371
1787320 371
1787330 371
1787340 371
1787350 371
1787360 371
1787370 371
1787380 371
1787390 371
1787400 370
1787410 370
1787420 370
1787430 370
1787440 370
1787450 370
1787460 370
1787470 369
1787480 369
1787490 369
1787500 369
1787510 369
1787520 368
1787530 367
1787540 367
1787550 367
1787560 366
1787570 366
1787580 366
1787590 365
1787600 365
1787610 364
1787620 363
1787630 363
1787640 363
1787650 362
1787660 361
1787670 361
1787680 360
1787690 360
1787700 360
1787710 359
1787720 359
1787730 359
1787740 358
1787750 357
1787760 357
1787770 356
1787780 355
1787790 355
1787800 354
1787810 353
1787820 353
1787830 352
1787840 351
1787850 351
1787860 350
1787870 349
1787880 349
1787890 348
1787900 347
1787910 346
1787920 346
1787930 345
1787940 344
1787950 344
1787960 343
1787970 341
1787980 341
1787990 339
1788000 339
1788010 339
1788020 338
1788030 337
1788040 337
1788050 337
1788060 337
1788070 337
1788080 337
1788090 339
1788100 339
1788110 340
1788120 341
1788130 341
1788140 341
1788150 342
1788160 344
1788170 344
1788180 344
1788190 344
1788200 344
1788210 344
1788220 344
1788230 344
1788240 344
1788250 344
1788260 344
1788270 343
1788280 343
1788290 343
1788300 342
1788310 341
1788320 341
1788330 341
1788340 340
1788350 340
1788360 339
1788370 339
1788380 339
1788390 338
1788400 338
1788410 337
1788420 337
1788430 336
1788440 336
1788450 336
1788460 335
1788470 333
1788480 333
1788490 334
1788500 332
1788510 332
1788520 331
1788530 331
1788540 331
1788550 330
1788560 329
1788570 329
1788580 328
1788590 327
1788600 327
1788610 326
1788620 325
1788630 324
1788640 324
1788650 323
1788660 322
1788670 322
1788680 321
1788690 319
1788700 319
1788710 318
1788720 317
1788730 317
1788740 316
1788750 315
1788760 315
1788770 315
1788780 314
1788790 314
1788800 313
1788810 313
1788820 313
1788830 312
1788840 312
1788850 312
1788860 312
1788870 312
1788880 312
1788890 312
1788900 312
1788910 311
1788920 311
1788930 311
1788940 311
1788950 311
1788960 311
1788970 312
1788980 312
1788990 312
1789000 311
1789010 311
1789020 310
1789030 310
1789040 310
1789050 310
1789060 309
1789070 309
1789080 309
1789090 310
1789100 310
1789110 309
1789120 309
1789130 309
1789140 309
1789150 309
1789160 309
1789170 309
1789180 309
1789190 309
1789200 309
1789210 309
1789220 309
1789230 309
1789240 309
1789250 309
1789260 309
1789270 309
1789280 308
1789290 308
1789300 308
1789310 308
1789320 308
1789330 308
1789340 308
1789350 308
1789360 308
1789370 308
1789380 308
1789390 308
1789400 308
1789410 308
1789420 308
1789430 308
1789440 308
1789450 308
1789460 308
1789470 308
1789480 308
1789490 308
1789500 307
1789510 307
1789520 307
1789530 307
1789540 307
1789550 307
1789560 307
1789570 307
1789580 307
1789590 307
1789600 307
1789610 307
1789620 307
1789630 307
1789640 307
1789650 307
1789660 307
1789670 307
1789680 307
1789690 307
1789700 307
1789710 306
1789720 306
1789730 306
1789740 306
1789750 306
1789760 306
1789770 306
1789780 306
1789790 306
1789800 306
1789810 306
1789820 306
1789830 306
1789840 306
1789850 306
1789860 305
1789870 305
1789880 305
1789890 305
1789900 305
1789910 305
1789920 305
1789930 305
1789940 305
1789950 305
1789960 305
1789970 305
1789980 305
1789990 304
1790000 305
1790010 305
1790020 305
1790030 305
1790040 305
1790050 304
1790060 304
1790070 304
1790080 305
1790090 305
1790100 305
1790110 305
1790120 305
1790130 305
1790140 305
1790150 305
1790160 306
1790170 306
1790180 306
1790190 306
1790200 306
1790210 305
1790220 305
1790230 305
1790240 305
1790250 305
1790260 305
1790270 305
1790280 305
1790290 305
1790300 305
1790310 304
1790320 304
1790330 304
1790340 304
1790350 304
1790360 304
1790370 304
1790380 304
1790390 304
1790400 304
1790410 304
1790420 304
1790430 305
1790440 305
1790450 305
1790460 305
1790470 305
1790480 305
1790490 305
1790500 305
1790510 305
1790520 305
1790530 305
1790540 305
1790550 305
1790560 305
1790570 305
1790580 305
1790590 305
1790600 305
1790610 305
1790620 305
1790630 305
1790640 305
1790650 305
1790660 302
1790670 302
1790680 303
1790690 304
1790700 304
1790710 304
1790720 304
1790730 304
1790740 304
1790750 304
1790760 304
1790770 304
1790780 304
1790790 304
1790800 305
1790810 305
1790820 305
1790830 305
1790840 305
1790850 305
1790860 305
1790870 306
1790880 306
1790890 306
1790900 306
1790910 306
1790920 306
1790930 307
1790940 306
1790950 306
1790960 309
1790970 310
1790980 310
1790990 310
1791000 310
1791010 310
1791020 310
1791030 308
1791040 308
1791050 308
1791060 308
1791070 308
1791080 309
1791090 311
1791100 314
1791110 314
1791120 315
1791130 316
1791140 316
1791150 317
1791160 318
1791170 318
1791180 319
1791190 320
1791200 320
1791210 321
1791220 321
1791230 321
1791240 322
1791250 323
1791260 323
1791270 323
1791280 324
1791290 324
1791300 324
1791310 324
1791320 324
1791330 325
1791340 325
1791350 326
1791360 326
1791370 327
1791380 327
1791390 327
1791400 328
1791410 328
1791420 328
1791430 329
1791440 328
1791450 328
1791460 325
1791470 325
1791480 325
1791490 326
1791500 327
1791510 327
1791520 332
1791530 336
1791540 336
1791550 337
1791560 337
1791570 337
1791580 338
1791590 339
1791600 340
1791610 340
1791620 341
1791630 342
1791640 342
1791650 342
1791660 340
1791670 340
1791680 338
1791690 340
1791700 340
1791710 341
1791720 342
1791730 342
1791740 344
1791750 346
1791760 346
1791770 347
1791780 349
1791790 349
1791800 350
1791810 352
1791820 352
1791830 353
1791840 355
1791850 356
1791860 356
1791870 358
1791880 359
1791890 359
1791900 361
1791910 365
1791920 365
1791930 367
1791940 368
1791950 368
1791960 371
1791970 372
1791980 372
1791990 373
1792000 374
1792010 375
1792020 376
1792030 377
1792040 377
1792050 378
1792060 380
1792070 380
1792080 381
1792090 382
1792100 383
1792110 383
1792120 384
1792130 385
1792140 385
1792150 387
1792160 389
1792170 389
1792180 389
1792190 390
1792200 390
1792210 392
1792220 393
1792230 393
1792240 394
1792250 395
1792260 395
1792270 396
1792280 396
1792290 396
1792300 397
1792310 397
1792320 397
1792330 398
1792340 398
1792350 399
1792360 399
1792370 399
1792380 399
1792390 399
1792400 400
1792410 400
1792420 400
1792430 400
1792440 400
1792450 400
1792460 400
1792470 400
1792480 400
1792490 400
1792500 400
1792510 400
1792520 399
1792530 398
1792540 398
1792550 398
1792560 398
1792570 398
1792580 397
1792590 396
1792600 396
1792610 396
1792620 395
1792630 394
1792640 394
1792650 393
1792660 392
1792670 392
1792680 391
1792690 390
1792700 390
1792710 389
1792720 388
1792730 388
1792740 387
1792750 386
1792760 386
1792770 385
1792780 385
1792790 385
1792800 383
1792810 382
1792820 382
1792830 381
1792840 379
1792850 378
1792860 378
1792870 377
1792880 376
1792890 376
1792900 375
1792910 374
1792920 374
1792930 373
1792940 372
1792950 372
1792960 371
1792970 370
1792980 370
1792990 369
1793000 367
1793010 367
1793020 364
1793030 362
1793040 362
1793050 360
1793060 357
1793070 357
1793080 357
1793090 359
1793100 361
1793110 361
