1780000 318
1780010 318
1780020 318
1780030 318
1780040 317
1780050 317
1780060 316
1780070 316
1780080 316
1780090 315
1780100 315
1780110 314
1780120 314
1780130 314
1780140 313
1780150 313
1780160 313
1780170 312
1780180 312
1780190 312
1780200 311
1780210 311
1780220 311
1780230 310
1780240 310
1780250 309
1780260 308
1780270 308
1780280 308
1780290 307
1780300 307
1780310 307
1780320 306
1780330 306
1780340 306
1780350 305
1780360 305
1780370 305
1780380 304
1780390 304
1780400 304
1780410 304
1780420 303
1780430 303
1780440 303
1780450 303
1780460 303
1780470 303
1780480 303
1780490 303
1780500 303
1780510 303
1780520 303
1780530 303
1780540 302
1780550 302
1780560 304
1780570 307
1780580 307
1780590 307
1780600 307
1780610 305
1780620 305
1780630 303
1780640 302
1780650 302
1780660 302
1780670 302
1780680 302
1780690 300
1780700 302
1780710 302
1780720 302
1780730 302
1780740 302
1780750 302
1780760 302
1780770 302
1780780 302
1780790 302
1780800 302
1780810 302
1780820 303
1780830 303
1780840 303
1780850 303
1780860 303
1780870 303
1780880 303
1780890 303
1780900 303
1780910 304
1780920 304
1780930 304
1780940 305
1780950 304
1780960 304
1780970 305
1780980 305
1780990 305
1781000 305
1781010 305
1781020 305
1781030 305
1781040 305
1781050 305
1781060 306
1781070 306
1781080 306
1781090 307
1781100 307
1781110 308
1781120 308
1781130 309
1781140 310
1781150 310
1781160 311
1781170 312
1781180 312
1781190 313
1781200 314
1781210 314
1781220 315
1781230 318
1781240 318
1781250 319
1781260 319
1781270 319
1781280 320
1781290 321
1781300 321
1781310 322
1781320 323
1781330 325
1781340 325
1781350 327
1781360 329
1781370 329
1781380 331
1781390 332
1781400 332
1781410 333
1781420 334
1781430 334
1781440 336
1781450 337
1781460 337
1781470 339
1781480 340
1781490 340
1781500 343
1781510 344
1781520 344
1781530 344
1781540 345
1781550 345
1781560 345
1781570 346
1781580 346
1781590 346
1781600 346
1781610 346
1781620 346
1781630 346
1781640 347
1781650 347
1781660 348
1781670 349
1781680 349
1781690 350
1781700 351
1781710 351
1781720 351
1781730 352
1781740 352
1781750 352
1781760 353
1781770 353
1781780 353
1781790 353
1781800 353
1781810 355
1781820 357
1781830 358
1781840 358
1781850 359
1781860 361
1781870 361
1781880 361
1781890 362
1781900 362
1781910 363
1781920 364
1781930 364
1781940 365
1781950 365
1781960 365
1781970 366
1781980 368
1781990 368
1782000 379
1782010 384
1782020 384
1782030 388
1782040 390
1782050 390
1782060 392
1782070 395
1782080 397
1782090 397
1782100 398
1782110 398
1782120 398
1782130 396
1782140 397
1782150 397
1782160 397
1782170 397
1782180 397
1782190 396
1782200 396
1782210 396
1782220 395
1782230 395
1782240 395
1782250 394
1782260 394
1782270 394
1782280 393
1782290 393
1782300 393
1782310 392
1782320 390
1782330 388
1782340 388
1782350 388
1782360 386
1782370 386
1782380 384
1782390 383
1782400 383
1782410 382
1782420 381
1782430 381
1782440 379
1782450 377
1782460 377
1782470 377
1782480 376
1782490 376
1782500 375
1782510 375
1782520 375
1782530 372
1782540 370
1782550 370
1782560 369
1782570 368
1782580 367
1782590 367
1782600 367
1782610 366
1782620 366
1782630 366
1782640 365
1782650 365
1782660 365
1782670 364
1782680 364
1782690 363
1782700 362
1782710 362
1782720 363
1782730 365
1782740 365
1782750 368
1782760 371
1782770 371
1782780 375
1782790 379
1782800 379
1782810 380
1782820 380
1782830 385
1782840 385
1782850 387
1782860 389
1782870 389
1782880 391
1782890 393
1782900 393
1782910 395
1782920 397
1782930 397
1782940 400
1782950 404
1782960 404
1782970 407
1782980 410
1782990 410
1783000 412
1783010 416
1783020 416
1783030 418
1783040 419
1783050 419
1783060 421
1783070 422
1783080 422
1783090 422
1783100 422
1783110 421
1783120 421
1783130 419
1783140 419
1783150 419
1783160 421
1783170 421
1783180 421
1783190 420
1783200 418
1783210 418
1783220 418
1783230 418
1783240 418
1783250 418
1783260 418
1783270 418
1783280 417
1783290 417
1783300 417
1783310 417
1783320 418
1783330 418
1783340 418
1783350 419
1783360 420
1783370 420
1783380 424
1783390 426
1783400 426
1783410 428
1783420 430
1783430 430
1783440 432
1783450 434
1783460 434
1783470 437
1783480 439
1783490 439
1783500 440
1783510 441
1783520 441
1783530 443
1783540 444
1783550 444
1783560 445
1783570 447
1783580 447
1783590 447
1783600 448
1783610 448
1783620 448
1783630 449
1783640 449
1783650 449
1783660 449
1783670 450
1783680 450
1783690 450
1783700 451
1783710 451
1783720 452
1783730 453
1783740 453
1783750 454
1783760 456
1783770 456
1783780 456
1783790 456
1783800 456
1783810 456
1783820 456
1783830 455
1783840 455
1783850 455
1783860 454
1783870 454
1783880 454
1783890 454
1783900 454
1783910 454
1783920 454
1783930 454
1783940 454
1783950 453
1783960 453
1783970 453
1783980 454
1783990 454
1784000 454
1784010 454
1784020 454
1784030 454
1784040 454
1784050 454
1784060 452
1784070 452
1784080 452
1784090 452
1784100 452
1784110 452
1784120 452
1784130 452
1784140 450
1784150 450
1784160 451
1784170 449
1784180 449
1784190 449
1784200 451
1784210 451
1784220 448
1784230 446
1784240 446
1784250 446
1784260 446
1784270 446
1784280 445
1784290 445
1784300 445
1784310 445
1784320 445
1784330 445
1784340 445
1784350 444
1784360 444
1784370 444
1784380 444
1784390 444
1784400 444
1784410 444
1784420 443
1784430 443
1784440 443
1784450 442
1784460 442
1784470 441
1784480 440
1784490 440
1784500 439
1784510 438
1784520 438
1784530 437
1784540 436
1784550 435
1784560 435
1784570 434
1784580 433
1784590 433
1784600 432
1784610 431
1784620 431
1784630 430
1784640 429
1784650 429
1784660 428
1784670 427
1784680 427
1784690 426
1784700 425
1784710 425
1784720 424
1784730 423
1784740 423
1784750 422
1784760 421
1784770 421
1784780 420
1784790 419
1784800 417
1784810 417
1784820 416
1784830 415
1784840 415
1784850 415
1784860 414
1784870 414
1784880 413
1784890 412
1784900 412
1784910 411
1784920 410
1784930 410
1784940 408
1784950 406
1784960 406
1784970 402
1784980 399
1784990 399
1785000 396
1785010 395
1785020 395
1785030 394
1785040 396
1785050 397
1785060 397
1785070 399
1785080 402
1785090 402
1785100 402
1785110 403
1785120 403
1785130 404
1785140 404
1785150 404
1785160 404
1785170 405
1785180 405
1785190 405
1785200 405
1785210 405
1785220 405
1785230 405
1785240 405
1785250 407
1785260 407
1785270 407
1785280 407
1785290 408
1785300 408
1785310 408
1785320 408
1785330 408
1785340 408
1785350 408
1785360 408
1785370 408
1785380 408
1785390 408
1785400 408
1785410 408
1785420 408
1785430 408
1785440 408
1785450 407
1785460 407
1785470 407
1785480 407
1785490 407
1785500 406
1785510 406
1785520 406
1785530 406
1785540 405
1785550 405
1785560 405
1785570 404
1785580 403
1785590 403
1785600 403
1785610 402
1785620 402
1785630 401
1785640 401
1785650 401
1785660 400
1785670 399
1785680 399
1785690 398
1785700 397
1785710 397
1785720 397
1785730 396
1785740 396
1785750 396
1785760 395
1785770 395
1785780 394
1785790 393
1785800 393
1785810 393
1785820 391
1785830 391
1785840 391
1785850 390
1785860 389
1785870 389
1785880 388
1785890 386
1785900 386
1785910 385
1785920 384
1785930 384
1785940 383
1785950 382
1785960 382
1785970 381
1785980 380
1785990 380
1786000 379
1786010 377
1786020 377
1786030 374
1786040 372
1786050 374
1786060 374
1786070 379
1786080 381
1786090 381
1786100 382
1786110 383
1786120 383
1786130 385
1786140 387
1786150 387
1786160 388
1786170 389
1786180 389
1786190 389
1786200 390
1786210 390
1786220 391
1786230 391
1786240 391
1786250 391
1786260 391
1786270 391
1786280 391
1786290 391
1786300 391
1786310 391
1786320 390
1786330 390
1786340 390
1786350 390
1786360 390
1786370 390
1786380 390
1786390 389
1786400 389
1786410 389
1786420 389
1786430 389
1786440 388
1786450 388
1786460 388
1786470 388
1786480 387
1786490 387
1786500 387
1786510 386
1786520 386
1786530 386
1786540 385
1786550 384
1786560 384
1786570 384
1786580 383
1786590 383
1786600 382
1786610 381
1786620 381
1786630 380
1786640 378
1786650 378
1786660 379
1786670 379
1786680 379
1786690 378
1786700 378
1786710 378
1786720 376
1786730 375
1786740 375
1786750 372
1786760 368
1786770 368
1786780 367
1786790 372
1786800 374
1786810 374
1786820 374
1786830 374
1786840 374
1786850 374
1786860 373
1786870 373
1786880 373
1786890 372
1786900 372
1786910 372
1786920 371
1786930 371
1786940 370
1786950 370
1786960 370
1786970 369
1786980 369
1786990 369
1787000 367
1787010 363
1787020 363
1787030 367
1787040 368
1787050 368
1787060 368
1787070 368
1787080 368
1787090 368
1787100 368
1787110 368
1787120 368
1787130 368
1787140 368
1787150 368
1787160 367
1787170 367
1787180 367
1787190 367
1787200 367
1787210 367
1787220 367
1787230 366
1787240 366
1787250 366
1787260 366
1787270 366
1787280 366
1787290 366
1787300 367
1787310 367
1787320 367
1787330 367
1787340 367
1787350 367
1787360 366
1787370 366
1787380 366
1787390 365
1787400 365
1787410 365
1787420 364
1787430 364
1787440 363
1787450 363
1787460 363
1787470 362
1787480 362
1787490 362
1787500 361
1787510 361
1787520 361
1787530 361
1787540 361
1787550 360
1787560 360
1787570 360
1787580 360
1787590 360
1787600 359
1787610 359
1787620 359
1787630 358
1787640 358
1787650 358
1787660 358
1787670 358
1787680 358
1787690 353
1787700 349
1787710 349
1787720 351
1787730 354
1787740 354
1787750 357
1787760 357
1787770 356
1787780 356
1787790 355
1787800 355
1787810 355
1787820 354
1787830 353
1787840 353
1787850 353
1787860 352
1787870 352
1787880 351
1787890 350
1787900 350
1787910 350
1787920 349
1787930 349
1787940 349
1787950 348
1787960 348
1787970 347
1787980 346
1787990 346
1788000 345
1788010 344
1788020 343
1788030 343
1788040 342
1788050 342
1788060 342
1788070 340
1788080 339
1788090 339
1788100 338
1788110 336
1788120 336
1788130 335
1788140 334
1788150 334
1788160 332
1788170 331
1788180 331
1788190 330
1788200 328
1788210 328
1788220 327
1788230 327
1788240 327
1788250 326
1788260 326
1788270 326
1788280 326
1788290 325
1788300 325
1788310 325
1788320 325
1788330 322
1788340 322
1788350 324
1788360 323
1788370 323
1788380 323
1788390 322
1788400 322
1788410 322
1788420 321
1788430 321
1788440 321
1788450 321
1788460 321
1788470 320
1788480 320
1788490 320
1788500 320
1788510 320
1788520 318
1788530 318
1788540 319
1788550 319
1788560 319
1788570 318
1788580 318
1788590 318
1788600 318
1788610 318
1788620 318
1788630 318
1788640 318
1788650 318
1788660 317
1788670 317
1788680 317
1788690 315
1788700 314
1788710 314
1788720 315
1788730 315
1788740 315
1788750 315
1788760 315
1788770 314
1788780 314
1788790 314
1788800 314
1788810 314
1788820 314
1788830 314
1788840 314
1788850 314
1788860 314
1788870 314
1788880 314
1788890 314
1788900 314
1788910 313
1788920 313
1788930 313
1788940 313
1788950 313
1788960 313
1788970 313
1788980 313
1788990 313
1789000 313
1789010 313
1789020 312
1789030 312
1789040 312
1789050 312
1789060 312
1789070 312
1789080 312
1789090 312
1789100 312
1789110 312
1789120 312
1789130 311
1789140 311
1789150 311
1789160 311
1789170 311
1789180 311
1789190 311
1789200 311
1789210 311
1789220 311
1789230 311
1789240 311
1789250 311
1789260 311
1789270 311
1789280 311
1789290 311
1789300 311
1789310 311
1789320 311
1789330 311
1789340 311
1789350 311
1789360 311
1789370 311
1789380 311
1789390 311
1789400 311
1789410 310
1789420 310
1789430 310
1789440 310
1789450 310
1789460 310
1789470 310
1789480 310
1789490 310
1789500 310
1789510 310
1789520 310
1789530 310
1789540 310
1789550 310
1789560 310
1789570 309
1789580 309
1789590 310
1789600 310
1789610 310
1789620 310
1789630 309
1789640 309
1789650 309
1789660 309
1789670 310
1789680 310
1789690 310
1789700 309
1789710 309
1789720 309
1789730 309
1789740 309
1789750 309
1789760 309
1789770 309
1789780 309
1789790 309
1789800 308
1789810 308
1789820 308
1789830 308
1789840 308
1789850 308
1789860 308
1789870 308
1789880 308
1789890 308
1789900 308
1789910 308
1789920 308
1789930 308
1789940 308
1789950 308
1789960 308
1789970 308
1789980 307
1789990 307
1790000 307
1790010 307
1790020 307
1790030 307
1790040 307
1790050 307
1790060 307
1790070 307
1790080 307
1790090 307
1790100 307
1790110 307
1790120 307
1790130 307
1790140 307
1790150 307
1790160 307
1790170 307
1790180 307
1790190 307
1790200 307
1790210 307
1790220 308
1790230 307
1790240 307
1790250 306
1790260 306
1790270 306
1790280 306
1790290 307
1790300 307
1790310 307
1790320 306
1790330 307
1790340 307
1790350 306
1790360 306
1790370 306
1790380 307
1790390 306
1790400 306
1790410 307
1790420 307
1790430 307
1790440 306
1790450 306
1790460 306
1790470 306
1790480 306
1790490 306
1790500 306
1790510 306
1790520 307
1790530 307
1790540 306
1790550 306
1790560 306
1790570 306
1790580 307
1790590 307
1790600 307
1790610 306
1790620 306
1790630 306
1790640 306
1790650 306
1790660 307
1790670 307
1790680 307
1790690 307
1790700 307
1790710 307
1790720 307
1790730 307
1790740 307
1790750 307
1790760 307
1790770 307
1790780 307
1790790 308
1790800 308
1790810 308
1790820 308
1790830 308
1790840 308
1790850 308
1790860 309
1790870 309
1790880 311
1790890 314
1790900 314
1790910 318
1790920 323
1790930 323
1790940 325
1790950 325
1790960 325
1790970 325
1790980 326
1790990 326
1791000 326
1791010 327
1791020 328
1791030 328
1791040 328
1791050 329
1791060 329
1791070 329
1791080 329
1791090 329
1791100 330
1791110 330
1791120 330
1791130 331
1791140 331
1791150 331
1791160 332
1791170 329
1791180 329
1791190 329
1791200 330
1791210 330
1791220 331
1791230 333
1791240 336
1791250 336
1791260 337
1791270 337
1791280 337
1791290 338
1791300 338
1791310 338
1791320 340
1791330 341
1791340 341
1791350 343
1791360 344
1791370 344
1791380 345
1791390 346
1791400 346
1791410 346
1791420 347
1791430 347
1791440 347
1791450 347
1791460 347
1791470 348
1791480 350
1791490 350
1791500 350
1791510 351
1791520 352
1791530 352
1791540 353
1791550 354
1791560 354
1791570 353
1791580 354
1791590 354
1791600 354
1791610 356
1791620 356
1791630 358
1791640 359
1791650 359
1791660 360
1791670 361
1791680 361
1791690 361
1791700 362
1791710 364
1791720 365
1791730 367
1791740 368
1791750 368
1791760 369
1791770 370
1791780 370
1791790 372
1791800 374
1791810 374
1791820 376
1791830 379
1791840 379
1791850 381
1791860 383
1791870 383
1791880 384
1791890 386
1791900 386
1791910 387
1791920 389
1791930 389
1791940 390
1791950 391
1791960 391
1791970 392
1791980 394
1791990 395
1792000 395
1792010 397
1792020 398
1792030 398
1792040 398
1792050 398
1792060 398
1792070 399
1792080 400
1792090 400
1792100 401
1792110 401
1792120 401
1792130 401
1792140 401
1792150 401
1792160 401
1792170 401
1792180 401
1792190 401
1792200 401
1792210 401
1792220 401
1792230 401
1792240 400
1792250 400
1792260 399
1792270 398
1792280 398
1792290 398
1792300 397
1792310 397
1792320 395
1792330 394
1792340 394
1792350 393
1792360 391
1792370 391
1792380 390
1792390 388
1792400 388
1792410 387
1792420 386
1792430 386
1792440 384
1792450 383
1792460 383
1792470 382
1792480 381
1792490 380
1792500 380
1792510 379
1792520 379
1792530 379
1792540 378
1792550 378
1792560 378
1792570 377
1792580 376
1792590 376
1792600 375
1792610 375
1792620 375
1792630 374
1792640 374
1792650 374
1792660 374
1792670 374
1792680 374
1792690 374
1792700 373
1792710 373
1792720 372
1792730 371
1792740 370
1792750 369
1792760 368
1792770 367
1792780 367
1792790 366
1792800 365
1792810 365
1792820 364
1792830 364
1792840 364
1792850 363
1792860 362
1792870 362
1792880 359
1792890 358
1792900 358
1792910 355
1792920 351
1792930 351
1792940 351
1792950 350
1792960 350
1792970 353
1792980 354
1792990 355
1793000 355
1793010 354
1793020 353
1793030 353
1793040 353
1793050 353
1793060 353
1793070 354
1793080 354
1793090 354
1793100 355
1790600 307
1790610 307
1790620 307
1790630 306
1790640 306
1790650 306
1790660 306
1790670 307
1790680 307
1790690 307
1790700 307
1790710 307
1790720 307
1790730 307
1790740 307
1790750 307
1790760 307
1790770 307
1790780 307
1790790 308
1790800 308
1790810 308
1790820 308
1790830 308
1790840 308
1790850 308
1790860 308
1790870 309
1790880 310
1790890 311
1790900 313
1790910 316
1790920 319
1790930 322
1790940 324
1790950 325
1790960 325
1790970 325
1790980 326
1790990 326
1791000 326
1791010 327
1791020 327
1791030 327
1791040 328
1791050 328
1791060 328
1791070 329
1791080 329
1791090 329
1791100 329
1791110 330
1791120 330
1791130 331
1791140 331
1791150 331
1791160 331
1791170 331
1791180 330
1791190 329
1791200 330
1791210 330
1791220 331
1791230 332
1791240 333
1791250 335
1791260 336
1791270 337
1791280 337
1791290 338
1791300 338
1791310 339
1791320 339
1791330 341
1791340 342
1791350 343
1791360 343
1791370 344
1791380 345
1791390 345
1791400 346
1791410 347
1791420 347
1791430 347
1791440 348
1791450 348
1791460 348
1791470 349
1791480 349
1791490 350
1791500 351
1791510 352
1791520 352
1791530 353
1791540 354
1791550 354
1791560 355
1791570 355
1791580 355
1791590 355
1791600 355
1791610 356
1791620 357
1791630 358
1791640 359
1791650 360
1791660 361
1791670 361
1791680 362
1791690 362
1791700 363
1791710 364
1791720 364
1791730 365
1791740 367
1791750 367
1791760 368
1791770 369
1791780 370
1791790 371
1791800 372
1791810 374
1791820 375
1791830 376
1791840 378
1791850 379
1791860 381
1791870 382
1791880 384
1791890 385
1791900 386
1791910 387
1791920 388
1791930 388
1791940 389
1791950 390
1791960 391
1791970 392
1791980 393
1791990 394
1792000 395
1792010 396
1792020 397
1792030 398
1792040 398
1792050 398
1792060 399
1792070 399
1792080 399
1792090 400
1792100 400
1792110 401
1792120 401
1792130 401
1792140 401
1792150 401
1792160 401
1792170 401
1792180 401
1792190 401
1792200 401
1792210 401
1792220 401
1792230 401
1792240 401
1792250 400
1792260 400
1792270 399
1792280 398
1792290 398
1792300 397
1792310 396
1792320 396
1792330 395
1792340 394
1792350 393
1792360 392
1792370 391
1792380 390
1792390 389
1792400 388
1792410 387
1792420 386
1792430 385
1792440 384
1792450 383
1792460 383
1792470 382
1792480 381
1792490 380
1792500 380
1792510 379
1792520 379
1792530 378
1792540 378
1792550 378
1792560 377
1792570 377
1792580 376
1792590 375
1792600 375
1792610 374
1792620 374
1792630 374
1792640 374
1792650 374
1792660 373
1792670 373
1792680 373
1792690 373
1792700 372
1792710 371
1792720 371
1792730 370
1792740 369
1792750 369
1792760 369
1792770 368
1792780 368
1792790 367
1792800 366
1792810 365
1792820 365
1792830 364
1792840 364
1792850 363
1792860 363
1792870 361
1792880 360
1792890 359
1792900 358
1792910 356
1792920 354
1792930 352
1792940 352
1792950 351
1792960 351
1792970 352
1792980 353
1792990 354
1793000 354
1793010 354
1793020 354
1793030 353
1793040 353
1793050 353
1793060 354
1793070 354
1793080 355
1793090 355
1793100 355
1793110 355
1793120 356
1793130 356
1793140 356
1793150 357
1793160 357
1793170 358
1793180 358
1793190 358
1793200 358
1793210 358
1793220 359
1793230 359
1793240 359
1793250 359
1793260 359
1793270 359
1793280 359
1793290 359
1793300 360
1793310 359
1793320 359
1793330 358
1793340 358
1793350 357
1793360 355
1793370 354
1793380 353
1793390 351
1793400 349
1793410 348
1793420 347
1793430 345
1793440 344
1793450 344
1793460 343
1793470 342
1793480 342
1793490 341
1793500 340
1793510 339
1793520 338
1793530 337
1793540 337
1793550 338
1793560 339
1793570 341
1793580 342
1793590 344
1793600 346
1793610 347
1793620 348
1793630 349
1793640 350
1793650 351
1793660 352
1793670 353
1793680 354
1793690 355
1793700 355
1793710 356
1793720 357
1793730 358
1793740 359
1793750 359
1793760 360
1793770 361
1793780 361
1793790 361
1793800 361
1793810 361
1793820 360
1793830 360
1793840 359
1793850 358
1793860 357
1793870 356
1793880 355
1793890 354
1793900 353
1793910 352
1793920 350
1793930 349
1793940 348
1793950 346
1793960 345
1793970 344
1793980 342
1793990 341
1794000 341
1794010 343
1794020 346
1794030 349
1794040 351
1794050 352
1794060 353
1794070 354
1794080 356
1794090 358
1794100 359
1794110 361
1794120 362
1794130 362
1794140 363
1794150 363
1794160 363
1794170 363
1794180 363
1794190 364
1794200 364
1794210 364
1794220 365
1794230 365
1794240 365
1794250 365
1794260 365
1794270 365
1794280 365
1794290 365
1794300 365
1794310 365
1794320 365
1794330 365
1794340 364
1794350 364
1794360 364
1794370 364
1794380 363
1794390 363
1794400 362
1794410 362
1794420 361
1794430 360
1794440 360
1794450 359
1794460 359
1794470 358
1794480 358
1794490 357
1794500 357
1794510 356
1794520 355
1794530 355
1794540 354
1794550 353
1794560 352
1794570 352
1794580 351
1794590 349
1794600 348
1794610 347
1794620 345
1794630 345
1794640 345
1794650 347
1794660 348
1794670 348
1794680 349
1794690 349
1794700 349
1794710 350
1794720 351
1794730 351
1794740 352
1794750 353
1794760 353
1794770 354
1794780 355
1794790 355
1794800 356
1794810 357
1794820 357
1794830 357
1794840 358
1794850 358
1794860 358
1794870 358
1794880 358
1794890 358
1794900 358
1794910 358
1794920 358
1794930 357
1794940 357
1794950 356
1794960 356
1794970 355
1794980 355
1794990 354
1795000 354
1795010 353
1795020 352
1795030 352
1795040 351
1795050 350
1795060 350
1795070 349
1795080 349
1795090 348
1795100 348
1795110 348
1795120 348
1795130 348
1795140 348
1795150 348
1795160 349
1795170 349
1795180 349
1795190 350
1795200 350
1795210 351
1795220 351
1795230 351
1795240 351
1795250 351
1795260 351
1795270 352
1795280 352
1795290 352
1795300 352
1795310 353
1795320 353
1795330 353
1795340 354
1795350 355
1795360 355
1795370 356
1795380 357
1795390 358
1795400 358
1795410 359
1795420 359
1795430 359
1795440 359
1795450 359
1795460 359
1795470 359
1795480 359
1795490 359
1795500 359
1795510 358
1795520 358
1795530 358
1795540 358
1795550 358
1795560 357
1795570 357
1795580 357
1795590 357
1795600 356
1795610 356
1795620 356
1795630 356
1795640 356
1795650 355
1795660 355
1795670 355
1795680 355
1795690 354
1795700 354
1795710 354
1795720 354
1795730 353
1795740 353
1795750 353
1795760 353
1795770 353
1795780 352
1795790 352
1795800 352
1795810 351
1795820 351
1795830 350
1795840 350
1795850 349
1795860 349
1795870 348
1795880 348
1795890 347
1795900 346
1795910 345
1795920 344
1795930 343
1795940 342
1795950 341
1795960 340
1795970 340
1795980 339
1795990 337
1796000 334
1796010 332
1796020 330
1796030 329
1796040 329
1796050 328
1796060 328
1796070 328
1796080 328
1796090 329
1796100 329
1796110 330
1796120 330
1796130 329
1796140 328
1796150 327
1796160 327
1796170 327
1796180 327
1796190 328
1796200 329
1796210 329
1796220 329
1796230 330
1796240 330
1796250 331
1796260 332
1796270 333
1796280 333
1796290 333
1796300 334
1796310 334
1796320 334
1796330 334
1796340 334
1796350 334
1796360 334
1796370 334
1796380 333
1796390 333
1796400 332
1796410 332
1796420 332
1796430 331
1796440 331
1796450 330
1796460 329
1796470 329
1796480 328
1796490 327
1796500 326
1796510 325
1796520 324
1796530 323
1796540 321
1796550 320
1796560 318
1796570 316
1796580 314
1796590 311
1796600 309
1796610 307
1796620 303
1796630 300
1796640 299
1796650 300
1796660 301
1796670 301
1796680 303
1796690 304
1796700 305
1796710 306
1796720 307
1796730 308
1796740 310
1796750 312
1796760 313
1796770 315
1796780 317
1796790 318
1796800 319
1796810 319
1796820 319
1796830 319
1796840 318
1796850 318
1796860 317
1796870 317
1796880 316
1796890 316
1796900 315
1796910 315
1796920 314
1796930 314
1796940 313
1796950 313
1796960 312
1796970 311
1796980 310
1796990 309
1797000 308
1797010 307
1797020 306
1797030 305
1797040 304
1797050 303
1797060 302
1797070 301
1797080 300
1797090 299
1797100 298
1797110 297
1797120 296
1797130 295
1797140 293
1797150 292
1797160 290
1797170 289
1797180 288
1797190 287
1797200 286
1797210 286
1797220 286
1797230 287
1797240 287
1797250 288
1797260 288
1797270 289
1797280 290
1797290 291
1797300 293
1797310 295
1797320 296
1797330 297
1797340 298
1797350 299
1797360 300
1797370 302
1797380 304
1797390 306
1797400 307
1797410 309
1797420 311
1797430 312
1797440 313
1797450 314
1797460 315
1797470 317
1797480 317
1797490 318
1797500 318
1797510 319
1797520 319
1797530 319
1797540 319
1797550 319
1797560 319
1797570 319
1797580 319
1797590 319
1797600 319
1797610 319
1797620 319
1797630 318
1797640 318
1797650 318
1797660 318
1797670 318
1797680 318
1797690 318
1797700 318
1797710 318
1797720 317
1797730 317
1797740 317
1797750 317
1797760 317
1797770 317
1797780 316
1797790 316
1797800 315
1797810 315
1797820 314
1797830 313
1797840 313
1797850 312
1797860 311
1797870 310
1797880 309
1797890 308
1797900 307
1797910 306
1797920 305
1797930 304
1797940 303
1797950 302
1797960 301
1797970 301
1797980 300
1797990 300
1798000 300
1798010 301
1798020 303
1798030 305
1798040 305
1798050 306
1798060 307
1798070 307
1798080 308
1798090 308
1798100 309
1798110 310
1798120 311
1798130 312
1798140 313
1798150 314
1798160 314
1798170 315
1798180 315
1798190 315
1798200 315
1798210 315
1798220 316
1798230 316
1798240 316
1798250 316
1798260 316
1798270 316
1798280 316
1798290 316
1798300 316
1798310 315
1798320 315
1798330 315
1798340 315
1798350 315
1798360 315
1798370 315
1798380 314
1798390 314
1798400 314
1798410 313
1798420 313
1798430 312
1798440 312
1798450 311
1798460 311
1798470 310
1798480 310
1798490 309
1798500 309
1798510 308
1798520 307
1798530 307
1798540 306
1798550 306
1798560 305
1798570 305
1798580 305
1798590 304
1798600 304
1798610 303
1798620 302
1798630 302
1798640 301
1798650 301
1798660 300
1798670 300
1798680 299
1798690 299
1798700 299
1798710 298
1798720 298
1798730 297
1798740 297
1798750 297
1798760 296
1798770 296
1798780 295
1798790 295
1798800 294
1798810 294
1798820 293
1798830 293
1798840 292
1798850 292
1798860 291
1798870 291
1798880 290
1798890 290
1798900 289
1798910 288
1798920 287
1798930 286
1798940 285
1798950 284
1798960 283
1798970 282
1798980 281
1798990 280
1799000 279
1799010 279
1799020 279
1799030 278
1799040 278
1799050 278
1799060 278
1799070 278
1799080 278
1799090 278
1799100 278
1799110 278
1799120 278
1799130 278
1799140 279
1799150 279
1799160 279
1799170 279
1799180 279
1799190 279
1799200 279
1799210 280
1799220 280
1799230 281
1799240 281
1799250 282
1799260 282
1799270 283
1799280 283
1799290 283
1799300 282
1799310 283
1799320 284
1799330 287
1799340 288
1799350 289
1799360 289
1799370 290
1799380 291
1799390 292
1799400 292
1799410 293
1799420 294
1799430 295
1799440 296
1799450 297
1799460 298
1799470 300
1799480 301
1799490 302
1799500 303
1799510 304
1799520 306
1799530 307
1799540 308
1799550 309
1799560 311
1799570 313
1799580 314
1799590 316
1799600 317
1799610 318
1799620 319
1799630 320
1799640 321
1799650 322
1799660 323
1799670 323
1799680 324
1799690 324
1799700 325
1799710 326
1799720 326
1799730 327
1799740 327
1799750 328
1799760 328
1799770 328
1799780 328
1799790 329
1799800 328
1799810 328
1799820 328
1799830 327
1799840 327
1799850 326
1799860 326
1799870 325
1799880 324
1799890 323
1799900 321
1799910 319
1799920 319
1799930 318
1799940 317
1799950 316
1799960 315
1799970 314
1799980 313
1799990 311
