1780000 323
1780010 323
1780020 323
1780030 323
1780040 322
1780050 322
1780060 321
1780070 319
1780080 319
1780090 318
1780100 318
1780110 318
1780120 314
1780130 311
1780140 312
1780150 312
1780160 311
1780170 311
1780180 311
1780190 311
1780200 310
1780210 310
1780220 310
1780230 310
1780240 310
1780250 310
1780260 311
1780270 311
1780280 310
1780290 309
1780300 309
1780310 309
1780320 309
1780330 309
1780340 309
1780350 308
1780360 308
1780370 308
1780380 307
1780390 307
1780400 307
1780410 307
1780420 307
1780430 307
1780440 307
1780450 307
1780460 307
1780470 307
1780480 308
1780490 308
1780500 309
1780510 315
1780520 315
1780530 315
1780540 315
1780550 315
1780560 314
1780570 310
1780580 310
1780590 308
1780600 305
1780610 305
1780620 307
1780630 307
1780640 308
1780650 308
1780660 308
1780670 308
1780680 308
1780690 308
1780700 308
1780710 308
1780720 308
1780730 308
1780740 308
1780750 308
1780760 308
1780770 308
1780780 309
1780790 309
1780800 309
1780810 309
1780820 309
1780830 309
1780840 310
1780850 310
1780860 310
1780870 310
1780880 311
1780890 311
1780900 311
1780910 312
1780920 312
1780930 312
1780940 313
1780950 313
1780960 313
1780970 314
1780980 315
1780990 315
1781000 316
1781010 317
1781020 317
1781030 317
1781040 318
1781050 318
1781060 320
1781070 321
1781080 321
1781090 322
1781100 320
1781110 320
1781120 324
1781130 328
1781140 327
1781150 327
1781160 327
1781170 328
1781180 328
1781190 332
1781200 336
1781210 336
1781220 337
1781230 340
1781240 340
1781250 341
1781260 342
1781270 342
1781280 342
1781290 343
1781300 343
1781310 340
1781320 340
1781330 340
1781340 344
1781350 347
1781360 347
1781370 348
1781380 349
1781390 349
1781400 351
1781410 351
1781420 352
1781430 352
1781440 352
1781450 353
1781460 353
1781470 353
1781480 353
1781490 353
1781500 352
1781510 351
1781520 351
1781530 349
1781540 348
1781550 348
1781560 346
1781570 345
1781580 345
1781590 343
1781600 342
1781610 342
1781620 341
1781630 340
1781640 340
1781650 339
1781660 339
1781670 338
1781680 338
1781690 338
1781700 337
1781710 337
1781720 336
1781730 335
1781740 335
1781750 333
1781760 332
1781770 332
1781780 331
1781790 330
1781800 330
1781810 330
1781820 331
1781830 331
1781840 333
1781850 334
1781860 334
1781870 335
1781880 337
1781890 337
1781900 339
1781910 340
1781920 342
1781930 342
1781940 345
1781950 347
1781960 347
1781970 349
1781980 351
1781990 351
1782000 357
1782010 359
1782020 359
1782030 360
1782040 360
1782050 360
1782060 361
1782070 361
1782080 361
1782090 361
1782100 361
1782110 361
1782120 361
1782130 361
1782140 361
1782150 362
1782160 362
1782170 363
1782180 363
1782190 363
1782200 363
1782210 363
1782220 364
1782230 363
1782240 363
1782250 363
1782260 364
1782270 364
1782280 364
1782290 364
1782300 364
1782310 364
1782320 364
1782330 364
1782340 364
1782350 364
1782360 364
1782370 363
1782380 362
1782390 362
1782400 362
1782410 361
1782420 361
1782430 361
1782440 360
1782450 356
1782460 356
1782470 356
1782480 355
1782490 355
1782500 354
1782510 353
1782520 353
1782530 352
1782540 351
1782550 351
1782560 350
1782570 350
1782580 350
1782590 349
1782600 348
1782610 348
1782620 348
1782630 348
1782640 348
1782650 349
1782660 350
1782670 352
1782680 352
1782690 353
1782700 355
1782710 355
1782720 357
1782730 358
1782740 358
1782750 360
1782760 362
1782770 362
1782780 364
1782790 365
1782800 365
1782810 366
1782820 367
1782830 367
1782840 368
1782850 369
1782860 369
1782870 370
1782880 375
1782890 375
1782900 379
1782910 381
1782920 382
1782930 382
1782940 383
1782950 385
1782960 385
1782970 387
1782980 389
1782990 389
1783000 390
1783010 392
1783020 392
1783030 392
1783040 391
1783050 391
1783060 390
1783070 390
1783080 390
1783090 390
1783100 390
1783110 390
1783120 390
1783130 389
1783140 389
1783150 389
1783160 390
1783170 390
1783180 390
1783190 391
1783200 392
1783210 392
1783220 392
1783230 393
1783240 393
1783250 394
1783260 396
1783270 396
1783280 399
1783290 401
1783300 401
1783310 404
1783320 406
1783330 406
1783340 408
1783350 411
1783360 411
1783370 413
1783380 415
1783390 415
1783400 419
1783410 419
1783420 419
1783430 419
1783440 418
1783450 416
1783460 416
1783470 415
1783480 414
1783490 414
1783500 413
1783510 412
1783520 412
1783530 412
1783540 411
1783550 411
1783560 411
1783570 411
1783580 411
1783590 411
1783600 411
1783610 411
1783620 411
1783630 413
1783640 413
1783650 414
1783660 416
1783670 417
1783680 417
1783690 415
1783700 415
1783710 415
1783720 415
1783730 415
1783740 415
1783750 415
1783760 414
1783770 414
1783780 414
1783790 414
1783800 414
1783810 414
1783820 414
1783830 414
1783840 414
1783850 413
1783860 413
1783870 413
1783880 413
1783890 413
1783900 413
1783910 413
1783920 413
1783930 413
1783940 412
1783950 410
1783960 410
1783970 410
1783980 411
1783990 411
1784000 411
1784010 411
1784020 411
1784030 410
1784040 410
1784050 410
1784060 410
1784070 410
1784080 410
1784090 409
1784100 409
1784110 410
1784120 410
1784130 410
1784140 410
1784150 410
1784160 410
1784170 410
1784180 410
1784190 410
1784200 410
1784210 410
1784220 410
1784230 411
1784240 411
1784250 411
1784260 411
1784270 411
1784280 412
1784290 412
1784300 412
1784310 412
1784320 413
1784330 413
1784340 413
1784350 414
1784360 414
1784370 414
1784380 415
1784390 415
1784400 415
1784410 416
1784420 417
1784430 417
1784440 417
1784450 418
1784460 418
1784470 418
1784480 420
1784490 420
1784500 421
1784510 422
1784520 422
1784530 422
1784540 422
1784550 422
1784560 422
1784570 422
1784580 422
1784590 422
1784600 422
1784610 422
1784620 422
1784630 423
1784640 423
1784650 423
1784660 423
1784670 424
1784680 424
1784690 425
1784700 424
1784710 424
1784720 425
1784730 426
1784740 426
1784750 427
1784760 428
1784770 428
1784780 429
1784790 429
1784800 429
1784810 430
1784820 430
1784830 430
1784840 430
1784850 431
1784860 431
1784870 431
1784880 430
1784890 430
1784900 430
1784910 429
1784920 429
1784930 429
1784940 429
1784950 428
1784960 428
1784970 428
1784980 427
1784990 427
1785000 426
1785010 426
1785020 426
1785030 425
1785040 424
1785050 424
1785060 424
1785070 423
1785080 423
1785090 423
1785100 422
1785110 422
1785120 422
1785130 421
1785140 421
1785150 420
1785160 419
1785170 419
1785180 419
1785190 418
1785200 417
1785210 417
1785220 416
1785230 415
1785240 415
1785250 414
1785260 413
1785270 413
1785280 412
1785290 411
1785300 411
1785310 410
1785320 409
1785330 409
1785340 407
1785350 407
1785360 407
1785370 406
1785380 405
1785390 405
1785400 404
1785410 404
1785420 403
1785430 403
1785440 402
1785450 402
1785460 402
1785470 401
1785480 401
1785490 401
1785500 400
1785510 400
1785520 400
1785530 399
1785540 399
1785550 399
1785560 398
1785570 398
1785580 398
1785590 398
1785600 397
1785610 397
1785620 397
1785630 397
1785640 397
1785650 396
1785660 396
1785670 395
1785680 395
1785690 395
1785700 394
1785710 394
1785720 394
1785730 394
1785740 394
1785750 393
1785760 393
1785770 393
1785780 393
1785790 393
1785800 393
1785810 393
1785820 393
1785830 393
1785840 393
1785850 393
1785860 393
1785870 393
1785880 392
1785890 392
1785900 392
1785910 392
1785920 392
1785930 392
1785940 392
1785950 392
1785960 392
1785970 392
1785980 392
1785990 392
1786000 392
1786010 392
1786020 392
1786030 392
1786040 392
1786050 392
1786060 391
1786070 391
1786080 391
1786090 390
1786100 390
1786110 390
1786120 389
1786130 389
1786140 389
1786150 388
1786160 388
1786170 387
1786180 387
1786190 386
1786200 385
1786210 385
1786220 384
1786230 384
1786240 384
1786250 383
1786260 382
1786270 382
1786280 381
1786290 380
1786300 380
1786310 379
1786320 377
1786330 377
1786340 376
1786350 375
1786360 375
1786370 374
1786380 373
1786390 373
1786400 372
1786410 371
1786420 370
1786430 370
1786440 369
1786450 368
1786460 368
1786470 365
1786480 360
1786490 360
1786500 361
1786510 365
1786520 365
1786530 365
1786540 365
1786550 365
1786560 364
1786570 364
1786580 364
1786590 364
1786600 363
1786610 363
1786620 363
1786630 363
1786640 363
1786650 362
1786660 361
1786670 361
1786680 361
1786690 360
1786700 359
1786710 359
1786720 358
1786730 357
1786740 357
1786750 356
1786760 355
1786770 355
1786780 354
1786790 353
1786800 353
1786810 352
1786820 351
1786830 351
1786840 350
1786850 349
1786860 349
1786870 349
1786880 348
1786890 348
1786900 348
1786910 347
1786920 347
1786930 347
1786940 346
1786950 346
1786960 346
1786970 345
1786980 345
1786990 345
1787000 344
1787010 343
1787020 343
1787030 343
1787040 342
1787050 342
1787060 341
1787070 341
1787080 341
1787090 340
1787100 339
1787110 339
1787120 338
1787130 337
1787140 337
1787150 337
1787160 335
1787170 333
1787180 333
1787190 331
1787200 328
1787210 328
1787220 328
1787230 328
1787240 328
1787250 330
1787260 329
1787270 329
1787280 329
1787290 329
1787300 329
1787310 329
1787320 328
1787330 328
1787340 327
1787350 328
1787360 328
1787370 329
1787380 329
1787390 329
1787400 329
1787410 328
1787420 328
1787430 328
1787440 328
1787450 327
1787460 327
1787470 327
1787480 327
1787490 327
1787500 327
1787510 327
1787520 327
1787530 327
1787540 326
1787550 326
1787560 326
1787570 326
1787580 326
1787590 326
1787600 326
1787610 326
1787620 326
1787630 326
1787640 326
1787650 326
1787660 326
1787670 325
1787680 325
1787690 325
1787700 325
1787710 325
1787720 326
1787730 325
1787740 325
1787750 324
1787760 324
1787770 324
1787780 323
1787790 323
1787800 323
1787810 323
1787820 323
1787830 323
1787840 323
1787850 323
1787860 323
1787870 322
1787880 322
1787890 322
1787900 322
1787910 322
1787920 322
1787930 322
1787940 322
1787950 322
1787960 322
1787970 322
1787980 322
1787990 322
1788000 321
1788010 321
1788020 321
1788030 321
1788040 321
1788050 321
1788060 321
1788070 321
1788080 321
1788090 321
1788100 321
1788110 321
1788120 321
1788130 320
1788140 320
1788150 320
1788160 320
1788170 320
1788180 320
1788190 320
1788200 319
1788210 319
1788220 318
1788230 320
1788240 320
1788250 320
1788260 320
1788270 320
1788280 320
1788290 320
1788300 320
1788310 321
1788320 321
1788330 321
1788340 321
1788350 321
1788360 321
1788370 321
1788380 322
1788390 322
1788400 322
1788410 322
1788420 322
1788430 323
1788440 323
1788450 324
1788460 324
1788470 324
1788480 325
1788490 325
1788500 326
1788510 326
1788520 326
1788530 326
1788540 327
1788550 327
1788560 327
1788570 327
1788580 327
1788590 328
1788600 328
1788610 328
1788620 328
1788630 328
1788640 328
1788650 328
1788660 329
1788670 329
1788680 331
1788690 329
1788700 328
1788710 328
1788720 328
1788730 328
1788740 328
1788750 327
1788760 326
1788770 326
1788780 324
1788790 323
1788800 323
1788810 322
1788820 321
1788830 321
1788840 320
1788850 320
1788860 320
1788870 319
1788880 318
1788890 318
1788900 317
1788910 317
1788920 317
1788930 316
1788940 316
1788950 315
1788960 315
1788970 315
1788980 315
1788990 315
1789000 315
1789010 315
1789020 315
1789030 314
1789040 314
1789050 314
1789060 314
1789070 314
1789080 314
1789090 314
1789100 314
1789110 314
1789120 314
1789130 314
1789140 314
1789150 314
1789160 314
1789170 314
1789180 314
1789190 314
1789200 314
1789210 314
1789220 314
1789230 314
1789240 314
1789250 314
1789260 314
1789270 314
1789280 314
1789290 314
1789300 314
1789310 314
1789320 314
1789330 314
1789340 314
1789350 314
1789360 314
1789370 314
1789380 314
1789390 314
1789400 314
1789410 314
1789420 314
1789430 314
1789440 314
1789450 313
1789460 313
1789470 314
1789480 314
1789490 314
1789500 314
1789510 314
1789520 314
1789530 314
1789540 314
1789550 314
1789560 314
1789570 314
1789580 314
1789590 314
1789600 314
1789610 314
1789620 314
1789630 314
1789640 314
1789650 314
1789660 314
1789670 314
1789680 314
1789690 314
1789700 314
1789710 314
1789720 314
1789730 313
1789740 313
1789750 313
1789760 313
1789770 313
1789780 313
1789790 313
1789800 313
1789810 312
1789820 312
1789830 312
1789840 312
1789850 312
1789860 312
1789870 312
1789880 312
1789890 312
1789900 312
1789910 312
1789920 312
1789930 312
1789940 312
1789950 312
1789960 312
1789970 312
1789980 312
1789990 312
1790000 312
1790010 312
1790020 312
1790030 312
1790040 311
1790050 311
1790060 311
1790070 311
1790080 311
1790090 311
1790100 312
1790110 312
1790120 312
1790130 311
1790140 311
1790150 312
1790160 311
1790170 311
1790180 312
1790190 312
1790200 312
1790210 312
1790220 312
1790230 312
1790240 312
1790250 312
1790260 312
1790270 312
1790280 312
1790290 312
1790300 312
1790310 312
1790320 312
1790330 312
1790340 312
1790350 312
1790360 312
1790370 312
1790380 312
1790390 312
1790400 312
1790410 312
1790420 312
1790430 312
1790440 313
1790450 312
1790460 312
1790470 313
1790480 313
1790490 313
1790500 313
1790510 313
1790520 313
1790530 313
1790540 313
1790550 313
1790560 313
1790570 313
1790580 313
1790590 313
1790600 313
1790610 313
1790620 311
1790630 313
1790640 313
1790650 313
1790660 312
1790670 312
1790680 312
1790690 312
1790700 312
1790710 312
1790720 312
1790730 312
1790740 312
1790750 313
1790760 313
1790770 313
1790780 313
1790790 313
1790800 313
1790810 313
1790820 313
1790830 313
1790840 313
1790850 313
1790860 313
1790870 313
1790880 313
1790890 313
1790900 313
1790910 313
1790920 313
1790930 313
1790940 312
1790950 312
1790960 312
1790970 312
1790980 312
1790990 312
1791000 312
1791010 312
1791020 312
1791030 312
1791040 312
1791050 312
1791060 312
1791070 312
1791080 312
1791090 312
1791100 312
1791110 312
1791120 312
1791130 312
1791140 312
1791150 312
1791160 312
1791170 312
1791180 312
1791190 312
1791200 312
1791210 312
1791220 312
1791230 313
1791240 313
1791250 313
1791260 313
1791270 313
1791280 313
1791290 313
1791300 313
1791310 313
1791320 316
1791330 316
1791340 317
1791350 318
1791360 318
1791370 318
1791380 319
1791390 319
1791400 321
1791410 324
1791420 324
1791430 328
1791440 335
1791450 343
1791460 343
1791470 349
1791480 354
1791490 354
1791500 358
1791510 361
1791520 361
1791530 365
1791540 367
1791550 367
1791560 370
1791570 372
1791580 372
1791590 372
1791600 370
1791610 370
1791620 367
1791630 366
1791640 366
1791650 365
1791660 363
1791670 363
1791680 358
1791690 356
1791700 355
1791710 355
1791720 352
1791730 351
1791740 351
1791750 350
1791760 348
1791770 348
1791780 348
1791790 351
1791800 351
1791810 353
1791820 354
1791830 354
1791840 358
1791850 360
1791860 360
1791870 363
1791880 366
1791890 366
1791900 370
1791910 375
1791920 375
1791930 380
1791940 385
1791950 391
1791960 391
1791970 396
1791980 400
1791990 400
1792000 404
1792010 404
1792020 404
1792030 404
1792040 404
1792050 404
1792060 403
1792070 403
1792080 403
1792090 402
1792100 402
1792110 402
1792120 401
1792130 400
1792140 400
1792150 400
1792160 400
1792170 400
1792180 399
1792190 399
1792200 398
1792210 398
1792220 398
1792230 398
1792240 398
1792250 397
1792260 397
1792270 397
1792280 397
1792290 397
1792300 397
1792310 396
1792320 396
1792330 396
1792340 396
1792350 397
1792360 397
1792370 397
1792380 397
1792390 397
1792400 397
1792410 398
1792420 398
1792430 399
1792440 399
1792450 399
1792460 399
1792470 398
1792480 397
1792490 397
1792500 396
1792510 394
1792520 394
1792530 393
1792540 391
1792550 391
1792560 390
1792570 389
1792580 389
1792590 387
1792600 386
1792610 386
1792620 385
1792630 384
1792640 384
1792650 383
1792660 382
1792670 382
1792680 377
1792690 376
1792700 380
1792710 380
1792720 382
1792730 382
1792740 382
1792750 383
1792760 383
1792770 383
1792780 384
1792790 386
1792800 386
1792810 386
1792820 387
1792830 387
1792840 387
1792850 388
1792860 388
1792870 388
1792880 388
1792890 388
1792900 389
1792910 389
1792920 389
1792930 389
1792940 389
1792950 388
1792960 388
1792970 388
1792980 387
1792990 387
1793000 387
1793010 387
1793020 387
1793030 386
1793040 385
1793050 385
1793060 385
1793070 384
1793080 384
1793090 384
1790550 313
1790560 313
1790570 313
1790580 313
1790590 313
1790600 313
1790610 313
1790620 312
1790630 311
1790640 312
1790650 313
1790660 313
1790670 312
1790710 312
1790720 312
1790730 312
1790740 312
1790750 312
1790760 313
1790770 313
1790780 313
1790790 313
1790800 313
1790810 312
1790820 313
1790830 313
1790840 313
1790850 313
1790860 313
1790870 313
1790880 313
1790890 313
1790900 313
1790910 313
1790920 313
1790930 313
1790940 312
1790950 312
1790960 312
1790970 312
1790980 312
1790990 312
1791000 312
1791010 312
1791020 312
1791030 312
1791040 312
1791050 312
1791060 312
1791070 312
1791080 312
1791090 312
1791100 312
1791110 312
1791120 312
1791130 312
1791140 312
1791150 312
1791160 312
1791170 312
1791180 312
1791190 312
1791200 312
1791210 312
1791220 312
1791230 312
1791240 313
1791250 313
1791260 313
1791270 313
1791280 313
1791290 313
1791300 313
1791310 313
1791320 314
1791330 315
1791340 316
1791350 317
1791360 317
1791370 318
1791380 318
1791390 318
1791400 319
1791410 321
1791420 323
1791430 325
1791440 329
1791450 334
1791460 339
1791470 343
1791480 347
1791490 351
1791500 354
1791510 356
1791520 359
1791530 361
1791540 363
1791550 365
1791560 367
1791570 369
1791580 369
1791590 370
1791600 369
1791610 367
1791620 366
1791630 364
1791640 363
1791650 361
1791660 360
1791670 359
1791680 359
1791690 358
1791700 357
1791710 355
1791720 353
1791730 352
1791740 352
1791750 351
1791760 350
1791770 348
1791780 348
1791790 349
1791800 350
1791810 352
1791820 353
1791830 355
1791840 356
1791850 358
1791860 360
1791870 361
1791880 363
1791890 365
1791900 368
1791910 371
1791920 374
1791930 377
1791940 381
1791950 384
1791960 387
1791970 391
1791980 395
1791990 398
1792000 400
1792010 401
1792020 403
1792030 404
1792040 404
1792050 404
1792060 403
1792070 403
1792080 403
1792090 402
1792100 402
1792110 401
1792120 401
1792130 401
1792140 400
1792150 400
1792160 400
1792170 400
1792180 399
1792190 399
1792200 399
1792210 398
1792220 398
1792230 398
1792240 398
1792250 397
1792260 397
1792270 397
1792280 397
1792290 397
1792300 397
1792310 397
1792320 396
1792330 396
1792340 396
1792350 396
1792360 397
1792370 397
1792380 397
1792390 397
1792400 398
1792410 398
1792420 398
1792430 398
1792440 399
1792450 399
1792460 399
1792470 398
1792480 398
1792490 397
1792500 396
1792510 395
1792520 394
1792530 393
1792540 392
1792550 391
1792560 390
1792570 389
1792580 389
1792590 388
1792600 387
1792610 386
1792620 385
1792630 385
1792640 384
1792650 383
1792660 381
1792670 380
1792680 378
1792690 378
1792700 379
1792710 381
1792720 381
1792730 381
1792740 381
1792750 382
1792760 382
1792770 383
1792780 384
1792790 384
1792800 385
1792810 386
1792820 386
1792830 386
1792840 387
1792850 387
1792860 387
1792870 388
1792880 388
1792890 388
1792900 389
1792910 389
1792920 389
1792930 389
1792940 388
1792950 388
1792960 388
1792970 388
1792980 388
1792990 388
1793000 387
1793010 387
1793020 387
1793030 386
1793040 386
1793050 386
1793060 385
1793070 385
1793080 384
1793090 384
1793100 384
1793110 383
1793120 383
1793130 383
1793140 382
1793150 382
1793160 382
1793170 382
1793180 382
1793190 382
1793200 382
1793210 382
1793220 382
1793230 382
1793240 382
1793250 382
1793260 382
1793270 382
1793280 382
1793290 382
1793300 382
1793310 382
1793320 382
1793330 382
1793340 382
1793350 382
1793360 382
1793370 382
1793380 382
1793390 382
1793400 382
1793410 382
1793420 382
1793430 382
1793440 381
1793450 381
1793460 381
1793470 381
1793480 380
1793490 380
1793500 380
1793510 379
1793520 379
1793530 379
1793540 378
1793550 378
1793560 378
1793570 377
1793580 377
1793590 376
1793600 376
1793610 376
1793620 375
1793630 375
1793640 374
1793650 374
1793660 373
1793670 372
1793680 372
1793690 371
1793700 369
1793710 368
1793720 367
1793730 366
1793740 365
1793750 365
1793760 364
1793770 364
1793780 363
1793790 362
1793800 362
1793810 361
1793820 360
1793830 360
1793840 359
1793850 358
1793860 357
1793870 356
1793880 354
1793890 353
1793900 352
1793910 351
1793920 350
1793930 349
1793940 348
1793950 348
1793960 347
1793970 346
1793980 345
1793990 345
1794000 344
1794010 343
1794020 342
1794030 341
1794040 341
1794050 340
1794060 339
1794070 337
1794080 336
1794090 335
1794100 334
1794110 333
1794120 332
1794130 331
1794140 330
1794150 329
1794160 329
1794170 329
1794180 330
1794190 330
1794200 330
1794210 330
1794220 331
1794230 331
1794240 332
1794250 332
1794260 332
1794270 333
1794280 335
1794290 337
1794300 339
1794310 340
1794320 341
1794330 342
1794340 343
1794350 343
1794360 344
1794370 344
1794380 343
1794390 342
1794400 341
1794410 340
1794420 338
1794430 336
1794440 334
1794450 332
1794460 330
1794470 328
1794480 327
1794490 327
1794500 327
1794510 328
1794520 328
1794530 329
1794540 331
1794550 333
1794560 335
1794570 337
1794580 339
1794590 341
1794600 343
1794610 344
1794620 345
1794630 346
1794640 347
1794650 349
1794660 350
1794670 351
1794680 352
1794690 353
1794700 354
1794710 355
1794720 356
1794730 357
1794740 358
1794750 359
1794760 360
1794770 361
1794780 362
1794790 362
1794800 363
1794810 363
1794820 364
1794830 364
1794840 364
1794850 364
1794860 363
1794870 363
1794880 363
1794890 363
1794900 363
1794910 363
1794920 363
1794930 362
1794940 361
1794950 360
1794960 359
1794970 358
1794980 357
1794990 357
1795000 356
1795010 355
1795020 355
1795030 354
1795040 353
1795050 352
1795060 352
1795070 351
1795080 350
1795090 350
1795100 349
1795110 349
1795120 348
1795130 347
1795140 347
1795150 346
1795160 345
1795170 344
1795180 343
1795190 342
1795200 341
1795210 340
1795220 339
1795230 338
1795240 337
1795250 335
1795260 334
1795270 333
1795280 332
1795290 331
1795300 329
1795310 328
1795320 326
1795330 325
1795340 324
1795350 323
1795360 322
1795370 321
1795380 319
1795390 317
1795400 315
1795410 313
1795420 313
1795430 313
1795440 313
1795450 313
1795460 313
1795470 313
1795480 313
1795490 313
1795500 314
1795510 315
1795520 316
1795530 317
1795540 318
1795550 319
1795560 319
1795570 320
1795580 321
1795590 322
1795600 323
1795610 324
1795620 325
1795630 327
1795640 328
1795650 328
1795660 328
1795670 329
1795680 331
1795690 332
1795700 334
1795710 336
1795720 339
1795730 342
1795740 344
1795750 345
1795760 345
1795770 346
1795780 347
1795790 347
1795800 348
1795810 349
1795820 349
1795830 350
1795840 351
1795850 351
1795860 352
1795870 353
1795880 354
1795890 355
1795900 356
1795910 357
1795920 357
1795930 358
1795940 358
1795950 359
1795960 359
1795970 360
1795980 360
1795990 361
1796000 361
1796010 361
1796020 361
1796030 361
1796040 361
1796050 361
1796060 361
1796070 361
1796080 361
1796090 361
1796100 361
1796110 361
1796120 361
1796130 361
1796140 361
1796150 360
1796160 360
1796170 360
1796180 360
1796190 360
1796200 360
1796210 360
1796220 360
1796230 360
1796240 360
1796250 360
1796260 360
1796270 361
1796280 361
1796290 361
1796300 361
1796310 361
1796320 361
1796330 361
1796340 361
1796350 361
1796360 361
1796370 361
1796380 361
1796390 360
1796400 360
1796410 360
1796420 360
1796430 360
1796440 360
1796450 360
1796460 360
1796470 360
1796480 360
1796490 360
1796500 359
1796510 359
1796520 359
1796530 359
1796540 359
1796550 358
1796560 358
1796570 358
1796580 358
1796590 358
1796600 357
1796610 357
1796620 357
1796630 356
1796640 356
1796650 356
1796660 355
1796670 355
1796680 355
1796690 354
1796700 354
1796710 353
1796720 353
1796730 353
1796740 352
1796750 352
1796760 351
1796770 351
1796780 350
1796790 350
1796800 349
1796810 349
1796820 348
1796830 347
1796840 347
1796850 347
1796860 346
1796870 346
1796880 345
1796890 345
1796900 345
1796910 344
1796920 344
1796930 344
1796940 343
1796950 343
1796960 342
1796970 342
1796980 341
1796990 341
1797000 340
1797010 340
1797020 339
1797030 339
1797040 338
1797050 338
1797060 337
1797070 337
1797080 337
1797090 336
1797100 336
1797110 335
1797120 335
1797130 335
1797140 334
1797150 334
1797160 334
1797170 333
1797180 333
1797190 333
1797200 332
1797210 332
1797220 332
1797230 331
1797240 331
1797250 330
1797260 330
1797270 330
1797280 329
1797290 329
1797300 329
1797310 329
1797320 328
1797330 327
1797340 327
1797350 327
1797360 328
1797370 328
1797380 328
1797390 328
1797400 328
1797410 327
1797420 327
1797430 327
1797440 327
1797450 327
1797460 328
1797470 328
1797480 328
1797490 327
1797500 327
1797510 327
1797520 327
1797530 327
1797540 327
1797550 327
1797560 327
1797570 326
1797580 326
1797590 326
1797600 326
1797610 325
1797620 325
1797630 325
1797640 325
1797650 324
1797660 324
1797670 324
1797680 323
1797690 322
1797700 321
1797710 320
1797720 319
1797730 319
1797740 318
1797750 318
1797760 318
1797770 317
1797780 318
1797790 318
1797800 319
1797810 320
1797820 322
1797830 323
1797840 324
1797850 324
1797860 324
1797870 325
1797880 325
1797890 325
1797900 325
1797910 325
1797920 325
1797930 325
1797940 325
1797950 325
1797960 325
1797970 325
1797980 325
1797990 325
1798000 325
1798010 325
1798020 325
1798030 325
1798040 325
1798050 325
1798060 325
1798070 325
1798080 325
1798090 324
1798100 324
1798110 324
1798120 323
1798130 323
1798140 323
1798150 323
1798160 323
1798170 322
1798180 322
1798190 322
1798200 322
1798210 322
1798220 322
1798230 322
1798240 322
1798250 322
1798260 322
1798270 322
1798280 322
1798290 321
1798300 321
1798310 320
1798320 320
1798330 319
1798340 318
1798350 318
1798360 317
1798370 316
1798380 315
1798390 314
1798400 312
1798410 311
1798420 310
1798430 309
1798440 307
1798450 306
1798460 304
1798470 303
1798480 302
1798490 301
1798500 300
1798510 299
1798520 298
1798530 297
1798540 296
1798550 295
1798560 293
1798570 292
1798580 291
1798590 290
1798600 289
1798610 288
1798620 288
1798630 288
1798640 288
1798650 287
1798660 287
1798670 287
1798680 287
1798690 287
1798700 287
1798710 287
1798720 287
1798730 287
1798740 286
1798750 285
1798760 285
1798770 287
1798780 287
1798790 287
1798800 287
1798810 287
1798820 287
1798830 287
1798840 287
1798850 287
1798860 287
1798870 287
1798880 287
1798890 287
1798900 287
1798910 287
1798920 288
1798930 288
1798940 289
1798950 290
1798960 290
1798970 291
1798980 292
1798990 292
1799000 293
1799010 294
1799020 294
1799030 295
1799040 296
1799050 297
1799060 297
1799070 298
1799080 299
1799090 300
1799100 300
1799110 301
1799120 302
1799130 303
1799140 304
1799150 305
1799160 306
1799170 307
1799180 309
1799190 310
1799200 311
1799210 312
1799220 313
1799230 315
1799240 316
1799250 317
1799260 318
1799270 320
1799280 322
1799290 323
1799300 325
1799310 326
1799320 328
1799330 329
1799340 330
1799350 331
1799360 332
1799370 332
1799380 333
1799390 333
1799400 333
1799410 333
1799420 333
1799430 333
1799440 333
1799450 332
1799460 331
1799470 330
1799480 329
1799490 328
1799500 326
1799510 324
1799520 323
1799530 322
1799540 321
1799550 320
1799560 319
1799570 319
1799580 318
1799590 317
1799600 316
1799610 315
1799620 314
1799630 313
1799640 313
1799650 312
1799660 311
1799670 310
1799680 309
1799690 308
1799700 307
1799710 307
1799720 306
1799730 305
1799740 304
1799750 304
1799760 303
1799770 302
1799780 301
1799790 301
1799800 300
1799810 299
1799820 298
1799830 297
1799840 296
1799850 296
1799860 295
1799870 294
1799880 294
1799890 294
1799900 294
1799910 293
1799920 293
1799930 293
1799940 293
1799950 293
1799960 293
1799970 293
1799980 293
1799990 293
