1780000 318
1780010 317
1780020 317
1780030 316
1780040 316
1780050 316
1780060 316
1780070 316
1780080 316
1780090 316
1780100 317
1780110 317
1780120 317
1780130 317
1780140 317
1780150 317
1780160 317
1780170 317
1780180 318
1780190 317
1780200 317
1780210 315
1780220 314
1780230 314
1780240 314
1780250 313
1780260 312
1780270 312
1780280 311
1780290 310
1780300 310
1780310 309
1780320 310
1780330 310
1780340 309
1780350 310
1780360 310
1780370 309
1780380 309
1780390 309
1780400 309
1780410 309
1780420 309
1780430 308
1780440 309
1780450 309
1780460 309
1780470 309
1780480 309
1780490 309
1780500 307
1780510 311
1780520 311
1780530 315
1780540 316
1780550 316
1780560 315
1780570 312
1780580 312
1780590 309
1780600 308
1780610 308
1780620 308
1780630 308
1780640 308
1780650 308
1780660 307
1780670 307
1780680 306
1780690 307
1780700 307
1780710 307
1780720 308
1780730 308
1780740 308
1780750 307
1780760 307
1780770 307
1780780 307
1780790 307
1780800 307
1780810 308
1780820 309
1780830 309
1780840 308
1780850 310
1780860 310
1780870 311
1780880 311
1780890 311
1780900 311
1780910 313
1780920 313
1780930 314
1780940 315
1780950 315
1780960 316
1780970 318
1780980 318
1780990 320
1781000 321
1781010 323
1781020 323
1781030 325
1781040 327
1781050 327
1781060 328
1781070 330
1781080 330
1781090 332
1781100 334
1781110 334
1781120 336
1781130 335
1781140 335
1781150 339
1781160 341
1781170 341
1781180 340
1781190 342
1781200 342
1781210 346
1781220 349
1781230 349
1781240 350
1781250 351
1781260 352
1781270 352
1781280 353
1781290 354
1781300 354
1781310 356
1781320 357
1781330 357
1781340 358
1781350 359
1781360 359
1781370 360
1781380 361
1781390 361
1781400 361
1781410 361
1781420 361
1781430 361
1781440 361
1781450 361
1781460 361
1781470 361
1781480 361
1781490 361
1781500 360
1781510 360
1781520 360
1781530 359
1781540 359
1781550 359
1781560 358
1781570 357
1781580 357
1781590 357
1781600 356
1781610 356
1781620 355
1781630 355
1781640 355
1781650 355
1781660 356
1781670 356
1781680 356
1781690 355
1781700 355
1781710 354
1781720 353
1781730 353
1781740 352
1781750 350
1781760 348
1781770 348
1781780 346
1781790 345
1781800 345
1781810 344
1781820 342
1781830 342
1781840 341
1781850 338
1781860 338
1781870 339
1781880 337
1781890 337
1781900 337
1781910 337
1781920 337
1781930 337
1781940 338
1781950 338
1781960 338
1781970 339
1781980 339
1781990 340
1782000 342
1782010 344
1782020 344
1782030 347
1782040 349
1782050 349
1782060 351
1782070 355
1782080 355
1782090 358
1782100 362
1782110 362
1782120 366
1782130 368
1782140 368
1782150 371
1782160 371
1782170 371
1782180 372
1782190 372
1782200 372
1782210 373
1782220 373
1782230 373
1782240 373
1782250 373
1782260 374
1782270 374
1782280 374
1782290 373
1782300 373
1782310 373
1782320 372
1782330 372
1782340 372
1782350 372
1782360 372
1782370 372
1782380 371
1782390 371
1782400 371
1782410 371
1782420 371
1782430 371
1782440 370
1782450 370
1782460 371
1782470 370
1782480 370
1782490 370
1782500 371
1782510 371
1782520 371
1782530 370
1782540 369
1782550 369
1782560 369
1782570 368
1782580 368
1782590 367
1782600 365
1782610 365
1782620 364
1782630 363
1782640 363
1782650 361
1782660 360
1782670 360
1782680 359
1782690 359
1782700 359
1782710 359
1782720 359
1782730 359
1782740 361
1782750 365
1782760 367
1782770 367
1782780 370
1782790 374
1782800 375
1782810 378
1782820 381
1782830 381
1782840 384
1782850 387
1782860 387
1782870 390
1782880 391
1782890 391
1782900 392
1782910 393
1782920 393
1782930 394
1782940 395
1782950 395
1782960 396
1782970 397
1782980 397
1782990 397
1783000 398
1783010 399
1783020 399
1783030 400
1783040 400
1783050 400
1783060 401
1783070 402
1783080 402
1783090 405
1783100 406
1783110 406
1783120 407
1783130 408
1783140 408
1783150 409
1783160 410
1783170 410
1783180 413
1783190 415
1783200 415
1783210 418
1783220 421
1783230 421
1783240 422
1783250 423
1783260 423
1783270 423
1783280 424
1783290 424
1783300 424
1783310 424
1783320 423
1783330 423
1783340 423
1783350 423
1783360 423
1783370 422
1783380 422
1783390 422
1783400 422
1783410 421
1783420 421
1783430 421
1783440 421
1783450 421
1783460 420
1783470 420
1783480 420
1783490 420
1783500 419
1783510 419
1783520 419
1783530 419
1783540 419
1783550 419
1783560 419
1783570 420
1783580 420
1783590 420
1783600 421
1783610 421
1783620 422
1783630 422
1783640 422
1783650 422
1783660 422
1783670 422
1783680 422
1783690 422
1783700 422
1783710 422
1783720 423
1783730 423
1783740 422
1783750 423
1783760 423
1783770 423
1783780 423
1783790 424
1783800 424
1783810 424
1783820 424
1783830 424
1783840 424
1783850 423
1783860 423
1783870 423
1783880 421
1783890 421
1783900 421
1783910 420
1783920 421
1783930 421
1783940 422
1783950 422
1783960 422
1783970 423
1783980 423
1783990 424
1784000 426
1784010 426
1784020 426
1784030 426
1784040 427
1784050 427
1784060 427
1784070 428
1784080 428
1784090 428
1784100 428
1784110 428
1784120 428
1784130 428
1784140 428
1784150 428
1784160 428
1784170 428
1784180 428
1784190 428
1784200 428
1784210 428
1784220 428
1784230 428
1784240 428
1784250 428
1784260 428
1784270 428
1784280 429
1784290 429
1784300 429
1784310 430
1784320 430
1784330 430
1784340 431
1784350 431
1784360 431
1784370 432
1784380 432
1784390 432
1784400 432
1784410 433
1784420 433
1784430 433
1784440 433
1784450 433
1784460 434
1784470 434
1784480 434
1784490 434
1784500 434
1784510 434
1784520 434
1784530 434
1784540 434
1784550 434
1784560 434
1784570 434
1784580 434
1784590 433
1784600 434
1784610 434
1784620 434
1784630 434
1784640 434
1784650 434
1784660 434
1784670 434
1784680 434
1784690 434
1784700 434
1784710 434
1784720 433
1784730 433
1784740 433
1784750 433
1784760 433
1784770 433
1784780 432
1784790 432
1784800 432
1784810 431
1784820 431
1784830 431
1784840 430
1784850 429
1784860 429
1784870 429
1784880 428
1784890 428
1784900 427
1784910 427
1784920 427
1784930 426
1784940 425
1784950 425
1784960 424
1784970 424
1784980 424
1784990 423
1785000 422
1785010 421
1785020 421
1785030 420
1785040 419
1785050 419
1785060 418
1785070 418
1785080 418
1785090 417
1785100 417
1785110 417
1785120 416
1785130 416
1785140 416
1785150 415
1785160 415
1785170 415
1785180 414
1785190 413
1785200 413
1785210 413
1785220 412
1785230 412
1785240 412
1785250 411
1785260 410
1785270 410
1785280 410
1785290 409
1785300 409
1785310 407
1785320 405
1785330 405
1785340 404
1785350 402
1785360 402
1785370 402
1785380 399
1785390 399
1785400 397
1785410 394
1785420 394
1785430 391
1785440 389
1785450 389
1785460 388
1785470 388
1785480 388
1785490 387
1785500 386
1785510 386
1785520 384
1785530 382
1785540 380
1785550 380
1785560 378
1785570 376
1785580 376
1785590 378
1785600 383
1785610 383
1785620 383
1785630 383
1785640 383
1785650 383
1785660 383
1785670 383
1785680 383
1785690 383
1785700 383
1785710 383
1785720 383
1785730 383
1785740 383
1785750 383
1785760 383
1785770 383
1785780 382
1785790 382
1785800 382
1785810 382
1785820 382
1785830 382
1785840 383
1785850 383
1785860 383
1785870 384
1785880 384
1785890 384
1785900 384
1785910 384
1785920 384
1785930 385
1785940 385
1785950 385
1785960 385
1785970 385
1785980 385
1785990 385
1786000 386
1786010 386
1786020 386
1786030 386
1786040 385
1786050 385
1786060 385
1786070 385
1786080 385
1786090 385
1786100 384
1786110 384
1786120 384
1786130 383
1786140 383
1786150 382
1786160 381
1786170 381
1786180 381
1786190 380
1786200 380
1786210 379
1786220 377
1786230 377
1786240 376
1786250 375
1786260 375
1786270 374
1786280 373
1786290 372
1786300 372
1786310 371
1786320 370
1786330 370
1786340 369
1786350 368
1786360 368
1786370 366
1786380 365
1786390 365
1786400 363
1786410 362
1786420 362
1786430 362
1786440 361
1786450 361
1786460 360
1786470 359
1786480 359
1786490 359
1786500 358
1786510 358
1786520 357
1786530 356
1786540 352
1786550 352
1786560 350
1786570 351
1786580 351
1786590 353
1786600 352
1786610 352
1786620 352
1786630 351
1786640 351
1786650 351
1786660 350
1786670 350
1786680 350
1786690 349
1786700 349
1786710 349
1786720 348
1786730 348
1786740 347
1786750 347
1786760 347
1786770 346
1786780 345
1786790 345
1786800 345
1786810 344
1786820 343
1786830 343
1786840 342
1786850 342
1786860 342
1786870 341
1786880 340
1786890 340
1786900 340
1786910 339
1786920 339
1786930 338
1786940 337
1786950 337
1786960 335
1786970 335
1786980 335
1786990 333
1787000 332
1787010 332
1787020 332
1787030 333
1787040 333
1787050 333
1787060 333
1787070 333
1787080 333
1787090 333
1787100 333
1787110 333
1787120 333
1787130 333
1787140 333
1787150 333
1787160 333
1787170 333
1787180 333
1787190 333
1787200 333
1787210 333
1787220 333
1787230 334
1787240 334
1787250 334
1787260 334
1787270 333
1787280 333
1787290 333
1787300 333
1787310 333
1787320 333
1787330 333
1787340 333
1787350 332
1787360 332
1787370 332
1787380 332
1787390 332
1787400 332
1787410 331
1787420 331
1787430 331
1787440 331
1787450 331
1787460 330
1787470 330
1787480 330
1787490 330
1787500 329
1787510 329
1787520 328
1787530 328
1787540 327
1787550 327
1787560 327
1787570 327
1787580 327
1787590 326
1787600 326
1787610 326
1787620 325
1787630 325
1787640 325
1787650 325
1787660 326
1787670 326
1787680 325
1787690 324
1787700 324
1787710 324
1787720 324
1787730 324
1787740 324
1787750 324
1787760 324
1787770 324
1787780 324
1787790 324
1787800 324
1787810 323
1787820 323
1787830 323
1787840 323
1787850 323
1787860 323
1787870 323
1787880 322
1787890 322
1787900 322
1787910 322
1787920 322
1787930 322
1787940 322
1787950 322
1787960 322
1787970 322
1787980 322
1787990 322
1788000 321
1788010 321
1788020 321
1788030 321
1788040 321
1788050 321
1788060 321
1788070 321
1788080 321
1788090 321
1788100 321
1788110 321
1788120 321
1788130 320
1788140 320
1788150 320
1788160 318
1788170 318
1788180 320
1788190 320
1788200 320
1788210 320
1788220 321
1788230 321
1788240 321
1788250 321
1788260 321
1788270 321
1788280 321
1788290 321
1788300 321
1788310 322
1788320 322
1788330 322
1788340 322
1788350 322
1788360 322
1788370 323
1788380 323
1788390 323
1788400 324
1788410 324
1788420 324
1788430 325
1788440 325
1788450 325
1788460 326
1788470 327
1788480 327
1788490 327
1788500 328
1788510 328
1788520 328
1788530 328
1788540 329
1788550 329
1788560 329
1788570 330
1788580 330
1788590 330
1788600 330
1788610 330
1788620 330
1788630 331
1788640 331
1788650 331
1788660 331
1788670 331
1788680 331
1788690 331
1788700 331
1788710 331
1788720 331
1788730 331
1788740 330
1788750 330
1788760 330
1788770 329
1788780 329
1788790 328
1788800 328
1788810 327
1788820 326
1788830 326
1788840 325
1788850 324
1788860 324
1788870 323
1788880 321
1788890 321
1788900 320
1788910 319
1788920 319
1788930 318
1788940 317
1788950 317
1788960 316
1788970 316
1788980 316
1788990 315
1789000 315
1789010 315
1789020 315
1789030 315
1789040 314
1789050 314
1789060 314
1789070 314
1789080 314
1789090 314
1789100 314
1789110 314
1789120 314
1789130 314
1789140 314
1789150 314
1789160 314
1789170 314
1789180 314
1789190 314
1789200 314
1789210 314
1789220 314
1789230 314
1789240 314
1789250 314
1789260 314
1789270 314
1789280 314
1789290 314
1789300 314
1789310 314
1789320 314
1789330 314
1789340 314
1789350 314
1789360 314
1789370 314
1789380 314
1789390 314
1789400 314
1789410 314
1789420 314
1789430 314
1789440 314
1789450 314
1789460 314
1789470 314
1789480 314
1789490 314
1789500 314
1789510 314
1789520 314
1789530 314
1789540 314
1789550 314
1789560 314
1789570 314
1789580 314
1789590 314
1789600 314
1789610 314
1789620 314
1789630 314
1789640 314
1789650 314
1789660 314
1789670 314
1789680 314
1789690 314
1789700 314
1789710 314
1789720 314
1789730 314
1789740 314
1789750 314
1789760 314
1789770 314
1789780 314
1789790 314
1789800 314
1789810 313
1789820 313
1789830 313
1789840 312
1789850 312
1789860 312
1789870 312
1789880 312
1789890 312
1789900 312
1789910 312
1789920 312
1789930 312
1789940 312
1789950 312
1789960 312
1789970 312
1789980 312
1789990 312
1790000 312
1790010 312
1790020 312
1790030 312
1790040 313
1790050 313
1790060 313
1790070 312
1790080 312
1790090 312
1790100 312
1790110 312
1790120 312
1790130 312
1790140 312
1790150 312
1790160 312
1790170 312
1790180 312
1790190 312
1790200 312
1790210 312
1790220 312
1790230 312
1790240 312
1790250 312
1790260 312
1790270 312
1790280 312
1790290 312
1790300 312
1790310 312
1790320 312
1790330 312
1790340 312
1790350 312
1790360 312
1790370 312
1790380 312
1790390 312
1790400 313
1790410 313
1790420 313
1790430 312
1790440 312
1790450 312
1790460 312
1790470 312
1790480 312
1790490 312
1790500 312
1790510 312
1790520 313
1790530 313
1790540 313
1790550 313
1790560 313
1790570 313
1790580 313
1790590 313
1790600 313
1790610 313
1790620 313
1790630 313
1790640 313
1790650 313
1790660 313
1790670 313
1790680 313
1790690 313
1790700 313
1790710 313
1790720 313
1790730 313
1790740 313
1790750 313
1790760 313
1790770 313
1790780 313
1790790 313
1790800 313
1790810 313
1790820 313
1790830 313
1790840 312
1790850 313
1790860 313
1790870 313
1790880 314
1790890 314
1790900 312
1790910 313
1790920 313
1790930 314
1790940 313
1790950 313
1790960 313
1790970 313
1790980 313
1790990 313
1791000 313
1791010 313
1791020 313
1791030 313
1791040 313
1791050 313
1791060 313
1791070 313
1791080 313
1791090 313
1791100 313
1791110 313
1791120 313
1791130 313
1791140 313
1791150 313
1791160 313
1791170 313
1791180 313
1791190 313
1791200 313
1791210 313
1791220 313
1791230 313
1791240 313
1791250 313
1791260 313
1791270 313
1791280 313
1791290 313
1791300 313
1791310 313
1791320 313
1791330 313
1791340 313
1791350 313
1791360 313
1791370 313
1791380 313
1791390 313
1791400 313
1791410 313
1791420 313
1791430 315
1791440 319
1791450 319
1791460 323
1791470 326
1791480 326
1791490 328
1791500 325
1791510 325
1791520 327
1791530 328
1791540 328
1791550 328
1791560 328
1791570 328
1791580 328
1791590 328
1791600 328
1791610 328
1791620 328
1791630 327
1791640 327
1791650 328
1791660 330
1791670 330
1791680 331
1791690 332
1791700 332
1791710 333
1791720 333
1791730 333
1791740 333
1791750 334
1791760 334
1791770 334
1791780 335
1791790 335
1791800 336
1791810 337
1791820 339
1791830 339
1791840 340
1791850 341
1791860 341
1791870 342
1791880 344
1791890 344
1791900 346
1791910 349
1791920 349
1791930 352
1791940 352
1791950 352
1791960 354
1791970 361
1791980 361
1791990 368
1792000 375
1792010 375
1792020 382
1792030 389
1792040 389
1792050 396
1792060 401
1792070 401
1792080 401
1792090 401
1792100 400
1792110 400
1792120 399
1792130 399
1792140 399
1792150 398
1792160 397
1792170 397
1792180 395
1792190 395
1792200 395
1792210 394
1792220 392
1792230 392
1792240 391
1792250 390
1792260 390
1792270 388
1792280 387
1792290 387
1792300 385
1792310 385
1792320 387
1792330 387
1792340 391
1792350 398
1792360 398
1792370 398
1792380 398
1792390 398
1792400 398
1792410 399
1792420 399
1792430 398
1792440 397
1792450 397
1792460 396
1792470 396
1792480 396
1792490 393
1792500 392
1792510 392
1792520 391
1792530 390
1792540 390
1792550 390
1792560 389
1792570 389
1792580 389
1792590 389
1792600 389
1792610 389
1792620 389
1792630 389
1792640 389
1792650 389
1792660 390
1792670 390
1792680 390
1792690 391
1792700 391
1792710 392
1792720 392
1792730 392
1792740 392
1792750 393
1792760 393
1792770 393
1792780 393
1792790 393
1792800 393
1792810 393
1792820 392
1792830 392
1792840 392
1792850 392
1792860 392
1792870 391
1792880 391
1792890 391
1792900 391
1792910 390
1792920 390
1792930 390
1792940 389
1792950 389
1792960 389
1792970 389
1792980 389
1792990 388
1793000 388
1793010 388
1793020 388
1793030 387
1793040 387
1793050 387
1793060 387
1793070 387
1793080 387
1793090 387
