1780000 316
1780010 316
1780020 316
1780030 315
1780040 315
1780050 315
1780060 315
1780070 315
1780080 315
1780090 315
1780100 315
1780110 315
1780120 315
1780130 315
1780140 315
1780150 314
1780160 314
1780170 314
1780180 314
1780190 314
1780200 314
1780210 314
1780220 314
1780230 314
1780240 314
1780250 314
1780260 314
1780270 314
1780280 314
1780290 314
1780300 313
1780310 313
1780320 313
1780330 312
1780340 314
1780350 314
1780360 314
1780370 314
1780380 314
1780390 313
1780400 313
1780410 313
1780420 313
1780430 313
1780440 313
1780450 313
1780460 314
1780470 314
1780480 314
1780490 314
1780500 314
1780510 314
1780520 314
1780530 315
1780540 315
1780550 315
1780560 314
1780570 314
1780580 315
1780590 315
1780600 315
1780610 316
1780620 317
1780630 317
1780640 317
1780650 318
1780660 318
1780670 318
1780680 319
1780690 319
1780700 320
1780710 321
1780720 321
1780730 322
1780740 323
1780750 325
1780760 325
1780770 326
1780780 327
1780790 327
1780800 329
1780810 330
1780820 330
1780830 331
1780840 333
1780850 333
1780860 334
1780870 335
1780880 335
1780890 335
1780900 336
1780910 336
1780920 336
1780930 336
1780940 337
1780950 338
1780960 337
1780970 337
1780980 337
1780990 338
1781000 338
1781010 338
1781020 337
1781030 337
1781040 337
1781050 337
1781060 337
1781070 337
1781080 337
1781090 337
1781100 337
1781110 337
1781120 337
1781130 337
1781140 337
1781150 337
1781160 337
1781170 336
1781180 336
1781190 336
1781200 336
1781210 332
1781220 332
1781230 329
1781240 330
1781250 330
1781260 330
1781270 330
1781280 333
1781290 333
1781300 332
1781310 331
1781320 331
1781330 330
1781340 329
1781350 329
1781360 328
1781370 327
1781380 327
1781390 327
1781400 326
1781410 326
1781420 325
1781430 325
1781440 325
1781450 324
1781460 324
1781470 324
1781480 324
1781490 324
1781500 323
1781510 323
1781520 323
1781530 323
1781540 323
1781550 322
1781560 323
1781570 323
1781580 323
1781590 323
1781600 323
1781610 322
1781620 322
1781630 322
1781640 322
1781650 322
1781660 322
1781670 322
1781680 322
1781690 322
1781700 322
1781710 322
1781720 322
1781730 323
1781740 323
1781750 323
1781760 323
1781770 323
1781780 323
1781790 323
1781800 323
1781810 323
1781820 323
1781830 323
1781840 323
1781850 323
1781860 323
1781870 323
1781880 323
1781890 323
1781900 323
1781910 323
1781920 323
1781930 324
1781940 324
1781950 324
1781960 324
1781970 324
1781980 324
1781990 323
1782000 323
1782010 322
1782020 324
1782030 324
1782040 324
1782050 325
1782060 325
1782070 325
1782080 325
1782090 325
1782100 325
1782110 326
1782120 326
1782130 326
1782140 326
1782150 327
1782160 327
1782170 327
1782180 328
1782190 328
1782200 328
1782210 328
1782220 328
1782230 328
1782240 328
1782250 328
1782260 328
1782270 328
1782280 329
1782290 329
1782300 329
1782310 328
1782320 328
1782330 328
1782340 328
1782350 328
1782360 328
1782370 328
1782380 328
1782390 328
1782400 328
1782410 328
1782420 328
1782430 328
1782440 328
1782450 329
1782460 329
1782470 329
1782480 329
1782490 329
1782500 329
1782510 329
1782520 329
1782530 329
1782540 329
1782550 331
1782560 332
1782570 332
1782580 332
1782590 333
1782600 333
1782610 333
1782620 333
1782630 333
1782640 335
1782650 337
1782660 337
1782670 339
1782680 341
1782690 341
1782700 343
1782710 345
1782720 345
1782730 347
1782740 348
1782750 348
1782760 350
1782770 352
1782780 356
1782790 356
1782800 358
1782810 360
1782820 360
1782830 362
1782840 363
1782850 363
1782860 364
1782870 364
1782880 364
1782890 364
1782900 364
1782910 364
1782920 364
1782930 364
1782940 364
1782950 364
1782960 364
1782970 364
1782980 364
1782990 364
1783000 364
1783010 364
1783020 364
1783030 364
1783040 364
1783050 364
1783060 365
1783070 365
1783080 365
1783090 366
1783100 366
1783110 367
1783120 367
1783130 367
1783140 368
1783150 369
1783160 369
1783170 371
1783180 372
1783190 372
1783200 374
1783210 375
1783220 375
1783230 375
1783240 377
1783250 377
1783260 379
1783270 380
1783280 381
1783290 381
1783300 382
1783310 385
1783320 385
1783330 385
1783340 385
1783350 385
1783360 387
1783370 387
1783380 387
1783390 387
1783400 387
1783410 387
1783420 388
1783430 389
1783440 389
1783450 389
1783460 388
1783470 388
1783480 388
1783490 388
1783500 388
1783510 388
1783520 389
1783530 389
1783540 391
1783550 394
1783560 396
1783570 396
1783580 398
1783590 400
1783600 400
1783610 402
1783620 405
1783630 405
1783640 406
1783650 408
1783660 408
1783670 410
1783680 412
1783690 412
1783700 414
1783710 416
1783720 416
1783730 418
1783740 420
1783750 420
1783760 422
1783770 424
1783780 424
1783790 425
1783800 426
1783810 427
1783820 427
1783830 427
1783840 426
1783850 426
1783860 427
1783870 426
1783880 426
1783890 426
1783900 426
1783910 426
1783920 425
1783930 425
1783940 425
1783950 424
1783960 423
1783970 423
1783980 423
1783990 422
1784000 422
1784010 421
1784020 421
1784030 421
1784040 420
1784050 419
1784060 419
1784070 419
1784080 418
1784090 417
1784100 417
1784110 416
1784120 416
1784130 416
1784140 415
1784150 414
1784160 414
1784170 414
1784180 413
1784190 413
1784200 413
1784210 412
1784220 412
1784230 412
1784240 412
1784250 412
1784260 411
1784270 410
1784280 410
1784290 411
1784300 411
1784310 411
1784320 411
1784330 412
1784340 412
1784350 412
1784360 413
1784370 414
1784380 414
1784390 414
1784400 415
1784410 415
1784420 415
1784430 414
1784440 414
1784450 413
1784460 412
1784470 412
1784480 412
1784490 411
1784500 411
1784510 411
1784520 412
1784530 412
1784540 411
1784550 411
1784560 412
1784570 412
1784580 412
1784590 413
1784600 413
1784610 413
1784620 414
1784630 414
1784640 414
1784650 415
1784660 415
1784670 415
1784680 416
1784690 416
1784700 417
1784710 417
1784720 417
1784730 418
1784740 418
1784750 418
1784760 418
1784770 419
1784780 419
1784790 419
1784800 419
1784810 419
1784820 419
1784830 420
1784840 420
1784850 420
1784860 420
1784870 420
1784880 420
1784890 420
1784900 420
1784910 420
1784920 420
1784930 419
1784940 419
1784950 419
1784960 419
1784970 419
1784980 419
1784990 419
1785000 419
1785010 419
1785020 419
1785030 419
1785040 419
1785050 418
1785060 418
1785070 418
1785080 417
1785090 417
1785100 417
1785110 417
1785120 416
1785130 416
1785140 415
1785150 415
1785160 415
1785170 414
1785180 414
1785190 414
1785200 413
1785210 412
1785220 412
1785230 411
1785240 411
1785250 411
1785260 410
1785270 409
1785280 409
1785290 409
1785300 408
1785310 408
1785320 407
1785330 407
1785340 407
1785350 407
1785360 406
1785370 406
1785380 406
1785390 406
1785400 406
1785410 406
1785420 406
1785430 406
1785440 406
1785450 405
1785460 405
1785470 405
1785480 405
1785490 404
1785500 404
1785510 404
1785520 403
1785530 403
1785540 403
1785550 402
1785560 402
1785570 402
1785580 401
1785590 400
1785600 400
1785610 399
1785620 398
1785630 398
1785640 397
1785650 396
1785660 396
1785670 395
1785680 394
1785690 394
1785700 393
1785710 392
1785720 392
1785730 391
1785740 390
1785750 390
1785760 388
1785770 387
1785780 387
1785790 386
1785800 385
1785810 385
1785820 384
1785830 383
1785840 382
1785850 382
1785860 382
1785870 381
1785880 381
1785890 380
1785900 380
1785910 380
1785920 379
1785930 377
1785940 377
1785950 376
1785960 374
1785970 374
1785980 373
1785990 372
1786000 372
1786010 372
1786020 371
1786030 371
1786040 370
1786050 369
1786060 369
1786070 368
1786080 368
1786090 367
1786100 367
1786110 366
1786120 365
1786130 365
1786140 364
1786150 363
1786160 363
1786170 362
1786180 361
1786190 361
1786200 359
1786210 356
1786220 356
1786230 356
1786240 358
1786250 358
1786260 357
1786270 356
1786280 356
1786290 355
1786300 354
1786310 354
1786320 354
1786330 353
1786340 353
1786350 352
1786360 351
1786370 351
1786380 351
1786390 350
1786400 349
1786410 349
1786420 348
1786430 347
1786440 347
1786450 347
1786460 346
1786470 346
1786480 345
1786490 345
1786500 345
1786510 344
1786520 343
1786530 343
1786540 343
1786550 342
1786560 342
1786570 341
1786580 341
1786590 341
1786600 340
1786610 339
1786620 338
1786630 338
1786640 337
1786650 336
1786660 336
1786670 335
1786680 335
1786690 335
1786700 335
1786710 335
1786720 335
1786730 334
1786740 334
1786750 334
1786760 334
1786770 334
1786780 334
1786790 334
1786800 333
1786810 333
1786820 333
1786830 332
1786840 332
1786850 330
1786860 330
1786870 333
1786880 333
1786890 333
1786900 333
1786910 333
1786920 334
1786930 334
1786940 334
1786950 334
1786960 334
1786970 334
1786980 334
1786990 334
1787000 334
1787010 334
1787020 334
1787030 334
1787040 334
1787050 334
1787060 334
1787070 334
1787080 335
1787090 335
1787100 335
1787110 336
1787120 338
1787130 338
1787140 339
1787150 340
1787160 340
1787170 340
1787180 341
1787190 341
1787200 343
1787210 344
1787220 344
1787230 345
1787240 346
1787250 346
1787260 347
1787270 348
1787280 348
1787290 349
1787300 349
1787310 349
1787320 350
1787330 351
1787340 351
1787350 351
1787360 352
1787370 353
1787380 353
1787390 354
1787400 354
1787410 354
1787420 355
1787430 356
1787440 356
1787450 357
1787460 357
1787470 357
1787480 358
1787490 358
1787500 358
1787510 358
1787520 357
1787530 357
1787540 359
1787550 359
1787560 359
1787570 360
1787580 360
1787590 360
1787600 360
1787610 360
1787620 360
1787630 360
1787640 360
1787650 360
1787660 360
1787670 360
1787680 360
1787690 360
1787700 360
1787710 360
1787720 360
1787730 360
1787740 360
1787750 360
1787760 360
1787770 360
1787780 360
1787790 359
1787800 359
1787810 359
1787820 359
1787830 359
1787840 359
1787850 358
1787860 358
1787870 358
1787880 358
1787890 357
1787900 357
1787910 357
1787920 356
1787930 356
1787940 356
1787950 355
1787960 355
1787970 355
1787980 354
1787990 354
1788000 354
1788010 353
1788020 353
1788030 353
1788040 352
1788050 352
1788060 352
1788070 351
1788080 351
1788090 351
1788100 350
1788110 350
1788120 350
1788130 349
1788140 349
1788150 349
1788160 349
1788170 348
1788180 348
1788190 348
1788200 347
1788210 347
1788220 347
1788230 347
1788240 347
1788250 347
1788260 346
1788270 346
1788280 346
1788290 346
1788300 345
1788310 345
1788320 345
1788330 344
1788340 344
1788350 345
1788360 345
1788370 345
1788380 345
1788390 345
1788400 345
1788410 345
1788420 344
1788430 344
1788440 344
1788450 344
1788460 344
1788470 344
1788480 344
1788490 344
1788500 344
1788510 343
1788520 343
1788530 343
1788540 343
1788550 343
1788560 343
1788570 342
1788580 342
1788590 342
1788600 342
1788610 342
1788620 342
1788630 342
1788640 342
1788650 342
1788660 342
1788670 341
1788680 341
1788690 341
1788700 341
1788710 341
1788720 341
1788730 341
1788740 340
1788750 340
1788760 340
1788770 340
1788780 340
1788790 340
1788800 339
1788810 339
1788820 339
1788830 339
1788840 339
1788850 338
1788860 338
1788870 338
1788880 339
1788890 339
1788900 339
1788910 339
1788920 339
1788930 339
1788940 339
1788950 339
1788960 340
1788970 340
1788980 339
1788990 339
1789000 339
1789010 340
1789020 340
1789030 340
1789040 340
1789050 340
1789060 340
1789070 340
1789080 340
1789090 340
1789100 340
1789110 340
1789120 340
1789130 340
1789140 340
1789150 340
1789160 340
1789170 340
1789180 340
1789190 340
1789200 340
1789210 340
1789220 340
1789230 340
1789240 340
1789250 340
1789260 339
1789270 339
1789280 339
1789290 339
1789300 339
1789310 339
1789320 338
1789330 338
1789340 338
1789350 337
1789360 337
1789370 337
1789380 336
1789390 335
1789400 335
1789410 333
1789420 331
1789430 329
1789440 329
1789450 328
1789460 326
1789470 326
1789480 325
1789490 324
1789500 324
1789510 323
1789520 323
1789530 323
1789540 323
1789550 323
1789560 323
1789570 322
1789580 322
1789590 322
1789600 322
1789610 322
1789620 322
1789630 322
1789640 322
1789650 322
1789660 323
1789670 322
1789680 322
1789690 322
1789700 322
1789710 321
1789720 321
1789730 321
1789740 321
1789750 321
1789760 321
1789770 321
1789780 321
1789790 321
1789800 321
1789810 321
1789820 321
1789830 321
1789840 321
1789850 321
1789860 321
1789870 321
1789880 320
1789890 321
1789900 321
1789910 321
1789920 321
1789930 321
1789940 321
1789950 321
1789960 321
1789970 321
1789980 322
1789990 322
1790000 322
1790010 322
1790020 322
1790030 322
1790040 322
1790050 322
1790060 322
1790070 322
1790080 322
1790090 322
1790100 322
1790110 322
1790120 322
1790130 323
1790140 323
1790150 323
1790160 323
1790170 323
1790180 321
1790190 321
1790200 322
1790210 321
1790220 321
1790230 321
1790240 322
1790250 322
1790260 321
1790270 322
1790280 322
1790290 323
1790300 323
1790310 323
1790320 322
1790330 322
1790340 322
1790350 323
1790360 322
1790370 322
1790380 322
1790390 322
1790400 322
1790410 322
1790420 322
1790430 322
1790440 322
1790450 322
1790460 321
1790470 321
1790480 321
1790490 321
1790500 321
1790510 321
1790520 321
1790530 321
1790540 321
1790550 321
1790560 321
1790570 321
1790580 321
1790590 321
1790600 321
1790610 321
1790620 321
1790630 321
1790640 321
1790650 321
1790660 321
1790670 321
1790680 321
1790690 321
1790700 321
1790710 321
1790720 321
1790730 321
1790740 322
1790750 322
1790760 322
1790770 321
1790780 321
1790790 321
1790800 321
1790810 321
1790820 321
1790830 321
1790840 321
1790850 321
1790860 321
1790870 321
1790880 321
1790890 321
1790900 321
1790910 321
1790920 321
1790930 321
1790940 322
1790950 322
1790960 322
1790970 322
1790980 322
1790990 322
1791000 322
1791010 322
1791020 322
1791030 322
1791040 322
1791050 322
1791060 322
1791070 322
1791080 321
1791090 321
1791100 322
1791110 322
1791120 322
1791130 322
1791140 322
1791150 322
1791160 322
1791170 322
1791180 322
1791190 322
1791200 322
1791210 322
1791220 322
1791230 321
1791240 322
1791250 322
1791260 322
1791270 322
1791280 322
1791290 322
1791300 322
1791310 322
1791320 322
1791330 322
1791340 322
1791350 322
1791360 322
1791370 322
1791380 322
1791390 322
1791400 322
1791410 322
1791420 322
1791430 322
1791440 322
1791450 323
1791460 323
1791470 323
1791480 323
1791490 323
1791500 323
1791510 324
1791520 324
1791530 324
1791540 324
1791550 324
1791560 324
1791570 324
1791580 324
1791590 324
1791600 324
1791610 325
1791620 325
1791630 325
1791640 325
1791650 325
1791660 326
1791670 326
1791680 326
1791690 327
1791700 328
1791710 329
1791720 329
1791730 331
1791740 332
1791750 332
1791760 336
1791770 336
1791780 336
1791790 336
1791800 338
1791810 338
1791820 339
1791830 340
1791840 340
1791850 342
1791860 342
1791870 342
1791880 342
1791890 339
1791900 339
1791910 340
1791920 342
1791930 342
1791940 344
1791950 348
1791960 348
1791970 351
1791980 353
1791990 356
1792000 356
1792010 358
1792020 359
1792030 359
1792040 361
1792050 362
1792060 362
1792070 364
1792080 365
1792090 365
1792100 367
1792110 369
1792120 369
1792130 371
1792140 373
1792150 373
1792160 375
1792170 376
1792180 376
1792190 378
1792200 379
1792210 379
1792220 382
1792230 384
1792240 385
1792250 385
1792260 387
1792270 389
1792280 389
1792290 392
1792300 395
1792310 395
1792320 397
1792330 398
1792340 398
1792350 400
1792360 401
1792370 401
1792380 403
1792390 405
1792400 405
1792410 406
1792420 408
1792430 408
1792440 409
1792450 409
1792460 409
1792470 411
1792480 411
1792490 411
1792500 411
1792510 412
1792520 412
1792530 412
1792540 412
1792550 412
1792560 412
1792570 412
1792580 412
1792590 412
1792600 412
1792610 412
1792620 412
1792630 412
1792640 412
1792650 412
1792660 411
1792670 410
1792680 410
1792690 410
1792700 410
1792710 410
1792720 409
1792730 407
1792740 407
1792750 407
1792760 407
1792770 407
1792780 407
1792790 406
1792800 405
1792810 405
1792820 404
1792830 404
1792840 404
1792850 403
1792860 403
1792870 403
1792880 402
1792890 402
1792900 402
1792910 401
1792920 401
1792930 401
1792940 401
1792950 400
1792960 400
1792970 400
1792980 400
1792990 399
1793000 399
1793010 399
1793020 398
1793030 398
1793040 397
1793050 398
1793060 398
1793070 398
1793080 398
1793090 398
