1780000 329
1780010 329
1780020 330
1780030 330
1780040 331
1780050 332
1780060 332
1780070 333
1780080 334
1780090 334
1780100 335
1780110 335
1780120 335
1780130 336
1780140 336
1780150 336
1780160 337
1780170 337
1780180 337
1780190 337
1780200 337
1780210 337
1780220 337
1780230 337
1780240 337
1780250 337
1780260 337
1780270 336
1780280 336
1780290 336
1780300 336
1780310 336
1780320 336
1780330 335
1780340 335
1780350 335
1780360 335
1780370 335
1780380 336
1780390 337
1780400 337
1780410 337
1780420 338
1780430 338
1780440 339
1780450 340
1780460 340
1780470 341
1780480 342
1780490 344
1780500 344
1780510 346
1780520 348
1780530 348
1780540 350
1780550 352
1780560 352
1780570 353
1780580 354
1780590 354
1780600 355
1780610 355
1780620 355
1780630 355
1780640 354
1780650 354
1780660 354
1780670 354
1780680 354
1780690 353
1780700 353
1780710 353
1780720 353
1780730 352
1780740 352
1780750 352
1780760 352
1780770 352
1780780 352
1780790 352
1780800 351
1780810 351
1780820 351
1780830 350
1780840 350
1780850 350
1780860 349
1780870 349
1780880 348
1780890 348
1780900 348
1780910 347
1780920 347
1780930 347
1780940 347
1780950 346
1780960 346
1780970 346
1780980 346
1780990 346
1781000 346
1781010 346
1781020 346
1781030 346
1781040 346
1781050 346
1781060 346
1781070 346
1781080 346
1781090 346
1781100 346
1781110 346
1781120 346
1781130 346
1781140 347
1781150 347
1781160 347
1781170 347
1781180 347
1781190 348
1781200 347
1781210 347
1781220 346
1781230 346
1781240 346
1781250 347
1781260 352
1781270 352
1781280 352
1781290 353
1781300 353
1781310 353
1781320 354
1781330 354
1781340 354
1781350 355
1781360 355
1781370 355
1781380 356
1781390 356
1781400 356
1781410 356
1781420 356
1781430 356
1781440 356
1781450 356
1781460 356
1781470 356
1781480 356
1781490 356
1781500 355
1781510 355
1781520 355
1781530 355
1781540 354
1781550 354
1781560 354
1781570 354
1781580 354
1781590 354
1781600 353
1781610 353
1781620 353
1781630 353
1781640 353
1781650 353
1781660 352
1781670 351
1781680 351
1781690 350
1781700 350
1781710 350
1781720 349
1781730 348
1781740 348
1781750 347
1781760 346
1781770 345
1781780 345
1781790 344
1781800 342
1781810 342
1781820 340
1781830 339
1781840 339
1781850 339
1781860 339
1781870 339
1781880 338
1781890 338
1781900 338
1781910 338
1781920 338
1781930 338
1781940 336
1781950 338
1781960 338
1781970 338
1781980 338
1781990 338
1782000 338
1782010 338
1782020 338
1782030 338
1782040 339
1782050 339
1782060 339
1782070 340
1782080 341
1782090 341
1782100 342
1782110 344
1782120 344
1782130 346
1782140 347
1782150 347
1782160 348
1782170 348
1782180 348
1782190 349
1782200 349
1782210 349
1782220 349
1782230 350
1782240 350
1782250 350
1782260 350
1782270 350
1782280 351
1782290 351
1782300 351
1782310 351
1782320 352
1782330 352
1782340 352
1782350 352
1782360 353
1782370 353
1782380 353
1782390 353
1782400 353
1782410 354
1782420 354
1782430 354
1782440 354
1782450 354
1782460 354
1782470 354
1782480 354
1782490 354
1782500 354
1782510 354
1782520 354
1782530 354
1782540 355
1782550 355
1782560 355
1782570 355
1782580 356
1782590 356
1782600 356
1782610 356
1782620 356
1782630 357
1782640 358
1782650 358
1782660 358
1782670 358
1782680 358
1782690 357
1782700 357
1782710 357
1782720 356
1782730 358
1782740 358
1782750 360
1782760 365
1782770 365
1782780 368
1782790 369
1782800 371
1782810 371
1782820 373
1782830 374
1782840 374
1782850 376
1782860 377
1782870 377
1782880 378
1782890 379
1782900 379
1782910 380
1782920 381
1782930 381
1782940 382
1782950 383
1782960 383
1782970 383
1782980 384
1782990 384
1783000 384
1783010 384
1783020 384
1783030 383
1783040 382
1783050 382
1783060 380
1783070 378
1783080 377
1783090 377
1783100 376
1783110 374
1783120 374
1783130 373
1783140 372
1783150 372
1783160 370
1783170 368
1783180 368
1783190 367
1783200 366
1783210 366
1783220 367
1783230 367
1783240 367
1783250 367
1783260 368
1783270 368
1783280 370
1783290 372
1783300 372
1783310 373
1783320 374
1783330 375
1783340 375
1783350 376
1783360 375
1783370 375
1783380 376
1783390 378
1783400 378
1783410 378
1783420 376
1783430 376
1783440 376
1783450 378
1783460 378
1783470 381
1783480 384
1783490 384
1783500 387
1783510 389
1783520 389
1783530 392
1783540 395
1783550 395
1783560 398
1783570 401
1783580 404
1783590 404
1783600 408
1783610 409
1783620 409
1783630 411
1783640 413
1783650 413
1783660 415
1783670 418
1783680 418
1783690 421
1783700 425
1783710 425
1783720 426
1783730 427
1783740 427
1783750 427
1783760 427
1783770 427
1783780 427
1783790 426
1783800 426
1783810 426
1783820 426
1783830 425
1783840 425
1783850 424
1783860 423
1783870 423
1783880 422
1783890 421
1783900 421
1783910 420
1783920 420
1783930 420
1783940 419
1783950 417
1783960 417
1783970 416
1783980 415
1783990 415
1784000 413
1784010 411
1784020 411
1784030 410
1784040 409
1784050 409
1784060 407
1784070 405
1784080 405
1784090 403
1784100 402
1784110 400
1784120 400
1784130 398
1784140 396
1784150 396
1784160 394
1784170 395
1784180 395
1784190 396
1784200 396
1784210 396
1784220 397
1784230 398
1784240 398
1784250 399
1784260 401
1784270 401
1784280 402
1784290 403
1784300 403
1784310 402
1784320 403
1784330 403
1784340 404
1784350 405
1784360 406
1784370 406
1784380 407
1784390 407
1784400 407
1784410 407
1784420 408
1784430 408
1784440 410
1784450 410
1784460 410
1784470 410
1784480 410
1784490 410
1784500 410
1784510 409
1784520 409
1784530 409
1784540 408
1784550 408
1784560 406
1784570 404
1784580 404
1784590 402
1784600 400
1784610 398
1784620 398
1784630 396
1784640 395
1784650 395
1784660 393
1784670 392
1784680 392
1784690 391
1784700 390
1784710 390
1784720 389
1784730 388
1784740 388
1784750 386
1784760 385
1784770 385
1784780 384
1784790 382
1784800 382
1784810 381
1784820 380
1784830 380
1784840 378
1784850 377
1784860 376
1784870 376
1784880 374
1784890 373
1784900 373
1784910 372
1784920 370
1784930 370
1784940 370
1784950 368
1784960 368
1784970 365
1784980 364
1784990 364
1785000 363
1785010 361
1785020 361
1785030 360
1785040 360
1785050 360
1785060 359
1785070 358
1785080 358
1785090 356
1785100 354
1785110 354
1785120 353
1785130 352
1785140 351
1785150 351
1785160 351
1785170 351
1785180 351
1785190 350
1785200 350
1785210 350
1785220 350
1785230 350
1785240 350
1785250 349
1785260 349
1785270 349
1785280 349
1785290 349
1785300 349
1785310 348
1785320 349
1785330 349
1785340 348
1785350 348
1785360 348
1785370 348
1785380 348
1785390 347
1785400 347
1785410 347
1785420 347
1785430 347
1785440 347
1785450 347
1785460 347
1785470 347
1785480 347
1785490 347
1785500 347
1785510 347
1785520 347
1785530 346
1785540 346
1785550 346
1785560 346
1785570 346
1785580 346
1785590 346
1785600 346
1785610 346
1785620 345
1785630 346
1785640 344
1785650 344
1785660 344
1785670 344
1785680 344
1785690 344
1785700 344
1785710 344
1785720 343
1785730 343
1785740 343
1785750 343
1785760 343
1785770 343
1785780 343
1785790 343
1785800 343
1785810 343
1785820 343
1785830 343
1785840 342
1785850 343
1785860 343
1785870 343
1785880 343
1785890 343
1785900 343
1785910 343
1785920 343
1785930 343
1785940 343
1785950 343
1785960 343
1785970 343
1785980 343
1785990 343
1786000 343
1786010 343
1786020 343
1786030 342
1786040 342
1786050 342
1786060 342
1786070 342
1786080 342
1786090 341
1786100 341
1786110 341
1786120 341
1786130 341
1786140 341
1786150 341
1786160 341
1786170 341
1786180 341
1786190 341
1786200 341
1786210 341
1786220 341
1786230 341
1786240 341
1786250 341
1786260 341
1786270 341
1786280 341
1786290 341
1786300 341
1786310 341
1786320 341
1786330 341
1786340 341
1786350 341
1786360 341
1786370 341
1786380 341
1786390 341
1786400 342
1786410 342
1786420 342
1786430 342
1786440 342
1786450 343
1786460 343
1786470 343
1786480 344
1786490 344
1786500 345
1786510 345
1786520 346
1786530 347
1786540 347
1786550 347
1786560 348
1786570 349
1786580 349
1786590 349
1786600 351
1786610 351
1786620 352
1786630 353
1786640 353
1786650 354
1786660 355
1786670 356
1786680 356
1786690 357
1786700 357
1786710 357
1786720 358
1786730 359
1786740 359
1786750 359
1786760 360
1786770 360
1786780 360
1786790 361
1786800 361
1786810 361
1786820 362
1786830 362
1786840 362
1786850 363
1786860 363
1786870 364
1786880 364
1786890 364
1786900 365
1786910 365
1786920 366
1786930 366
1786940 367
1786950 367
1786960 367
1786970 368
1786980 368
1786990 368
1787000 368
1787010 369
1787020 369
1787030 369
1787040 369
1787050 369
1787060 369
1787070 369
1787080 369
1787090 369
1787100 369
1787110 369
1787120 369
1787130 369
1787140 369
1787150 369
1787160 368
1787170 368
1787180 368
1787190 368
1787200 368
1787210 368
1787220 368
1787230 368
1787240 368
1787250 368
1787260 368
1787270 368
1787280 368
1787290 368
1787300 368
1787310 368
1787320 367
1787330 367
1787340 367
1787350 367
1787360 367
1787370 367
1787380 367
1787390 367
1787400 368
1787410 368
1787420 368
1787430 368
1787440 368
1787450 368
1787460 368
1787470 368
1787480 368
1787490 368
1787500 368
1787510 368
1787520 368
1787530 368
1787540 368
1787550 368
1787560 368
1787570 368
1787580 368
1787590 368
1787600 368
1787610 368
1787620 368
1787630 368
1787640 368
1787650 367
1787660 367
1787670 367
1787680 367
1787690 367
1787700 366
1787710 366
1787720 366
1787730 366
1787740 366
1787750 366
1787760 366
1787770 366
1787780 366
1787790 366
1787800 366
1787810 365
1787820 365
1787830 365
1787840 365
1787850 365
1787860 365
1787870 365
1787880 365
1787890 365
1787900 365
1787910 365
1787920 365
1787930 365
1787940 365
1787950 365
1787960 365
1787970 365
1787980 364
1787990 364
1788000 364
1788010 364
1788020 364
1788030 364
1788040 364
1788050 364
1788060 364
1788070 363
1788080 363
1788090 363
1788100 363
1788110 363
1788120 363
1788130 362
1788140 362
1788150 362
1788160 362
1788170 362
1788180 362
1788190 361
1788200 361
1788210 361
1788220 361
1788230 360
1788240 360
1788250 360
1788260 360
1788270 360
1788280 359
1788290 359
1788300 359
1788310 358
1788320 358
1788330 358
1788340 357
1788350 357
1788360 357
1788370 356
1788380 355
1788390 355
1788400 352
1788410 351
1788420 351
1788430 351
1788440 351
1788450 351
1788460 353
1788470 354
1788480 355
1788490 355
1788500 354
1788510 357
1788520 357
1788530 357
1788540 357
1788550 357
1788560 358
1788570 358
1788580 358
1788590 358
1788600 358
1788610 358
1788620 358
1788630 358
1788640 358
1788650 358
1788660 358
1788670 358
1788680 358
1788690 359
1788700 359
1788710 359
1788720 358
1788730 358
1788740 358
1788750 358
1788760 358
1788770 358
1788780 358
1788790 357
1788800 357
1788810 357
1788820 357
1788830 357
1788840 356
1788850 356
1788860 356
1788870 356
1788880 356
1788890 356
1788900 355
1788910 355
1788920 355
1788930 355
1788940 355
1788950 355
1788960 354
1788970 354
1788980 353
1788990 353
1789000 350
1789010 348
1789020 348
1789030 346
1789040 344
1789050 344
1789060 340
1789070 336
1789080 336
1789090 333
1789100 331
1789110 331
1789120 326
1789130 326
1789140 326
1789150 326
1789160 326
1789170 326
1789180 326
1789190 326
1789200 326
1789210 327
1789220 326
1789230 326
1789240 326
1789250 326
1789260 326
1789270 326
1789280 326
1789290 326
1789300 326
1789310 326
1789320 326
1789330 326
1789340 326
1789350 326
1789360 326
1789370 326
1789380 326
1789390 326
1789400 326
1789410 326
1789420 326
1789430 326
1789440 326
1789450 326
1789460 326
1789470 326
1789480 326
1789490 326
1789500 326
1789510 326
1789520 326
1789530 326
1789540 326
1789550 326
1789560 326
1789570 326
1789580 326
1789590 326
1789600 326
1789610 326
1789620 326
1789630 326
1789640 326
1789650 326
1789660 327
1789670 327
1789680 326
1789690 326
1789700 326
1789710 326
1789720 327
1789730 327
1789740 327
1789750 327
1789760 327
1789770 327
1789780 327
1789790 327
1789800 327
1789810 327
1789820 327
1789830 327
1789840 327
1789850 327
1789860 327
1789870 327
1789880 327
1789890 327
1789900 327
1789910 327
1789920 327
1789930 327
1789940 327
1789950 327
1789960 327
1789970 327
1789980 327
1789990 328
1790000 328
1790010 328
1790020 328
1790030 328
1790040 328
1790050 328
1790060 328
1790070 328
1790080 328
1790090 328
1790100 329
1790110 329
1790120 329
1790130 329
1790140 329
1790150 329
1790160 329
1790170 329
1790180 329
1790190 326
1790200 326
1790210 326
1790220 326
1790230 326
1790240 327
1790250 328
1790260 328
1790270 328
1790280 328
1790290 328
1790300 328
1790310 329
1790320 329
1790330 329
1790340 328
1790350 328
1790360 328
1790370 328
1790380 328
1790390 328
1790400 327
1790410 327
1790420 327
1790430 327
1790440 327
1790450 327
1790460 327
1790470 327
1790480 327
1790490 326
1790500 326
1790510 326
1790520 327
1790530 326
1790540 326
1790550 326
1790560 326
1790570 326
1790580 326
1790590 326
1790600 326
1790610 326
1790620 326
1790630 326
1790640 326
1790650 326
1790660 326
1790670 326
1790680 326
1790690 326
1790700 326
1790710 326
1790720 326
1790730 326
1790740 326
1790750 326
1790760 326
1790770 326
1790780 326
1790790 326
1790800 326
1790810 326
1790820 326
1790830 326
1790840 326
1790850 326
1790860 326
1790870 326
1790880 326
1790890 326
1790900 326
1790910 326
1790920 326
1790930 327
1790940 327
1790950 327
1790960 327
1790970 326
1790980 326
1790990 326
1791000 327
1791010 327
1791020 326
1791030 326
1791040 326
1791050 326
1791060 326
1791070 326
1791080 326
1791090 326
1791100 326
1791110 326
1791120 326
1791130 326
1791140 326
1791150 326
1791160 326
1791170 326
1791180 326
1791190 326
1791200 326
1791210 326
1791220 326
1791230 326
1791240 326
1791250 326
1791260 326
1791270 327
1791280 326
1791290 326
1791300 325
1791310 325
1791320 327
1791330 327
1791340 327
1791350 327
1791360 327
1791370 327
1791380 327
1791390 327
1791400 327
1791410 327
1791420 327
1791430 327
1791440 327
1791450 327
1791460 327
1791470 327
1791480 327
1791490 327
1791500 327
1791510 327
1791520 327
1791530 327
1791540 327
1791550 327
1791560 327
1791570 327
1791580 327
1791590 327
1791600 327
1791610 327
1791620 328
1791630 328
1791640 328
1791650 328
1791660 328
1791670 328
1791680 328
1791690 329
1791700 329
1791710 329
1791720 329
1791730 329
1791740 330
1791750 332
1791760 332
1791770 332
1791780 332
1791790 332
1791800 332
1791810 332
1791820 333
1791830 333
1791840 333
1791850 333
1791860 333
1791870 334
1791880 335
1791890 335
1791900 336
1791910 337
1791920 337
1791930 338
1791940 339
1791950 339
1791960 340
1791970 342
1791980 342
1791990 343
1792000 345
1792010 345
1792020 347
1792030 350
1792040 350
1792050 351
1792060 352
1792070 352
1792080 353
1792090 355
1792100 356
1792110 356
1792120 357
1792130 358
1792140 358
1792150 360
1792160 362
1792170 362
1792180 363
1792190 364
1792200 364
1792210 360
1792220 365
1792230 365
1792240 367
1792250 371
1792260 371
1792270 375
1792280 378
1792290 378
1792300 380
1792310 382
1792320 382
1792330 385
1792340 388
1792350 390
1792360 390
1792370 393
1792380 396
1792390 396
1792400 398
1792410 400
1792420 400
1792430 402
1792440 403
1792450 403
1792460 405
1792470 406
1792480 406
1792490 408
1792500 409
1792510 409
1792520 410
1792530 410
1792540 410
1792550 410
1792560 411
1792570 411
1792580 410
1792590 410
1792600 410
1792610 410
1792620 410
1792630 411
1792640 411
1792650 411
1792660 411
1792670 411
1792680 412
1792690 412
1792700 412
1792710 412
1792720 412
1792730 412
1792740 412
1792750 412
1792760 412
1792770 412
1792780 412
1792790 412
1792800 413
1792810 413
1792820 413
1792830 414
1792840 414
1792850 414
1792860 414
1792870 415
1792880 415
1792890 415
1792900 416
1792910 416
1792920 416
1792930 417
1792940 417
1792950 417
1792960 416
1792970 416
1792980 416
1792990 415
1793000 415
1793010 415
1793020 415
1793030 414
1793040 414
1793050 414
1793060 413
1793070 413
1793080 412
1790280 328
1790290 328
1790300 328
1790310 329
1790320 329
1790330 329
1790340 328
1790350 328
1790360 328
1790370 328
1790380 328
1790390 328
1790400 328
1790410 328
1790420 328
1790430 327
1790440 327
1790450 327
1790460 327
1790470 327
1790480 327
1790490 327
1790500 327
1790510 327
1790520 326
1790530 326
1790540 326
1790550 326
1790560 326
1790570 326
1790580 325
1790590 325
1790600 325
1790610 326
1790620 326
1790630 326
1790640 326
1790650 326
1790660 326
1790670 326
1790680 326
1790690 326
1790700 326
1790710 326
1790720 326
1790730 326
1790740 326
1790750 326
1790760 326
1790770 326
1790780 326
1790790 326
1790800 326
1790810 326
1790820 326
1790830 326
1790840 326
1790850 326
1790860 326
1790870 326
1790880 326
1790890 326
1790900 326
1790910 326
1790920 326
1790930 326
1790940 327
1790950 327
1790960 327
1790970 327
1790980 326
1790990 327
1791000 327
1791010 327
1791020 327
1791030 326
1791040 326
1791050 326
1791060 326
1791070 326
1791080 326
1791090 326
1791100 326
1791110 326
1791120 326
1791130 326
1791140 326
1791150 326
1791160 326
1791170 326
1791180 326
1791190 326
1791200 326
1791210 326
1791220 326
1791230 326
1791240 326
1791250 326
1791260 326
1791270 326
1791280 326
1791290 326
1791300 325
1791310 325
1791320 325
1791330 326
1791340 327
1791350 327
1791360 327
1791370 327
1791380 327
1791390 327
1791400 327
1791410 327
1791420 327
1791430 327
1791440 327
1791450 327
1791460 327
1791470 327
1791480 327
1791490 327
1791500 327
1791510 327
1791520 327
1791530 327
1791540 327
1791550 327
1791560 327
1791570 327
1791580 327
1791590 327
1791600 328
1791610 328
1791620 328
1791630 328
1791640 328
1791650 328
1791660 328
1791670 328
1791680 328
1791690 329
1791700 329
1791710 329
1791720 329
1791730 329
1791740 330
1791750 331
1791760 332
1791770 332
1791780 332
1791790 332
1791800 332
1791810 332
1791820 333
1791830 333
1791840 333
1791850 333
1791860 333
1791870 334
1791880 334
1791890 335
1791900 335
1791910 336
1791920 337
1791930 337
1791940 338
1791950 339
1791960 340
1791970 341
1791980 342
1791990 343
1792000 344
1792010 345
1792020 346
1792030 348
1792040 349
1792050 350
1792060 351
1792070 352
1792080 353
1792090 354
1792100 355
1792110 356
1792120 357
1792130 357
1792140 358
1792150 359
1792160 360
1792170 361
1792180 362
1792190 363
1792200 363
1792210 362
1792220 362
1792230 364
1792240 366
1792250 369
1792260 372
1792270 374
1792280 376
1792290 378
1792300 379
1792310 380
1792320 382
1792330 384
1792340 386
1792350 388
1792360 390
1792370 392
1792380 393
1792390 395
1792400 397
1792410 398
1792420 400
1792430 401
1792440 402
1792450 403
1792460 404
1792470 405
1792480 406
1792490 407
1792500 408
1792510 408
1792520 408
1792530 409
1792540 409
1792550 409
1792560 409
1792570 409
1792580 409
1792590 409
1792600 409
1792610 409
1792620 409
1792630 409
1792640 410
1792650 410
1792660 410
1792670 411
1792680 411
1792690 411
1792700 412
1792710 412
1792720 412
1792730 412
1792740 412
1792750 412
1792760 412
1792770 412
1792780 412
1792790 412
1792800 413
1792810 413
1792820 413
1792830 413
1792840 414
1792850 414
1792860 414
1792870 415
1792880 415
1792890 415
1792900 416
1792910 416
1792920 416
1792930 417
1792940 417
1792950 417
1792960 417
1792970 416
1792980 416
1792990 415
1793000 415
1793010 415
1793020 415
1793030 415
1793040 414
1793050 414
1793060 413
1793070 413
1793080 412
1793090 412
1793100 412
1793110 411
1793120 411
1793130 411
1793140 410
1793150 410
1793160 409
1793170 409
1793180 408
1793190 408
1793200 408
1793210 407
1793220 407
1793230 407
1793240 407
1793250 406
1793260 406
1793270 406
1793280 406
1793290 405
1793300 405
1793310 405
1793320 405
1793330 404
1793340 404
1793350 404
1793360 404
1793370 404
1793380 404
1793390 403
1793400 403
1793410 403
1793420 402
1793430 402
1793440 402
1793450 401
1793460 401
1793470 401
1793480 400
1793490 400
1793500 400
1793510 400
1793520 399
1793530 399
1793540 399
1793550 399
1793560 398
1793570 398
1793580 398
1793590 398
1793600 398
1793610 397
1793620 397
1793630 397
1793640 396
1793650 396
1793660 396
1793670 395
1793680 395
1793690 395
1793700 394
1793710 394
1793720 394
1793730 393
1793740 393
1793750 393
1793760 392
1793770 390
1793780 389
1793790 389
1793800 389
1793810 389
1793820 388
1793830 388
1793840 387
1793850 386
1793860 384
1793870 383
1793880 382
1793890 380
1793900 379
1793910 377
1793920 376
1793930 375
1793940 375
1793950 374
1793960 374
1793970 373
1793980 372
1793990 372
1794000 372
1794010 373
1794020 372
1794030 371
1794040 370
1794050 371
1794060 373
1794070 375
1794080 376
1794090 378
1794100 380
1794110 381
1794120 382
1794130 382
1794140 382
1794150 383
1794160 383
1794170 384
1794180 384
1794190 384
1794200 385
1794210 385
1794220 386
1794230 386
1794240 386
1794250 387
1794260 387
1794270 387
1794280 387
1794290 388
1794300 388
1794310 388
1794320 388
1794330 388
1794340 388
1794350 388
1794360 388
1794370 388
1794380 388
1794390 388
1794400 388
1794410 388
1794420 388
1794430 388
1794440 387
1794450 387
1794460 387
1794470 387
1794480 387
1794490 387
1794500 387
1794510 387
1794520 386
1794530 386
1794540 386
1794550 386
1794560 386
1794570 386
1794580 386
1794590 385
1794600 385
1794610 385
1794620 385
1794630 385
1794640 384
1794650 384
1794660 384
1794670 384
1794680 384
1794690 384
1794700 383
1794710 383
1794720 382
1794730 382
1794740 382
1794750 381
1794760 381
1794770 381
1794780 381
1794790 380
1794800 380
1794810 380
1794820 379
1794830 379
1794840 379
1794850 379
1794860 378
1794870 378
1794880 378
1794890 378
1794900 378
1794910 378
1794920 378
1794930 378
1794940 378
1794950 378
1794960 378
1794970 377
1794980 376
1794990 376
1795000 376
1795010 376
1795020 376
1795030 376
1795040 376
1795050 376
1795060 376
1795070 376
1795080 376
1795090 376
1795100 375
1795110 375
1795120 375
1795130 375
1795140 375
1795150 375
1795160 375
1795170 376
1795180 376
1795190 376
1795200 376
1795210 376
1795220 376
1795230 376
1795240 376
1795250 376
1795260 375
1795270 375
1795280 375
1795290 374
1795300 374
1795310 374
1795320 374
1795330 373
1795340 373
1795350 373
1795360 373
1795370 372
1795380 372
1795390 372
1795400 371
1795410 371
1795420 370
1795430 370
1795440 369
1795450 369
1795460 368
1795470 368
1795480 367
1795490 367
1795500 367
1795510 366
1795520 366
1795530 366
1795540 365
1795550 365
1795560 364
1795570 364
1795580 363
1795590 363
1795600 362
1795610 362
1795620 361
1795630 360
1795640 359
1795650 358
1795660 358
1795670 357
1795680 356
1795690 355
1795700 354
1795710 353
1795720 352
1795730 351
1795740 350
1795750 349
1795760 348
1795770 347
1795780 346
1795790 344
1795800 343
1795810 342
1795820 340
1795830 337
1795840 334
1795850 332
1795860 331
1795870 330
1795880 330
1795890 330
1795900 331
1795910 331
1795920 331
1795930 331
1795940 330
1795950 330
1795960 330
1795970 331
1795980 331
1795990 332
1796000 332
1796010 333
1796020 334
1796030 335
1796040 336
1796050 337
1796060 338
1796070 340
1796080 341
1796090 342
1796100 342
1796110 342
1796120 341
1796130 340
1796140 340
1796150 341
1796160 341
1796170 342
1796180 343
1796190 344
1796200 346
1796210 347
1796220 349
1796230 350
1796240 352
1796250 353
1796260 354
1796270 355
1796280 356
1796290 357
1796300 357
1796310 358
1796320 358
1796330 359
1796340 360
1796350 360
1796360 360
1796370 361
1796380 361
1796390 362
1796400 362
1796410 363
1796420 363
1796430 364
1796440 364
1796450 365
1796460 366
1796470 366
1796480 367
1796490 367
1796500 367
1796510 367
1796520 367
1796530 367
1796540 366
1796550 366
1796560 366
1796570 366
1796580 365
1796590 365
1796600 365
1796610 365
1796620 364
1796630 364
1796640 364
1796650 363
1796660 363
1796670 363
1796680 362
1796690 362
1796700 361
1796710 361
1796720 360
1796730 360
1796740 360
1796750 359
1796760 359
1796770 358
1796780 358
1796790 357
1796800 357
1796810 356
1796820 356
1796830 355
1796840 355
1796850 354
1796860 354
1796870 353
1796880 353
1796890 352
1796900 352
1796910 351
1796920 351
1796930 350
1796940 350
1796950 349
1796960 349
1796970 348
1796980 348
1796990 347
1797000 347
1797010 346
1797020 345
1797030 345
1797040 343
1797050 342
1797060 340
1797070 339
1797080 337
1797090 337
1797100 338
1797110 340
1797120 342
1797130 343
1797140 344
1797150 344
1797160 345
1797170 346
1797180 346
1797190 346
1797200 346
1797210 345
1797220 345
1797230 345
1797240 345
1797250 344
1797260 344
1797270 344
1797280 344
1797290 344
1797300 343
1797310 343
1797320 343
1797330 342
1797340 342
1797350 342
1797360 342
1797370 342
1797380 341
1797390 341
1797400 341
1797410 341
1797420 340
1797430 340
1797440 340
1797450 340
1797460 340
1797470 339
1797480 339
1797490 339
1797500 339
1797510 339
1797520 338
1797530 338
1797540 338
1797550 338
1797560 337
1797570 337
1797580 336
1797590 336
1797600 336
1797610 335
1797620 334
1797630 335
1797640 335
1797650 334
1797660 334
1797670 334
1797680 334
1797690 333
1797700 333
1797710 332
1797720 332
1797730 331
1797740 331
1797750 331
1797760 330
1797770 330
1797780 329
1797790 329
1797800 328
1797810 328
1797820 327
1797830 326
1797840 326
1797850 325
1797860 324
1797870 324
1797880 323
1797890 322
1797900 322
1797910 321
1797920 320
1797930 319
1797940 318
1797950 317
1797960 317
1797970 316
1797980 315
1797990 314
1798000 314
1798010 313
1798020 312
1798030 312
1798040 311
1798050 310
1798060 309
1798070 308
1798080 308
1798090 308
1798100 308
1798110 307
1798120 307
1798130 307
1798140 306
1798150 305
1798160 305
1798170 304
1798180 304
1798190 304
1798200 303
1798210 303
1798220 303
1798230 303
1798240 302
1798250 303
1798260 303
1798270 303
1798280 303
1798290 303
1798300 303
1798310 304
1798320 304
1798330 305
1798340 305
1798350 306
1798360 306
1798370 307
1798380 308
1798390 309
1798400 310
1798410 311
1798420 313
1798430 314
1798440 315
1798450 316
1798460 317
1798470 318
1798480 320
1798490 321
1798500 322
1798510 323
1798520 324
1798530 325
1798540 325
1798550 325
1798560 326
1798570 325
1798580 324
1798590 323
1798600 322
1798610 320
1798620 319
1798630 318
1798640 317
1798650 317
1798660 316
1798670 316
1798680 316
1798690 316
1798700 317
1798710 318
1798720 320
1798730 321
1798740 322
1798750 323
1798760 325
1798770 326
1798780 328
1798790 330
1798800 332
1798810 334
1798820 335
1798830 337
1798840 339
1798850 340
1798860 341
1798870 342
1798880 344
1798890 345
1798900 347
1798910 348
1798920 349
1798930 349
1798940 350
1798950 351
1798960 351
1798970 352
1798980 352
1798990 353
1799000 353
1799010 352
1799020 352
1799030 352
1799040 351
1799050 350
1799060 349
1799070 348
1799080 346
1799090 345
1799100 344
1799110 343
1799120 341
1799130 340
1799140 339
1799150 337
1799160 336
1799170 335
1799180 335
1799190 334
1799200 333
1799210 332
1799220 331
1799230 330
1799240 329
1799250 328
1799260 328
1799270 327
1799280 326
1799290 326
1799300 326
1799310 326
1799320 326
1799330 326
1799340 326
1799350 327
1799360 328
1799370 328
1799380 329
1799390 330
1799400 331
1799410 332
1799420 333
1799430 335
1799440 336
1799450 337
1799460 338
1799470 339
1799480 340
1799490 341
1799500 342
1799510 343
1799520 344
1799530 345
1799540 346
1799550 347
1799560 348
1799570 349
1799580 351
1799590 352
1799600 353
1799610 355
1799620 356
1799630 358
1799640 359
1799650 360
1799660 362
1799670 363
1799680 364
1799690 366
1799700 367
1799710 368
1799720 369
1799730 370
1799740 371
1799750 371
1799760 371
1799770 372
1799780 372
1799790 372
1799800 372
1799810 371
1799820 371
1799830 371
1799840 370
1799850 370
1799860 369
1799870 369
1799880 368
1799890 368
1799900 367
1799910 367
1799920 366
1799930 366
1799940 365
1799950 364
1799960 364
1799970 363
1799980 363
1799990 362
