1780000 325
1780010 325
1780020 325
1780030 325
1780040 325
1780050 326
1780060 326
1780070 326
1780080 326
1780090 326
1780100 326
1780110 326
1780120 326
1780130 326
1780140 326
1780150 326
1780160 326
1780170 326
1780180 326
1780190 325
1780200 325
1780210 326
1780220 326
1780230 326
1780240 326
1780250 326
1780260 326
1780270 327
1780280 327
1780290 327
1780300 327
1780310 328
1780320 328
1780330 328
1780340 328
1780350 328
1780360 328
1780370 329
1780380 329
1780390 329
1780400 329
1780410 329
1780420 329
1780430 329
1780440 329
1780450 329
1780460 329
1780470 329
1780480 329
1780490 330
1780500 330
1780510 330
1780520 330
1780530 330
1780540 330
1780550 330
1780560 331
1780570 331
1780580 331
1780590 331
1780600 331
1780610 332
1780620 332
1780630 333
1780640 333
1780650 333
1780660 333
1780670 333
1780680 334
1780690 334
1780700 334
1780710 334
1780720 335
1780730 335
1780740 335
1780750 336
1780760 336
1780770 336
1780780 337
1780790 337
1780800 338
1780810 338
1780820 338
1780830 339
1780840 341
1780850 341
1780860 341
1780870 342
1780880 343
1780890 343
1780900 345
1780910 345
1780920 345
1780930 346
1780940 347
1780950 347
1780960 348
1780970 349
1780980 349
1780990 350
1781000 351
1781010 351
1781020 352
1781030 353
1781040 353
1781050 354
1781060 355
1781070 355
1781080 356
1781090 357
1781100 357
1781110 358
1781120 358
1781130 358
1781140 359
1781150 360
1781160 360
1781170 360
1781180 361
1781190 362
1781200 362
1781210 363
1781220 363
1781230 363
1781240 363
1781250 363
1781260 363
1781270 364
1781280 364
1781290 364
1781300 364
1781310 365
1781320 365
1781330 365
1781340 365
1781350 365
1781360 365
1781370 365
1781380 365
1781390 365
1781400 365
1781410 365
1781420 365
1781430 365
1781440 365
1781450 365
1781460 365
1781470 364
1781480 364
1781490 364
1781500 364
1781510 364
1781520 364
1781530 364
1781540 364
1781550 364
1781560 364
1781570 364
1781580 364
1781590 364
1781600 364
1781610 364
1781620 364
1781630 364
1781640 364
1781650 364
1781660 364
1781670 364
1781680 364
1781690 364
1781700 364
1781710 364
1781720 364
1781730 364
1781740 364
1781750 364
1781760 364
1781770 363
1781780 363
1781790 363
1781800 363
1781810 363
1781820 363
1781830 363
1781840 363
1781850 363
1781860 363
1781870 363
1781880 363
1781890 362
1781900 362
1781910 362
1781920 363
1781930 364
1781940 364
1781950 364
1781960 364
1781970 364
1781980 364
1781990 364
1782000 364
1782010 364
1782020 363
1782030 363
1782040 363
1782050 362
1782060 362
1782070 362
1782080 361
1782090 361
1782100 361
1782110 361
1782120 361
1782130 361
1782140 362
1782150 363
1782160 363
1782170 363
1782180 363
1782190 363
1782200 363
1782210 363
1782220 363
1782230 363
1782240 363
1782250 363
1782260 363
1782270 363
1782280 363
1782290 363
1782300 364
1782310 364
1782320 364
1782330 364
1782340 364
1782350 364
1782360 364
1782370 365
1782380 365
1782390 365
1782400 365
1782410 365
1782420 366
1782430 366
1782440 366
1782450 367
1782460 368
1782470 368
1782480 368
1782490 369
1782500 369
1782510 369
1782520 370
1782530 371
1782540 371
1782550 371
1782560 371
1782570 371
1782580 372
1782590 372
1782600 372
1782610 372
1782620 373
1782630 373
1782640 373
1782650 374
1782660 374
1782670 374
1782680 375
1782690 375
1782700 375
1782710 375
1782720 375
1782730 375
1782740 376
1782750 376
1782760 376
1782770 376
1782780 376
1782790 376
1782800 376
1782810 375
1782820 375
1782830 375
1782840 375
1782850 375
1782860 375
1782870 375
1782880 375
1782890 375
1782900 375
1782910 375
1782920 375
1782930 374
1782940 374
1782950 373
1782960 373
1782970 372
1782980 372
1782990 372
1783000 372
1783010 372
1783020 371
1783030 371
1783040 371
1783050 371
1783060 370
1783070 370
1783080 370
1783090 370
1783100 370
1783110 370
1783120 370
1783130 370
1783140 370
1783150 370
1783160 370
1783170 370
1783180 370
1783190 370
1783200 370
1783210 371
1783220 371
1783230 371
1783240 372
1783250 373
1783260 373
1783270 374
1783280 375
1783290 375
1783300 376
1783310 376
1783320 376
1783330 377
1783340 378
1783350 378
1783360 379
1783370 379
1783380 379
1783390 380
1783400 380
1783410 380
1783420 380
1783430 381
1783440 381
1783450 381
1783460 381
1783470 381
1783480 381
1783490 381
1783500 381
1783510 381
1783520 381
1783530 381
1783540 381
1783550 381
1783560 381
1783570 381
1783580 381
1783590 381
1783600 381
1783610 381
1783620 381
1783630 381
1783640 381
1783650 381
1783660 381
1783670 381
1783680 381
1783690 381
1783700 381
1783710 381
1783720 381
1783730 381
1783740 381
1783750 381
1783760 381
1783770 381
1783780 381
1783790 381
1783800 381
1783810 381
1783820 381
1783830 381
1783840 381
1783850 381
1783860 381
1783870 381
1783880 381
1783890 381
1783900 380
1783910 380
1783920 380
1783930 379
1783940 379
1783950 379
1783960 379
1783970 379
1783980 378
1783990 378
1784000 378
1784010 378
1784020 378
1784030 377
1784040 377
1784050 377
1784060 376
1784070 376
1784080 376
1784090 376
1784100 376
1784110 376
1784120 375
1784130 375
1784140 375
1784150 375
1784160 375
1784170 375
1784180 375
1784190 375
1784200 375
1784210 374
1784220 374
1784230 374
1784240 373
1784250 373
1784260 373
1784270 372
1784280 372
1784290 372
1784300 371
1784310 370
1784320 370
1784330 370
1784340 369
1784350 369
1784360 369
1784370 368
1784380 368
1784390 367
1784400 366
1784410 366
1784420 366
1784430 365
1784440 365
1784450 364
1784460 363
1784470 363
1784480 363
1784490 362
1784500 362
1784510 361
1784520 361
1784530 360
1784540 360
1784550 360
1784560 359
1784570 359
1784580 358
1784590 358
1784600 358
1784610 357
1784620 357
1784630 357
1784640 356
1784650 356
1784660 356
1784670 356
1784680 355
1784690 355
1784700 354
1784710 354
1784720 354
1784730 353
1784740 353
1784750 353
1784760 352
1784770 352
1784780 352
1784790 351
1784800 351
1784810 351
1784820 351
1784830 351
1784840 350
1784850 350
1784860 350
1784870 350
1784880 350
1784890 350
1784900 350
1784910 350
1784920 350
1784930 350
1784940 350
1784950 350
1784960 349
1784970 349
1784980 349
1784990 349
1785000 349
1785010 349
1785020 349
1785030 349
1785040 349
1785050 349
1785060 349
1785070 349
1785080 349
1785090 349
1785100 349
1785110 351
1785120 354
1785130 354
1785140 353
1785150 350
1785160 350
1785170 348
1785180 349
1785190 349
1785200 349
1785210 349
1785220 349
1785230 350
1785240 350
1785250 350
1785260 350
1785270 350
1785280 350
1785290 350
1785300 350
1785310 350
1785320 350
1785330 350
1785340 350
1785350 350
1785360 350
1785370 350
1785380 350
1785390 350
1785400 351
1785410 351
1785420 351
1785430 349
1785440 349
1785450 350
1785460 351
1785470 351
1785480 350
1785490 350
1785500 350
1785510 350
1785520 350
1785530 350
1785540 350
1785550 351
1785560 351
1785570 351
1785580 351
1785590 351
1785600 351
1785610 352
1785620 353
1785630 353
1785640 354
1785650 355
1785660 355
1785670 356
1785680 356
1785690 356
1785700 358
1785710 360
1785720 360
1785730 362
1785740 361
1785750 361
1785760 364
1785770 365
1785780 365
1785790 367
1785800 367
1785810 367
1785820 367
1785830 369
1785840 369
1785850 369
1785860 370
1785870 370
1785880 370
1785890 372
1785900 374
1785910 374
1785920 375
1785930 375
1785940 375
1785950 376
1785960 377
1785970 377
1785980 378
1785990 378
1786000 378
1786010 378
1786020 378
1786030 378
1786040 377
1786050 377
1786060 377
1786070 378
1786080 379
1786090 376
1786100 376
1786110 377
1786120 380
1786130 380
1786140 381
1786150 382
1786160 382
1786170 382
1786180 383
1786190 383
1786200 384
1786210 384
1786220 384
1786230 385
1786240 385
1786250 385
1786260 386
1786270 386
1786280 386
1786290 387
1786300 386
1786310 386
1786320 387
1786330 387
1786340 387
1786350 387
1786360 387
1786370 388
1786380 388
1786390 388
1786400 388
1786410 388
1786420 387
1786430 388
1786440 388
1786450 389
1786460 389
1786470 389
1786480 389
1786490 389
1786500 389
1786510 390
1786520 390
1786530 390
1786540 391
1786550 391
1786560 391
1786570 391
1786580 390
1786590 390
1786600 390
1786610 390
1786620 390
1786630 390
1786640 389
1786650 389
1786660 389
1786670 389
1786680 389
1786690 389
1786700 388
1786710 388
1786720 388
1786730 388
1786740 388
1786750 388
1786760 387
1786770 387
1786780 387
1786790 387
1786800 387
1786810 387
1786820 387
1786830 386
1786840 386
1786850 386
1786860 386
1786870 386
1786880 386
1786890 385
1786900 385
1786910 385
1786920 385
1786930 384
1786940 384
1786950 384
1786960 384
1786970 384
1786980 384
1786990 383
1787000 383
1787010 383
1787020 383
1787030 383
1787040 382
1787050 382
1787060 382
1787070 382
1787080 381
1787090 381
1787100 381
1787110 380
1787120 380
1787130 379
1787140 379
1787150 378
1787160 378
1787170 378
1787180 377
1787190 377
1787200 377
1787210 376
1787220 376
1787230 376
1787240 376
1787250 376
1787260 375
1787270 375
1787280 375
1787290 375
1787300 375
1787310 375
1787320 374
1787330 374
1787340 374
1787350 374
1787360 374
1787370 374
1787380 374
1787390 373
1787400 373
1787410 373
1787420 373
1787430 373
1787440 373
1787450 373
1787460 373
1787470 373
1787480 373
1787490 373
1787500 373
1787510 373
1787520 373
1787530 373
1787540 372
1787550 372
1787560 372
1787570 372
1787580 372
1787590 372
1787600 372
1787610 372
1787620 372
1787630 372
1787640 372
1787650 372
1787660 372
1787670 371
1787680 371
1787690 371
1787700 371
1787710 371
1787720 371
1787730 371
1787740 371
1787750 371
1787760 371
1787770 371
1787780 371
1787790 371
1787800 371
1787810 371
1787820 371
1787830 370
1787840 370
1787850 370
1787860 370
1787870 370
1787880 370
1787890 370
1787900 370
1787910 370
1787920 370
1787930 370
1787940 370
1787950 370
1787960 370
1787970 370
1787980 370
1787990 369
1788000 369
1788010 369
1788020 369
1788030 369
1788040 369
1788050 368
1788060 368
1788070 368
1788080 366
1788090 366
1788100 362
1788110 361
1788120 361
1788130 360
1788140 359
1788150 359
1788160 358
1788170 360
1788180 363
1788190 363
1788200 364
1788210 363
1788220 363
1788230 362
1788240 362
1788250 362
1788260 361
1788270 360
1788280 360
1788290 359
1788300 358
1788310 358
1788320 355
1788330 352
1788340 352
1788350 348
1788360 346
1788370 346
1788380 346
1788390 346
1788400 346
1788410 346
1788420 347
1788430 347
1788440 347
1788450 356
1788460 360
1788470 360
1788480 362
1788490 362
1788500 362
1788510 362
1788520 362
1788530 362
1788540 362
1788550 363
1788560 363
1788570 363
1788580 363
1788590 363
1788600 363
1788610 363
1788620 363
1788630 364
1788640 364
1788650 364
1788660 364
1788670 364
1788680 364
1788690 364
1788700 364
1788710 364
1788720 364
1788730 364
1788740 364
1788750 364
1788760 363
1788770 362
1788780 362
1788790 361
1788800 360
1788810 360
1788820 359
1788830 357
1788840 357
1788850 355
1788860 352
1788870 352
1788880 349
1788890 346
1788900 346
1788910 343
1788920 340
1788930 340
1788940 338
1788950 337
1788960 335
1788970 335
1788980 335
1788990 334
1789000 334
1789010 334
1789020 334
1789030 334
1789040 334
1789050 334
1789060 334
1789070 334
1789080 333
1789090 333
1789100 334
1789110 334
1789120 334
1789130 334
1789140 334
1789150 334
1789160 333
1789170 333
1789180 333
1789190 333
1789200 333
1789210 333
1789220 334
1789230 334
1789240 334
1789250 334
1789260 333
1789270 333
1789280 333
1789290 334
1789300 334
1789310 334
1789320 334
1789330 334
1789340 334
1789350 334
1789360 334
1789370 334
1789380 334
1789390 334
1789400 334
1789410 334
1789420 335
1789430 335
1789440 335
1789450 335
1789460 335
1789470 335
1789480 334
1789490 335
1789500 335
1789510 335
1789520 335
1789530 335
1789540 335
1789550 335
1789560 335
1789570 334
1789580 333
1789590 333
1789600 335
1789610 335
1789620 335
1789630 334
1789640 334
1789650 334
1789660 332
1789670 332
1789680 332
1789690 332
1789700 334
1789710 334
1789720 334
1789730 334
1789740 333
1789750 333
1789760 333
1789770 333
1789780 333
1789790 333
1789800 333
1789810 333
1789820 333
1789830 333
1789840 333
1789850 333
1789860 333
1789870 333
1789880 333
1789890 333
1789900 333
1789910 333
1789920 332
1789930 332
1789940 332
1789950 332
1789960 332
1789970 332
1789980 332
1789990 332
1790000 332
1790010 332
1790020 332
1790030 332
1790040 332
1790050 332
1790060 332
1790070 332
1790080 332
1790090 332
1790100 332
1790110 332
1790120 332
1790130 332
1790140 331
1790150 331
1790160 332
1790170 332
1790180 332
1790190 332
1790200 332
1790210 332
1790220 332
1790230 332
1790240 332
1790250 332
1790260 332
1790270 332
1790280 332
1790290 332
1790300 332
1790310 332
1790320 332
1790330 332
1790340 332
1790350 332
1790360 332
1790370 332
1790380 332
1790390 332
1790400 332
1790410 332
1790420 333
1790430 333
1790440 334
1790450 334
1790460 334
1790470 334
1790480 334
1790490 334
1790500 333
1790510 333
1790520 333
1790530 333
1790540 333
1790550 333
1790560 333
1790570 333
1790580 334
1790590 334
1790600 333
1790610 334
1790620 334
1790630 334
1790640 334
1790650 334
1790660 334
1790670 334
1790680 334
1790690 334
1790700 334
1790710 334
1790720 334
1790730 334
1790740 334
1790750 334
1790760 335
1790770 335
1790780 335
1790790 335
1790800 335
1790810 335
1790820 335
1790830 335
1790840 335
1790850 335
1790860 335
1790870 335
1790880 335
1790890 335
1790900 335
1790910 335
1790920 334
1790930 334
1790940 335
1790950 334
1790960 334
1790970 334
1790980 334
1790990 334
1791000 334
1791010 333
1791020 333
1791030 333
1791040 333
1791050 333
1791060 333
1791070 333
1791080 333
1791090 333
1791100 333
1791110 333
1791120 333
1791130 333
1791140 333
1791150 333
1791160 330
1791170 332
1791180 332
1791190 332
1791200 332
1791210 332
1791220 332
1791230 332
1791240 332
1791250 332
1791260 332
1791270 332
1791280 332
1791290 332
1791300 332
1791310 332
1791320 333
1791330 333
1791340 333
1791350 334
1791360 335
1791370 335
1791380 335
1791390 337
1791400 337
1791410 337
1791420 338
1791430 338
1791440 339
1791450 341
1791460 341
1791470 340
1791480 341
1791490 341
1791500 342
1791510 343
1791520 343
1791530 344
1791540 345
1791550 345
1791560 346
1791570 347
1791580 348
1791590 348
1791600 349
1791610 350
1791620 350
1791630 351
1791640 352
1791650 352
1791660 353
1791670 354
1791680 354
1791690 355
1791700 357
1791710 357
1791720 358
1791730 359
1791740 359
1791750 360
1791760 362
1791770 362
1791780 363
1791790 364
1791800 364
1791810 366
1791820 367
1791830 368
1791840 368
1791850 370
1791860 371
1791870 371
1791880 372
1791890 375
1791900 375
1791910 376
1791920 377
1791930 377
1791940 378
1791950 378
1791960 378
1791970 379
1791980 380
1791990 380
1792000 380
1792010 381
1792020 381
1792030 382
1792040 382
1792050 382
1792060 383
1792070 383
1792080 383
1792090 384
1792100 384
1792110 384
1792120 384
1792130 384
1792140 384
1792150 384
1792160 384
1792170 384
1792180 384
1792190 384
1792200 385
1792210 385
1792220 385
1792230 385
1792240 385
1792250 385
1792260 385
1792270 385
1792280 385
1792290 385
1792300 385
1792310 386
1792320 385
1792330 385
1792340 385
1792350 385
1792360 385
1792370 385
1792380 386
1792390 386
1792400 386
1792410 386
1792420 386
1792430 386
1792440 386
1792450 386
1792460 386
1792470 386
1792480 386
1792490 386
1792500 387
1792510 387
1792520 387
1792530 388
1792540 388
1792550 388
1792560 387
1792570 384
1792580 384
1792590 384
1792600 387
1792610 391
1792620 391
1792630 391
1792640 391
1792650 391
1792660 391
1792670 392
1792680 393
1792690 394
1792700 395
1792710 395
1792720 395
1792730 397
1792740 397
1792750 398
1792760 401
1792770 401
1792780 403
1792790 403
1792800 403
1792810 405
1792820 407
1792830 407
1792840 409
1792850 411
1792860 411
1792870 413
1792880 415
1792890 417
1792900 417
1792910 418
1792920 420
1792930 420
1792940 421
1792950 423
1792960 423
1792970 425
1792980 426
1792990 426
1793000 427
1793010 427
1793020 427
1793030 427
1793040 427
1793050 427
1793060 427
1793070 427
1793080 427
