1780000 324
1780010 324
1780020 324
1780030 324
1780040 324
1780050 324
1780060 324
1780070 324
1780080 324
1780090 325
1780100 325
1780110 325
1780120 325
1780130 325
1780140 325
1780150 325
1780160 325
1780170 325
1780180 325
1780190 325
1780200 325
1780210 326
1780220 326
1780230 325
1780240 326
1780250 326
1780260 326
1780270 326
1780280 326
1780290 326
1780300 326
1780310 326
1780320 326
1780330 326
1780340 327
1780350 327
1780360 325
1780370 325
1780380 325
1780390 326
1780400 327
1780410 327
1780420 327
1780430 326
1780440 326
1780450 326
1780460 326
1780470 326
1780480 326
1780490 326
1780500 326
1780510 327
1780520 327
1780530 327
1780540 327
1780550 327
1780560 327
1780570 328
1780580 328
1780590 328
1780600 328
1780610 328
1780620 329
1780630 329
1780640 329
1780650 330
1780660 330
1780670 331
1780680 331
1780690 331
1780700 332
1780710 333
1780720 333
1780730 334
1780740 334
1780750 334
1780760 335
1780770 335
1780780 335
1780790 335
1780800 336
1780810 336
1780820 337
1780830 338
1780840 338
1780850 338
1780860 338
1780870 339
1780880 339
1780890 340
1780900 341
1780910 341
1780920 342
1780930 343
1780940 343
1780950 344
1780960 345
1780970 345
1780980 346
1780990 347
1781000 347
1781010 348
1781020 348
1781030 348
1781040 349
1781050 350
1781060 350
1781070 350
1781080 350
1781090 350
1781100 350
1781110 350
1781120 350
1781130 350
1781140 351
1781150 350
1781160 350
1781170 350
1781180 350
1781190 350
1781200 350
1781210 350
1781220 350
1781230 350
1781240 350
1781250 350
1781260 350
1781270 349
1781280 349
1781290 350
1781300 350
1781310 350
1781320 349
1781330 349
1781340 349
1781350 349
1781360 349
1781370 350
1781380 350
1781390 350
1781400 351
1781410 351
1781420 351
1781430 351
1781440 351
1781450 352
1781460 352
1781470 352
1781480 353
1781490 354
1781500 354
1781510 355
1781520 356
1781530 356
1781540 356
1781550 357
1781560 357
1781570 358
1781580 358
1781590 358
1781600 359
1781610 360
1781620 361
1781630 361
1781640 361
1781650 362
1781660 362
1781670 362
1781680 363
1781690 363
1781700 363
1781710 363
1781720 363
1781730 363
1781740 363
1781750 363
1781760 363
1781770 363
1781780 363
1781790 363
1781800 363
1781810 363
1781820 362
1781830 362
1781840 362
1781850 362
1781860 362
1781870 362
1781880 362
1781890 361
1781900 361
1781910 361
1781920 361
1781930 361
1781940 361
1781950 361
1781960 361
1781970 361
1781980 360
1781990 360
1782000 360
1782010 360
1782020 359
1782030 359
1782040 359
1782050 358
1782060 358
1782070 357
1782080 357
1782090 357
1782100 357
1782110 357
1782120 357
1782130 357
1782140 358
1782150 359
1782160 359
1782170 360
1782180 362
1782190 362
1782200 362
1782210 357
1782220 357
1782230 354
1782240 355
1782250 355
1782260 355
1782270 360
1782280 360
1782290 362
1782300 362
1782310 362
1782320 363
1782330 363
1782340 363
1782350 364
1782360 364
1782370 364
1782380 364
1782390 364
1782400 364
1782410 364
1782420 364
1782430 364
1782440 364
1782450 364
1782460 364
1782470 364
1782480 364
1782490 364
1782500 364
1782510 364
1782520 364
1782530 364
1782540 364
1782550 364
1782560 364
1782570 363
1782580 363
1782590 363
1782600 363
1782610 363
1782620 363
1782630 363
1782640 363
1782650 363
1782660 363
1782670 362
1782680 362
1782690 362
1782700 362
1782710 362
1782720 362
1782730 362
1782740 362
1782750 362
1782760 363
1782770 363
1782780 363
1782790 362
1782800 362
1782810 362
1782820 362
1782830 362
1782840 362
1782850 361
1782860 361
1782870 361
1782880 361
1782890 361
1782900 361
1782910 361
1782920 361
1782930 360
1782940 360
1782950 360
1782960 360
1782970 360
1782980 360
1782990 360
1783000 360
1783010 360
1783020 360
1783030 360
1783040 360
1783050 360
1783060 360
1783070 360
1783080 360
1783090 360
1783100 360
1783110 360
1783120 360
1783130 361
1783140 362
1783150 362
1783160 362
1783170 362
1783180 363
1783190 363
1783200 363
1783210 364
1783220 364
1783230 364
1783240 364
1783250 364
1783260 365
1783270 365
1783280 365
1783290 365
1783300 365
1783310 365
1783320 365
1783330 365
1783340 365
1783350 366
1783360 366
1783370 366
1783380 366
1783390 366
1783400 366
1783410 366
1783420 366
1783430 366
1783440 367
1783450 367
1783460 367
1783470 367
1783480 367
1783490 366
1783500 366
1783510 366
1783520 366
1783530 366
1783540 366
1783550 366
1783560 366
1783570 366
1783580 366
1783590 366
1783600 366
1783610 365
1783620 365
1783630 365
1783640 365
1783650 365
1783660 365
1783670 365
1783680 365
1783690 365
1783700 364
1783710 364
1783720 364
1783730 364
1783740 364
1783750 364
1783760 364
1783770 363
1783780 363
1783790 362
1783800 361
1783810 361
1783820 360
1783830 359
1783840 359
1783850 358
1783860 357
1783870 357
1783880 355
1783890 355
1783900 355
1783910 355
1783920 355
1783930 355
1783940 354
1783950 354
1783960 354
1783970 354
1783980 354
1783990 354
1784000 354
1784010 354
1784020 354
1784030 354
1784040 354
1784050 354
1784060 354
1784070 354
1784080 354
1784090 354
1784100 354
1784110 354
1784120 354
1784130 355
1784140 356
1784150 356
1784160 358
1784170 358
1784180 358
1784190 358
1784200 358
1784210 358
1784220 358
1784230 357
1784240 356
1784250 356
1784260 356
1784270 356
1784280 356
1784290 359
1784300 358
1784310 358
1784320 355
1784330 355
1784340 355
1784350 355
1784360 355
1784370 355
1784380 355
1784390 355
1784400 355
1784410 355
1784420 355
1784430 355
1784440 355
1784450 354
1784460 354
1784470 354
1784480 354
1784490 354
1784500 354
1784510 353
1784520 353
1784530 353
1784540 353
1784550 353
1784560 353
1784570 352
1784580 352
1784590 352
1784600 352
1784610 351
1784620 351
1784630 351
1784640 350
1784650 350
1784660 351
1784670 351
1784680 351
1784690 351
1784700 351
1784710 351
1784720 351
1784730 351
1784740 351
1784750 351
1784760 351
1784770 351
1784780 351
1784790 351
1784800 351
1784810 351
1784820 352
1784830 352
1784840 352
1784850 352
1784860 352
1784870 352
1784880 353
1784890 353
1784900 353
1784910 354
1784920 354
1784930 354
1784940 355
1784950 356
1784960 356
1784970 357
1784980 358
1784990 358
1785000 359
1785010 359
1785020 360
1785030 360
1785040 360
1785050 360
1785060 360
1785070 362
1785080 363
1785090 363
1785100 363
1785110 364
1785120 364
1785130 364
1785140 364
1785150 364
1785160 364
1785170 364
1785180 364
1785190 364
1785200 364
1785210 364
1785220 363
1785230 362
1785240 362
1785250 362
1785260 357
1785270 357
1785280 357
1785290 358
1785300 357
1785310 357
1785320 357
1785330 353
1785340 353
1785350 353
1785360 352
1785370 352
1785380 352
1785390 352
1785400 352
1785410 352
1785420 353
1785430 353
1785440 352
1785450 351
1785460 351
1785470 352
1785480 352
1785490 352
1785500 352
1785510 352
1785520 352
1785530 352
1785540 353
1785550 353
1785560 353
1785570 354
1785580 356
1785590 356
1785600 355
1785610 356
1785620 356
1785630 361
1785640 362
1785650 362
1785660 367
1785670 369
1785680 369
1785690 371
1785700 373
1785710 373
1785720 376
1785730 377
1785740 377
1785750 378
1785760 380
1785770 380
1785780 381
1785790 382
1785800 380
1785810 380
1785820 377
1785830 374
1785840 374
1785850 374
1785860 374
1785870 374
1785880 374
1785890 374
1785900 374
1785910 375
1785920 382
1785930 382
1785940 384
1785950 387
1785960 387
1785970 390
1785980 392
1785990 392
1786000 394
1786010 395
1786020 395
1786030 395
1786040 396
1786050 396
1786060 396
1786070 396
1786080 397
1786090 397
1786100 397
1786110 397
1786120 397
1786130 397
1786140 396
1786150 396
1786160 395
1786170 393
1786180 393
1786190 392
1786200 390
1786210 390
1786220 389
1786230 387
1786240 387
1786250 386
1786260 384
1786270 384
1786280 382
1786290 380
1786300 380
1786310 379
1786320 379
1786330 380
1786340 380
1786350 380
1786360 380
1786370 380
1786380 380
1786390 380
1786400 380
1786410 380
1786420 380
1786430 380
1786440 381
1786450 381
1786460 381
1786470 380
1786480 381
1786490 381
1786500 383
1786510 385
1786520 385
1786530 387
1786540 389
1786550 389
1786560 390
1786570 391
1786580 391
1786590 391
1786600 390
1786610 390
1786620 390
1786630 390
1786640 390
1786650 390
1786660 390
1786670 389
1786680 389
1786690 389
1786700 389
1786710 389
1786720 389
1786730 389
1786740 389
1786750 389
1786760 388
1786770 388
1786780 388
1786790 388
1786800 388
1786810 388
1786820 388
1786830 388
1786840 388
1786850 387
1786860 387
1786870 387
1786880 387
1786890 387
1786900 387
1786910 386
1786920 386
1786930 386
1786940 386
1786950 385
1786960 385
1786970 385
1786980 384
1786990 384
1787000 384
1787010 383
1787020 383
1787030 383
1787040 382
1787050 382
1787060 382
1787070 381
1787080 381
1787090 381
1787100 380
1787110 380
1787120 380
1787130 380
1787140 379
1787150 379
1787160 379
1787170 378
1787180 378
1787190 378
1787200 378
1787210 378
1787220 377
1787230 377
1787240 377
1787250 377
1787260 377
1787270 377
1787280 376
1787290 376
1787300 376
1787310 376
1787320 375
1787330 375
1787340 375
1787350 375
1787360 375
1787370 375
1787380 375
1787390 374
1787400 374
1787410 374
1787420 374
1787430 374
1787440 374
1787450 374
1787460 374
1787470 374
1787480 374
1787490 374
1787500 373
1787510 373
1787520 373
1787530 373
1787540 373
1787550 373
1787560 373
1787570 373
1787580 373
1787590 373
1787600 373
1787610 373
1787620 373
1787630 372
1787640 372
1787650 372
1787660 372
1787670 372
1787680 372
1787690 372
1787700 372
1787710 372
1787720 372
1787730 372
1787740 372
1787750 372
1787760 371
1787770 371
1787780 371
1787790 371
1787800 371
1787810 371
1787820 371
1787830 371
1787840 371
1787850 371
1787860 371
1787870 370
1787880 370
1787890 370
1787900 370
1787910 370
1787920 370
1787930 370
1787940 370
1787950 370
1787960 370
1787970 369
1787980 369
1787990 369
1788000 369
1788010 369
1788020 369
1788030 369
1788040 368
1788050 368
1788060 368
1788070 367
1788080 367
1788090 365
1788100 362
1788110 362
1788120 357
1788130 354
1788140 353
1788150 353
1788160 352
1788170 352
1788180 352
1788190 351
1788200 351
1788210 351
1788220 354
1788230 360
1788240 360
1788250 363
1788260 366
1788270 366
1788280 368
1788290 368
1788300 368
1788310 368
1788320 368
1788330 368
1788340 368
1788350 368
1788360 368
1788370 368
1788380 368
1788390 368
1788400 367
1788410 367
1788420 367
1788430 367
1788440 367
1788450 367
1788460 367
1788470 367
1788480 367
1788490 367
1788500 367
1788510 367
1788520 367
1788530 367
1788540 366
1788550 366
1788560 366
1788570 366
1788580 366
1788590 366
1788600 366
1788610 366
1788620 366
1788630 365
1788640 365
1788650 365
1788660 365
1788670 364
1788680 364
1788690 363
1788700 360
1788710 360
1788720 357
1788730 353
1788740 353
1788750 349
1788760 346
1788770 346
1788780 343
1788790 341
1788800 341
1788810 339
1788820 337
1788830 337
1788840 336
1788850 336
1788860 336
1788870 335
1788880 335
1788890 335
1788900 335
1788910 335
1788920 335
1788930 335
1788940 335
1788950 335
1788960 335
1788970 335
1788980 335
1788990 335
1789000 335
1789010 335
1789020 335
1789030 335
1789040 335
1789050 335
1789060 335
1789070 335
1789080 335
1789090 335
1789100 335
1789110 335
1789120 335
1789130 335
1789140 335
1789150 335
1789160 335
1789170 335
1789180 335
1789190 335
1789200 335
1789210 335
1789220 335
1789230 334
1789240 334
1789250 334
1789260 334
1789270 334
1789280 334
1789290 334
1789300 334
1789310 334
1789320 335
1789330 335
1789340 335
1789350 335
1789360 335
1789370 335
1789380 335
1789390 335
1789400 335
1789410 335
1789420 335
1789430 334
1789440 333
1789450 334
1789460 334
1789470 335
1789480 335
1789490 335
1789500 335
1789510 335
1789520 335
1789530 335
1789540 335
1789550 335
1789560 335
1789570 334
1789580 334
1789590 335
1789600 335
1789610 335
1789620 334
1789630 334
1789640 334
1789650 334
1789660 334
1789670 334
1789680 334
1789690 334
1789700 334
1789710 334
1789720 334
1789730 334
1789740 334
1789750 334
1789760 334
1789770 334
1789780 334
1789790 334
1789800 334
1789810 334
1789820 334
1789830 334
1789840 334
1789850 334
1789860 334
1789870 333
1789880 334
1789890 334
1789900 333
1789910 333
1789920 333
1789930 333
1789940 334
1789950 334
1789960 334
1789970 333
1789980 333
1789990 333
1790000 333
1790010 333
1790020 333
1790030 333
1790040 333
1790050 333
1790060 333
1790070 333
1790080 333
1790090 333
1790100 333
1790110 333
1790120 333
1790130 333
1790140 333
1790150 333
1790160 333
1790170 333
1790180 331
1790190 333
1790200 333
1790210 333
1790220 333
1790230 333
1790240 333
1790250 333
1790260 333
1790270 333
1790280 333
1790290 333
1790300 333
1790310 333
1790320 333
1790330 333
1790340 333
1790350 333
1790360 333
1790370 333
1790380 333
1790390 333
1790400 333
1790410 333
1790420 333
1790430 333
1790440 333
1790450 333
1790460 333
1790470 334
1790480 334
1790490 334
1790500 334
1790510 334
1790520 334
1790530 334
1790540 334
1790550 334
1790560 334
1790570 335
1790580 335
1790590 335
1790600 335
1790610 335
1790620 336
1790630 336
1790640 336
1790650 336
1790660 336
1790670 336
1790680 336
1790690 336
1790700 336
1790710 336
1790720 336
1790730 336
1790740 336
1790750 337
1790760 337
1790770 337
1790780 337
1790790 337
1790800 337
1790810 337
1790820 337
1790830 337
1790840 336
1790850 336
1790860 336
1790870 336
1790880 336
1790890 336
1790900 336
1790910 336
1790920 336
1790930 336
1790940 335
1790950 335
1790960 335
1790970 335
1790980 335
1790990 334
1791000 334
1791010 334
1791020 334
1791030 333
1791040 333
1791050 333
1791060 332
1791070 331
1791080 331
1791090 333
1791100 332
1791110 332
1791120 332
1791130 333
1791140 333
1791150 333
1791160 333
1791170 333
1791180 333
1791190 333
1791200 333
1791210 333
1791220 333
1791230 333
1791240 333
1791250 333
1791260 333
1791270 333
1791280 333
1791290 333
1791300 333
1791310 333
1791320 333
1791330 333
1791340 334
1791350 334
1791360 334
1791370 335
1791380 336
1791390 336
1791400 336
1791410 337
1791420 337
1791430 338
1791440 338
1791450 338
1791460 339
1791470 339
1791480 339
1791490 340
1791500 341
1791510 341
1791520 341
1791530 342
1791540 343
1791550 343
1791560 344
1791570 345
1791580 345
1791590 345
1791600 347
1791610 347
1791620 348
1791630 349
1791640 349
1791650 350
1791660 352
1791670 352
1791680 353
1791690 354
1791700 354
1791710 354
1791720 355
1791730 355
1791740 357
1791750 358
1791760 358
1791770 358
1791780 358
1791790 357
1791800 357
1791810 357
1791820 355
1791830 355
1791840 354
1791850 354
1791860 354
1791870 356
1791880 357
1791890 357
1791900 356
1791910 356
1791920 356
1791930 355
1791940 355
1791950 355
1791960 355
1791970 354
1791980 354
1791990 354
1792000 354
1792010 354
1792020 354
1792030 354
1792040 354
1792050 354
1792060 355
1792070 355
1792080 355
1792090 355
1792100 356
1792110 356
1792120 355
1792130 355
1792140 355
1792150 356
1792160 359
1792170 359
1792180 363
1792190 365
1792200 365
1792210 366
1792220 368
1792230 368
1792240 371
1792250 373
1792260 373
1792270 375
1792280 377
1792290 377
1792300 380
1792310 382
1792320 383
1792330 383
1792340 382
1792350 379
1792360 379
1792370 378
1792380 377
1792390 377
1792400 376
1792410 372
1792420 372
1792430 368
1792440 368
1792450 368
1792460 372
1792470 379
1792480 379
1792490 382
1792500 386
1792510 386
1792520 387
1792530 388
1792540 388
1792550 389
1792560 391
1792570 393
1792580 393
1792590 394
1792600 395
1792610 395
1792620 396
1792630 397
1792640 397
1792650 399
1792660 401
1792670 401
1792680 404
1792690 407
1792700 407
1792710 410
1792720 412
1792730 412
1792740 415
1792750 418
1792760 418
1792770 418
1792780 418
1792790 418
1792800 418
1792810 418
1792820 418
1792830 418
1792840 418
1792850 418
1792860 418
1792870 418
1792880 419
1792890 419
1792900 419
1792910 419
1792920 419
1792930 419
1792940 418
1792950 418
1792960 417
1792970 416
1792980 416
1792990 415
1793000 415
1793010 415
1793020 415
1793030 414
1793040 414
1793050 414
1793060 413
1793070 413
1793080 412
