1780000 324
1780010 324
1780020 324
1780030 324
1780040 324
1780050 324
1780060 324
1780070 324
1780080 324
1780090 325
1780100 324
1780110 324
1780120 324
1780130 325
1780140 325
1780150 325
1780160 325
1780170 325
1780180 325
1780190 325
1780200 325
1780210 325
1780220 325
1780230 325
1780240 325
1780250 325
1780260 325
1780270 325
1780280 325
1780290 325
1780300 325
1780310 325
1780320 325
1780330 325
1780340 325
1780350 326
1780360 326
1780370 326
1780380 326
1780390 326
1780400 326
1780410 326
1780420 326
1780430 326
1780440 326
1780450 326
1780460 326
1780470 326
1780480 326
1780490 326
1780500 326
1780510 326
1780520 326
1780530 326
1780540 326
1780550 326
1780560 326
1780570 327
1780580 327
1780590 327
1780600 327
1780610 327
1780620 327
1780630 327
1780640 327
1780650 327
1780660 327
1780670 327
1780680 327
1780690 327
1780700 327
1780710 327
1780720 327
1780730 327
1780740 327
1780750 327
1780760 327
1780770 327
1780780 328
1780790 328
1780800 328
1780810 328
1780820 328
1780830 328
1780840 328
1780850 328
1780860 328
1780870 328
1780880 328
1780890 328
1780900 328
1780910 328
1780920 328
1780930 328
1780940 329
1780950 329
1780960 329
1780970 329
1780980 329
1780990 329
1781000 329
1781010 329
1781020 329
1781030 329
1781040 329
1781050 329
1781060 330
1781070 327
1781080 327
1781090 330
1781100 329
1781110 329
1781120 329
1781130 329
1781140 329
1781150 329
1781160 329
1781170 329
1781180 329
1781190 329
1781200 329
1781210 329
1781220 330
1781230 330
1781240 330
1781250 329
1781260 329
1781270 329
1781280 329
1781290 329
1781300 330
1781310 329
1781320 330
1781330 330
1781340 331
1781350 332
1781360 332
1781370 333
1781380 335
1781390 335
1781400 336
1781410 338
1781420 338
1781430 340
1781440 342
1781450 342
1781460 343
1781470 345
1781480 345
1781490 347
1781500 348
1781510 348
1781520 349
1781530 350
1781540 350
1781550 350
1781560 351
1781570 351
1781580 350
1781590 350
1781600 348
1781610 348
1781620 348
1781630 347
1781640 347
1781650 346
1781660 345
1781670 345
1781680 345
1781690 344
1781700 344
1781710 344
1781720 343
1781730 343
1781740 341
1781750 340
1781760 340
1781770 336
1781780 336
1781790 336
1781800 337
1781810 336
1781820 336
1781830 335
1781840 334
1781850 335
1781860 335
1781870 335
1781880 336
1781890 336
1781900 336
1781910 337
1781920 337
1781930 337
1781940 337
1781950 337
1781960 337
1781970 336
1781980 336
1781990 338
1782000 339
1782010 339
1782020 342
1782030 342
1782040 342
1782050 343
1782060 344
1782070 347
1782080 347
1782090 346
1782100 346
1782110 346
1782120 349
1782130 352
1782140 352
1782150 353
1782160 353
1782170 353
1782180 353
1782190 350
1782200 350
1782210 350
1782220 350
1782230 350
1782240 351
1782250 351
1782260 351
1782270 351
1782280 351
1782290 351
1782300 351
1782310 351
1782320 351
1782330 352
1782340 352
1782350 352
1782360 352
1782370 353
1782380 353
1782390 353
1782400 353
1782410 354
1782420 354
1782430 354
1782440 354
1782450 354
1782460 355
1782470 355
1782480 355
1782490 355
1782500 356
1782510 356
1782520 356
1782530 356
1782540 356
1782550 356
1782560 356
1782570 356
1782580 355
1782590 355
1782600 355
1782610 356
1782620 357
1782630 357
1782640 357
1782650 358
1782660 358
1782670 358
1782680 358
1782690 357
1782700 357
1782710 356
1782720 356
1782730 356
1782740 357
1782750 357
1782760 357
1782770 357
1782780 356
1782790 356
1782800 356
1782810 356
1782820 356
1782830 356
1782840 356
1782850 356
1782860 356
1782870 356
1782880 356
1782890 356
1782900 356
1782910 356
1782920 356
1782930 356
1782940 356
1782950 356
1782960 356
1782970 356
1782980 356
1782990 356
1783000 356
1783010 356
1783020 356
1783030 356
1783040 356
1783050 356
1783060 356
1783070 356
1783080 356
1783090 357
1783100 357
1783110 357
1783120 356
1783130 356
1783140 357
1783150 357
1783160 356
1783170 356
1783180 357
1783190 357
1783200 357
1783210 357
1783220 357
1783230 357
1783240 358
1783250 357
1783260 357
1783270 358
1783280 357
1783290 357
1783300 358
1783310 358
1783320 358
1783330 358
1783340 358
1783350 358
1783360 357
1783370 358
1783380 358
1783390 358
1783400 358
1783410 358
1783420 358
1783430 358
1783440 358
1783450 358
1783460 359
1783470 359
1783480 359
1783490 359
1783500 359
1783510 359
1783520 359
1783530 359
1783540 359
1783550 360
1783560 360
1783570 360
1783580 359
1783590 360
1783600 360
1783610 360
1783620 360
1783630 360
1783640 361
1783650 361
1783660 361
1783670 361
1783680 362
1783690 362
1783700 362
1783710 362
1783720 362
1783730 362
1783740 362
1783750 362
1783760 362
1783770 363
1783780 363
1783790 363
1783800 363
1783810 363
1783820 363
1783830 363
1783840 364
1783850 364
1783860 364
1783870 364
1783880 364
1783890 364
1783900 364
1783910 364
1783920 367
1783930 367
1783940 367
1783950 367
1783960 366
1783970 366
1783980 366
1783990 367
1784000 368
1784010 368
1784020 368
1784030 368
1784040 368
1784050 368
1784060 369
1784070 369
1784080 369
1784090 370
1784100 370
1784110 371
1784120 371
1784130 371
1784140 372
1784150 373
1784160 373
1784170 373
1784180 374
1784190 374
1784200 374
1784210 375
1784220 375
1784230 375
1784240 376
1784250 376
1784260 376
1784270 377
1784280 377
1784290 377
1784300 379
1784310 379
1784320 379
1784330 380
1784340 380
1784350 380
1784360 381
1784370 381
1784380 381
1784390 382
1784400 382
1784410 382
1784420 383
1784430 383
1784440 383
1784450 385
1784460 385
1784470 385
1784480 385
1784490 386
1784500 386
1784510 386
1784520 387
1784530 387
1784540 387
1784550 387
1784560 388
1784570 388
1784580 389
1784590 389
1784600 389
1784610 389
1784620 390
1784630 390
1784640 391
1784650 391
1784660 391
1784670 392
1784680 392
1784690 392
1784700 393
1784710 394
1784720 394
1784730 394
1784740 394
1784750 393
1784760 393
1784770 392
1784780 392
1784790 392
1784800 391
1784810 390
1784820 390
1784830 389
1784840 388
1784850 388
1784860 387
1784870 386
1784880 386
1784890 385
1784900 384
1784910 384
1784920 383
1784930 382
1784940 382
1784950 381
1784960 380
1784970 380
1784980 379
1784990 378
1785000 377
1785010 377
1785020 376
1785030 375
1785040 375
1785050 373
1785060 371
1785070 371
1785080 369
1785090 370
1785100 370
1785110 368
1785120 367
1785130 367
1785140 368
1785150 366
1785160 366
1785170 365
1785180 359
1785190 359
1785200 357
1785210 356
1785220 356
1785230 356
1785240 355
1785250 355
1785260 355
1785270 355
1785280 355
1785290 355
1785300 355
1785310 355
1785320 355
1785330 355
1785340 355
1785350 355
1785360 356
1785370 357
1785380 357
1785390 360
1785400 363
1785410 363
1785420 366
1785430 369
1785440 369
1785450 371
1785460 375
1785470 375
1785480 378
1785490 380
1785500 380
1785510 383
1785520 386
1785530 389
1785540 389
1785550 391
1785560 393
1785570 393
1785580 392
1785590 397
1785600 397
1785610 400
1785620 402
1785630 402
1785640 404
1785650 405
1785660 405
1785670 406
1785680 406
1785690 406
1785700 407
1785710 408
1785720 408
1785730 409
1785740 410
1785750 410
1785760 410
1785770 410
1785780 411
1785790 411
1785800 411
1785810 411
1785820 411
1785830 411
1785840 412
1785850 412
1785860 412
1785870 411
1785880 411
1785890 411
1785900 411
1785910 411
1785920 410
1785930 410
1785940 410
1785950 409
1785960 409
1785970 409
1785980 408
1785990 407
1786000 407
1786010 406
1786020 405
1786030 405
1786040 405
1786050 404
1786060 403
1786070 403
1786080 403
1786090 402
1786100 402
1786110 401
1786120 401
1786130 401
1786140 400
1786150 400
1786160 400
1786170 399
1786180 399
1786190 399
1786200 398
1786210 398
1786220 398
1786230 397
1786240 397
1786250 397
1786260 397
1786270 397
1786280 397
1786290 396
1786300 396
1786310 396
1786320 396
1786330 395
1786340 395
1786350 395
1786360 395
1786370 395
1786380 395
1786390 394
1786400 394
1786410 394
1786420 394
1786430 394
1786440 394
1786450 394
1786460 393
1786470 393
1786480 393
1786490 393
1786500 393
1786510 393
1786520 393
1786530 393
1786540 393
1786550 392
1786560 392
1786570 392
1786580 392
1786590 392
1786600 392
1786610 391
1786620 391
1786630 391
1786640 391
1786650 391
1786660 391
1786670 390
1786680 390
1786690 390
1786700 390
1786710 390
1786720 390
1786730 389
1786740 389
1786750 389
1786760 389
1786770 389
1786780 389
1786790 388
1786800 388
1786810 388
1786820 388
1786830 387
1786840 387
1786850 387
1786860 387
1786870 386
1786880 386
1786890 386
1786900 386
1786910 386
1786920 385
1786930 385
1786940 385
1786950 385
1786960 384
1786970 384
1786980 384
1786990 383
1787000 383
1787010 383
1787020 383
1787030 383
1787040 382
1787050 382
1787060 382
1787070 382
1787080 381
1787090 381
1787100 381
1787110 381
1787120 380
1787130 380
1787140 380
1787150 380
1787160 380
1787170 379
1787180 379
1787190 379
1787200 379
1787210 379
1787220 379
1787230 378
1787240 378
1787250 378
1787260 378
1787270 378
1787280 378
1787290 378
1787300 377
1787310 377
1787320 377
1787330 377
1787340 377
1787350 377
1787360 376
1787370 376
1787380 376
1787390 376
1787400 376
1787410 376
1787420 376
1787430 376
1787440 376
1787450 376
1787460 376
1787470 376
1787480 376
1787490 376
1787500 376
1787510 376
1787520 376
1787530 376
1787540 376
1787550 376
1787560 376
1787570 376
1787580 376
1787590 376
1787600 372
1787610 370
1787620 369
1787630 369
1787640 370
1787650 369
1787660 369
1787670 369
1787680 369
1787690 369
1787700 369
1787710 369
1787720 369
1787730 372
1787740 373
1787750 373
1787760 372
1787770 373
1787780 373
1787790 372
1787800 372
1787810 372
1787820 372
1787830 371
1787840 371
1787850 370
1787860 368
1787870 368
1787880 363
1787890 363
1787900 363
1787910 363
1787920 362
1787930 365
1787940 365
1787950 368
1787960 370
1787970 370
1787980 371
1787990 371
1788000 371
1788010 372
1788020 372
1788030 372
1788040 372
1788050 372
1788060 372
1788070 372
1788080 372
1788090 372
1788100 372
1788110 372
1788120 372
1788130 372
1788140 372
1788150 372
1788160 372
1788170 372
1788180 372
1788190 372
1788200 372
1788210 371
1788220 371
1788230 371
1788240 371
1788250 371
1788260 370
1788270 369
1788280 369
1788290 367
1788300 366
1788310 366
1788320 364
1788330 362
1788340 362
1788350 361
1788360 358
1788370 358
1788380 356
1788390 353
1788400 352
1788410 352
1788420 351
1788430 350
1788440 350
1788450 348
1788460 346
1788470 346
1788480 344
1788490 343
1788500 343
1788510 342
1788520 341
1788530 341
1788540 340
1788550 339
1788560 339
1788570 339
1788580 338
1788590 338
1788600 338
1788610 338
1788620 338
1788630 338
1788640 338
1788650 338
1788660 338
1788670 338
1788680 338
1788690 338
1788700 338
1788710 338
1788720 338
1788730 338
1788740 338
1788750 338
1788760 338
1788770 338
1788780 338
1788790 338
1788800 335
1788810 335
1788820 335
1788830 335
1788840 335
1788850 335
1788860 335
1788870 335
1788880 335
1788890 335
1788900 335
1788910 335
1788920 335
1788930 335
1788940 335
1788950 335
1788960 336
1788970 336
1788980 338
1788990 338
1789000 338
1789010 337
1789020 335
1789030 335
1789040 335
1789050 336
1789060 336
1789070 339
1789080 339
1789090 339
1789100 339
1789110 339
1789120 339
1789130 339
1789140 339
1789150 339
1789160 339
1789170 339
1789180 339
1789190 339
1789200 339
1789210 339
1789220 339
1789230 339
1789240 340
1789250 340
1789260 339
1789270 339
1789280 339
1789290 339
1789300 339
1789310 339
1789320 339
1789330 338
1789340 338
1789350 338
1789360 338
1789370 338
1789380 337
1789390 336
1789400 336
1789410 336
1789420 336
1789430 336
1789440 336
1789450 336
1789460 336
1789470 336
1789480 336
1789490 336
1789500 336
1789510 336
1789520 336
1789530 336
1789540 336
1789550 336
1789560 336
1789570 336
1789580 336
1789590 336
1789600 337
1789610 336
1789620 336
1789630 337
1789640 336
1789650 336
1789660 336
1789670 336
1789680 336
1789690 336
1789700 336
1789710 336
1789720 336
1789730 336
1789740 336
1789750 336
1789760 336
1789770 336
1789780 336
1789790 336
1789800 336
1789810 336
1789820 336
1789830 336
1789840 336
1789850 336
1789860 336
1789870 336
1789880 336
1789890 337
1789900 337
1789910 337
1789920 337
1789930 337
1789940 337
1789950 337
1789960 337
1789970 337
1789980 337
1789990 337
1790000 337
1790010 336
1790020 336
1790030 336
1790040 336
1790050 336
1790060 336
1790070 337
1790080 337
1790090 337
1790100 337
1790110 338
1790120 338
1790130 338
1790140 338
1790150 338
1790160 337
1790170 337
1790180 337
1790190 337
1790200 337
1790210 337
1790220 337
1790230 337
1790240 338
1790250 338
1790260 338
1790270 338
1790280 338
1790290 339
1790300 339
1790310 339
1790320 339
1790330 339
1790340 339
1790350 340
1790360 340
1790370 340
1790380 341
1790390 341
1790400 341
1790410 342
1790420 342
1790430 342
1790440 342
1790450 342
1790460 342
1790470 343
1790480 343
1790490 343
1790500 343
1790510 343
1790520 343
1790530 343
1790540 343
1790550 343
1790560 343
1790570 343
1790580 343
1790590 343
1790600 343
1790610 343
1790620 343
1790630 343
1790640 344
1790650 344
1790660 344
1790670 343
1790680 343
1790690 343
1790700 343
1790710 343
1790720 342
1790730 342
1790740 342
1790750 342
1790760 339
1790770 339
1790780 339
1790790 341
1790800 341
1790810 341
1790820 341
1790830 340
1790840 340
1790850 340
1790860 339
1790870 339
1790880 339
1790890 339
1790900 339
1790910 338
1790920 338
1790930 338
1790940 337
1790950 336
1790960 336
1790970 334
1790980 338
1790990 338
1791000 338
1791010 338
1791020 338
1791030 338
1791040 339
1791050 339
1791060 339
1791070 339
1791080 339
1791090 339
1791100 339
1791110 339
1791120 339
1791130 339
1791140 339
1791150 339
1791160 339
1791170 339
1791180 339
1791190 339
1791200 339
1791210 339
1791220 340
1791230 340
1791240 340
1791250 340
1791260 339
1791270 339
1791280 338
1791290 338
1791300 337
1791310 337
1791320 338
1791330 340
1791340 340
1791350 340
1791360 341
1791370 341
1791380 343
1791390 344
1791400 344
1791410 345
1791420 347
1791430 347
1791440 348
1791450 349
1791460 349
1791470 351
1791480 353
1791490 353
1791500 354
1791510 356
1791520 356
1791530 357
1791540 358
1791550 359
1791560 359
1791570 360
1791580 361
1791590 361
1791600 363
1791610 365
1791620 365
1791630 366
1791640 365
1791650 365
1791660 365
1791670 367
1791680 367
1791690 370
1791700 373
1791710 373
1791720 375
1791730 374
1791740 374
1791750 374
1791760 375
1791770 375
1791780 375
1791790 375
1791800 375
1791810 376
1791820 376
1791830 377
1791840 377
1791850 377
1791860 377
1791870 377
1791880 378
1791890 377
1791900 377
1791910 379
1791920 376
1791930 376
1791940 376
1791950 376
1791960 376
1791970 376
1791980 376
1791990 376
1792000 376
1792010 376
1792020 376
1792030 375
1792040 378
1792050 378
1792060 382
1792070 386
1792080 388
1792090 388
1792100 389
1792110 391
1792120 391
1792130 391
1792140 393
1792150 393
1792160 393
1792170 393
1792180 393
1792190 393
1792200 393
1792210 393
1792220 393
1792230 394
1792240 394
1792250 392
1792260 391
1792270 391
1792280 395
1792290 397
1792300 397
1792310 398
1792320 399
1792330 399
1792340 400
1792350 402
1792360 403
1792370 403
1792380 403
1792390 404
1792400 404
1792410 404
1792420 403
1792430 403
1792440 402
1792450 402
1792460 402
1792470 401
1792480 401
1792490 401
1792500 401
1792510 401
1792520 401
1792530 402
1792540 402
1792550 402
1792560 403
1792570 403
1792580 403
1792590 403
1792600 404
1792610 404
1792620 404
1792630 404
1792640 405
1792650 405
1792660 405
1792670 405
1792680 405
1792690 403
1792700 401
1792710 401
1792720 399
1792730 398
1792740 398
1792750 396
1792760 393
1792770 393
1792780 392
1792790 395
1792800 395
1792810 398
1792820 402
1792830 402
1792840 403
1792850 404
1792860 405
1792870 405
1792880 405
1792890 406
1792900 406
1792910 406
1792920 409
1792930 409
1792940 411
1792950 413
1792960 413
1792970 414
1792980 416
1792990 416
1793000 416
1793010 418
1793020 418
1793030 421
1793040 423
1793050 423
1793060 424
1793070 425
1793080 425
1789300 339
1789310 339
1789320 339
1789330 339
1789340 338
1789350 338
1789360 338
1789370 338
1789380 338
1789390 338
1789400 337
1789410 337
1789420 337
1789430 337
1789440 336
1789450 336
1789460 336
1789470 336
1789480 336
1789490 336
1789500 336
1789510 336
1789520 336
1789530 336
1789540 336
1789550 336
1789560 336
1789570 336
1789580 336
1789590 336
1789600 336
1789610 337
1789620 337
1789630 336
1789640 336
1789650 336
1789660 336
1789670 336
1789680 336
1789690 336
1789700 336
1789710 336
1789720 336
1789730 336
1789740 336
1789750 336
1789760 336
1789770 336
1789780 336
1789790 336
1789800 336
1789810 336
1789820 336
1789830 336
1789840 336
1789850 336
1789860 336
1789870 336
1789880 336
1789890 336
1789900 337
1789910 337
1789920 337
1789930 337
1789940 337
1789950 337
1789960 337
1789970 337
1789980 337
1789990 337
1790000 337
1790010 337
1790020 336
1790030 336
1790040 336
1790050 336
1790060 336
1790070 337
1790080 337
1790090 337
1790100 337
1790110 338
1790120 338
1790130 339
1790140 339
1790150 338
1790160 338
1790170 337
1790180 337
1790190 337
1790200 337
1790210 337
1790220 337
1790230 338
1790240 338
1790250 338
1790260 338
1790270 339
1790280 339
1790290 339
1790300 339
1790310 340
1790320 340
1790330 340
1790340 340
1790350 340
1790360 341
1790370 341
1790380 341
1790390 341
1790400 341
1790410 342
1790420 342
1790430 342
1790440 342
1790450 342
1790460 342
1790470 342
1790480 342
1790490 342
1790500 343
1790510 343
1790520 343
1790530 343
1790540 343
1790550 343
1790560 343
1790570 343
1790580 343
1790590 343
1790600 343
1790610 343
1790620 343
1790630 342
1790640 342
1790650 342
1790660 341
1790670 341
1790680 341
1790690 341
1790700 341
1790710 341
1790720 341
1790730 341
1790740 341
1790750 340
1790760 340
1790770 339
1790780 340
1790790 340
1790800 341
1790810 341
1790820 341
1790830 340
1790840 340
1790850 340
1790860 340
1790870 340
1790880 339
1790890 339
1790900 339
1790910 339
1790920 339
1790930 339
1790940 338
1790950 337
1790960 337
1790970 336
1790980 336
1790990 338
1791000 338
1791010 338
1791020 338
1791030 338
1791040 338
1791050 338
1791060 339
1791070 339
1791080 338
1791090 338
1791100 338
1791110 338
1791120 338
1791130 338
1791140 338
1791150 338
1791160 338
1791170 338
1791180 338
1791190 338
1791200 339
1791210 339
1791220 339
1791230 339
1791240 339
1791250 339
1791260 339
1791270 339
1791280 339
1791290 338
1791300 338
1791310 337
1791320 338
1791330 338
1791340 339
1791350 340
1791360 341
1791370 341
1791380 342
1791390 343
1791400 344
1791410 345
1791420 346
1791430 346
1791440 347
1791450 348
1791460 349
1791470 350
1791480 351
1791490 353
1791500 354
1791510 355
1791520 356
1791530 357
1791540 358
1791550 358
1791560 359
1791570 360
1791580 361
1791590 362
1791600 363
1791610 364
1791620 365
1791630 366
1791640 367
1791650 367
1791660 367
1791670 368
1791680 369
1791690 370
1791700 372
1791710 373
1791720 374
1791730 375
1791740 375
1791750 375
1791760 375
1791770 375
1791780 375
1791790 376
1791800 376
1791810 376
1791820 376
1791830 377
1791840 377
1791850 378
1791860 379
1791870 378
1791880 378
1791890 377
1791900 377
1791910 377
1791920 377
1791930 377
1791940 377
1791950 376
1791960 376
1791970 376
1791980 376
1791990 376
1792000 376
1792010 376
1792020 376
1792030 376
1792040 376
1792050 378
1792060 380
1792070 382
1792080 385
1792090 386
1792100 388
1792110 389
1792120 390
1792130 391
1792140 391
1792150 392
1792160 392
1792170 393
1792180 393
1792190 393
1792200 393
1792210 393
1792220 393
1792230 393
1792240 393
1792250 392
1792260 391
1792270 390
1792280 392
1792290 395
1792300 397
1792310 397
1792320 398
1792330 399
1792340 400
1792350 401
1792360 402
1792370 402
1792380 403
1792390 403
1792400 404
1792410 404
1792420 403
1792430 403
1792440 402
1792450 402
1792460 401
1792470 401
1792480 401
1792490 401
1792500 401
1792510 401
1792520 401
1792530 401
1792540 402
1792550 402
1792560 402
1792570 403
1792580 403
1792590 403
1792600 403
1792610 404
1792620 404
1792630 404
1792640 405
1792650 405
1792660 405
1792670 405
1792680 405
1792690 404
1792700 403
1792710 402
1792720 401
1792730 400
1792740 399
1792750 398
1792760 396
1792770 395
1792780 394
1792790 395
1792800 396
1792810 399
1792820 401
1792830 402
1792840 403
1792850 404
1792860 405
1792870 406
1792880 407
1792890 407
1792900 407
1792910 407
1792920 408
1792930 409
1792940 410
1792950 411
1792960 412
1792970 413
1792980 414
1792990 415
1793000 416
1793010 416
1793020 418
1793030 419
1793040 421
1793050 422
1793060 423
1793070 424
1793080 425
1793090 426
1793100 427
1793110 428
1793120 429
1793130 430
1793140 430
1793150 431
1793160 432
1793170 432
1793180 433
1793190 433
1793200 432
1793210 432
1793220 432
1793230 431
1793240 431
1793250 431
1793260 430
1793270 430
1793280 429
1793290 429
1793300 429
1793310 428
1793320 428
1793330 427
1793340 427
1793350 427
1793360 426
1793370 426
1793380 425
1793390 425
1793400 424
1793410 424
1793420 423
1793430 423
1793440 422
1793450 422
1793460 421
1793470 421
1793480 420
1793490 420
1793500 419
1793510 419
1793520 418
1793530 418
1793540 417
1793550 416
1793560 416
1793570 416
1793580 415
1793590 414
1793600 413
1793610 413
1793620 412
1793630 412
1793640 411
1793650 411
1793660 410
1793670 410
1793680 409
1793690 409
1793700 409
1793710 408
1793720 408
1793730 408
1793740 407
1793750 407
1793760 406
1793770 406
1793780 406
1793790 406
1793800 405
1793810 405
1793820 405
1793830 405
1793840 405
1793850 404
1793860 404
1793870 404
1793880 404
1793890 404
1793900 403
1793910 403
1793920 403
1793930 403
1793940 402
1793950 402
1793960 402
1793970 403
1793980 403
1793990 403
1794000 403
1794010 403
1794020 403
1794030 404
1794040 404
1794050 404
1794060 405
1794070 405
1794080 405
1794090 406
1794100 406
1794110 406
1794120 407
1794130 407
1794140 408
1794150 408
1794160 409
1794170 409
1794180 409
1794190 410
1794200 410
1794210 410
1794220 411
1794230 411
1794240 411
1794250 411
1794260 411
1794270 411
1794280 411
1794290 411
1794300 411
1794310 411
1794320 411
1794330 410
1794340 410
1794350 410
1794360 410
1794370 410
1794380 410
1794390 410
1794400 409
1794410 409
1794420 409
1794430 409
1794440 408
1794450 408
1794460 408
1794470 408
1794480 407
1794490 407
1794500 407
1794510 407
1794520 406
1794530 406
1794540 406
1794550 406
1794560 405
1794570 405
1794580 405
1794590 405
1794600 405
1794610 404
1794620 404
1794630 404
1794640 404
1794650 404
1794660 403
1794670 403
1794680 403
1794690 403
1794700 402
1794710 402
1794720 402
1794730 402
1794740 401
1794750 401
1794760 400
1794770 400
1794780 399
1794790 399
1794800 398
1794810 398
1794820 397
1794830 397
1794840 397
1794850 397
1794860 398
1794870 399
1794880 400
1794890 400
1794900 399
1794910 398
1794920 396
1794930 394
1794940 393
1794950 392
1794960 391
1794970 389
1794980 388
1794990 387
1795000 386
1795010 386
1795020 385
1795030 385
1795040 384
1795050 384
1795060 383
1795070 382
1795080 380
1795090 378
1795100 377
1795110 376
1795120 376
1795130 377
1795140 379
1795150 381
1795160 382
1795170 381
1795180 380
1795190 380
1795200 381
1795210 382
1795220 383
1795230 384
1795240 384
1795250 384
1795260 385
1795270 385
1795280 386
1795290 386
1795300 387
1795310 388
1795320 388
1795330 389
1795340 390
1795350 390
1795360 390
1795370 391
1795380 391
1795390 392
1795400 392
1795410 392
1795420 392
1795430 392
1795440 392
1795450 393
1795460 393
1795470 393
1795480 393
1795490 393
1795500 393
1795510 393
1795520 393
1795530 393
1795540 392
1795550 392
1795560 392
1795570 392
1795580 392
1795590 391
1795600 391
1795610 391
1795620 390
1795630 390
1795640 390
1795650 390
1795660 389
1795670 389
1795680 388
1795690 388
1795700 388
1795710 387
1795720 387
1795730 387
1795740 387
1795750 387
1795760 387
1795770 387
1795780 387
1795790 388
1795800 388
1795810 388
1795820 388
1795830 388
1795840 388
1795850 388
1795860 389
1795870 389
1795880 389
1795890 389
1795900 389
1795910 389
1795920 389
1795930 389
1795940 389
1795950 389
1795960 389
1795970 389
1795980 389
1795990 389
1796000 389
1796010 389
1796020 389
1796030 389
1796040 389
1796050 389
1796060 389
1796070 389
1796080 389
1796090 389
1796100 389
1796110 389
1796120 389
1796130 389
1796140 389
1796150 389
1796160 388
1796170 388
1796180 388
1796190 388
1796200 388
1796210 388
1796220 388
1796230 388
1796240 388
1796250 388
1796260 388
1796270 388
1796280 387
1796290 387
1796300 387
1796310 387
1796320 387
1796330 387
1796340 387
1796350 387
1796360 387
1796370 386
1796380 386
1796390 386
1796400 386
1796410 386
1796420 385
1796430 385
1796440 385
1796450 385
1796460 385
1796470 384
1796480 384
1796490 384
1796500 384
1796510 383
1796520 383
1796530 383
1796540 382
1796550 382
1796560 382
1796570 381
1796580 381
1796590 381
1796600 381
1796610 380
1796620 380
1796630 380
1796640 379
1796650 379
1796660 378
1796670 377
1796680 377
1796690 376
1796700 376
1796710 375
1796720 374
1796730 374
1796740 373
1796750 373
1796760 373
1796770 372
1796780 372
1796790 371
1796800 371
1796810 370
1796820 370
1796830 369
1796840 369
1796850 368
1796860 368
1796870 368
1796880 367
1796890 367
1796900 366
1796910 366
1796920 365
1796930 365
1796940 364
1796950 363
1796960 363
1796970 362
1796980 362
1796990 361
1797000 361
1797010 360
1797020 360
1797030 359
1797040 359
1797050 359
1797060 358
1797070 358
1797080 358
1797090 357
1797100 357
1797110 357
1797120 357
1797130 356
1797140 356
1797150 356
1797160 356
1797170 355
1797180 355
1797190 355
1797200 355
1797210 355
1797220 354
1797230 354
1797240 354
1797250 354
1797260 353
1797270 353
1797280 353
1797290 353
1797300 353
1797310 353
1797320 352
1797330 352
1797340 352
1797350 352
1797360 352
1797370 352
1797380 351
1797390 351
1797400 351
1797410 351
1797420 351
1797430 351
1797440 351
1797450 351
1797460 351
1797470 351
1797480 351
1797490 351
1797500 351
1797510 351
1797520 351
1797530 351
1797540 351
1797550 350
1797560 350
1797570 350
1797580 350
1797590 350
1797600 350
1797610 350
1797620 350
1797630 350
1797640 350
1797650 350
1797660 350
1797670 350
1797680 350
1797690 350
1797700 350
1797710 350
1797720 350
1797730 350
1797740 350
1797750 350
1797760 350
1797770 350
1797780 350
1797790 350
1797800 349
1797810 349
1797820 349
1797830 349
1797840 349
1797850 349
1797860 349
1797870 349
1797880 348
1797890 348
1797900 348
1797910 348
1797920 348
1797930 347
1797940 347
1797950 347
1797960 347
1797970 347
1797980 346
1797990 346
1798000 346
1798010 346
1798020 346
1798030 345
1798040 345
1798050 345
1798060 344
1798070 344
1798080 343
1798090 343
1798100 342
1798110 341
1798120 340
1798130 339
1798140 339
1798150 339
1798160 339
1798170 338
1798180 338
1798190 337
1798200 336
1798210 336
1798220 335
1798230 335
1798240 334
1798250 334
1798260 333
1798270 333
1798280 332
1798290 332
1798300 331
1798310 331
1798320 331
1798330 330
1798340 330
1798350 330
1798360 329
1798370 329
1798380 329
1798390 328
1798400 328
1798410 327
1798420 327
1798430 326
1798440 326
1798450 325
1798460 325
1798470 324
1798480 323
1798490 322
1798500 321
1798510 320
1798520 320
1798530 319
1798540 319
1798550 319
1798560 319
1798570 318
1798580 318
1798590 318
1798600 318
1798610 319
1798620 319
1798630 319
1798640 319
1798650 319
1798660 320
1798670 322
1798680 325
1798690 329
1798700 332
1798710 335
1798720 337
1798730 338
1798740 340
1798750 341
1798760 342
1798770 343
1798780 345
1798790 346
1798800 347
1798810 349
1798820 350
1798830 352
1798840 353
1798850 354
1798860 356
1798870 357
1798880 358
1798890 359
1798900 360
1798910 361
1798920 363
1798930 364
1798940 364
1798950 365
1798960 366
1798970 366
1798980 367
1798990 367
1799000 367
1799010 367
1799020 367
1799030 366
1799040 365
1799050 365
1799060 364
1799070 364
1799080 363
1799090 362
1799100 361
1799110 360
1799120 358
1799130 357
1799140 356
1799150 355
1799160 354
1799170 353
1799180 352
1799190 351
1799200 351
1799210 350
1799220 349
1799230 349
1799240 348
1799250 349
1799260 349
1799270 349
1799280 347
1799290 346
1799300 345
1799310 344
1799320 343
1799330 343
1799340 342
1799350 342
1799360 341
1799370 341
1799380 340
1799390 340
1799400 339
1799410 339
1799420 339
1799430 339
1799440 339
1799450 339
1799460 339
1799470 339
1799480 339
1799490 340
1799500 340
1799510 341
1799520 341
1799530 341
1799540 341
1799550 342
1799560 342
1799570 343
1799580 343
1799590 344
1799600 344
1799610 345
1799620 346
1799630 346
1799640 347
1799650 348
1799660 348
1799670 349
1799680 349
1799690 350
1799700 352
1799710 353
1799720 354
1799730 355
1799740 356
1799750 357
1799760 358
1799770 359
1799780 359
1799790 360
1799800 362
1799810 364
1799820 365
1799830 366
1799840 368
1799850 369
1799860 370
1799870 371
1799880 372
1799890 373
1799900 373
1799910 373
1799920 373
1799930 373
1799940 372
1799950 372
1799960 371
1799970 370
1799980 369
1799990 369
