1780000 324
1780010 324
1780020 324
1780030 324
1780040 324
1780050 324
1780060 324
1780070 324
1780080 324
1780090 324
1780100 324
1780110 324
1780120 324
1780130 324
1780140 324
1780150 324
1780160 324
1780170 324
1780180 324
1780190 324
1780200 324
1780210 324
1780220 324
1780230 325
1780240 325
1780250 325
1780260 325
1780270 325
1780280 325
1780290 325
1780300 325
1780310 325
1780320 325
1780330 325
1780340 325
1780350 325
1780360 325
1780370 325
1780380 325
1780390 325
1780400 325
1780410 325
1780420 325
1780430 325
1780440 326
1780450 326
1780460 326
1780470 326
1780480 326
1780490 326
1780500 326
1780510 326
1780520 326
1780530 326
1780540 327
1780550 327
1780560 327
1780570 327
1780580 327
1780590 327
1780600 328
1780610 328
1780620 328
1780630 328
1780640 328
1780650 328
1780660 328
1780670 328
1780680 328
1780690 326
1780700 328
1780710 328
1780720 328
1780730 328
1780740 328
1780750 328
1780760 328
1780770 328
1780780 328
1780790 328
1780800 328
1780810 328
1780820 328
1780830 328
1780840 328
1780850 328
1780860 328
1780870 328
1780880 328
1780890 328
1780900 328
1780910 328
1780920 328
1780930 328
1780940 328
1780950 328
1780960 328
1780970 328
1780980 329
1780990 329
1781000 329
1781010 329
1781020 329
1781030 329
1781040 329
1781050 329
1781060 328
1781070 329
1781080 329
1781090 329
1781100 329
1781110 329
1781120 329
1781130 329
1781140 329
1781150 329
1781160 329
1781170 329
1781180 329
1781190 329
1781200 329
1781210 329
1781220 329
1781230 329
1781240 329
1781250 329
1781260 330
1781270 330
1781280 330
1781290 330
1781300 330
1781310 330
1781320 331
1781330 331
1781340 332
1781350 332
1781360 332
1781370 334
1781380 335
1781390 335
1781400 336
1781410 337
1781420 337
1781430 339
1781440 340
1781450 341
1781460 341
1781470 343
1781480 344
1781490 344
1781500 346
1781510 348
1781520 348
1781530 349
1781540 350
1781550 351
1781560 352
1781570 353
1781580 353
1781590 354
1781600 354
1781610 354
1781620 355
1781630 355
1781640 355
1781650 355
1781660 354
1781670 354
1781680 354
1781690 354
1781700 354
1781710 353
1781720 353
1781730 352
1781740 352
1781750 352
1781760 352
1781770 352
1781780 351
1781790 351
1781800 351
1781810 351
1781820 351
1781830 351
1781840 351
1781850 351
1781860 351
1781870 352
1781880 352
1781890 352
1781900 352
1781910 352
1781920 352
1781930 352
1781940 352
1781950 352
1781960 352
1781970 352
1781980 352
1781990 352
1782000 352
1782010 352
1782020 352
1782030 351
1782040 351
1782050 351
1782060 351
1782070 350
1782080 350
1782090 350
1782100 350
1782110 350
1782120 349
1782130 348
1782140 348
1782150 347
1782160 346
1782170 346
1782180 345
1782190 342
1782200 342
1782210 340
1782220 343
1782230 343
1782240 343
1782250 344
1782260 345
1782270 345
1782280 345
1782290 345
1782300 345
1782310 344
1782320 345
1782330 345
1782340 345
1782350 344
1782360 344
1782370 344
1782380 343
1782390 343
1782400 342
1782410 344
1782420 344
1782430 346
1782440 347
1782450 347
1782460 348
1782470 348
1782480 348
1782490 349
1782500 349
1782510 349
1782520 349
1782530 349
1782540 349
1782550 349
1782560 350
1782570 351
1782580 351
1782590 351
1782600 352
1782610 352
1782620 352
1782630 352
1782640 352
1782650 352
1782660 352
1782670 352
1782680 352
1782690 353
1782700 353
1782710 352
1782720 353
1782730 353
1782740 353
1782750 352
1782760 352
1782770 352
1782780 352
1782790 352
1782800 352
1782810 352
1782820 352
1782830 352
1782840 352
1782850 352
1782860 352
1782870 352
1782880 352
1782890 352
1782900 352
1782910 352
1782920 352
1782930 353
1782940 353
1782950 353
1782960 353
1782970 353
1782980 353
1782990 353
1783000 353
1783010 353
1783020 353
1783030 353
1783040 353
1783050 353
1783060 353
1783070 354
1783080 354
1783090 354
1783100 354
1783110 354
1783120 354
1783130 354
1783140 354
1783150 354
1783160 355
1783170 355
1783180 355
1783190 355
1783200 355
1783210 355
1783220 355
1783230 355
1783240 355
1783250 355
1783260 355
1783270 355
1783280 354
1783290 354
1783300 354
1783310 354
1783320 354
1783330 354
1783340 354
1783350 354
1783360 354
1783370 354
1783380 354
1783390 354
1783400 355
1783410 354
1783420 354
1783430 354
1783440 354
1783450 354
1783460 354
1783470 354
1783480 354
1783490 354
1783500 354
1783510 354
1783520 353
1783530 353
1783540 353
1783550 353
1783560 353
1783570 353
1783580 353
1783590 353
1783600 354
1783610 354
1783620 354
1783630 355
1783640 355
1783650 355
1783660 355
1783670 355
1783680 355
1783690 355
1783700 355
1783710 356
1783720 356
1783730 356
1783740 356
1783750 358
1783760 358
1783770 358
1783780 358
1783790 358
1783800 357
1783810 358
1783820 358
1783830 358
1783840 358
1783850 358
1783860 358
1783870 358
1783880 358
1783890 358
1783900 358
1783910 358
1783920 358
1783930 359
1783940 359
1783950 359
1783960 359
1783970 360
1783980 360
1783990 360
1784000 360
1784010 360
1784020 360
1784030 361
1784040 361
1784050 361
1784060 362
1784070 362
1784080 362
1784090 362
1784100 362
1784110 362
1784120 363
1784130 362
1784140 362
1784150 363
1784160 363
1784170 363
1784180 363
1784190 364
1784200 364
1784210 364
1784220 365
1784230 365
1784240 365
1784250 366
1784260 366
1784270 366
1784280 367
1784290 367
1784300 367
1784310 367
1784320 367
1784330 367
1784340 368
1784350 368
1784360 368
1784370 369
1784380 369
1784390 369
1784400 371
1784410 371
1784420 371
1784430 371
1784440 371
1784450 371
1784460 372
1784470 373
1784480 373
1784490 373
1784500 374
1784510 374
1784520 374
1784530 375
1784540 375
1784550 376
1784560 377
1784570 377
1784580 378
1784590 378
1784600 378
1784610 378
1784620 379
1784630 380
1784640 380
1784650 380
1784660 380
1784670 380
1784680 381
1784690 381
1784700 381
1784710 381
1784720 381
1784730 381
1784740 382
1784750 382
1784760 382
1784770 382
1784780 382
1784790 382
1784800 383
1784810 383
1784820 383
1784830 383
1784840 383
1784850 384
1784860 384
1784870 383
1784880 383
1784890 383
1784900 383
1784910 382
1784920 382
1784930 382
1784940 382
1784950 382
1784960 381
1784970 380
1784980 380
1784990 380
1785000 379
1785010 379
1785020 378
1785030 377
1785040 377
1785050 375
1785060 375
1785070 375
1785080 373
1785090 372
1785100 372
1785110 371
1785120 368
1785130 368
1785140 368
1785150 366
1785160 365
1785170 365
1785180 363
1785190 362
1785200 362
1785210 360
1785220 358
1785230 358
1785240 356
1785250 355
1785260 355
1785270 355
1785280 355
1785290 355
1785300 355
1785310 354
1785320 354
1785330 354
1785340 354
1785350 354
1785360 354
1785370 354
1785380 354
1785390 354
1785400 356
1785410 358
1785420 358
1785430 360
1785440 362
1785450 362
1785460 365
1785470 366
1785480 366
1785490 368
1785500 371
1785510 371
1785520 373
1785530 376
1785540 376
1785550 379
1785560 382
1785570 382
1785580 386
1785590 388
1785600 388
1785610 390
1785620 393
1785630 393
1785640 395
1785650 397
1785660 398
1785670 398
1785680 399
1785690 400
1785700 400
1785710 401
1785720 402
1785730 402
1785740 403
1785750 404
1785760 404
1785770 405
1785780 406
1785790 406
1785800 406
1785810 407
1785820 407
1785830 407
1785840 408
1785850 408
1785860 408
1785870 408
1785880 408
1785890 409
1785900 409
1785910 409
1785920 409
1785930 409
1785940 409
1785950 409
1785960 408
1785970 408
1785980 408
1785990 407
1786000 407
1786010 407
1786020 406
1786030 406
1786040 406
1786050 405
1786060 405
1786070 405
1786080 404
1786090 403
1786100 403
1786110 402
1786120 402
1786130 402
1786140 401
1786150 400
1786160 400
1786170 400
1786180 399
1786190 399
1786200 399
1786210 398
1786220 398
1786230 398
1786240 397
1786250 397
1786260 397
1786270 396
1786280 396
1786290 396
1786300 395
1786310 395
1786320 395
1786330 395
1786340 394
1786350 394
1786360 394
1786370 394
1786380 394
1786390 394
1786400 394
1786410 394
1786420 394
1786430 393
1786440 393
1786450 393
1786460 393
1786470 393
1786480 393
1786490 393
1786500 392
1786510 392
1786520 392
1786530 392
1786540 392
1786550 392
1786560 392
1786570 392
1786580 391
1786590 391
1786600 391
1786610 391
1786620 391
1786630 391
1786640 391
1786650 390
1786660 390
1786670 390
1786680 390
1786690 390
1786700 390
1786710 390
1786720 390
1786730 390
1786740 390
1786750 390
1786760 390
1786770 389
1786780 389
1786790 389
1786800 389
1786810 389
1786820 389
1786830 388
1786840 388
1786850 388
1786860 388
1786870 387
1786880 387
1786890 387
1786900 387
1786910 387
1786920 386
1786930 386
1786940 386
1786950 385
1786960 385
1786970 384
1786980 384
1786990 384
1787000 383
1787010 383
1787020 383
1787030 383
1787040 383
1787050 382
1787060 381
1787070 381
1787080 381
1787090 380
1787100 380
1787110 380
1787120 380
1787130 380
1787140 379
1787150 379
1787160 379
1787170 379
1787180 379
1787190 379
1787200 378
1787210 378
1787220 378
1787230 378
1787240 378
1787250 377
1787260 377
1787270 377
1787280 377
1787290 377
1787300 377
1787310 377
1787320 377
1787330 376
1787340 376
1787350 376
1787360 376
1787370 376
1787380 376
1787390 375
1787400 375
1787410 375
1787420 375
1787430 375
1787440 375
1787450 375
1787460 375
1787470 375
1787480 375
1787490 374
1787500 374
1787510 374
1787520 374
1787530 374
1787540 374
1787550 375
1787560 375
1787570 375
1787580 375
1787590 375
1787600 375
1787610 375
1787620 375
1787630 375
1787640 375
1787650 375
1787660 375
1787670 375
1787680 375
1787690 375
1787700 374
1787710 374
1787720 374
1787730 374
1787740 374
1787750 373
1787760 373
1787770 373
1787780 373
1787790 373
1787800 372
1787810 372
1787820 372
1787830 372
1787840 372
1787850 372
1787860 371
1787870 371
1787880 371
1787890 371
1787900 371
1787910 371
1787920 370
1787930 369
1787940 369
1787950 365
1787960 362
1787970 362
1787980 362
1787990 359
1788000 361
1788010 361
1788020 361
1788030 363
1788040 363
1788050 367
1788060 368
1788070 368
1788080 369
1788090 369
1788100 369
1788110 370
1788120 371
1788130 371
1788140 371
1788150 371
1788160 371
1788170 371
1788180 371
1788190 371
1788200 371
1788210 372
1788220 372
1788230 372
1788240 371
1788250 371
1788260 371
1788270 372
1788280 371
1788290 371
1788300 371
1788310 371
1788320 371
1788330 371
1788340 371
1788350 371
1788360 371
1788370 371
1788380 371
1788390 370
1788400 369
1788410 369
1788420 367
1788430 365
1788440 365
1788450 362
1788460 359
1788470 359
1788480 357
1788490 354
1788500 354
1788510 352
1788520 349
1788530 347
1788540 347
1788550 345
1788560 344
1788570 344
1788580 342
1788590 340
1788600 340
1788610 339
1788620 339
1788630 339
1788640 338
1788650 338
1788660 338
1788670 337
1788680 337
1788690 337
1788700 337
1788710 337
1788720 337
1788730 337
1788740 337
1788750 337
1788760 337
1788770 337
1788780 337
1788790 337
1788800 337
1788810 335
1788820 335
1788830 335
1788840 335
1788850 335
1788860 335
1788870 335
1788880 335
1788890 335
1788900 335
1788910 335
1788920 335
1788930 335
1788940 335
1788950 335
1788960 335
1788970 335
1788980 335
1788990 335
1789000 335
1789010 335
1789020 335
1789030 335
1789040 335
1789050 335
1789060 335
1789070 335
1789080 335
1789090 335
1789100 335
1789110 335
1789120 336
1789130 336
1789140 337
1789150 336
1789160 336
1789170 335
1789180 337
1789190 337
1789200 337
1789210 337
1789220 337
1789230 337
1789240 337
1789250 337
1789260 337
1789270 336
1789280 336
1789290 337
1789300 336
1789310 336
1789320 336
1789330 336
1789340 336
1789350 336
1789360 336
1789370 336
1789380 336
1789390 336
1789400 336
1789410 336
1789420 336
1789430 336
1789440 336
1789450 336
1789460 336
1789470 336
1789480 336
1789490 336
1789500 336
1789510 336
1789520 336
1789530 336
1789540 336
1789550 336
1789560 336
1789570 336
1789580 336
1789590 337
1789600 337
1789610 336
1789620 336
1789630 336
1789640 336
1789650 336
1789660 336
1789670 336
1789680 336
1789690 336
1789700 336
1789710 336
1789720 336
1789730 336
1789740 335
1789750 335
1789760 336
1789770 336
1789780 336
1789790 336
1789800 335
1789810 335
1789820 335
1789830 336
1789840 336
1789850 336
1789860 336
1789870 335
1789880 335
1789890 335
1789900 335
1789910 335
1789920 335
1789930 335
1789940 335
1789950 335
1789960 335
1789970 335
1789980 336
1789990 336
1790000 336
1790010 336
1790020 336
1790030 336
1790040 336
1790050 336
1790060 336
1790070 336
1790080 336
1790090 337
1790100 337
1790110 337
1790120 338
1790130 338
1790140 337
1790150 337
1790160 337
1790170 337
1790180 337
1790190 337
1790200 337
1790210 337
1790220 337
1790230 337
1790240 336
1790250 336
1790260 336
1790270 336
1790280 336
1790290 336
1790300 336
1790310 336
1790320 336
1790330 336
1790340 336
1790350 337
1790360 337
1790370 337
1790380 337
1790390 338
1790400 338
1790410 338
1790420 338
1790430 338
1790440 338
1790450 338
1790460 338
1790470 338
1790480 338
1790490 339
1790500 339
1790510 339
1790520 338
1790530 338
1790540 338
1790550 338
1790560 338
1790570 338
1790580 338
1790590 338
1790600 339
1790610 339
1790620 339
1790630 339
1790640 339
1790650 339
1790660 339
1790670 339
1790680 339
1790690 339
1790700 339
1790710 339
1790720 339
1790730 339
1790740 339
1790750 339
1790760 339
1790770 339
1790780 339
1790790 339
1790800 339
1790810 339
1790820 339
1790830 339
1790840 339
1790850 339
1790860 339
1790870 339
1790880 339
1790890 339
1790900 339
1790910 339
1790920 339
1790930 341
1790940 341
1790950 345
1790960 345
1790970 345
1790980 338
1790990 336
1791000 336
1791010 335
1791020 334
1791030 334
1791040 335
1791050 335
1791060 335
1791070 335
1791080 335
1791090 335
1791100 335
1791110 335
1791120 335
1791130 335
1791140 335
1791150 335
1791160 335
1791170 335
1791180 335
1791190 335
1791200 335
1791210 335
1791220 335
1791230 335
1791240 335
1791250 335
1791260 335
1791270 335
1791280 335
1791290 335
1791300 336
1791310 336
1791320 336
1791330 337
1791340 337
1791350 337
1791360 338
1791370 338
1791380 338
1791390 339
1791400 339
1791410 340
1791420 340
1791430 341
1791440 341
1791450 342
1791460 343
1791470 343
1791480 344
1791490 344
1791500 344
1791510 345
1791520 346
1791530 346
1791540 346
1791550 346
1791560 346
1791570 348
1791580 351
1791590 351
1791600 352
1791610 351
1791620 351
1791630 350
1791640 351
1791650 351
1791660 352
1791670 353
1791680 356
1791690 356
1791700 362
1791710 366
1791720 366
1791730 369
1791740 368
1791750 368
1791760 367
1791770 367
1791780 367
1791790 368
1791800 369
1791810 369
1791820 370
1791830 371
1791840 371
1791850 374
1791860 378
1791870 378
1791880 380
1791890 376
1791900 376
1791910 375
1791920 376
1791930 376
1791940 376
1791950 376
1791960 377
1791970 377
1791980 377
1791990 378
1792000 378
1792010 378
1792020 379
1792030 379
1792040 379
1792050 380
1792060 380
1792070 380
1792080 381
1792090 381
1792100 384
1792110 383
1792120 383
1792130 381
1792140 379
1792150 379
1792160 379
1792170 381
1792180 381
1792190 386
1792200 387
1792210 390
1792220 390
1792230 389
1792240 389
1792250 389
1792260 389
1792270 390
1792280 390
1792290 390
1792300 390
1792310 390
1792320 391
1792330 391
1792340 391
1792350 391
1792360 391
1792370 391
1792380 391
1792390 391
1792400 391
1792410 391
1792420 391
1792430 391
1792440 392
1792450 393
1792460 393
1792470 393
1792480 391
1792490 391
1792500 391
1792510 391
1792520 390
1792530 390
1792540 390
1792550 395
1792560 395
1792570 396
1792580 396
1792590 396
1792600 393
1792610 396
1792620 396
1792630 401
1792640 401
1792650 401
1792660 402
1792670 402
1792680 402
1792690 403
1792700 403
1792710 403
1792720 403
1792730 403
1792740 402
1792750 402
1792760 401
1792770 400
1792780 400
1792790 400
1792800 399
1792810 399
1792820 398
1792830 399
1792840 399
1792850 398
1792860 397
1792870 397
1792880 397
1792890 396
1792900 396
1792910 396
1792920 398
1792930 398
1792940 399
1792950 401
1792960 401
1792970 403
1792980 405
1792990 407
1793000 407
1793010 409
1793020 410
1793030 410
1793040 413
1793050 415
1793060 415
1793070 418
