1780000 352
1780010 351
1780020 352
1780030 351
1780040 351
1780050 351
1780060 352
1780070 352
1780080 352
1780090 353
1780100 353
1780110 353
1780120 354
1780130 354
1780140 355
1780150 356
1780160 356
1780170 358
1780180 359
1780190 359
1780200 361
1780210 363
1780220 363
1780230 365
1780240 366
1780250 366
1780260 369
1780270 371
1780280 371
1780290 373
1780300 375
1780310 377
1780320 377
1780330 378
1780340 379
1780350 379
1780360 380
1780370 379
1780380 379
1780390 379
1780400 378
1780410 378
1780420 378
1780430 377
1780440 377
1780450 377
1780460 376
1780470 376
1780480 376
1780490 375
1780500 375
1780510 375
1780520 375
1780530 375
1780540 374
1780550 374
1780560 374
1780570 374
1780580 373
1780590 373
1780600 373
1780610 373
1780620 372
1780630 372
1780640 372
1780650 372
1780660 372
1780670 371
1780680 371
1780690 371
1780700 370
1780710 370
1780720 370
1780730 370
1780740 369
1780750 369
1780760 369
1780770 369
1780780 369
1780790 369
1780800 368
1780810 368
1780820 368
1780830 368
1780840 368
1780850 368
1780860 367
1780870 367
1780880 367
1780890 367
1780900 367
1780910 367
1780920 367
1780930 367
1780940 367
1780950 367
1780960 367
1780970 367
1780980 367
1780990 367
1781000 367
1781010 367
1781020 367
1781030 367
1781040 367
1781050 367
1781060 367
1781070 367
1781080 367
1781090 367
1781100 367
1781110 367
1781120 367
1781130 367
1781140 367
1781150 367
1781160 367
1781170 366
1781180 366
1781190 366
1781200 366
1781210 366
1781220 366
1781230 365
1781240 365
1781250 365
1781260 364
1781270 364
1781280 364
1781290 364
1781300 363
1781310 363
1781320 363
1781330 362
1781340 362
1781350 362
1781360 362
1781370 361
1781380 361
1781390 361
1781400 360
1781410 360
1781420 360
1781430 360
1781440 360
1781450 359
1781460 359
1781470 359
1781480 359
1781490 359
1781500 359
1781510 358
1781520 358
1781530 358
1781540 358
1781550 358
1781560 358
1781570 358
1781580 357
1781590 357
1781600 356
1781610 356
1781620 355
1781630 355
1781640 355
1781650 354
1781660 354
1781670 354
1781680 353
1781690 353
1781700 353
1781710 352
1781720 352
1781730 351
1781740 350
1781750 350
1781760 349
1781770 348
1781780 348
1781790 348
1781800 347
1781810 347
1781820 347
1781830 347
1781840 347
1781850 346
1781860 345
1781870 345
1781880 345
1781890 344
1781900 344
1781910 344
1781920 343
1781930 342
1781940 342
1781950 341
1781960 341
1781970 341
1781980 341
1781990 341
1782000 341
1782010 341
1782020 341
1782030 341
1782040 341
1782050 341
1782060 341
1782070 341
1782080 341
1782090 341
1782100 340
1782110 340
1782120 340
1782130 340
1782140 340
1782150 340
1782160 340
1782170 340
1782180 340
1782190 340
1782200 340
1782210 340
1782220 340
1782230 340
1782240 340
1782250 340
1782260 340
1782270 340
1782280 340
1782290 340
1782300 340
1782310 340
1782320 340
1782330 340
1782340 340
1782350 340
1782360 340
1782370 340
1782380 340
1782390 340
1782400 340
1782410 341
1782420 341
1782430 341
1782440 341
1782450 342
1782460 342
1782470 342
1782480 342
1782490 343
1782500 343
1782510 343
1782520 344
1782530 344
1782540 345
1782550 346
1782560 346
1782570 348
1782580 350
1782590 350
1782600 352
1782610 353
1782620 353
1782630 355
1782640 356
1782650 356
1782660 358
1782670 359
1782680 359
1782690 360
1782700 360
1782710 362
1782720 362
1782730 363
1782740 364
1782750 364
1782760 365
1782770 366
1782780 366
1782790 367
1782800 368
1782810 368
1782820 369
1782830 370
1782840 370
1782850 370
1782860 371
1782870 371
1782880 373
1782890 374
1782900 374
1782910 376
1782920 377
1782930 377
1782940 378
1782950 380
1782960 381
1782970 381
1782980 383
1782990 384
1783000 384
1783010 385
1783020 389
1783030 389
1783040 393
1783050 398
1783060 398
1783070 401
1783080 404
1783090 404
1783100 407
1783110 409
1783120 409
1783130 413
1783140 416
1783150 416
1783160 419
1783170 421
1783180 421
1783190 425
1783200 427
1783210 427
1783220 429
1783230 431
1783240 432
1783250 432
1783260 433
1783270 433
1783280 433
1783290 433
1783300 433
1783310 433
1783320 433
1783330 433
1783340 433
1783350 432
1783360 432
1783370 432
1783380 432
1783390 432
1783400 432
1783410 431
1783420 431
1783430 431
1783440 431
1783450 430
1783460 430
1783470 430
1783480 430
1783490 429
1783500 429
1783510 429
1783520 428
1783530 428
1783540 428
1783550 427
1783560 427
1783570 426
1783580 426
1783590 426
1783600 425
1783610 424
1783620 424
1783630 423
1783640 421
1783650 421
1783660 420
1783670 418
1783680 418
1783690 418
1783700 417
1783710 417
1783720 417
1783730 416
1783740 416
1783750 415
1783760 414
1783770 413
1783780 413
1783790 412
1783800 411
1783810 411
1783820 410
1783830 410
1783840 410
1783850 409
1783860 408
1783870 408
1783880 407
1783890 406
1783900 406
1783910 405
1783920 404
1783930 404
1783940 403
1783950 402
1783960 402
1783970 401
1783980 399
1783990 399
1784000 398
1784010 397
1784020 396
1784030 396
1784040 396
1784050 395
1784060 395
1784070 395
1784080 394
1784090 394
1784100 393
1784110 393
1784120 393
1784130 392
1784140 390
1784150 390
1784160 389
1784170 389
1784180 389
1784190 388
1784200 387
1784210 387
1784220 387
1784230 387
1784240 387
1784250 386
1784260 386
1784270 386
1784280 384
1784290 383
1784300 383
1784310 383
1784320 382
1784330 381
1784340 381
1784350 380
1784360 379
1784370 379
1784380 378
1784390 377
1784400 377
1784410 376
1784420 375
1784430 375
1784440 374
1784450 374
1784460 374
1784470 373
1784480 372
1784490 372
1784500 371
1784510 371
1784520 371
1784530 370
1784540 370
1784550 370
1784560 370
1784570 369
1784580 368
1784590 368
1784600 369
1784610 368
1784620 368
1784630 369
1784640 369
1784650 369
1784660 370
1784670 371
1784680 371
1784690 373
1784700 374
1784710 374
1784720 376
1784730 377
1784740 377
1784750 378
1784760 380
1784770 380
1784780 381
1784790 383
1784800 383
1784810 385
1784820 387
1784830 389
1784840 389
1784850 391
1784860 393
1784870 393
1784880 396
1784890 398
1784900 398
1784910 401
1784920 404
1784930 404
1784940 407
1784950 410
1784960 410
1784970 414
1784980 418
1784990 418
1785000 422
1785010 425
1785020 425
1785030 426
1785040 427
1785050 427
1785060 427
1785070 427
1785080 427
1785090 427
1785100 428
1785110 428
1785120 428
1785130 427
1785140 427
1785150 427
1785160 427
1785170 427
1785180 427
1785190 427
1785200 426
1785210 426
1785220 426
1785230 426
1785240 426
1785250 426
1785260 426
1785270 426
1785280 426
1785290 427
1785300 427
1785310 427
1785320 427
1785330 427
1785340 427
1785350 427
1785360 427
1785370 427
1785380 427
1785390 427
1785400 427
1785410 427
1785420 426
1785430 426
1785440 426
1785450 426
1785460 426
1785470 426
1785480 426
1785490 426
1785500 425
1785510 425
1785520 425
1785530 425
1785540 425
1785550 425
1785560 425
1785570 425
1785580 425
1785590 425
1785600 425
1785610 425
1785620 425
1785630 425
1785640 425
1785650 425
1785660 424
1785670 424
1785680 424
1785690 424
1785700 423
1785710 423
1785720 423
1785730 422
1785740 422
1785750 422
1785760 422
1785770 422
1785780 421
1785790 421
1785800 421
1785810 420
1785820 420
1785830 420
1785840 419
1785850 419
1785860 419
1785870 418
1785880 418
1785890 417
1785900 417
1785910 416
1785920 416
1785930 416
1785940 416
1785950 415
1785960 415
1785970 415
1785980 414
1785990 414
1786000 413
1786010 413
1786020 413
1786030 412
1786040 411
1786050 411
1786060 411
1786070 410
1786080 410
1786090 409
1786100 409
1786110 409
1786120 408
1786130 408
1786140 408
1786150 407
1786160 406
1786170 406
1786180 406
1786190 406
1786200 405
1786210 405
1786220 405
1786230 405
1786240 405
1786250 405
1786260 404
1786270 404
1786280 404
1786290 404
1786300 404
1786310 403
1786320 403
1786330 403
1786340 403
1786350 402
1786360 402
1786370 402
1786380 402
1786390 402
1786400 402
1786410 401
1786420 401
1786430 401
1786440 401
1786450 400
1786460 400
1786470 400
1786480 400
1786490 400
1786500 400
1786510 399
1786520 399
1786530 399
1786540 399
1786550 399
1786560 398
1786570 393
1786580 393
1786590 394
1786600 398
1786610 398
1786620 398
1786630 398
1786640 398
1786650 398
1786660 398
1786670 398
1786680 398
1786690 397
1786700 397
1786710 397
1786720 397
1786730 396
1786740 396
1786750 396
1786760 397
1786770 397
1786780 397
1786790 397
1786800 397
1786810 397
1786820 397
1786830 397
1786840 397
1786850 397
1786860 397
1786870 397
1786880 397
1786890 397
1786900 397
1786910 396
1786920 396
1786930 396
1786940 395
1786950 395
1786960 395
1786970 395
1786980 394
1786990 394
1787000 393
1787010 393
1787020 393
1787030 392
1787040 392
1787050 392
1787060 391
1787070 391
1787080 391
1787090 390
1787100 389
1787110 389
1787120 389
1787130 388
1787140 388
1787150 388
1787160 387
1787170 387
1787180 386
1787190 386
1787200 386
1787210 385
1787220 384
1787230 383
1787240 383
1787250 382
1787260 380
1787270 380
1787280 379
1787290 376
1787300 376
1787310 373
1787320 371
1787330 371
1787340 369
1787350 367
1787360 367
1787370 363
1787380 360
1787390 360
1787400 359
1787410 357
1787420 357
1787430 355
1787440 354
1787450 354
1787460 352
1787470 351
1787480 351
1787490 350
1787500 349
1787510 349
1787520 349
1787530 349
1787540 350
1787550 350
1787560 349
1787570 350
1787580 350
1787590 350
1787600 350
1787610 350
1787620 350
1787630 350
1787640 350
1787650 350
1787660 350
1787670 350
1787680 350
1787690 350
1787700 350
1787710 350
1787720 350
1787730 350
1787740 348
1787750 348
1787760 350
1787770 350
1787780 350
1787790 349
1787800 349
1787810 348
1787820 348
1787830 348
1787840 350
1787850 350
1787860 350
1787870 350
1787880 349
1787890 349
1787900 349
1787910 349
1787920 349
1787930 349
1787940 349
1787950 349
1787960 349
1787970 349
1787980 349
1787990 349
1788000 350
1788010 350
1788020 349
1788030 348
1788040 349
1788050 349
1788060 349
1788070 349
1788080 349
1788090 349
1788100 349
1788110 349
1788120 349
1788130 348
1788140 348
1788150 348
1788160 348
1788170 348
1788180 348
1788190 348
1788200 348
1788210 348
1788220 348
1788230 348
1788240 348
1788250 348
1788260 348
1788270 348
1788280 348
1788290 348
1788300 348
1788310 348
1788320 348
1788330 348
1788340 348
1788350 348
1788360 348
1788370 348
1788380 348
1788390 348
1788400 348
1788410 348
1788420 348
1788430 348
1788440 348
1788450 348
1788460 347
1788470 347
1788480 347
1788490 347
1788500 347
1788510 347
1788520 347
1788530 347
1788540 347
1788550 347
1788560 347
1788570 348
1788580 348
1788590 348
1788600 347
1788610 347
1788620 348
1788630 347
1788640 347
1788650 347
1788660 347
1788670 347
1788680 347
1788690 347
1788700 347
1788710 347
1788720 347
1788730 347
1788740 347
1788750 347
1788760 347
1788770 347
1788780 347
1788790 347
1788800 347
1788810 348
1788820 348
1788830 348
1788840 348
1788850 348
1788860 348
1788870 348
1788880 348
1788890 348
1788900 349
1788910 351
1788920 351
1788930 351
1788940 350
1788950 350
1788960 348
1788970 348
1788980 348
1788990 348
1789000 348
1789010 348
1789020 349
1789030 349
1789040 349
1789050 349
1789060 349
1789070 349
1789080 350
1789090 350
1789100 350
1789110 350
1789120 351
1789130 351
1789140 351
1789150 352
1789160 352
1789170 352
1789180 353
1789190 354
1789200 354
1789210 354
1789220 355
1789230 355
1789240 356
1789250 356
1789260 356
1789270 357
1789280 358
1789290 358
1789300 358
1789310 359
1789320 359
1789330 360
1789340 361
1789350 361
1789360 362
1789370 363
1789380 364
1789390 364
1789400 365
1789410 366
1789420 366
1789430 367
1789440 368
1789450 368
1789460 369
1789470 369
1789480 369
1789490 370
1789500 370
1789510 370
1789520 371
1789530 371
1789540 371
1789550 371
1789560 371
1789570 371
1789580 370
1789590 370
1789600 370
1789610 370
1789620 369
1789630 368
1789640 368
1789650 368
1789660 366
1789670 366
1789680 365
1789690 365
1789700 365
1789710 364
1789720 363
1789730 363
1789740 362
1789750 361
1789760 361
1789770 361
1789780 361
1789790 361
1789800 360
1789810 359
1789820 359
1789830 358
1789840 358
1789850 358
1789860 357
1789870 357
1789880 357
1789890 356
1789900 356
1789910 355
1789920 355
1789930 355
1789940 355
1789950 355
1789960 355
1789970 354
1789980 354
1789990 354
1790000 353
1790010 353
1790020 353
1790030 353
1790040 353
1790050 352
1790060 352
1790070 352
1790080 351
1790090 351
1790100 351
1790110 351
1790120 350
1790130 350
1790140 350
1790150 349
1790160 349
1790170 349
1790180 348
1790190 348
1790200 348
1790210 348
1790220 347
1790230 347
1790240 347
1790250 346
1790260 346
1790270 346
1790280 345
1790290 345
1790300 345
1790310 345
1790320 345
1790330 345
1790340 344
1790350 344
1790360 344
1790370 343
1790380 343
1790390 343
1790400 343
1790410 343
1790420 343
1790430 342
1790440 342
1790450 342
1790460 342
1790470 342
1790480 342
1790490 341
1790500 341
1790510 341
1790520 341
1790530 341
1790540 341
1790550 339
1790560 341
1790570 341
1790580 341
1790590 341
1790600 341
1790610 341
1790620 341
1790630 341
1790640 341
1790650 341
1790660 341
1790670 341
1790680 341
1790690 341
1790700 341
1790710 341
1790720 341
1790730 341
1790740 341
1790750 341
1790760 341
1790770 341
1790780 341
1790790 341
1790800 341
1790810 341
1790820 341
1790830 341
1790840 341
1790850 341
1790860 341
1790870 341
1790880 341
1790890 341
1790900 341
1790910 341
1790920 341
1790930 341
1790940 341
1790950 341
1790960 341
1790970 341
1790980 341
1790990 341
1791000 341
1791010 341
1791020 342
1791030 342
1791040 342
1791050 343
1791060 344
1791070 344
1791080 344
1791090 344
1791100 344
1791110 345
1791120 345
1791130 345
1791140 346
1791150 347
1791160 347
1791170 348
1791180 349
1791190 349
1791200 349
1791210 352
1791220 353
1791230 353
1791240 353
1791250 353
1791260 353
1791270 353
1791280 351
1791290 351
1791300 351
1791310 351
1791320 351
1791330 350
1791340 348
1791350 348
1791360 347
1791370 347
1791380 347
1791390 347
1791400 346
1791410 346
1791420 346
1791430 346
1791440 346
1791450 347
1791460 347
1791470 347
1791480 348
1791490 348
1791500 349
1791510 349
1791520 349
1791530 350
1791540 350
1791550 352
1791560 354
1791570 354
1791580 355
1791590 354
1791600 354
1791610 353
1791620 352
1791630 352
1791640 352
1791650 353
1791660 353
1791670 352
1791680 353
1791690 353
1791700 353
1791710 354
1791720 354
1791730 354
1791740 354
1791750 354
1791760 354
1791770 355
1791780 354
1791790 354
1791800 354
1791810 355
1791820 355
1791830 355
1791840 355
1791850 355
1791860 356
1791870 356
1791880 356
1791890 357
1791900 358
1791910 358
1791920 359
1791930 359
1791940 359
1791950 360
1791960 361
1791970 361
1791980 361
1791990 361
1792000 361
1792010 361
1792020 358
1792030 358
1792040 358
1792050 358
1792060 360
1792070 360
1792080 360
1792090 360
1792100 360
1792110 361
1792120 362
1792130 362
1792140 363
1792150 363
1792160 363
1792170 364
1792180 364
1792190 364
1792200 365
1792210 365
1792220 365
1792230 366
1792240 366
1792250 366
1792260 366
1792270 366
1792280 366
1792290 367
1792300 365
1792310 365
1792320 365
1792330 365
1792340 367
1792350 367
1792360 368
1792370 369
1792380 369
1792390 370
1792400 371
1792410 371
1792420 372
1792430 374
1792440 374
1792450 375
1792460 378
1792470 378
1792480 380
1792490 382
1792500 382
1792510 384
1792520 385
1792530 385
1792540 386
1792550 388
1792560 388
1792570 388
1792580 389
1792590 389
1792600 389
1792610 390
1792620 391
1792630 391
1792640 391
1792650 392
1792660 392
1792670 393
1792680 394
1792690 394
1792700 395
1792710 396
1792720 396
1792730 397
1792740 398
1792750 398
1792760 399
1792770 399
1792780 399
1792790 400
1792800 401
1792810 401
1792820 402
1792830 403
1792840 405
1792850 405
1792860 407
1792870 409
1792880 409
1792890 411
1792900 413
1792910 413
1792920 415
1792930 416
1792940 416
1792950 417
1792960 418
1792970 418
1792980 418
1792990 419
1793000 419
1793010 420
1793020 420
1793030 420
1793040 420
1793050 421
1793060 422
1793070 422
