1780000 381
1780010 380
1780020 379
1780030 378
1780040 378
1780050 377
1780060 376
1780070 376
1780080 376
1780090 375
1780100 375
1780110 374
1780120 374
1780130 374
1780140 373
1780150 372
1780160 372
1780170 372
1780180 371
1780190 371
1780200 370
1780210 370
1780220 370
1780230 369
1780240 370
1780250 370
1780260 370
1780270 371
1780280 371
1780290 371
1780300 372
1780310 373
1780320 373
1780330 374
1780340 375
1780350 375
1780360 376
1780370 377
1780380 377
1780390 377
1780400 378
1780410 378
1780420 378
1780430 377
1780440 377
1780450 376
1780460 375
1780470 375
1780480 374
1780490 373
1780500 373
1780510 372
1780520 371
1780530 371
1780540 370
1780550 370
1780560 369
1780570 369
1780580 369
1780590 369
1780600 369
1780610 369
1780620 369
1780630 369
1780640 369
1780650 369
1780660 369
1780670 369
1780680 369
1780690 369
1780700 370
1780710 371
1780720 371
1780730 371
1780740 372
1780750 372
1780760 374
1780770 375
1780780 375
1780790 377
1780800 379
1780810 379
1780820 380
1780830 382
1780840 383
1780850 383
1780860 384
1780870 386
1780880 386
1780890 386
1780900 387
1780910 387
1780920 387
1780930 389
1780940 389
1780950 388
1780960 387
1780970 387
1780980 387
1780990 387
1781000 387
1781010 387
1781020 386
1781030 386
1781040 386
1781050 386
1781060 386
1781070 386
1781080 385
1781090 385
1781100 385
1781110 385
1781120 385
1781130 385
1781140 385
1781150 384
1781160 384
1781170 384
1781180 384
1781190 384
1781200 383
1781210 383
1781220 383
1781230 383
1781240 383
1781250 383
1781260 382
1781270 382
1781280 382
1781290 382
1781300 381
1781310 381
1781320 381
1781330 380
1781340 380
1781350 380
1781360 379
1781370 379
1781380 379
1781390 378
1781400 378
1781410 378
1781420 377
1781430 376
1781440 376
1781450 376
1781460 376
1781470 376
1781480 375
1781490 374
1781500 374
1781510 374
1781520 373
1781530 373
1781540 372
1781550 372
1781560 372
1781570 371
1781580 370
1781590 370
1781600 368
1781610 365
1781620 365
1781630 363
1781640 363
1781650 363
1781660 363
1781670 365
1781680 364
1781690 364
1781700 363
1781710 362
1781720 362
1781730 361
1781740 359
1781750 359
1781760 359
1781770 358
1781780 358
1781790 356
1781800 355
1781810 355
1781820 355
1781830 356
1781840 356
1781850 355
1781860 355
1781870 355
1781880 354
1781890 354
1781900 354
1781910 354
1781920 353
1781930 353
1781940 353
1781950 352
1781960 351
1781970 351
1781980 351
1781990 350
1782000 350
1782010 350
1782020 349
1782030 349
1782040 349
1782050 348
1782060 348
1782070 348
1782080 348
1782090 348
1782100 348
1782110 347
1782120 347
1782130 346
1782140 346
1782150 346
1782160 346
1782170 346
1782180 346
1782190 346
1782200 346
1782210 346
1782220 346
1782230 346
1782240 346
1782250 346
1782260 346
1782270 346
1782280 346
1782290 347
1782300 349
1782310 349
1782320 351
1782330 352
1782340 352
1782350 354
1782360 356
1782370 356
1782380 358
1782390 360
1782400 360
1782410 361
1782420 363
1782430 363
1782440 364
1782450 364
1782460 365
1782470 365
1782480 365
1782490 365
1782500 365
1782510 364
1782520 363
1782530 363
1782540 362
1782550 361
1782560 361
1782570 360
1782580 359
1782590 359
1782600 358
1782610 358
1782620 358
1782630 358
1782640 359
1782650 359
1782660 359
1782670 359
1782680 359
1782690 359
1782700 359
1782710 359
1782720 359
1782730 360
1782740 360
1782750 360
1782760 360
1782770 361
1782780 361
1782790 361
1782800 362
1782810 362
1782820 362
1782830 362
1782840 362
1782850 362
1782860 362
1782870 362
1782880 363
1782890 363
1782900 363
1782910 363
1782920 364
1782930 364
1782940 364
1782950 365
1782960 365
1782970 365
1782980 366
1782990 366
1783000 367
1783010 367
1783020 369
1783030 369
1783040 369
1783050 369
1783060 369
1783070 370
1783080 372
1783090 372
1783100 373
1783110 374
1783120 374
1783130 375
1783140 376
1783150 376
1783160 377
1783170 378
1783180 378
1783190 379
1783200 381
1783210 381
1783220 383
1783230 384
1783240 384
1783250 386
1783260 388
1783270 390
1783280 388
1783290 390
1783300 393
1783310 393
1783320 395
1783330 397
1783340 397
1783350 399
1783360 401
1783370 401
1783380 405
1783390 407
1783400 407
1783410 407
1783420 407
1783430 407
1783440 407
1783450 407
1783460 407
1783470 406
1783480 406
1783490 406
1783500 406
1783510 405
1783520 405
1783530 404
1783540 404
1783550 403
1783560 403
1783570 403
1783580 402
1783590 402
1783600 401
1783610 400
1783620 400
1783630 400
1783640 399
1783650 399
1783660 399
1783670 398
1783680 398
1783690 398
1783700 397
1783710 397
1783720 396
1783730 396
1783740 396
1783750 395
1783760 394
1783770 394
1783780 394
1783790 393
1783800 393
1783810 392
1783820 392
1783830 391
1783840 391
1783850 390
1783860 389
1783870 389
1783880 389
1783890 388
1783900 388
1783910 387
1783920 386
1783930 386
1783940 386
1783950 385
1783960 385
1783970 385
1783980 384
1783990 384
1784000 384
1784010 382
1784020 382
1784030 380
1784040 380
1784050 380
1784060 379
1784070 378
1784080 378
1784090 378
1784100 378
1784110 378
1784120 378
1784130 378
1784140 375
1784150 375
1784160 378
1784170 378
1784180 378
1784190 378
1784200 379
1784210 379
1784220 380
1784230 381
1784240 381
1784250 382
1784260 384
1784270 384
1784280 386
1784290 387
1784300 387
1784310 389
1784320 392
1784330 392
1784340 394
1784350 396
1784360 398
1784370 398
1784380 398
1784390 398
1784400 396
1784410 398
1784420 400
1784430 400
1784440 403
1784450 405
1784460 405
1784470 407
1784480 411
1784490 411
1784500 414
1784510 416
1784520 416
1784530 418
1784540 420
1784550 420
1784560 422
1784570 424
1784580 424
1784590 426
1784600 428
1784610 428
1784620 430
1784630 430
1784640 431
1784650 431
1784660 433
1784670 433
1784680 433
1784690 434
1784700 435
1784710 435
1784720 436
1784730 436
1784740 436
1784750 437
1784760 437
1784770 437
1784780 437
1784790 437
1784800 437
1784810 437
1784820 437
1784830 437
1784840 436
1784850 436
1784860 436
1784870 436
1784880 436
1784890 436
1784900 436
1784910 435
1784920 435
1784930 435
1784940 435
1784950 435
1784960 435
1784970 435
1784980 434
1784990 434
1785000 434
1785010 434
1785020 434
1785030 434
1785040 434
1785050 434
1785060 434
1785070 433
1785080 433
1785090 433
1785100 433
1785110 433
1785120 433
1785130 433
1785140 433
1785150 432
1785160 432
1785170 432
1785180 432
1785190 431
1785200 431
1785210 431
1785220 431
1785230 430
1785240 430
1785250 430
1785260 430
1785270 430
1785280 429
1785290 429
1785300 429
1785310 429
1785320 428
1785330 428
1785340 428
1785350 427
1785360 427
1785370 427
1785380 427
1785390 427
1785400 426
1785410 425
1785420 425
1785430 425
1785440 425
1785450 424
1785460 424
1785470 424
1785480 424
1785490 424
1785500 423
1785510 423
1785520 423
1785530 422
1785540 422
1785550 422
1785560 421
1785570 421
1785580 421
1785590 420
1785600 421
1785610 421
1785620 421
1785630 419
1785640 419
1785650 418
1785660 417
1785670 417
1785680 417
1785690 416
1785700 416
1785710 416
1785720 415
1785730 415
1785740 415
1785750 414
1785760 414
1785770 414
1785780 413
1785790 413
1785800 413
1785810 413
1785820 413
1785830 413
1785840 413
1785850 412
1785860 412
1785870 412
1785880 412
1785890 412
1785900 412
1785910 411
1785920 411
1785930 411
1785940 411
1785950 411
1785960 411
1785970 410
1785980 410
1785990 410
1786000 410
1786010 409
1786020 409
1786030 409
1786040 408
1786050 408
1786060 408
1786070 408
1786080 408
1786090 407
1786100 407
1786110 407
1786120 407
1786130 406
1786140 406
1786150 405
1786160 405
1786170 405
1786180 404
1786190 404
1786200 404
1786210 403
1786220 403
1786230 403
1786240 402
1786250 402
1786260 401
1786270 401
1786280 401
1786290 400
1786300 400
1786310 399
1786320 399
1786330 399
1786340 398
1786350 398
1786360 398
1786370 397
1786380 396
1786390 396
1786400 396
1786410 395
1786420 395
1786430 395
1786440 394
1786450 394
1786460 394
1786470 393
1786480 393
1786490 393
1786500 393
1786510 392
1786520 392
1786530 391
1786540 391
1786550 391
1786560 390
1786570 390
1786580 390
1786590 389
1786600 388
1786610 388
1786620 388
1786630 387
1786640 387
1786650 386
1786660 385
1786670 385
1786680 384
1786690 382
1786700 382
1786710 380
1786720 377
1786730 377
1786740 375
1786750 372
1786760 372
1786770 370
1786780 368
1786790 367
1786800 367
1786810 366
1786820 365
1786830 365
1786840 364
1786850 364
1786860 364
1786870 363
1786880 363
1786890 363
1786900 362
1786910 362
1786920 362
1786930 361
1786940 361
1786950 361
1786960 361
1786970 360
1786980 360
1786990 360
1787000 360
1787010 360
1787020 359
1787030 359
1787040 359
1787050 359
1787060 358
1787070 358
1787080 358
1787090 358
1787100 358
1787110 358
1787120 358
1787130 358
1787140 358
1787150 358
1787160 358
1787170 358
1787180 358
1787190 358
1787200 358
1787210 358
1787220 358
1787230 358
1787240 358
1787250 358
1787260 358
1787270 358
1787280 358
1787290 358
1787300 358
1787310 358
1787320 358
1787330 358
1787340 358
1787350 358
1787360 358
1787370 358
1787380 358
1787390 358
1787400 358
1787410 358
1787420 358
1787430 358
1787440 358
1787450 358
1787460 358
1787470 358
1787480 358
1787490 358
1787500 358
1787510 358
1787520 358
1787530 358
1787540 358
1787550 358
1787560 359
1787570 359
1787580 359
1787590 359
1787600 358
1787610 358
1787620 357
1787630 357
1787640 357
1787650 358
1787660 359
1787670 359
1787680 359
1787690 359
1787700 358
1787710 357
1787720 357
1787730 357
1787740 357
1787750 357
1787760 357
1787770 357
1787780 358
1787790 358
1787800 360
1787810 359
1787820 359
1787830 360
1787840 359
1787850 359
1787860 359
1787870 359
1787880 359
1787890 359
1787900 358
1787910 358
1787920 358
1787930 358
1787940 358
1787950 358
1787960 358
1787970 358
1787980 358
1787990 358
1788000 358
1788010 358
1788020 358
1788030 358
1788040 358
1788050 358
1788060 358
1788070 358
1788080 358
1788090 358
1788100 358
1788110 358
1788120 358
1788130 358
1788140 358
1788150 358
1788160 358
1788170 358
1788180 358
1788190 358
1788200 358
1788210 358
1788220 358
1788230 358
1788240 359
1788250 359
1788260 359
1788270 359
1788280 360
1788290 360
1788300 360
1788310 360
1788320 360
1788330 362
1788340 365
1788350 365
1788360 365
1788370 365
1788380 365
1788390 364
1788400 364
1788410 365
1788420 365
1788430 366
1788440 367
1788450 367
1788460 368
1788470 369
1788480 369
1788490 370
1788500 371
1788510 371
1788520 371
1788530 372
1788540 372
1788550 373
1788560 374
1788570 374
1788580 375
1788590 377
1788600 377
1788610 377
1788620 378
1788630 378
1788640 379
1788650 380
1788660 380
1788670 380
1788680 381
1788690 382
1788700 382
1788710 383
1788720 384
1788730 384
1788740 385
1788750 385
1788760 385
1788770 386
1788780 387
1788790 387
1788800 388
1788810 389
1788820 389
1788830 390
1788840 390
1788850 390
1788860 391
1788870 391
1788880 391
1788890 391
1788900 392
1788910 392
1788920 392
1788930 392
1788940 392
1788950 392
1788960 391
1788970 391
1788980 391
1788990 390
1789000 390
1789010 390
1789020 390
1789030 389
1789040 389
1789050 388
1789060 388
1789070 388
1789080 387
1789090 387
1789100 387
1789110 386
1789120 385
1789130 385
1789140 384
1789150 383
1789160 383
1789170 382
1789180 381
1789190 381
1789200 380
1789210 379
1789220 378
1789230 378
1789240 377
1789250 376
1789260 376
1789270 375
1789280 375
1789290 375
1789300 374
1789310 373
1789320 373
1789330 372
1789340 372
1789350 372
1789360 371
1789370 371
1789380 371
1789390 371
1789400 370
1789410 370
1789420 370
1789430 368
1789440 368
1789450 367
1789460 367
1789470 367
1789480 367
1789490 366
1789500 366
1789510 366
1789520 365
1789530 365
1789540 365
1789550 365
1789560 364
1789570 364
1789580 364
1789590 363
1789600 363
1789610 363
1789620 362
1789630 362
1789640 362
1789650 361
1789660 361
1789670 361
1789680 361
1789690 361
1789700 360
1789710 360
1789720 360
1789730 360
1789740 359
1789750 359
1789760 359
1789770 359
1789780 358
1789790 358
1789800 358
1789810 357
1789820 357
1789830 357
1789840 357
1789850 357
1789860 356
1789870 356
1789880 356
1789890 355
1789900 355
1789910 355
1789920 354
1789930 354
1789940 354
1789950 354
1789960 354
1789970 354
1789980 354
1789990 353
1790000 353
1790010 353
1790020 352
1790030 352
1790040 352
1790050 352
1790060 352
1790070 352
1790080 352
1790090 352
1790100 352
1790110 351
1790120 351
1790130 351
1790140 351
1790150 351
1790160 351
1790170 351
1790180 351
1790190 351
1790200 351
1790210 351
1790220 351
1790230 351
1790240 351
1790250 351
1790260 351
1790270 351
1790280 351
1790290 352
1790300 352
1790310 352
1790320 352
1790330 352
1790340 352
1790350 352
1790360 352
1790370 352
1790380 352
1790390 352
1790400 352
1790410 352
1790420 351
1790430 351
1790440 351
1790450 351
1790460 351
1790470 351
1790480 350
1790490 350
1790500 350
1790510 350
1790520 350
1790530 350
1790540 350
1790550 350
1790560 350
1790570 350
1790580 349
1790590 349
1790600 349
1790610 349
1790620 349
1790630 349
1790640 349
1790650 349
1790660 349
1790670 349
1790680 349
1790690 349
1790700 349
1790710 350
1790720 350
1790730 347
1790740 350
1790750 350
1790760 349
1790770 349
1790780 349
1790790 349
1790800 349
1790810 349
1790820 349
1790830 349
1790840 349
1790850 349
1790860 349
1790870 349
1790880 349
1790890 349
1790900 349
1790910 349
1790920 349
1790930 349
1790940 349
1790950 350
1790960 350
1790970 350
1790980 350
1790990 350
1791000 350
1791010 350
1791020 350
1791030 350
1791040 350
1791050 350
1791060 350
1791070 350
1791080 350
1791090 350
1791100 350
1791110 349
1791120 352
1791130 352
1791140 352
1791150 352
1791160 352
1791170 352
1791180 353
1791190 353
1791200 354
1791210 355
1791220 355
1791230 356
1791240 357
1791250 357
1791260 358
1791270 359
1791280 359
1791290 359
1791300 360
1791310 360
1791320 359
1791330 359
1791340 359
1791350 359
1791360 358
1791370 358
1791380 357
1791390 357
1791400 357
1791410 357
1791420 356
1791430 355
1791440 355
1791450 355
1791460 355
1791470 355
1791480 355
1791490 355
1791500 355
1791510 355
1791520 355
1791530 355
1791540 355
1791550 355
1791560 355
1791570 355
1791580 356
1791590 356
1791600 356
1791610 356
1791620 356
1791630 356
1791640 356
1791650 356
1791660 357
1791670 356
1791680 357
1791690 357
1791700 357
1791710 357
1791720 357
1791730 357
1791740 357
1791750 357
1791760 358
1791770 358
1791780 358
1791790 358
1791800 358
1791810 358
1791820 358
1791830 358
1791840 358
1791850 358
1791860 358
1791870 358
1791880 359
1791890 359
1791900 359
1791910 359
1791920 359
1791930 359
1791940 359
1791950 359
1791960 359
1791970 359
1791980 359
1791990 360
1792000 360
1792010 360
1792020 360
1792030 360
1792040 359
1792050 360
1792060 360
1792070 360
1792080 360
1792090 360
1792100 360
1792110 361
1792120 361
1792130 361
1792140 361
1792150 361
1792160 362
1792170 363
1792180 363
1792190 364
1792200 365
1792210 365
1792220 365
1792230 365
1792240 366
1792250 366
1792260 367
1792270 367
1792280 367
1792290 367
1792300 367
1792310 367
1792320 368
1792330 368
1792340 368
1792350 369
1792360 369
1792370 369
1792380 369
1792390 369
1792400 369
1792410 369
1792420 369
1792430 369
1792440 369
1792450 369
1792460 369
1792470 369
1792480 369
1792490 368
1792500 368
1792510 368
1792520 368
1792530 368
1792540 369
1792550 369
1792560 369
1792570 369
1792580 369
1792590 369
1792600 369
1792610 369
1792620 369
1792630 367
1792640 366
1792650 366
1792660 366
1792670 366
1792680 366
1792690 365
1792700 367
1792710 367
1792720 368
1792730 368
1792740 368
1792750 368
1792760 368
1792770 368
1792780 368
1792790 368
1792800 369
1792810 369
1792820 371
1792830 373
1792840 373
1792850 374
1792860 376
1792870 376
1792880 378
1792890 379
1792900 379
1792910 380
1792920 381
1792930 381
1792940 381
1792950 381
1792960 381
1792970 381
1792980 381
1792990 381
1793000 382
1793010 383
1793020 383
1793030 383
1793040 384
1793050 385
1793060 385
