1780000 390
1780010 390
1780020 389
1780030 388
1780040 388
1780050 387
1780060 386
1780070 386
1780080 385
1780090 384
1780100 384
1780110 383
1780120 382
1780130 382
1780140 380
1780150 379
1780160 378
1780170 378
1780180 376
1780190 375
1780200 375
1780210 373
1780220 372
1780230 372
1780240 371
1780250 370
1780260 370
1780270 369
1780280 368
1780290 368
1780300 368
1780310 368
1780320 368
1780330 366
1780340 366
1780350 366
1780360 365
1780370 364
1780380 364
1780390 364
1780400 364
1780410 365
1780420 365
1780430 366
1780440 367
1780450 367
1780460 368
1780470 369
1780480 369
1780490 370
1780500 371
1780510 371
1780520 371
1780530 372
1780540 372
1780550 372
1780560 372
1780570 372
1780580 371
1780590 370
1780600 370
1780610 369
1780620 368
1780630 368
1780640 367
1780650 367
1780660 367
1780670 366
1780680 365
1780690 365
1780700 365
1780710 365
1780720 365
1780730 365
1780740 366
1780750 367
1780760 367
1780770 368
1780780 369
1780790 369
1780800 371
1780810 372
1780820 372
1780830 374
1780840 376
1780850 376
1780860 377
1780870 379
1780880 380
1780890 381
1780900 380
1780910 380
1780920 385
1780930 385
1780940 385
1780950 386
1780960 386
1780970 386
1780980 386
1780990 386
1781000 386
1781010 386
1781020 386
1781030 386
1781040 386
1781050 386
1781060 385
1781070 385
1781080 385
1781090 385
1781100 385
1781110 385
1781120 384
1781130 384
1781140 384
1781150 384
1781160 384
1781170 383
1781180 383
1781190 383
1781200 383
1781210 383
1781220 382
1781230 382
1781240 382
1781250 382
1781260 382
1781270 382
1781280 381
1781290 381
1781300 381
1781310 380
1781320 380
1781330 380
1781340 380
1781350 380
1781360 379
1781370 379
1781380 379
1781390 378
1781400 378
1781410 378
1781420 378
1781430 377
1781440 377
1781450 377
1781460 377
1781470 377
1781480 376
1781490 375
1781500 374
1781510 374
1781520 374
1781530 373
1781540 373
1781550 372
1781560 372
1781570 372
1781580 371
1781590 370
1781600 370
1781610 369
1781620 368
1781630 368
1781640 367
1781650 366
1781660 366
1781670 363
1781680 364
1781690 364
1781700 364
1781710 363
1781720 363
1781730 362
1781740 361
1781750 361
1781760 360
1781770 360
1781780 359
1781790 359
1781800 358
1781810 357
1781820 357
1781830 357
1781840 356
1781850 356
1781860 355
1781870 355
1781880 355
1781890 354
1781900 354
1781910 354
1781920 353
1781930 353
1781940 353
1781950 352
1781960 352
1781970 352
1781980 352
1781990 351
1782000 351
1782010 351
1782020 350
1782030 350
1782040 350
1782050 349
1782060 348
1782070 348
1782080 348
1782090 348
1782100 348
1782110 347
1782120 347
1782130 347
1782140 346
1782150 345
1782160 345
1782170 345
1782180 345
1782190 345
1782200 345
1782210 345
1782220 345
1782230 345
1782240 345
1782250 345
1782260 345
1782270 345
1782280 345
1782290 345
1782300 346
1782310 347
1782320 347
1782330 348
1782340 348
1782350 348
1782360 349
1782370 349
1782380 349
1782390 349
1782400 349
1782410 349
1782420 349
1782430 350
1782440 350
1782450 350
1782460 351
1782470 351
1782480 351
1782490 351
1782500 351
1782510 352
1782520 352
1782530 352
1782540 352
1782550 353
1782560 353
1782570 355
1782580 357
1782590 359
1782600 359
1782610 360
1782620 362
1782630 362
1782640 364
1782650 365
1782660 365
1782670 366
1782680 368
1782690 368
1782700 370
1782710 371
1782720 371
1782730 373
1782740 374
1782750 374
1782760 374
1782770 375
1782780 375
1782790 375
1782800 375
1782810 375
1782820 376
1782830 376
1782840 376
1782850 376
1782860 373
1782870 373
1782880 373
1782890 373
1782900 373
1782910 373
1782920 372
1782930 371
1782940 371
1782950 371
1782960 371
1782970 371
1782980 371
1782990 371
1783000 371
1783010 371
1783020 374
1783030 374
1783040 377
1783050 380
1783060 380
1783070 381
1783080 383
1783090 383
1783100 386
1783110 388
1783120 391
1783130 391
1783140 395
1783150 397
1783160 400
1783170 402
1783180 404
1783190 404
1783200 404
1783210 404
1783220 404
1783230 405
1783240 404
1783250 404
1783260 404
1783270 404
1783280 404
1783290 404
1783300 404
1783310 404
1783320 405
1783330 405
1783340 405
1783350 406
1783360 405
1783370 405
1783380 406
1783390 406
1783400 406
1783410 406
1783420 406
1783430 406
1783440 406
1783450 406
1783460 405
1783470 405
1783480 404
1783490 404
1783500 404
1783510 404
1783520 403
1783530 403
1783540 403
1783550 402
1783560 402
1783570 401
1783580 400
1783590 400
1783600 400
1783610 399
1783620 399
1783630 398
1783640 397
1783650 396
1783660 396
1783670 396
1783680 395
1783690 395
1783700 395
1783710 394
1783720 394
1783730 394
1783740 393
1783750 393
1783760 393
1783770 393
1783780 393
1783790 393
1783800 392
1783810 392
1783820 392
1783830 392
1783840 392
1783850 391
1783860 391
1783870 391
1783880 390
1783890 390
1783900 390
1783910 389
1783920 388
1783930 388
1783940 388
1783950 387
1783960 387
1783970 387
1783980 385
1783990 382
1784000 382
1784010 380
1784020 378
1784030 378
1784040 377
1784050 377
1784060 377
1784070 377
1784080 377
1784090 377
1784100 376
1784110 376
1784120 376
1784130 376
1784140 376
1784150 376
1784160 377
1784170 377
1784180 377
1784190 377
1784200 377
1784210 379
1784220 379
1784230 381
1784240 383
1784250 383
1784260 385
1784270 385
1784280 386
1784290 385
1784300 386
1784310 386
1784320 390
1784330 392
1784340 392
1784350 393
1784360 394
1784370 394
1784380 400
1784390 406
1784400 406
1784410 409
1784420 412
1784430 412
1784440 415
1784450 417
1784460 419
1784470 419
1784480 420
1784490 421
1784500 421
1784510 423
1784520 424
1784530 424
1784540 425
1784550 425
1784560 425
1784570 426
1784580 427
1784590 427
1784600 428
1784610 428
1784620 428
1784630 430
1784640 431
1784650 431
1784660 432
1784670 432
1784680 432
1784690 432
1784700 433
1784710 433
1784720 433
1784730 433
1784740 434
1784750 434
1784760 434
1784770 434
1784780 434
1784790 434
1784800 434
1784810 434
1784820 434
1784830 434
1784840 434
1784850 434
1784860 433
1784870 433
1784880 434
1784890 434
1784900 434
1784910 434
1784920 434
1784930 434
1784940 434
1784950 434
1784960 434
1784970 434
1784980 434
1784990 434
1785000 434
1785010 434
1785020 434
1785030 434
1785040 433
1785050 433
1785060 433
1785070 433
1785080 433
1785090 433
1785100 433
1785110 433
1785120 433
1785130 433
1785140 433
1785150 433
1785160 433
1785170 433
1785180 433
1785190 432
1785200 432
1785210 432
1785220 432
1785230 432
1785240 432
1785250 432
1785260 432
1785270 431
1785280 431
1785290 431
1785300 431
1785310 431
1785320 430
1785330 430
1785340 430
1785350 430
1785360 430
1785370 430
1785380 429
1785390 429
1785400 429
1785410 429
1785420 428
1785430 428
1785440 427
1785450 427
1785460 427
1785470 426
1785480 426
1785490 426
1785500 426
1785510 426
1785520 426
1785530 425
1785540 425
1785550 424
1785560 424
1785570 423
1785580 423
1785590 423
1785600 422
1785610 421
1785620 421
1785630 421
1785640 420
1785650 420
1785660 420
1785670 419
1785680 419
1785690 418
1785700 418
1785710 418
1785720 417
1785730 416
1785740 416
1785750 416
1785760 415
1785770 415
1785780 414
1785790 414
1785800 414
1785810 413
1785820 412
1785830 412
1785840 412
1785850 411
1785860 411
1785870 411
1785880 410
1785890 410
1785900 410
1785910 410
1785920 409
1785930 409
1785940 409
1785950 409
1785960 409
1785970 408
1785980 408
1785990 408
1786000 408
1786010 407
1786020 407
1786030 407
1786040 407
1786050 407
1786060 407
1786070 406
1786080 406
1786090 406
1786100 406
1786110 405
1786120 405
1786130 405
1786140 405
1786150 405
1786160 404
1786170 404
1786180 404
1786190 400
1786200 403
1786210 403
1786220 403
1786230 402
1786240 402
1786250 402
1786260 401
1786270 401
1786280 401
1786290 401
1786300 401
1786310 400
1786320 399
1786330 399
1786340 399
1786350 398
1786360 397
1786370 397
1786380 397
1786390 396
1786400 396
1786410 395
1786420 394
1786430 394
1786440 393
1786450 393
1786460 393
1786470 392
1786480 392
1786490 391
1786500 391
1786510 390
1786520 390
1786530 389
1786540 389
1786550 389
1786560 388
1786570 387
1786580 387
1786590 386
1786600 385
1786610 385
1786620 384
1786630 382
1786640 381
1786650 381
1786660 379
1786670 378
1786680 378
1786690 378
1786700 377
1786710 377
1786720 376
1786730 375
1786740 375
1786750 374
1786760 373
1786770 373
1786780 372
1786790 371
1786800 371
1786810 370
1786820 369
1786830 369
1786840 368
1786850 367
1786860 367
1786870 367
1786880 366
1786890 365
1786900 365
1786910 364
1786920 363
1786930 363
1786940 362
1786950 362
1786960 362
1786970 361
1786980 361
1786990 361
1787000 361
1787010 360
1787020 360
1787030 360
1787040 359
1787050 359
1787060 359
1787070 359
1787080 359
1787090 358
1787100 358
1787110 358
1787120 358
1787130 358
1787140 358
1787150 357
1787160 357
1787170 357
1787180 357
1787190 357
1787200 357
1787210 357
1787220 357
1787230 357
1787240 357
1787250 357
1787260 356
1787270 356
1787280 357
1787290 357
1787300 357
1787310 357
1787320 357
1787330 357
1787340 357
1787350 357
1787360 357
1787370 357
1787380 357
1787390 357
1787400 357
1787410 357
1787420 357
1787430 357
1787440 357
1787450 357
1787460 357
1787470 357
1787480 357
1787490 357
1787500 357
1787510 357
1787520 357
1787530 357
1787540 357
1787550 357
1787560 357
1787570 358
1787580 358
1787590 358
1787600 358
1787610 358
1787620 357
1787630 358
1787640 358
1787650 357
1787660 355
1787670 355
1787680 357
1787690 358
1787700 358
1787710 358
1787720 358
1787730 357
1787740 357
1787750 357
1787760 357
1787770 357
1787780 357
1787790 357
1787800 357
1787810 357
1787820 357
1787830 357
1787840 357
1787850 357
1787860 357
1787870 357
1787880 357
1787890 357
1787900 358
1787910 357
1787920 357
1787930 357
1787940 357
1787950 357
1787960 357
1787970 357
1787980 357
1787990 357
1788000 357
1788010 357
1788020 357
1788030 357
1788040 357
1788050 357
1788060 357
1788070 357
1788080 357
1788090 357
1788100 357
1788110 357
1788120 357
1788130 357
1788140 357
1788150 357
1788160 357
1788170 357
1788180 357
1788190 357
1788200 357
1788210 357
1788220 357
1788230 357
1788240 357
1788250 357
1788260 357
1788270 357
1788280 357
1788290 357
1788300 357
1788310 358
1788320 358
1788330 358
1788340 358
1788350 359
1788360 359
1788370 361
1788380 361
1788390 361
1788400 361
1788410 362
1788420 362
1788430 364
1788440 364
1788450 364
1788460 363
1788470 368
1788480 368
1788490 366
1788500 367
1788510 367
1788520 367
1788530 368
1788540 369
1788550 369
1788560 370
1788570 371
1788580 371
1788590 372
1788600 373
1788610 373
1788620 373
1788630 374
1788640 374
1788650 375
1788660 377
1788670 377
1788680 378
1788690 379
1788700 379
1788710 379
1788720 380
1788730 380
1788740 381
1788750 382
1788760 382
1788770 383
1788780 384
1788790 385
1788800 385
1788810 385
1788820 386
1788830 386
1788840 387
1788850 388
1788860 388
1788870 388
1788880 389
1788890 389
1788900 389
1788910 390
1788920 390
1788930 390
1788940 390
1788950 390
1788960 390
1788970 389
1788980 389
1788990 389
1789000 388
1789010 388
1789020 388
1789030 387
1789040 387
1789050 387
1789060 386
1789070 385
1789080 385
1789090 384
1789100 383
1789110 383
1789120 382
1789130 381
1789140 381
1789150 381
1789160 380
1789170 380
1789180 379
1789190 378
1789200 378
1789210 377
1789220 376
1789230 376
1789240 376
1789250 375
1789260 375
1789270 375
1789280 374
1789290 374
1789300 373
1789310 373
1789320 373
1789330 373
1789340 372
1789350 372
1789360 372
1789370 371
1789380 370
1789390 370
1789400 370
1789410 369
1789420 369
1789430 368
1789440 368
1789450 368
1789460 367
1789470 367
1789480 367
1789490 367
1789500 367
1789510 367
1789520 366
1789530 366
1789540 366
1789550 365
1789560 365
1789570 365
1789580 364
1789590 364
1789600 363
1789610 363
1789620 363
1789630 362
1789640 362
1789650 362
1789660 362
1789670 362
1789680 361
1789690 361
1789700 361
1789710 360
1789720 360
1789730 360
1789740 359
1789750 359
1789760 359
1789770 358
1789780 358
1789790 358
1789800 357
1789810 357
1789820 357
1789830 357
1789840 356
1789850 356
1789860 356
1789870 355
1789880 355
1789890 355
1789900 355
1789910 354
1789920 354
1789930 354
1789940 353
1789950 353
1789960 353
1789970 353
1789980 353
1789990 352
1790000 352
1790010 352
1790020 352
1790030 351
1790040 351
1790050 351
1790060 351
1790070 351
1790080 350
1790090 350
1790100 350
1790110 350
1790120 350
1790130 350
1790140 350
1790150 350
1790160 349
1790170 349
1790180 349
1790190 349
1790200 349
1790210 349
1790220 349
1790230 349
1790240 349
1790250 349
1790260 349
1790270 349
1790280 349
1790290 349
1790300 349
1790310 350
1790320 350
1790330 350
1790340 350
1790350 350
1790360 350
1790370 350
1790380 350
1790390 350
1790400 350
1790410 349
1790420 349
1790430 349
1790440 349
1790450 349
1790460 349
1790470 349
1790480 349
1790490 349
1790500 349
1790510 349
1790520 349
1790530 349
1790540 349
1790550 348
1790560 348
1790570 348
1790580 349
1790590 348
1790600 348
1790610 348
1790620 348
1790630 348
1790640 348
1790650 348
1790660 348
1790670 349
1790680 349
1790690 347
1790700 347
1790710 349
1790720 349
1790730 349
1790740 348
1790750 348
1790760 348
1790770 348
1790780 348
1790790 348
1790800 349
1790810 348
1790820 348
1790830 349
1790840 349
1790850 349
1790860 349
1790870 349
1790880 349
1790890 349
1790900 349
1790910 349
1790920 349
1790930 349
1790940 349
1790950 349
1790960 349
1790970 349
1790980 349
1790990 349
1791000 349
1791010 349
1791020 349
1791030 349
1791040 349
1791050 350
1791060 350
1791070 350
1791080 349
1791090 352
1791100 352
1791110 352
1791120 353
1791130 353
1791140 353
1791150 355
1791160 355
1791170 356
1791180 358
1791190 358
1791200 359
1791210 361
1791220 362
1791230 362
1791240 364
1791250 365
1791260 365
1791270 367
1791280 368
1791290 368
1791300 370
1791310 371
1791320 371
1791330 372
1791340 374
1791350 374
1791360 375
1791370 376
1791380 376
1791390 377
1791400 377
1791410 377
1791420 378
1791430 377
1791440 377
1791450 377
1791460 376
1791470 376
1791480 375
1791490 374
1791500 373
1791510 373
1791520 372
1791530 371
1791540 371
1791550 369
1791560 368
1791570 368
1791580 366
1791590 365
1791600 365
1791610 364
1791620 363
1791630 363
1791640 363
1791650 363
1791660 363
1791670 363
1791680 363
1791690 363
1791700 364
1791710 365
1791720 365
1791730 366
1791740 368
1791750 368
1791760 369
1791770 370
1791780 371
1791790 371
1791800 371
1791810 373
1791820 373
1791830 374
1791840 374
1791850 374
1791860 374
1791870 374
1791880 374
1791890 375
1791900 375
1791910 375
1791920 376
1791930 376
1791940 376
1791950 376
1791960 376
1791970 376
1791980 377
1791990 377
1792000 377
1792010 377
1792020 377
1792030 376
1792040 376
1792050 376
1792060 375
1792070 375
1792080 374
1792090 373
1792100 373
1792110 373
1792120 373
1792130 373
1792140 374
1792150 376
1792160 376
1792170 378
1792180 379
1792190 379
1792200 381
1792210 383
1792220 383
1792230 384
1792240 385
1792250 385
1792260 387
1792270 389
1792280 389
1792290 391
1792300 392
1792310 392
1792320 392
1792330 393
1792340 394
1792350 394
1792360 394
1792370 393
1792380 393
1792390 392
1792400 391
1792410 391
1792420 390
1792430 390
1792440 390
1792450 389
1792460 388
1792470 388
1792480 388
1792490 387
1792500 387
1792510 386
1792520 387
1792530 387
1792540 387
1792550 387
1792560 387
1792570 386
1792580 385
1792590 384
1792600 384
1792610 383
1792620 382
1792630 382
1792640 380
1792650 379
1792660 379
1792670 378
1792680 378
1792690 378
1792700 377
1792710 377
1792720 377
1792730 376
1792740 376
1792750 376
1792760 376
1792770 376
1792780 376
1792790 376
1792800 375
1792810 375
1792820 375
1792830 371
1792840 370
1792850 370
1792860 370
1792870 368
1792880 368
1792890 370
1792900 371
1792910 371
1792920 371
1792930 371
1792940 371
1792950 371
1792960 372
1792970 372
1792980 373
1792990 373
1793000 373
1793010 374
1793020 375
1793030 375
1793040 376
1793050 377
1793060 377
