1780000 394
1780010 393
1780020 393
1780030 393
1780040 392
1780050 392
1780060 391
1780070 390
1780080 390
1780090 390
1780100 389
1780110 388
1780120 388
1780130 387
1780140 387
1780150 387
1780160 386
1780170 386
1780180 386
1780190 385
1780200 385
1780210 385
1780220 384
1780230 384
1780240 384
1780250 384
1780260 385
1780270 385
1780280 385
1780290 385
1780300 385
1780310 386
1780320 387
1780330 388
1780340 388
1780350 389
1780360 390
1780370 390
1780380 391
1780390 392
1780400 392
1780410 392
1780420 393
1780430 393
1780440 393
1780450 393
1780460 393
1780470 393
1780480 393
1780490 393
1780500 393
1780510 393
1780520 393
1780530 393
1780540 393
1780550 393
1780560 393
1780570 393
1780580 393
1780590 393
1780600 393
1780610 393
1780620 393
1780630 393
1780640 392
1780650 392
1780660 392
1780670 392
1780680 392
1780690 392
1780700 392
1780710 392
1780720 392
1780730 391
1780740 391
1780750 391
1780760 391
1780770 391
1780780 391
1780790 391
1780800 391
1780810 391
1780820 390
1780830 390
1780840 390
1780850 389
1780860 389
1780870 389
1780880 389
1780890 389
1780900 389
1780910 388
1780920 388
1780930 388
1780940 388
1780950 388
1780960 388
1780970 388
1780980 388
1780990 388
1781000 387
1781010 387
1781020 387
1781030 387
1781040 387
1781050 387
1781060 387
1781070 386
1781080 386
1781090 386
1781100 386
1781110 386
1781120 385
1781130 385
1781140 384
1781150 384
1781160 384
1781170 384
1781180 384
1781190 383
1781200 383
1781210 383
1781220 383
1781230 382
1781240 382
1781250 382
1781260 376
1781270 376
1781280 374
1781290 378
1781300 378
1781310 380
1781320 379
1781330 379
1781340 378
1781350 378
1781360 378
1781370 377
1781380 376
1781390 376
1781400 375
1781410 374
1781420 374
1781430 374
1781440 373
1781450 372
1781460 372
1781470 370
1781480 369
1781490 369
1781500 368
1781510 367
1781520 367
1781530 366
1781540 366
1781550 366
1781560 365
1781570 364
1781580 364
1781590 364
1781600 363
1781610 363
1781620 363
1781630 362
1781640 362
1781650 361
1781660 360
1781670 360
1781680 359
1781690 358
1781700 358
1781710 358
1781720 357
1781730 357
1781740 357
1781750 356
1781760 356
1781770 356
1781780 356
1781790 355
1781800 355
1781810 355
1781820 355
1781830 355
1781840 355
1781850 354
1781860 354
1781870 354
1781880 353
1781890 353
1781900 353
1781910 352
1781920 352
1781930 351
1781940 351
1781950 351
1781960 350
1781970 349
1781980 348
1781990 348
1782000 348
1782010 348
1782020 348
1782030 348
1782040 347
1782050 347
1782060 348
1782070 348
1782080 348
1782090 348
1782100 348
1782110 348
1782120 348
1782130 349
1782140 349
1782150 349
1782160 349
1782170 349
1782180 349
1782190 349
1782200 349
1782210 349
1782220 350
1782230 350
1782240 350
1782250 350
1782260 351
1782270 351
1782280 352
1782290 353
1782300 353
1782310 354
1782320 355
1782330 355
1782340 356
1782350 357
1782360 357
1782370 358
1782380 358
1782390 358
1782400 359
1782410 360
1782420 360
1782430 362
1782440 363
1782450 363
1782460 365
1782470 366
1782480 366
1782490 367
1782500 369
1782510 370
1782520 370
1782530 371
1782540 373
1782550 373
1782560 375
1782570 376
1782580 376
1782590 379
1782600 381
1782610 381
1782620 384
1782630 386
1782640 386
1782650 388
1782660 390
1782670 390
1782680 391
1782690 393
1782700 393
1782710 394
1782720 396
1782730 396
1782740 399
1782750 401
1782760 401
1782770 405
1782780 409
1782790 412
1782800 412
1782810 414
1782820 417
1782830 417
1782840 419
1782850 421
1782860 421
1782870 423
1782880 425
1782890 425
1782900 427
1782910 428
1782920 428
1782930 430
1782940 432
1782950 432
1782960 433
1782970 433
1782980 433
1782990 434
1783000 434
1783010 434
1783020 434
1783030 435
1783040 434
1783050 434
1783060 434
1783070 434
1783080 434
1783090 433
1783100 433
1783110 433
1783120 432
1783130 431
1783140 431
1783150 430
1783160 429
1783170 429
1783180 428
1783190 427
1783200 427
1783210 426
1783220 425
1783230 425
1783240 424
1783250 423
1783260 423
1783270 422
1783280 420
1783290 420
1783300 419
1783310 418
1783320 416
1783330 416
1783340 415
1783350 416
1783360 416
1783370 415
1783380 414
1783390 414
1783400 414
1783410 413
1783420 413
1783430 411
1783440 410
1783450 410
1783460 409
1783470 409
1783480 409
1783490 408
1783500 407
1783510 407
1783520 406
1783530 405
1783540 405
1783550 404
1783560 404
1783570 404
1783580 403
1783590 402
1783600 402
1783610 402
1783620 401
1783630 400
1783640 400
1783650 399
1783660 398
1783670 398
1783680 398
1783690 397
1783700 397
1783710 396
1783720 396
1783730 396
1783740 395
1783750 394
1783760 394
1783770 394
1783780 393
1783790 393
1783800 392
1783810 391
1783820 391
1783830 389
1783840 390
1783850 390
1783860 389
1783870 388
1783880 388
1783890 388
1783900 387
1783910 386
1783920 386
1783930 385
1783940 384
1783950 384
1783960 383
1783970 382
1783980 382
1783990 382
1784000 382
1784010 382
1784020 382
1784030 380
1784040 380
1784050 382
1784060 383
1784070 383
1784080 382
1784090 384
1784100 384
1784110 384
1784120 385
1784130 385
1784140 385
1784150 385
1784160 386
1784170 386
1784180 387
1784190 388
1784200 388
1784210 389
1784220 390
1784230 390
1784240 391
1784250 394
1784260 394
1784270 396
1784280 398
1784290 398
1784300 400
1784310 402
1784320 402
1784330 405
1784340 408
1784350 408
1784360 410
1784370 412
1784380 412
1784390 415
1784400 416
1784410 418
1784420 418
1784430 419
1784440 421
1784450 421
1784460 422
1784470 422
1784480 422
1784490 423
1784500 424
1784510 424
1784520 425
1784530 427
1784540 427
1784550 430
1784560 431
1784570 431
1784580 432
1784590 432
1784600 432
1784610 433
1784620 434
1784630 434
1784640 434
1784650 435
1784660 435
1784670 435
1784680 435
1784690 435
1784700 435
1784710 436
1784720 436
1784730 436
1784740 436
1784750 436
1784760 436
1784770 437
1784780 437
1784790 437
1784800 437
1784810 437
1784820 437
1784830 437
1784840 437
1784850 437
1784860 437
1784870 437
1784880 437
1784890 437
1784900 436
1784910 436
1784920 436
1784930 436
1784940 436
1784950 436
1784960 436
1784970 435
1784980 435
1784990 435
1785000 435
1785010 435
1785020 435
1785030 435
1785040 435
1785050 434
1785060 434
1785070 434
1785080 434
1785090 434
1785100 434
1785110 434
1785120 433
1785130 433
1785140 433
1785150 432
1785160 432
1785170 432
1785180 432
1785190 432
1785200 431
1785210 431
1785220 430
1785230 430
1785240 430
1785250 429
1785260 429
1785270 429
1785280 429
1785290 429
1785300 428
1785310 428
1785320 428
1785330 428
1785340 427
1785350 427
1785360 427
1785370 426
1785380 426
1785390 426
1785400 425
1785410 425
1785420 425
1785430 424
1785440 424
1785450 423
1785460 422
1785470 422
1785480 422
1785490 422
1785500 421
1785510 421
1785520 420
1785530 420
1785540 420
1785550 419
1785560 419
1785570 419
1785580 419
1785590 418
1785600 418
1785610 417
1785620 417
1785630 417
1785640 416
1785650 416
1785660 416
1785670 415
1785680 415
1785690 415
1785700 415
1785710 414
1785720 414
1785730 414
1785740 413
1785750 413
1785760 413
1785770 412
1785780 412
1785790 412
1785800 411
1785810 411
1785820 411
1785830 410
1785840 410
1785850 410
1785860 410
1785870 409
1785880 409
1785890 409
1785900 408
1785910 408
1785920 408
1785930 407
1785940 407
1785950 407
1785960 406
1785970 406
1785980 406
1785990 406
1786000 406
1786010 405
1786020 405
1786030 404
1786040 404
1786050 404
1786060 403
1786070 403
1786080 403
1786090 403
1786100 403
1786110 402
1786120 402
1786130 402
1786140 401
1786150 401
1786160 401
1786170 400
1786180 399
1786190 399
1786200 399
1786210 398
1786220 398
1786230 398
1786240 397
1786250 397
1786260 396
1786270 395
1786280 395
1786290 395
1786300 394
1786310 392
1786320 392
1786330 390
1786340 389
1786350 389
1786360 387
1786370 386
1786380 386
1786390 385
1786400 383
1786410 383
1786420 382
1786430 381
1786440 381
1786450 380
1786460 378
1786470 378
1786480 377
1786490 376
1786500 376
1786510 375
1786520 374
1786530 374
1786540 374
1786550 373
1786560 373
1786570 373
1786580 373
1786590 373
1786600 373
1786610 372
1786620 371
1786630 371
1786640 371
1786650 370
1786660 370
1786670 370
1786680 369
1786690 369
1786700 368
1786710 368
1786720 368
1786730 368
1786740 367
1786750 367
1786760 367
1786770 366
1786780 366
1786790 366
1786800 366
1786810 366
1786820 365
1786830 365
1786840 364
1786850 365
1786860 364
1786870 364
1786880 364
1786890 363
1786900 363
1786910 363
1786920 362
1786930 362
1786940 362
1786950 362
1786960 361
1786970 361
1786980 361
1786990 361
1787000 361
1787010 361
1787020 360
1787030 360
1787040 360
1787050 360
1787060 360
1787070 360
1787080 360
1787090 360
1787100 360
1787110 360
1787120 360
1787130 360
1787140 360
1787150 360
1787160 360
1787170 360
1787180 360
1787190 360
1787200 360
1787210 360
1787220 360
1787230 360
1787240 360
1787250 360
1787260 360
1787270 360
1787280 360
1787290 360
1787300 360
1787310 360
1787320 360
1787330 360
1787340 360
1787350 360
1787360 360
1787370 360
1787380 360
1787390 359
1787400 360
1787410 360
1787420 360
1787430 360
1787440 360
1787450 360
1787460 360
1787470 360
1787480 360
1787490 359
1787500 359
1787510 359
1787520 360
1787530 360
1787540 360
1787550 360
1787560 360
1787570 359
1787580 360
1787590 360
1787600 360
1787610 359
1787620 359
1787630 359
1787640 360
1787650 361
1787660 361
1787670 360
1787680 360
1787690 360
1787700 360
1787710 360
1787720 360
1787730 361
1787740 361
1787750 361
1787760 361
1787770 361
1787780 361
1787790 361
1787800 361
1787810 361
1787820 360
1787830 360
1787840 360
1787850 360
1787860 360
1787870 360
1787880 360
1787890 360
1787900 360
1787910 360
1787920 360
1787930 360
1787940 360
1787950 360
1787960 360
1787970 360
1787980 359
1787990 360
1788000 360
1788010 360
1788020 360
1788030 360
1788040 360
1788050 360
1788060 360
1788070 360
1788080 361
1788090 361
1788100 361
1788110 361
1788120 361
1788130 361
1788140 362
1788150 362
1788160 362
1788170 363
1788180 363
1788190 364
1788200 368
1788210 368
1788220 368
1788230 368
1788240 368
1788250 368
1788260 368
1788270 367
1788280 367
1788290 367
1788300 368
1788310 368
1788320 369
1788330 370
1788340 370
1788350 371
1788360 372
1788370 372
1788380 373
1788390 374
1788400 374
1788410 375
1788420 375
1788430 375
1788440 377
1788450 378
1788460 378
1788470 379
1788480 380
1788490 380
1788500 380
1788510 381
1788520 382
1788530 382
1788540 383
1788550 384
1788560 384
1788570 385
1788580 386
1788590 386
1788600 387
1788610 387
1788620 387
1788630 388
1788640 388
1788650 388
1788660 389
1788670 390
1788680 390
1788690 390
1788700 391
1788710 391
1788720 391
1788730 392
1788740 392
1788750 392
1788760 393
1788770 394
1788780 394
1788790 394
1788800 394
1788810 394
1788820 394
1788830 394
1788840 394
1788850 393
1788860 393
1788870 393
1788880 392
1788890 392
1788900 392
1788910 391
1788920 391
1788930 391
1788940 390
1788950 389
1788960 389
1788970 388
1788980 388
1788990 388
1789000 387
1789010 386
1789020 385
1789030 385
1789040 384
1789050 383
1789060 383
1789070 383
1789080 382
1789090 382
1789100 381
1789110 381
1789120 381
1789130 380
1789140 379
1789150 379
1789160 379
1789170 378
1789180 378
1789190 377
1789200 377
1789210 377
1789220 376
1789230 376
1789240 376
1789250 375
1789260 375
1789270 375
1789280 374
1789290 373
1789300 372
1789310 372
1789320 371
1789330 371
1789340 371
1789350 370
1789360 370
1789370 370
1789380 370
1789390 369
1789400 369
1789410 369
1789420 368
1789430 368
1789440 368
1789450 367
1789460 367
1789470 366
1789480 366
1789490 366
1789500 365
1789510 365
1789520 365
1789530 364
1789540 364
1789550 363
1789560 363
1789570 363
1789580 362
1789590 362
1789600 362
1789610 361
1789620 361
1789630 361
1789640 361
1789650 361
1789660 361
1789670 360
1789680 360
1789690 360
1789700 359
1789710 359
1789720 359
1789730 359
1789740 359
1789750 358
1789760 358
1789770 358
1789780 358
1789790 358
1789800 358
1789810 358
1789820 358
1789830 358
1789840 358
1789850 358
1789860 358
1789870 358
1789880 358
1789890 357
1789900 357
1789910 357
1789920 357
1789930 357
1789940 357
1789950 357
1789960 357
1789970 357
1789980 357
1789990 357
1790000 357
1790010 357
1790020 357
1790030 356
1790040 356
1790050 356
1790060 356
1790070 356
1790080 356
1790090 356
1790100 356
1790110 356
1790120 356
1790130 356
1790140 355
1790150 355
1790160 355
1790170 355
1790180 355
1790190 355
1790200 355
1790210 355
1790220 355
1790230 355
1790240 355
1790250 355
1790260 355
1790270 355
1790280 354
1790290 354
1790300 354
1790310 354
1790320 354
1790330 354
1790340 354
1790350 353
1790360 353
1790370 353
1790380 353
1790390 353
1790400 353
1790410 353
1790420 353
1790430 353
1790440 352
1790450 352
1790460 352
1790470 352
1790480 352
1790490 352
1790500 353
1790510 353
1790520 353
1790530 352
1790540 352
1790550 352
1790560 352
1790570 352
1790580 352
1790590 352
1790600 352
1790610 352
1790620 352
1790630 352
1790640 351
1790650 351
1790660 351
1790670 351
1790680 351
1790690 351
1790700 351
1790710 351
1790720 351
1790730 351
1790740 351
1790750 350
1790760 351
1790770 351
1790780 351
1790790 351
1790800 351
1790810 351
1790820 351
1790830 351
1790840 351
1790850 351
1790860 351
1790870 351
1790880 351
1790890 351
1790900 351
1790910 351
1790920 351
1790930 351
1790940 351
1790950 351
1790960 351
1790970 351
1790980 351
1790990 351
1791000 350
1791010 351
1791020 351
1791030 351
1791040 351
1791050 351
1791060 351
1791070 351
1791080 351
1791090 351
1791100 351
1791110 351
1791120 351
1791130 351
1791140 351
1791150 351
1791160 351
1791170 351
1791180 351
1791190 351
1791200 351
1791210 351
1791220 352
1791230 352
1791240 352
1791250 352
1791260 353
1791270 353
1791280 354
1791290 355
1791300 355
1791310 356
1791320 358
1791330 358
1791340 359
1791350 360
1791360 360
1791370 362
1791380 363
1791390 363
1791400 364
1791410 366
1791420 366
1791430 367
1791440 368
1791450 369
1791460 369
1791470 370
1791480 371
1791490 371
1791500 372
1791510 373
1791520 373
1791530 374
1791540 375
1791550 375
1791560 376
1791570 377
1791580 377
1791590 378
1791600 379
1791610 379
1791620 379
1791630 380
1791640 380
1791650 381
1791660 381
1791670 381
1791680 382
1791690 382
1791700 382
1791710 382
1791720 382
1791730 383
1791740 383
1791750 383
1791760 383
1791770 383
1791780 383
1791790 383
1791800 383
1791810 382
1791820 382
1791830 382
1791840 382
1791850 381
1791860 381
1791870 381
1791880 381
1791890 381
1791900 380
1791910 380
1791920 380
1791930 380
1791940 380
1791950 380
1791960 381
1791970 381
1791980 381
1791990 381
1792000 381
1792010 382
1792020 382
1792030 382
1792040 382
1792050 382
1792060 382
1792070 381
1792080 381
1792090 381
1792100 381
1792110 381
1792120 381
1792130 380
1792140 380
1792150 380
1792160 377
1792170 377
1792180 376
1792190 378
1792200 378
1792210 378
1792220 377
1792230 377
1792240 376
1792250 375
1792260 375
1792270 374
1792280 373
1792290 373
1792300 373
1792310 373
1792320 372
1792330 372
1792340 372
1792350 372
1792360 372
1792370 371
1792380 371
1792390 371
1792400 372
1792410 372
1792420 372
1792430 373
1792440 374
1792450 374
1792460 375
1792470 377
1792480 377
1792490 379
1792500 381
1792510 381
1792520 383
1792530 385
1792540 386
1792550 386
1792560 387
1792570 388
1792580 388
1792590 389
1792600 391
1792610 391
1792620 392
1792630 393
1792640 393
1792650 395
1792660 395
1792670 395
1792680 395
1792690 396
1792700 396
1792710 396
1792720 397
1792730 397
1792740 398
1792750 398
1792760 398
1792770 398
1792780 397
1792790 397
1792800 397
1792810 396
1792820 397
1792830 397
1792840 397
1792850 397
1792860 397
1792870 398
1792880 398
1792890 398
1792900 399
1792910 401
1792920 401
1792930 403
1792940 406
1792950 406
1792960 409
1792970 408
1792980 408
1792990 409
1793000 411
1793010 411
1793020 412
1793030 413
1793040 413
1793050 418
1787740 360
1787750 360
1787760 360
1787770 361
1787780 361
1787790 361
1787800 361
1787810 361
1787820 361
1787830 361
1787840 360
1787850 360
1787860 360
1787870 360
1787880 360
1787890 360
1787900 360
1787910 360
1787920 360
1787930 360
1787940 360
1787950 360
1787960 360
1787970 360
1787980 360
1787990 360
1788000 360
1788010 360
1788020 360
1788030 360
1788040 360
1788050 360
1788060 360
1788070 360
1788080 361
1788090 361
1788100 361
1788110 361
1788120 361
1788130 361
1788140 361
1788150 362
1788160 362
1788170 362
1788180 363
1788190 364
1788200 366
1788210 368
1788220 368
1788230 368
1788240 368
1788250 368
1788260 368
1788270 368
1788280 367
1788290 367
1788300 367
1788310 368
1788320 368
1788330 369
1788340 370
1788350 371
1788360 371
1788370 372
1788380 373
1788390 373
1788400 374
1788410 374
1788420 375
1788430 376
1788440 376
1788450 377
1788460 378
1788470 378
1788480 379
1788490 380
1788500 380
1788510 381
1788520 382
1788530 382
1788540 383
1788550 383
1788560 384
1788570 385
1788580 385
1788590 386
1788600 386
1788610 387
1788620 387
1788630 388
1788640 388
1788650 389
1788660 389
1788670 389
1788680 390
1788690 390
1788700 391
1788710 391
1788720 391
1788730 392
1788740 392
1788750 392
1788760 393
1788770 393
1788780 393
1788790 394
1788800 394
1788810 394
1788820 394
1788830 394
1788840 394
1788850 394
1788860 393
1788870 393
1788880 393
1788890 392
1788900 392
1788910 391
1788920 391
1788930 390
1788940 390
1788950 389
1788960 389
1788970 388
1788980 388
1788990 387
1789000 387
1789010 386
1789020 386
1789030 385
1789040 385
1789050 384
1789060 384
1789070 383
1789080 382
1789090 382
1789100 382
1789110 381
1789120 381
1789130 380
1789140 380
1789150 379
1789160 379
1789170 378
1789180 378
1789190 377
1789200 377
1789210 377
1789220 376
1789230 376
1789240 376
1789250 375
1789260 375
1789270 375
1789280 374
1789290 374
1789300 373
1789310 372
1789320 372
1789330 371
1789340 371
1789350 371
1789360 370
1789370 370
1789380 370
1789390 370
1789400 369
1789410 369
1789420 368
1789430 368
1789440 368
1789450 367
1789460 367
1789470 367
1789480 366
1789490 366
1789500 365
1789510 365
1789520 365
1789530 364
1789540 364
1789550 364
1789560 363
1789570 363
1789580 363
1789590 362
1789600 362
1789610 362
1789620 361
1789630 361
1789640 361
1789650 361
1789660 361
1789670 361
1789680 360
1789690 360
1789700 360
1789710 359
1789720 359
1789730 359
1789740 359
1789750 359
1789760 358
1789770 358
1789780 358
1789790 358
1789800 358
1789810 358
1789820 358
1789830 358
1789840 358
1789850 358
1789860 358
1789870 358
1789880 358
1789890 358
1789900 358
1789910 357
1789920 357
1789930 357
1789940 357
1789950 357
1789960 357
1789970 357
1789980 357
1789990 357
1790000 357
1790010 357
1790020 357
1790030 357
1790040 357
1790050 356
1790060 356
1790070 356
1790080 356
1790090 356
1790100 356
1790110 356
1790120 356
1790130 356
1790140 356
1790150 355
1790160 355
1790170 355
1790180 355
1790190 355
1790200 355
1790210 355
1790220 355
1790230 355
1790240 355
1790250 355
1790260 355
1790270 355
1790280 354
1790290 354
1790300 354
1790310 354
1790320 354
1790330 354
1790340 354
1790350 353
1790360 353
1790370 353
1790380 353
1790390 353
1790400 353
1790410 353
1790420 353
1790430 353
1790440 353
1790450 352
1790460 352
1790470 352
1790480 352
1790490 352
1790500 352
1790510 353
1790520 353
1790530 352
1790540 352
1790550 352
1790560 352
1790570 352
1790580 352
1790590 352
1790600 352
1790610 352
1790620 352
1790630 352
1790640 352
1790650 352
1790660 351
1790670 351
1790680 351
1790690 351
1790700 351
1790710 351
1790720 351
1790730 351
1790740 351
1790750 350
1790760 350
1790770 351
1790780 351
1790790 351
1790800 351
1790810 351
1790820 351
1790830 351
1790840 351
1790850 351
1790860 351
1790870 351
1790880 351
1790890 351
1790900 351
1790910 351
1790920 351
1790930 351
1790940 351
1790950 351
1790960 351
1790970 351
1790980 351
1790990 351
1791000 351
1791010 351
1791020 351
1791030 351
1791040 351
1791050 351
1791060 351
1791070 351
1791080 351
1791090 351
1791100 351
1791110 351
1791120 351
1791130 351
1791140 351
1791150 351
1791160 351
1791170 351
1791180 351
1791190 351
1791200 351
1791210 351
1791220 352
1791230 352
1791240 352
1791250 352
1791260 353
1791270 353
1791280 354
1791290 354
1791300 354
1791310 355
1791320 356
1791330 357
1791340 358
1791350 359
1791360 360
1791370 361
1791380 362
1791390 363
1791400 364
1791410 365
1791420 366
1791430 366
1791440 367
1791450 368
1791460 369
1791470 369
1791480 370
1791490 371
1791500 372
1791510 372
1791520 373
1791530 373
1791540 374
1791550 375
1791560 375
1791570 376
1791580 377
1791590 377
1791600 378
1791610 379
1791620 379
1791630 380
1791640 380
1791650 381
1791660 381
1791670 381
1791680 382
1791690 382
1791700 382
1791710 382
1791720 383
1791730 383
1791740 383
1791750 383
1791760 383
1791770 383
1791780 383
1791790 383
1791800 383
1791810 383
1791820 382
1791830 382
1791840 382
1791850 381
1791860 381
1791870 381
1791880 381
1791890 381
1791900 380
1791910 380
1791920 380
1791930 380
1791940 380
1791950 380
1791960 380
1791970 380
1791980 380
1791990 381
1792000 381
1792010 381
1792020 381
1792030 381
1792040 381
1792050 382
1792060 382
1792070 381
1792080 381
1792090 381
1792100 381
1792110 381
1792120 381
1792130 381
1792140 381
1792150 380
1792160 380
1792170 378
1792180 378
1792190 377
1792200 378
1792210 378
1792220 378
1792230 377
1792240 376
1792250 375
1792260 375
1792270 374
1792280 374
1792290 373
1792300 373
1792310 373
1792320 372
1792330 372
1792340 372
1792350 372
1792360 372
1792370 371
1792380 371
1792390 371
1792400 372
1792410 372
1792420 372
1792430 373
1792440 373
1792450 374
1792460 375
1792470 376
1792480 377
1792490 378
1792500 380
1792510 381
1792520 382
1792530 384
1792540 385
1792550 386
1792560 387
1792570 387
1792580 388
1792590 388
1792600 389
1792610 390
1792620 391
1792630 393
1792640 393
1792650 394
1792660 395
1792670 395
1792680 395
1792690 396
1792700 396
1792710 396
1792720 397
1792730 398
1792740 398
1792750 398
1792760 398
1792770 398
1792780 398
1792790 398
1792800 398
1792810 397
1792820 397
1792830 397
1792840 398
1792850 398
1792860 398
1792870 399
1792880 399
1792890 399
1792900 400
1792910 400
1792920 401
1792930 403
1792940 405
1792950 407
1792960 408
1792970 409
1792980 409
1792990 410
1793000 411
1793010 411
1793020 412
1793030 413
1793040 415
1793050 417
1793060 419
1793070 420
1793080 420
1793090 421
1793100 422
1793110 423
1793120 423
1793130 423
1793140 423
1793150 424
1793160 424
1793170 424
1793180 425
1793190 426
1793200 427
1793210 428
1793220 429
1793230 430
1793240 430
1793250 431
1793260 431
1793270 432
1793280 432
1793290 433
1793300 433
1793310 434
1793320 435
1793330 435
1793340 436
1793350 437
1793360 437
1793370 438
1793380 439
1793390 439
1793400 439
1793410 440
1793420 440
1793430 441
1793440 441
1793450 441
1793460 442
1793470 442
1793480 442
1793490 442
1793500 443
1793510 443
1793520 443
1793530 443
1793540 443
1793550 444
1793560 444
1793570 445
1793580 445
1793590 446
1793600 446
1793610 446
1793620 447
1793630 447
1793640 448
1793650 448
1793660 449
1793670 449
1793680 450
1793690 451
1793700 451
1793710 452
1793720 452
1793730 453
1793740 454
1793750 454
1793760 455
1793770 455
1793780 455
1793790 456
1793800 456
1793810 457
1793820 457
1793830 457
1793840 457
1793850 458
1793860 458
1793870 458
1793880 458
1793890 458
1793900 458
1793910 458
1793920 457
1793930 457
1793940 457
1793950 457
1793960 457
1793970 456
1793980 456
1793990 456
1794000 456
1794010 456
1794020 455
1794030 455
1794040 455
1794050 455
1794060 455
1794070 454
1794080 454
1794090 454
1794100 454
1794110 454
1794120 454
1794130 454
1794140 454
1794150 454
1794160 454
1794170 454
1794180 454
1794190 454
1794200 454
1794210 454
1794220 454
1794230 454
1794240 455
1794250 455
1794260 455
1794270 455
1794280 455
1794290 455
1794300 455
1794310 455
1794320 455
1794330 455
1794340 455
1794350 454
1794360 454
1794370 454
1794380 453
1794390 453
1794400 452
1794410 452
1794420 452
1794430 451
1794440 451
1794450 450
1794460 450
1794470 450
1794480 449
1794490 449
1794500 448
1794510 448
1794520 447
1794530 447
1794540 447
1794550 446
1794560 446
1794570 445
1794580 445
1794590 445
1794600 444
1794610 444
1794620 443
1794630 443
1794640 442
1794650 442
1794660 442
1794670 441
1794680 441
1794690 440
1794700 440
1794710 440
1794720 439
1794730 439
1794740 438
1794750 438
1794760 437
1794770 437
1794780 436
1794790 436
1794800 436
1794810 435
1794820 435
1794830 434
1794840 434
1794850 433
1794860 432
1794870 432
1794880 431
1794890 431
1794900 431
1794910 430
1794920 430
1794930 429
1794940 429
1794950 429
1794960 429
1794970 429
1794980 429
1794990 428
1795000 428
1795010 428
1795020 428
1795030 428
1795040 428
1795050 428
1795060 428
1795070 428
1795080 428
1795090 428
1795100 428
1795110 428
1795120 428
1795130 428
1795140 427
1795150 427
1795160 427
1795170 427
1795180 427
1795190 426
1795200 426
1795210 426
1795220 426
1795230 426
1795240 425
1795250 425
1795260 425
1795270 425
1795280 424
1795290 424
1795300 424
1795310 424
1795320 424
1795330 424
1795340 423
1795350 423
1795360 423
1795370 423
1795380 423
1795390 423
1795400 423
1795410 422
1795420 422
1795430 422
1795440 422
1795450 422
1795460 421
1795470 421
1795480 421
1795490 421
1795500 421
1795510 420
1795520 420
1795530 420
1795540 420
1795550 420
1795560 419
1795570 419
1795580 419
1795590 418
1795600 418
1795610 418
1795620 417
1795630 417
1795640 417
1795650 416
1795660 416
1795670 416
1795680 415
1795690 415
1795700 414
1795710 414
1795720 414
1795730 413
1795740 413
1795750 413
1795760 412
1795770 412
1795780 412
1795790 411
1795800 411
1795810 411
1795820 411
1795830 410
1795840 410
1795850 410
1795860 409
1795870 409
1795880 409
1795890 409
1795900 408
1795910 408
1795920 408
1795930 407
1795940 407
1795950 407
1795960 406
1795970 406
1795980 406
1795990 406
1796000 406
1796010 406
1796020 406
1796030 406
1796040 406
1796050 406
1796060 405
1796070 405
1796080 405
1796090 404
1796100 404
1796110 404
1796120 404
1796130 403
1796140 403
1796150 403
1796160 403
1796170 402
1796180 402
1796190 402
1796200 402
1796210 402
1796220 401
1796230 401
1796240 401
1796250 401
1796260 400
1796270 400
1796280 399
1796290 399
1796300 399
1796310 399
1796320 399
1796330 399
1796340 398
1796350 398
1796360 398
1796370 398
1796380 398
1796390 397
1796400 397
1796410 397
1796420 397
1796430 397
1796440 397
1796450 396
1796460 396
1796470 396
1796480 396
1796490 396
1796500 396
1796510 395
1796520 395
1796530 395
1796540 395
1796550 394
1796560 394
1796570 394
1796580 394
1796590 393
1796600 393
1796610 393
1796620 393
1796630 393
1796640 393
1796650 393
1796660 392
1796670 392
1796680 392
1796690 391
1796700 391
1796710 391
1796720 391
1796730 390
1796740 390
1796750 390
1796760 390
1796770 390
1796780 390
1796790 389
1796800 389
1796810 389
1796820 389
1796830 388
1796840 388
1796850 388
1796860 387
1796870 387
1796880 387
1796890 386
1796900 386
1796910 386
1796920 386
1796930 386
1796940 386
1796950 386
1796960 386
1796970 386
1796980 385
1796990 385
1797000 385
1797010 385
1797020 385
1797030 384
1797040 384
1797050 383
1797060 383
1797070 383
1797080 382
1797090 382
1797100 382
1797110 382
1797120 382
1797130 381
1797140 381
1797150 381
1797160 381
1797170 381
1797180 381
1797190 381
1797200 381
1797210 381
1797220 381
1797230 380
1797240 380
1797250 380
1797260 380
1797270 380
1797280 380
1797290 380
1797300 380
1797310 380
1797320 380
1797330 379
1797340 379
1797350 379
1797360 379
1797370 378
1797380 378
1797390 378
1797400 378
1797410 378
1797420 378
1797430 378
1797440 377
1797450 377
1797460 377
1797470 377
1797480 377
1797490 377
1797500 377
1797510 377
1797520 377
1797530 377
1797540 376
1797550 376
1797560 376
1797570 376
1797580 376
1797590 376
1797600 376
1797610 376
1797620 376
1797630 375
1797640 375
1797650 375
1797660 375
1797670 375
1797680 375
1797690 375
1797700 375
1797710 375
1797720 375
1797730 375
1797740 375
1797750 375
1797760 375
1797770 375
1797780 375
1797790 375
1797800 376
1797810 376
1797820 376
1797830 376
1797840 376
1797850 376
1797860 376
1797870 376
1797880 377
1797890 377
1797900 377
1797910 377
1797920 377
1797930 378
1797940 378
1797950 378
1797960 378
1797970 378
1797980 379
1797990 379
1798000 379
1798010 379
1798020 380
1798030 380
1798040 380
1798050 380
1798060 381
1798070 381
1798080 381
1798090 381
1798100 382
1798110 382
1798120 382
1798130 383
1798140 383
1798150 383
1798160 383
1798170 384
1798180 384
1798190 384
1798200 385
1798210 385
1798220 385
1798230 386
1798240 386
1798250 386
1798260 387
1798270 387
1798280 387
1798290 388
1798300 388
1798310 388
1798320 389
1798330 389
1798340 390
1798350 390
1798360 391
1798370 391
1798380 392
1798390 392
1798400 393
1798410 393
1798420 394
1798430 394
1798440 395
1798450 395
1798460 396
1798470 396
1798480 396
1798490 397
1798500 397
1798510 398
1798520 398
1798530 398
1798540 398
1798550 399
1798560 399
1798570 399
1798580 399
1798590 400
1798600 400
1798610 400
1798620 400
1798630 400
1798640 400
1798650 400
1798660 400
1798670 400
1798680 400
1798690 399
1798700 399
1798710 399
1798720 398
1798730 398
1798740 398
1798750 397
1798760 397
1798770 396
1798780 395
1798790 394
1798800 393
1798810 392
1798820 391
1798830 390
1798840 388
1798850 386
1798860 385
1798870 384
1798880 383
1798890 381
1798900 380
1798910 380
1798920 379
1798930 378
1798940 377
1798950 377
1798960 376
1798970 375
1798980 374
1798990 373
1799000 372
1799010 371
1799020 371
1799030 370
1799040 369
1799050 368
1799060 367
1799070 367
1799080 366
1799090 365
1799100 365
1799110 364
1799120 364
1799130 363
1799140 362
1799150 362
1799160 361
1799170 359
1799180 358
1799190 357
1799200 357
1799210 356
1799220 355
1799230 354
1799240 353
1799250 351
1799260 350
1799270 349
1799280 349
1799290 348
1799300 347
1799310 346
1799320 346
1799330 345
1799340 344
1799350 344
1799360 343
1799370 343
1799380 342
1799390 342
1799400 342
1799410 341
1799420 341
1799430 341
1799440 341
1799450 340
1799460 340
1799470 340
1799480 340
1799490 340
1799500 339
1799510 339
1799520 339
1799530 339
1799540 339
1799550 339
1799560 339
1799570 339
1799580 339
1799590 339
1799600 338
1799610 337
1799620 336
1799630 336
1799640 337
1799650 337
1799660 337
1799670 337
1799680 337
1799690 337
1799700 337
1799710 337
1799720 336
1799730 336
1799740 336
1799750 336
1799760 336
1799770 336
1799780 336
1799790 336
1799800 336
1799810 336
1799820 336
1799830 336
1799840 336
1799850 336
1799860 336
1799870 336
1799880 336
1799890 336
1799900 336
1799910 336
1799920 336
1799930 336
1799940 336
1799950 336
1799960 336
1799970 336
1799980 336
1799990 336
