1780000 389
1780010 389
1780020 389
1780030 389
1780040 389
1780050 389
1780060 389
1780070 389
1780080 389
1780090 388
1780100 388
1780110 388
1780120 388
1780130 387
1780140 387
1780150 387
1780160 387
1780170 386
1780180 386
1780190 386
1780200 386
1780210 386
1780220 385
1780230 385
1780240 385
1780250 385
1780260 384
1780270 384
1780280 384
1780290 384
1780300 384
1780310 383
1780320 383
1780330 383
1780340 382
1780350 382
1780360 382
1780370 381
1780380 381
1780390 381
1780400 381
1780410 381
1780420 381
1780430 381
1780440 382
1780450 382
1780460 382
1780470 382
1780480 381
1780490 381
1780500 381
1780510 381
1780520 381
1780530 380
1780540 380
1780550 380
1780560 379
1780570 378
1780580 378
1780590 377
1780600 376
1780610 376
1780620 375
1780630 374
1780640 374
1780650 374
1780660 373
1780670 373
1780680 372
1780690 371
1780700 370
1780710 370
1780720 369
1780730 369
1780740 369
1780750 368
1780760 367
1780770 367
1780780 366
1780790 366
1780800 366
1780810 365
1780820 364
1780830 364
1780840 363
1780850 363
1780860 363
1780870 362
1780880 362
1780890 362
1780900 361
1780910 360
1780920 360
1780930 359
1780940 357
1780950 357
1780960 356
1780970 356
1780980 356
1780990 356
1781000 356
1781010 356
1781020 356
1781030 356
1781040 356
1781050 356
1781060 355
1781070 354
1781080 354
1781090 354
1781100 353
1781110 353
1781120 355
1781130 355
1781140 355
1781150 355
1781160 355
1781170 355
1781180 355
1781190 355
1781200 355
1781210 354
1781220 355
1781230 355
1781240 355
1781250 356
1781260 356
1781270 357
1781280 358
1781290 360
1781300 360
1781310 361
1781320 363
1781330 363
1781340 364
1781350 366
1781360 366
1781370 368
1781380 369
1781390 369
1781400 369
1781410 370
1781420 370
1781430 370
1781440 371
1781450 371
1781460 371
1781470 371
1781480 371
1781490 371
1781500 370
1781510 370
1781520 370
1781530 370
1781540 370
1781550 370
1781560 371
1781570 371
1781580 371
1781590 372
1781600 372
1781610 372
1781620 372
1781630 373
1781640 373
1781650 373
1781660 373
1781670 373
1781680 373
1781690 373
1781700 373
1781710 373
1781720 373
1781730 373
1781740 372
1781750 371
1781760 371
1781770 370
1781780 368
1781790 368
1781800 368
1781810 367
1781820 367
1781830 367
1781840 366
1781850 366
1781860 366
1781870 366
1781880 366
1781890 366
1781900 366
1781910 367
1781920 367
1781930 367
1781940 368
1781950 368
1781960 368
1781970 369
1781980 369
1781990 370
1782000 371
1782010 371
1782020 372
1782030 375
1782040 375
1782050 378
1782060 381
1782070 384
1782080 384
1782090 387
1782100 389
1782110 389
1782120 392
1782130 394
1782140 394
1782150 395
1782160 395
1782170 395
1782180 395
1782190 395
1782200 395
1782210 394
1782220 394
1782230 394
1782240 394
1782250 394
1782260 394
1782270 394
1782280 393
1782290 393
1782300 393
1782310 391
1782320 391
1782330 388
1782340 386
1782350 388
1782360 388
1782370 393
1782380 396
1782390 396
1782400 397
1782410 398
1782420 398
1782430 399
1782440 401
1782450 401
1782460 402
1782470 403
1782480 403
1782490 403
1782500 405
1782510 405
1782520 406
1782530 407
1782540 407
1782550 408
1782560 409
1782570 409
1782580 408
1782590 409
1782600 409
1782610 410
1782620 411
1782630 411
1782640 411
1782650 411
1782660 412
1782670 412
1782680 413
1782690 414
1782700 414
1782710 415
1782720 415
1782730 415
1782740 416
1782750 417
1782760 417
1782770 418
1782780 418
1782790 418
1782800 421
1782810 422
1782820 422
1782830 423
1782840 424
1782850 424
1782860 425
1782870 427
1782880 427
1782890 428
1782900 428
1782910 429
1782920 429
1782930 429
1782940 428
1782950 428
1782960 428
1782970 427
1782980 427
1782990 426
1783000 425
1783010 425
1783020 424
1783030 422
1783040 422
1783050 421
1783060 420
1783070 420
1783080 418
1783090 416
1783100 416
1783110 415
1783120 414
1783130 414
1783140 412
1783150 411
1783160 410
1783170 410
1783180 409
1783190 409
1783200 409
1783210 409
1783220 412
1783230 412
1783240 407
1783250 406
1783260 406
1783270 405
1783280 404
1783290 404
1783300 403
1783310 402
1783320 402
1783330 401
1783340 400
1783350 400
1783360 399
1783370 398
1783380 398
1783390 397
1783400 396
1783410 396
1783420 395
1783430 395
1783440 394
1783450 394
1783460 394
1783470 393
1783480 393
1783490 392
1783500 391
1783510 391
1783520 390
1783530 390
1783540 389
1783550 387
1783560 387
1783570 387
1783580 386
1783590 386
1783600 386
1783610 386
1783620 386
1783630 386
1783640 386
1783650 386
1783660 386
1783670 386
1783680 387
1783690 387
1783700 387
1783710 387
1783720 388
1783730 388
1783740 388
1783750 388
1783760 388
1783770 388
1783780 390
1783790 390
1783800 392
1783810 394
1783820 394
1783830 396
1783840 398
1783850 398
1783860 400
1783870 402
1783880 402
1783890 403
1783900 404
1783910 404
1783920 405
1783930 407
1783940 407
1783950 410
1783960 411
1783970 411
1783980 414
1783990 416
1784000 420
1784010 420
1784020 423
1784030 426
1784040 426
1784050 428
1784060 431
1784070 431
1784080 433
1784090 435
1784100 435
1784110 438
1784120 440
1784130 440
1784140 441
1784150 443
1784160 443
1784170 444
1784180 445
1784190 445
1784200 446
1784210 447
1784220 447
1784230 448
1784240 449
1784250 449
1784260 450
1784270 451
1784280 452
1784290 452
1784300 453
1784310 454
1784320 454
1784330 455
1784340 455
1784350 455
1784360 455
1784370 455
1784380 455
1784390 455
1784400 455
1784410 455
1784420 455
1784430 454
1784440 454
1784450 454
1784460 454
1784470 454
1784480 453
1784490 453
1784500 453
1784510 452
1784520 451
1784530 450
1784540 450
1784550 449
1784560 448
1784570 448
1784580 448
1784590 447
1784600 447
1784610 446
1784620 445
1784630 445
1784640 444
1784650 443
1784660 443
1784670 443
1784680 442
1784690 442
1784700 442
1784710 441
1784720 441
1784730 441
1784740 440
1784750 440
1784760 440
1784770 440
1784780 440
1784790 440
1784800 440
1784810 440
1784820 440
1784830 439
1784840 439
1784850 439
1784860 438
1784870 438
1784880 438
1784890 438
1784900 438
1784910 438
1784920 437
1784930 437
1784940 437
1784950 437
1784960 437
1784970 437
1784980 437
1784990 437
1785000 437
1785010 437
1785020 437
1785030 437
1785040 437
1785050 437
1785060 437
1785070 437
1785080 437
1785090 437
1785100 437
1785110 437
1785120 437
1785130 437
1785140 436
1785150 436
1785160 436
1785170 436
1785180 435
1785190 435
1785200 435
1785210 434
1785220 434
1785230 434
1785240 433
1785250 433
1785260 433
1785270 433
1785280 433
1785290 432
1785300 432
1785310 432
1785320 431
1785330 430
1785340 430
1785350 429
1785360 429
1785370 428
1785380 428
1785390 427
1785400 427
1785410 427
1785420 426
1785430 426
1785440 426
1785450 425
1785460 424
1785470 424
1785480 424
1785490 423
1785500 423
1785510 423
1785520 423
1785530 423
1785540 422
1785550 421
1785560 421
1785570 420
1785580 420
1785590 420
1785600 419
1785610 418
1785620 418
1785630 418
1785640 417
1785650 416
1785660 416
1785670 415
1785680 415
1785690 415
1785700 414
1785710 413
1785720 413
1785730 413
1785740 412
1785750 412
1785760 411
1785770 410
1785780 410
1785790 409
1785800 409
1785810 409
1785820 408
1785830 407
1785840 407
1785850 407
1785860 406
1785870 406
1785880 405
1785890 405
1785900 404
1785910 404
1785920 404
1785930 403
1785940 403
1785950 402
1785960 402
1785970 402
1785980 401
1785990 401
1786000 401
1786010 400
1786020 399
1786030 399
1786040 398
1786050 396
1786060 396
1786070 393
1786080 390
1786090 390
1786100 388
1786110 385
1786120 385
1786130 384
1786140 382
1786150 382
1786160 380
1786170 379
1786180 377
1786190 377
1786200 376
1786210 376
1786220 376
1786230 374
1786240 374
1786250 374
1786260 372
1786270 372
1786280 372
1786290 371
1786300 370
1786310 370
1786320 370
1786330 369
1786340 369
1786350 369
1786360 368
1786370 368
1786380 368
1786390 368
1786400 368
1786410 367
1786420 367
1786430 367
1786440 367
1786450 367
1786460 367
1786470 367
1786480 367
1786490 367
1786500 367
1786510 366
1786520 366
1786530 366
1786540 366
1786550 367
1786560 367
1786570 367
1786580 367
1786590 367
1786600 367
1786610 367
1786620 367
1786630 367
1786640 367
1786650 367
1786660 367
1786670 367
1786680 367
1786690 367
1786700 366
1786710 366
1786720 367
1786730 367
1786740 367
1786750 367
1786760 367
1786770 367
1786780 367
1786790 367
1786800 367
1786810 367
1786820 367
1786830 367
1786840 367
1786850 367
1786860 367
1786870 367
1786880 367
1786890 367
1786900 367
1786910 367
1786920 367
1786930 367
1786940 367
1786950 366
1786960 366
1786970 366
1786980 366
1786990 366
1787000 366
1787010 365
1787020 365
1787030 365
1787040 365
1787050 365
1787060 365
1787070 365
1787080 365
1787090 365
1787100 365
1787110 365
1787120 365
1787130 365
1787140 365
1787150 365
1787160 365
1787170 365
1787180 365
1787190 365
1787200 365
1787210 365
1787220 365
1787230 365
1787240 365
1787250 365
1787260 365
1787270 365
1787280 365
1787290 365
1787300 365
1787310 365
1787320 365
1787330 364
1787340 364
1787350 365
1787360 366
1787370 366
1787380 366
1787390 366
1787400 366
1787410 366
1787420 366
1787430 366
1787440 366
1787450 366
1787460 366
1787470 366
1787480 366
1787490 366
1787500 367
1787510 367
1787520 367
1787530 367
1787540 367
1787550 367
1787560 367
1787570 368
1787580 368
1787590 368
1787600 368
1787610 368
1787620 368
1787630 369
1787640 369
1787650 369
1787660 369
1787670 370
1787680 370
1787690 370
1787700 370
1787710 370
1787720 371
1787730 371
1787740 371
1787750 371
1787760 372
1787770 372
1787780 372
1787790 373
1787800 373
1787810 373
1787820 374
1787830 374
1787840 374
1787850 374
1787860 375
1787870 375
1787880 375
1787890 376
1787900 376
1787910 377
1787920 381
1787930 381
1787940 385
1787950 386
1787960 386
1787970 385
1787980 381
1787990 381
1788000 382
1788010 383
1788020 383
1788030 384
1788040 385
1788050 385
1788060 386
1788070 386
1788080 386
1788090 387
1788100 388
1788110 389
1788120 389
1788130 390
1788140 391
1788150 391
1788160 391
1788170 393
1788180 393
1788190 394
1788200 395
1788210 395
1788220 396
1788230 396
1788240 396
1788250 397
1788260 397
1788270 397
1788280 398
1788290 398
1788300 398
1788310 399
1788320 399
1788330 399
1788340 400
1788350 400
1788360 400
1788370 400
1788380 401
1788390 401
1788400 401
1788410 401
1788420 401
1788430 401
1788440 401
1788450 400
1788460 400
1788470 400
1788480 399
1788490 399
1788500 399
1788510 399
1788520 399
1788530 398
1788540 398
1788550 398
1788560 397
1788570 396
1788580 396
1788590 394
1788600 393
1788610 393
1788620 392
1788630 392
1788640 391
1788650 391
1788660 391
1788670 390
1788680 390
1788690 390
1788700 389
1788710 389
1788720 389
1788730 389
1788740 389
1788750 388
1788760 388
1788770 388
1788780 388
1788790 388
1788800 388
1788810 388
1788820 387
1788830 387
1788840 387
1788850 387
1788860 387
1788870 386
1788880 386
1788890 386
1788900 386
1788910 385
1788920 385
1788930 385
1788940 384
1788950 384
1788960 384
1788970 383
1788980 383
1788990 383
1789000 382
1789010 382
1789020 382
1789030 381
1789040 380
1789050 380
1789060 380
1789070 379
1789080 379
1789090 379
1789100 379
1789110 379
1789120 379
1789130 378
1789140 378
1789150 378
1789160 377
1789170 377
1789180 376
1789190 376
1789200 376
1789210 376
1789220 375
1789230 375
1789240 375
1789250 374
1789260 374
1789270 374
1789280 373
1789290 372
1789300 372
1789310 372
1789320 372
1789330 372
1789340 372
1789350 371
1789360 371
1789370 371
1789380 371
1789390 371
1789400 371
1789410 370
1789420 370
1789430 370
1789440 370
1789450 370
1789460 370
1789470 370
1789480 369
1789490 369
1789500 369
1789510 368
1789520 368
1789530 368
1789540 368
1789550 368
1789560 368
1789570 367
1789580 367
1789590 367
1789600 367
1789610 367
1789620 367
1789630 366
1789640 366
1789650 366
1789660 366
1789670 366
1789680 366
1789690 366
1789700 366
1789710 365
1789720 366
1789730 365
1789740 365
1789750 365
1789760 365
1789770 365
1789780 365
1789790 365
1789800 365
1789810 365
1789820 364
1789830 364
1789840 364
1789850 363
1789860 363
1789870 363
1789880 363
1789890 363
1789900 362
1789910 362
1789920 362
1789930 362
1789940 362
1789950 362
1789960 362
1789970 362
1789980 362
1789990 361
1790000 361
1790010 360
1790020 360
1790030 360
1790040 360
1790050 360
1790060 360
1790070 359
1790080 359
1790090 359
1790100 359
1790110 359
1790120 358
1790130 358
1790140 358
1790150 358
1790160 357
1790170 357
1790180 357
1790190 357
1790200 357
1790210 357
1790220 357
1790230 357
1790240 356
1790250 356
1790260 356
1790270 357
1790280 356
1790290 356
1790300 356
1790310 356
1790320 356
1790330 356
1790340 356
1790350 356
1790360 356
1790370 356
1790380 356
1790390 356
1790400 354
1790410 356
1790420 356
1790430 356
1790440 356
1790450 356
1790460 356
1790470 355
1790480 355
1790490 355
1790500 355
1790510 355
1790520 355
1790530 355
1790540 355
1790550 355
1790560 355
1790570 355
1790580 355
1790590 355
1790600 355
1790610 355
1790620 355
1790630 355
1790640 355
1790650 355
1790660 355
1790670 355
1790680 355
1790690 355
1790700 355
1790710 355
1790720 354
1790730 354
1790740 355
1790750 355
1790760 355
1790770 355
1790780 355
1790790 355
1790800 356
1790810 356
1790820 357
1790830 357
1790840 356
1790850 357
1790860 357
1790870 357
1790880 358
1790890 358
1790900 359
1790910 359
1790920 359
1790930 360
1790940 361
1790950 361
1790960 362
1790970 362
1790980 362
1790990 363
1791000 364
1791010 364
1791020 364
1791030 365
1791040 365
1791050 365
1791060 365
1791070 365
1791080 366
1791090 367
1791100 367
1791110 367
1791120 368
1791130 368
1791140 368
1791150 369
1791160 369
1791170 369
1791180 370
1791190 370
1791200 370
1791210 371
1791220 371
1791230 371
1791240 371
1791250 371
1791260 371
1791270 371
1791280 372
1791290 372
1791300 372
1791310 372
1791320 372
1791330 372
1791340 372
1791350 372
1791360 372
1791370 372
1791380 372
1791390 372
1791400 372
1791410 372
1791420 372
1791430 372
1791440 371
1791450 371
1791460 371
1791470 371
1791480 371
1791490 371
1791500 371
1791510 371
1791520 370
1791530 370
1791540 370
1791550 369
1791560 369
1791570 369
1791580 368
1791590 368
1791600 368
1791610 368
1791620 368
1791630 368
1791640 368
1791650 369
1791660 369
1791670 369
1791680 369
1791690 368
1791700 368
1791710 368
1791720 368
1791730 368
1791740 368
1791750 367
1791760 367
1791770 367
1791780 367
1791790 367
1791800 367
1791810 367
1791820 367
1791830 366
1791840 366
1791850 366
1791860 366
1791870 365
1791880 365
1791890 363
1791900 360
1791910 360
1791920 360
1791930 362
1791940 363
1791950 363
1791960 363
1791970 363
1791980 363
1791990 363
1792000 363
1792010 363
1792020 363
1792030 363
1792040 363
1792050 363
1792060 364
1792070 364
1792080 364
1792090 364
1792100 364
1792110 364
1792120 365
1792130 365
1792140 365
1792150 365
1792160 365
1792170 365
1792180 366
1792190 366
1792200 366
1792210 366
1792220 366
1792230 366
1792240 366
1792250 367
1792260 367
1792270 367
1792280 367
1792290 367
1792300 369
1792310 369
1792320 369
1792330 369
1792340 369
1792350 369
1792360 369
1792370 369
1792380 369
1792390 370
1792400 371
1792410 371
1792420 371
1792430 371
1792440 371
1792450 371
1792460 371
1792470 371
1792480 371
1792490 372
1792500 372
1792510 372
1792520 373
1792530 373
1792540 373
1792550 373
1792560 373
1792570 373
1792580 373
1792590 374
1792600 374
1792610 375
1792620 375
1792630 375
1792640 375
1792650 376
1792660 376
1792670 376
1792680 376
1792690 376
1792700 375
1792710 375
1792720 375
1792730 375
1792740 375
1792750 376
1792760 376
1792770 376
1792780 377
1792790 377
1792800 377
1792810 377
1792820 377
1792830 377
1792840 377
1792850 377
1792860 378
1792870 378
1792880 378
1792890 379
1792900 380
1792910 380
1792920 380
1792930 380
1792940 380
1792950 380
1792960 379
1792970 379
1792980 379
1792990 379
1793000 379
1793010 380
1793020 382
1793030 382
1793040 382
1793050 382
1786920 367
1786930 367
1786940 367
1786950 367
1786960 366
1786970 366
1786980 366
1786990 366
1787000 366
1787050 365
1787060 365
1787070 365
1787080 365
1787090 365
1787100 365
1787110 365
1787120 365
1787130 365
1787140 365
1787150 365
1787160 365
1787170 365
1787180 365
1787190 365
1787200 365
1787210 365
1787220 365
1787230 365
1787240 365
1787250 365
1787260 365
1787270 365
1787280 365
1787290 365
1787300 365
1787310 365
1787320 365
1787330 364
1787340 364
1787350 365
1787360 365
1787370 366
1787380 366
1787390 366
1787400 366
1787410 366
1787420 366
1787430 366
1787440 366
1787450 366
1787460 366
1787470 366
1787480 366
1787490 366
1787500 367
1787510 367
1787520 367
1787530 367
1787540 367
1787550 367
1787560 367
1787570 367
1787580 368
1787590 368
1787600 368
1787610 368
1787620 369
1787630 369
1787640 369
1787650 369
1787660 369
1787670 370
1787680 370
1787690 370
1787700 370
1787710 371
1787720 371
1787730 371
1787740 371
1787750 372
1787760 372
1787770 372
1787780 372
1787790 373
1787800 373
1787810 373
1787820 374
1787830 374
1787840 374
1787850 374
1787860 375
1787870 375
1787880 375
1787890 376
1787900 376
1787910 377
1787920 378
1787930 380
1787940 384
1787950 385
1787960 386
1787970 385
1787980 383
1787990 382
1788000 382
1788010 382
1788020 383
1788030 384
1788040 384
1788050 385
1788060 385
1788070 386
1788080 387
1788090 387
1788100 388
1788110 388
1788120 389
1788130 389
1788140 390
1788150 390
1788160 391
1788170 392
1788180 392
1788190 393
1788200 394
1788210 395
1788220 395
1788230 396
1788240 396
1788250 397
1788260 397
1788270 397
1788280 398
1788290 398
1788300 398
1788310 399
1788320 399
1788330 399
1788340 399
1788350 400
1788360 400
1788370 400
1788380 400
1788390 401
1788400 401
1788410 401
1788420 401
1788430 401
1788440 401
1788450 400
1788460 400
1788470 400
1788480 400
1788490 400
1788500 399
1788510 399
1788520 399
1788530 399
1788540 398
1788550 398
1788560 397
1788570 396
1788580 396
1788590 395
1788600 394
1788610 393
1788620 393
1788630 392
1788640 392
1788650 391
1788660 391
1788670 391
1788680 390
1788690 390
1788700 390
1788710 390
1788720 389
1788730 389
1788740 389
1788750 389
1788760 388
1788770 388
1788780 388
1788790 388
1788800 388
1788810 388
1788820 387
1788830 387
1788840 387
1788850 387
1788860 387
1788870 386
1788880 386
1788890 386
1788900 386
1788910 385
1788920 385
1788930 385
1788940 384
1788950 384
1788960 384
1788970 383
1788980 383
1788990 383
1789000 382
1789010 382
1789020 382
1789030 381
1789040 381
1789050 381
1789060 380
1789070 380
1789080 380
1789090 379
1789100 379
1789110 379
1789120 379
1789130 378
1789140 378
1789150 378
1789160 377
1789170 377
1789180 376
1789190 376
1789200 376
1789210 376
1789220 375
1789230 375
1789240 375
1789250 374
1789260 374
1789270 374
1789280 373
1789290 373
1789300 373
1789310 372
1789320 372
1789330 372
1789340 372
1789350 372
1789360 372
1789370 371
1789380 371
1789390 371
1789400 371
1789410 371
1789420 371
1789430 370
1789440 370
1789450 370
1789460 370
1789470 370
1789480 370
1789490 369
1789500 369
1789510 369
1789520 369
1789530 368
1789540 368
1789550 368
1789560 368
1789570 368
1789580 367
1789590 367
1789600 367
1789610 367
1789620 367
1789630 367
1789640 367
1789650 366
1789660 366
1789670 366
1789680 366
1789690 366
1789700 366
1789710 366
1789720 366
1789730 366
1789740 366
1789750 365
1789760 365
1789770 365
1789780 365
1789790 365
1789800 365
1789810 365
1789820 365
1789830 364
1789840 364
1789850 364
1789860 363
1789870 363
1789880 363
1789890 363
1789900 363
1789910 362
1789920 362
1789930 362
1789940 362
1789950 362
1789960 362
1789970 362
1789980 361
1789990 361
1790000 361
1790010 361
1790020 361
1790030 360
1790040 360
1790050 360
1790060 360
1790070 360
1790080 359
1790090 359
1790100 359
1790110 359
1790120 359
1790130 358
1790140 358
1790150 358
1790160 358
1790170 357
1790180 357
1790190 357
1790200 357
1790210 357
1790220 357
1790230 357
1790240 356
1790250 356
1790260 356
1790270 356
1790280 356
1790290 356
1790300 356
1790310 356
1790320 356
1790330 356
1790340 356
1790350 356
1790360 356
1790370 356
1790380 356
1790390 356
1790400 355
1790410 355
1790420 356
1790430 356
1790440 356
1790450 356
1790460 356
1790470 356
1790480 355
1790490 355
1790500 355
1790510 355
1790520 355
1790530 355
1790540 355
1790550 355
1790560 355
1790570 355
1790580 355
1790590 355
1790600 355
1790610 355
1790620 355
1790630 355
1790640 355
1790650 355
1790660 355
1790670 355
1790680 355
1790690 355
1790700 354
1790710 354
1790720 355
1790730 355
1790740 355
1790750 355
1790760 355
1790770 355
1790780 355
1790790 356
1790800 356
1790810 356
1790820 356
1790830 357
1790840 357
1790850 357
1790860 357
1790870 357
1790880 358
1790890 358
1790900 358
1790910 359
1790920 359
1790930 360
1790940 360
1790950 361
1790960 361
1790970 362
1790980 362
1790990 363
1791000 363
1791010 364
1791020 364
1791030 364
1791040 365
1791050 365
1791060 366
1791070 366
1791080 366
1791090 367
1791100 367
1791110 367
1791120 368
1791130 368
1791140 368
1791150 369
1791160 369
1791170 369
1791180 369
1791190 370
1791200 370
1791210 370
1791220 370
1791230 371
1791240 371
1791250 371
1791260 371
1791270 371
1791280 371
1791290 371
1791300 372
1791310 372
1791320 372
1791330 372
1791340 372
1791350 372
1791360 372
1791370 372
1791380 372
1791390 372
1791400 372
1791410 372
1791420 372
1791430 372
1791440 372
1791450 371
1791460 371
1791470 371
1791480 371
1791490 371
1791500 371
1791510 371
1791520 370
1791530 370
1791540 370
1791550 369
1791560 369
1791570 369
1791580 369
1791590 368
1791600 368
1791610 368
1791620 368
1791630 368
1791640 369
1791650 369
1791660 369
1791670 369
1791680 369
1791690 369
1791700 369
1791710 369
1791720 368
1791730 368
1791740 368
1791750 368
1791760 368
1791770 368
1791780 367
1791790 367
1791800 367
1791810 367
1791820 367
1791830 367
1791840 366
1791850 366
1791860 366
1791870 366
1791880 365
1791890 364
1791900 363
1791910 361
1791920 361
1791930 361
1791940 361
1791950 361
1791960 362
1791970 362
1791980 362
1791990 363
1792000 363
1792010 363
1792020 363
1792030 363
1792040 363
1792050 363
1792060 363
1792070 364
1792080 364
1792090 364
1792100 364
1792110 364
1792120 365
1792130 365
1792140 365
1792150 365
1792160 365
1792170 365
1792180 366
1792190 366
1792200 366
1792210 366
1792220 366
1792230 366
1792240 366
1792250 367
1792260 367
1792270 367
1792280 367
1792290 367
1792300 368
1792310 368
1792320 369
1792330 369
1792340 369
1792350 369
1792360 369
1792370 369
1792380 369
1792390 370
1792400 370
1792410 371
1792420 371
1792430 371
1792440 371
1792450 371
1792460 371
1792470 371
1792480 371
1792490 372
1792500 372
1792510 372
1792520 372
1792530 373
1792540 373
1792550 373
1792560 373
1792570 373
1792580 373
1792590 374
1792600 374
1792610 375
1792620 375
1792630 375
1792640 375
1792650 376
1792660 376
1792670 376
1792680 376
1792690 376
1792700 376
1792710 376
1792720 375
1792730 375
1792740 375
1792750 376
1792760 376
1792770 376
1792780 376
1792790 377
1792800 377
1792810 378
1792820 378
1792830 378
1792840 378
1792850 378
1792860 378
1792870 378
1792880 378
1792890 379
1792900 379
1792910 380
1792920 380
1792930 380
1792940 380
1792950 380
1792960 380
1792970 380
1792980 380
1792990 380
1793000 380
1793010 381
1793020 381
1793030 381
1793040 381
1793050 381
1793060 381
1793070 382
1793080 382
1793090 383
1793100 386
1793110 388
1793120 390
1793130 391
1793140 392
1793150 394
1793160 395
1793170 396
1793180 397
1793190 398
1793200 398
1793210 399
1793220 399
1793230 400
1793240 400
1793250 401
1793260 402
1793270 402
1793280 403
1793290 403
1793300 404
1793310 404
1793320 405
1793330 405
1793340 405
1793350 406
1793360 406
1793370 407
1793380 407
1793390 406
1793400 404
1793410 400
1793420 399
1793430 401
1793440 404
1793450 406
1793460 407
1793470 410
1793480 412
1793490 414
1793500 414
1793510 413
1793520 412
1793530 411
1793540 412
1793550 410
1793560 407
1793570 405
1793580 404
1793590 404
1793600 404
1793610 405
1793620 407
1793630 409
1793640 409
1793650 410
1793660 410
1793670 411
1793680 411
1793690 412
1793700 412
1793710 412
1793720 412
1793730 411
1793740 410
1793750 408
1793760 407
1793770 406
1793780 405
1793790 404
1793800 404
1793810 405
1793820 408
1793830 410
1793840 411
1793850 413
1793860 414
1793870 415
1793880 415
1793890 416
1793900 417
1793910 418
1793920 420
1793930 421
1793940 423
1793950 423
1793960 424
1793970 425
1793980 429
1793990 432
1794000 434
1794010 435
1794020 436
1794030 437
1794040 438
1794050 439
1794060 439
1794070 440
1794080 441
1794090 442
1794100 442
1794110 443
1794120 444
1794130 446
1794140 447
1794150 448
1794160 449
1794170 450
1794180 451
1794190 452
1794200 454
1794210 455
1794220 455
1794230 456
1794240 456
1794250 456
1794260 457
1794270 457
1794280 458
1794290 458
1794300 459
1794310 459
1794320 459
1794330 459
1794340 459
1794350 459
1794360 459
1794370 459
1794380 459
1794390 458
1794400 458
1794410 458
1794420 458
1794430 458
1794440 457
1794450 457
1794460 457
1794470 457
1794480 456
1794490 456
1794500 456
1794510 455
1794520 455
1794530 455
1794540 454
1794550 454
1794560 454
1794570 453
1794580 453
1794590 453
1794600 452
1794610 452
1794620 452
1794630 451
1794640 451
1794650 451
1794660 450
1794670 450
1794680 450
1794690 449
1794700 449
1794710 449
1794720 448
1794730 448
1794740 448
1794750 447
1794760 447
1794770 447
1794780 446
1794790 446
1794800 446
1794810 445
1794820 445
1794830 445
1794840 444
1794850 444
1794860 444
1794870 443
1794880 443
1794890 443
1794900 442
1794910 442
1794920 442
1794930 441
1794940 441
1794950 441
1794960 440
1794970 440
1794980 439
1794990 439
1795000 439
1795010 438
1795020 438
1795030 437
1795040 437
1795050 436
1795060 436
1795070 435
1795080 435
1795090 435
1795100 434
1795110 434
1795120 433
1795130 433
1795140 432
1795150 432
1795160 431
1795170 431
1795180 430
1795190 430
1795200 429
1795210 429
1795220 428
1795230 428
1795240 427
1795250 426
1795260 426
1795270 425
1795280 425
1795290 424
1795300 424
1795310 423
1795320 423
1795330 422
1795340 422
1795350 421
1795360 421
1795370 420
1795380 419
1795390 419
1795400 418
1795410 418
1795420 418
1795430 417
1795440 416
1795450 416
1795460 415
1795470 415
1795480 414
1795490 413
1795500 413
1795510 412
1795520 411
1795530 411
1795540 410
1795550 410
1795560 410
1795570 409
1795580 409
1795590 408
1795600 407
1795610 405
1795620 404
1795630 403
1795640 403
1795650 402
1795660 401
1795670 400
1795680 399
1795690 399
1795700 399
1795710 399
1795720 400
1795730 401
1795740 401
1795750 401
1795760 400
1795770 400
1795780 400
1795790 399
1795800 399
1795810 399
1795820 398
1795830 398
1795840 398
1795850 397
1795860 396
1795870 395
1795880 395
1795890 396
1795900 397
1795910 397
1795920 397
1795930 397
1795940 397
1795950 397
1795960 397
1795970 397
1795980 397
1795990 397
1796000 397
1796010 396
1796020 396
1796030 396
1796040 395
1796050 395
1796060 395
1796070 394
1796080 394
1796090 394
1796100 393
1796110 392
1796120 392
1796130 391
1796140 390
1796150 390
1796160 389
1796170 389
1796180 389
1796190 388
1796200 388
1796210 388
1796220 387
1796230 387
1796240 387
1796250 386
1796260 386
1796270 385
1796280 385
1796290 384
1796300 384
1796310 383
1796320 383
1796330 383
1796340 382
1796350 382
1796360 381
1796370 381
1796380 381
1796390 380
1796400 380
1796410 380
1796420 379
1796430 379
1796440 378
1796450 378
1796460 377
1796470 377
1796480 376
1796490 375
1796500 375
1796510 374
1796520 373
1796530 372
1796540 371
1796550 371
1796560 371
1796570 371
1796580 371
1796590 371
1796600 370
1796610 370
1796620 370
1796630 369
1796640 369
1796650 369
1796660 369
1796670 369
1796680 369
1796690 369
1796700 369
1796710 369
1796720 369
1796730 369
1796740 369
1796750 369
1796760 369
1796770 369
1796780 369
1796790 369
1796800 369
1796810 369
1796820 369
1796830 369
1796840 369
1796850 369
1796860 369
1796870 369
1796880 369
1796890 369
1796900 369
1796910 369
1796920 368
1796930 368
1796940 368
1796950 368
1796960 367
1796970 367
1796980 367
1796990 367
1797000 367
1797010 367
1797020 366
1797030 366
1797040 366
1797050 366
1797060 366
1797070 366
1797080 365
1797090 365
1797100 365
1797110 364
1797120 364
1797130 364
1797140 363
1797150 363
1797160 363
1797170 363
1797180 362
1797190 362
1797200 361
1797210 361
1797220 361
1797230 361
1797240 361
1797250 361
1797260 362
1797270 362
1797280 362
1797290 363
1797300 363
1797310 363
1797320 363
1797330 364
1797340 364
1797350 364
1797360 364
1797370 365
1797380 365
1797390 365
1797400 366
1797410 366
1797420 366
1797430 366
1797440 367
1797450 367
1797460 367
1797470 368
1797480 368
1797490 368
1797500 369
1797510 369
1797520 369
1797530 369
1797540 369
1797550 370
1797560 370
1797570 370
1797580 370
1797590 370
1797600 370
1797610 370
1797620 370
1797630 370
1797640 370
1797650 370
1797660 370
1797670 370
1797680 370
1797690 370
1797700 370
1797710 370
1797720 370
1797730 370
1797740 369
1797750 369
1797760 369
1797770 369
1797780 369
1797790 369
1797800 368
1797810 368
1797820 368
1797830 368
1797840 368
1797850 367
1797860 367
1797870 367
1797880 367
1797890 367
1797900 367
1797910 366
1797920 366
1797930 366
1797940 366
1797950 366
1797960 365
1797970 365
1797980 365
1797990 365
1798000 364
1798010 364
1798020 364
1798030 364
1798040 363
1798050 363
1798060 363
1798070 363
1798080 362
1798090 362
1798100 362
1798110 362
1798120 362
1798130 361
1798140 361
1798150 361
1798160 360
1798170 360
1798180 359
1798190 359
1798200 358
1798210 357
1798220 356
1798230 353
1798240 353
1798250 353
1798260 355
1798270 355
1798280 355
1798290 355
1798300 355
1798310 354
1798320 354
1798330 354
1798340 353
1798350 353
1798360 353
1798370 352
1798380 352
1798390 352
1798400 351
1798410 351
1798420 350
1798430 348
1798440 346
1798450 345
1798460 344
1798470 345
1798480 345
1798490 345
1798500 345
1798510 345
1798520 345
1798530 345
1798540 345
1798550 345
1798560 345
1798570 345
1798580 345
1798590 345
1798600 345
1798610 345
1798620 345
1798630 345
1798640 345
1798650 344
1798660 344
1798670 344
1798680 345
1798690 345
1798700 345
1798710 344
1798720 344
1798730 344
1798740 344
1798750 344
1798760 344
1798770 344
1798780 344
1798790 344
1798800 344
1798810 344
1798820 344
1798830 344
1798840 344
1798850 344
1798860 344
1798870 344
1798880 344
1798890 344
1798900 344
1798910 344
1798920 344
1798930 344
1798940 344
1798950 344
1798960 344
1798970 344
1798980 343
1798990 343
1799000 343
1799010 343
1799020 343
1799030 343
1799040 343
1799050 344
1799060 344
1799070 344
1799080 344
1799090 344
1799100 344
1799110 344
1799120 344
1799130 344
1799140 344
1799150 344
1799160 344
1799170 343
1799180 342
1799190 342
1799200 343
1799210 343
1799220 343
1799230 343
1799240 343
1799250 343
1799260 343
1799270 343
1799280 343
1799290 343
1799300 343
1799310 343
1799320 343
1799330 343
1799340 343
1799350 343
1799360 343
1799370 343
1799380 343
1799390 343
1799400 343
1799410 343
1799420 343
1799430 343
1799440 343
1799450 343
1799460 343
1799470 342
1799480 342
1799490 342
1799500 342
1799510 342
1799520 342
1799530 342
1799540 342
1799550 342
1799560 342
1799570 342
1799580 342
1799590 342
1799600 342
1799610 342
1799620 342
1799630 342
1799640 342
1799650 342
1799660 342
1799670 342
1799680 342
1799690 342
1799700 342
1799710 342
1799720 342
1799730 342
1799740 342
1799750 342
1799760 342
1799770 342
1799780 342
1799790 342
1799800 342
1799810 342
1799820 342
1799830 342
1799840 342
1799850 342
1799860 341
1799870 341
1799880 341
1799890 341
1799900 341
1799910 341
1799920 341
1799930 341
1799940 341
1799950 341
1799960 341
1799970 341
1799980 341
1799990 341
