1780000 384
1780010 385
1780020 385
1780030 385
1780040 384
1780050 384
1780060 384
1780070 384
1780080 384
1780090 383
1780100 383
1780110 383
1780120 382
1780130 382
1780140 382
1780150 382
1780160 382
1780170 381
1780180 381
1780190 381
1780200 381
1780210 381
1780220 380
1780230 380
1780240 380
1780250 380
1780260 379
1780270 379
1780280 379
1780290 378
1780300 378
1780310 378
1780320 378
1780330 378
1780340 378
1780350 377
1780360 377
1780370 378
1780380 377
1780390 377
1780400 377
1780410 377
1780420 377
1780430 377
1780440 377
1780450 377
1780460 377
1780470 377
1780480 377
1780490 377
1780500 377
1780510 377
1780520 377
1780530 377
1780540 379
1780550 379
1780560 379
1780570 377
1780580 377
1780590 377
1780600 375
1780610 375
1780620 373
1780630 371
1780640 371
1780650 372
1780660 373
1780670 373
1780680 373
1780690 373
1780700 373
1780710 373
1780720 372
1780730 372
1780740 372
1780750 372
1780760 372
1780770 372
1780780 372
1780790 372
1780800 372
1780810 372
1780820 372
1780830 372
1780840 372
1780850 372
1780860 372
1780870 372
1780880 372
1780890 372
1780900 371
1780910 371
1780920 371
1780930 371
1780940 371
1780950 371
1780960 371
1780970 371
1780980 371
1780990 371
1781000 371
1781010 371
1781020 371
1781030 371
1781040 371
1781050 371
1781060 372
1781070 372
1781080 372
1781090 372
1781100 372
1781110 372
1781120 372
1781130 372
1781140 372
1781150 372
1781160 372
1781170 372
1781180 373
1781190 374
1781200 374
1781210 374
1781220 374
1781230 374
1781240 374
1781250 374
1781260 374
1781270 374
1781280 374
1781290 375
1781300 375
1781310 375
1781320 376
1781330 376
1781340 376
1781350 377
1781360 377
1781370 377
1781380 378
1781390 378
1781400 379
1781410 380
1781420 380
1781430 382
1781440 383
1781450 383
1781460 384
1781470 385
1781480 385
1781490 386
1781500 387
1781510 387
1781520 388
1781530 389
1781540 389
1781550 390
1781560 391
1781570 393
1781580 393
1781590 395
1781600 396
1781610 396
1781620 397
1781630 399
1781640 399
1781650 400
1781660 402
1781670 402
1781680 403
1781690 405
1781700 405
1781710 407
1781720 409
1781730 409
1781740 410
1781750 412
1781760 412
1781770 413
1781780 415
1781790 415
1781800 416
1781810 418
1781820 418
1781830 419
1781840 420
1781850 421
1781860 421
1781870 423
1781880 425
1781890 425
1781900 427
1781910 428
1781920 428
1781930 429
1781940 430
1781950 430
1781960 431
1781970 432
1781980 432
1781990 433
1782000 435
1782010 435
1782020 437
1782030 438
1782040 438
1782050 438
1782060 438
1782070 438
1782080 439
1782090 438
1782100 438
1782110 438
1782120 438
1782130 438
1782140 438
1782150 437
1782160 437
1782170 437
1782180 436
1782190 435
1782200 435
1782210 435
1782220 434
1782230 434
1782240 433
1782250 432
1782260 432
1782270 431
1782280 431
1782290 431
1782300 431
1782310 430
1782320 430
1782330 428
1782340 427
1782350 427
1782360 426
1782370 425
1782380 424
1782390 424
1782400 423
1782410 422
1782420 422
1782430 421
1782440 420
1782450 420
1782460 419
1782470 418
1782480 418
1782490 417
1782500 416
1782510 416
1782520 415
1782530 414
1782540 414
1782550 413
1782560 412
1782570 412
1782580 410
1782590 409
1782600 409
1782610 408
1782620 407
1782630 407
1782640 406
1782650 405
1782660 404
1782670 404
1782680 403
1782690 403
1782700 403
1782710 402
1782720 402
1782730 402
1782740 402
1782750 401
1782760 401
1782770 401
1782780 401
1782790 401
1782800 401
1782810 401
1782820 401
1782830 401
1782840 401
1782850 401
1782860 401
1782870 401
1782880 401
1782890 401
1782900 401
1782910 401
1782920 401
1782930 400
1782940 399
1782950 399
1782960 409
1782970 414
1782980 414
1782990 415
1783000 416
1783010 416
1783020 416
1783030 416
1783040 416
1783050 419
1783060 419
1783070 419
1783080 415
1783090 413
1783100 413
1783110 414
1783120 418
1783130 418
1783140 417
1783150 417
1783160 417
1783170 421
1783180 424
1783190 424
1783200 427
1783210 430
1783220 432
1783230 432
1783240 433
1783250 434
1783260 434
1783270 435
1783280 437
1783290 437
1783300 438
1783310 440
1783320 440
1783330 441
1783340 443
1783350 443
1783360 445
1783370 447
1783380 447
1783390 449
1783400 451
1783410 451
1783420 453
1783430 455
1783440 455
1783450 458
1783460 460
1783470 460
1783480 463
1783490 465
1783500 467
1783510 467
1783520 469
1783530 470
1783540 470
1783550 471
1783560 472
1783570 472
1783580 472
1783590 473
1783600 473
1783610 473
1783620 472
1783630 472
1783640 472
1783650 471
1783660 471
1783670 471
1783680 470
1783690 470
1783700 469
1783710 469
1783720 469
1783730 468
1783740 468
1783750 468
1783760 467
1783770 466
1783780 466
1783790 466
1783800 465
1783810 464
1783820 464
1783830 463
1783840 462
1783850 462
1783860 462
1783870 462
1783880 462
1783890 461
1783900 460
1783910 460
1783920 459
1783930 458
1783940 458
1783950 458
1783960 457
1783970 457
1783980 456
1783990 456
1784000 456
1784010 455
1784020 454
1784030 454
1784040 453
1784050 453
1784060 452
1784070 452
1784080 452
1784090 451
1784100 451
1784110 450
1784120 450
1784130 450
1784140 449
1784150 448
1784160 448
1784170 447
1784180 446
1784190 446
1784200 444
1784210 443
1784220 443
1784230 442
1784240 442
1784250 442
1784260 441
1784270 440
1784280 440
1784290 439
1784300 439
1784310 439
1784320 438
1784330 438
1784340 437
1784350 437
1784360 437
1784370 436
1784380 436
1784390 435
1784400 435
1784410 435
1784420 434
1784430 434
1784440 434
1784450 434
1784460 433
1784470 433
1784480 433
1784490 432
1784500 432
1784510 432
1784520 431
1784530 431
1784540 430
1784550 429
1784560 429
1784570 429
1784580 428
1784590 428
1784600 427
1784610 427
1784620 426
1784630 426
1784640 425
1784650 424
1784660 424
1784670 424
1784680 423
1784690 423
1784700 422
1784710 421
1784720 421
1784730 421
1784740 420
1784750 420
1784760 419
1784770 419
1784780 419
1784790 418
1784800 417
1784810 417
1784820 416
1784830 416
1784840 416
1784850 416
1784860 414
1784870 414
1784880 413
1784890 412
1784900 411
1784910 411
1784920 410
1784930 409
1784940 409
1784950 408
1784960 408
1784970 408
1784980 407
1784990 406
1785000 406
1785010 405
1785020 404
1785030 404
1785040 403
1785050 402
1785060 402
1785070 401
1785080 400
1785090 400
1785100 400
1785110 399
1785120 399
1785130 398
1785140 397
1785150 397
1785160 396
1785170 395
1785180 395
1785190 395
1785200 394
1785210 394
1785220 394
1785230 393
1785240 393
1785250 393
1785260 392
1785270 391
1785280 391
1785290 390
1785300 390
1785310 390
1785320 389
1785330 389
1785340 389
1785350 388
1785360 387
1785370 387
1785380 387
1785390 386
1785400 386
1785410 385
1785420 384
1785430 384
1785440 383
1785450 383
1785460 382
1785470 382
1785480 382
1785490 381
1785500 381
1785510 381
1785520 380
1785530 380
1785540 380
1785550 379
1785560 379
1785570 379
1785580 378
1785590 378
1785600 378
1785610 378
1785620 378
1785630 378
1785640 378
1785650 378
1785660 377
1785670 377
1785680 377
1785690 377
1785700 377
1785710 377
1785720 377
1785730 377
1785740 377
1785750 377
1785760 376
1785770 376
1785780 376
1785790 376
1785800 376
1785810 376
1785820 376
1785830 376
1785840 376
1785850 376
1785860 376
1785870 376
1785880 376
1785890 376
1785900 376
1785910 376
1785920 376
1785930 376
1785940 376
1785950 376
1785960 376
1785970 376
1785980 376
1785990 376
1786000 376
1786010 376
1786020 376
1786030 376
1786040 376
1786050 376
1786060 376
1786070 376
1786080 376
1786090 376
1786100 376
1786110 376
1786120 376
1786130 376
1786140 376
1786150 376
1786160 377
1786170 377
1786180 377
1786190 377
1786200 377
1786210 377
1786220 377
1786230 377
1786240 377
1786250 377
1786260 377
1786270 377
1786280 377
1786290 377
1786300 377
1786310 377
1786320 377
1786330 377
1786340 377
1786350 377
1786360 377
1786370 377
1786380 377
1786390 377
1786400 377
1786410 377
1786420 377
1786430 377
1786440 377
1786450 377
1786460 377
1786470 377
1786480 377
1786490 377
1786500 377
1786510 375
1786520 375
1786530 374
1786540 375
1786550 374
1786560 374
1786570 374
1786580 374
1786590 374
1786600 375
1786610 374
1786620 374
1786630 375
1786640 375
1786650 375
1786660 375
1786670 374
1786680 374
1786690 374
1786700 374
1786710 374
1786720 374
1786730 374
1786740 374
1786750 376
1786760 380
1786770 380
1786780 379
1786790 382
1786800 382
1786810 382
1786820 387
1786830 388
1786840 388
1786850 388
1786860 389
1786870 389
1786880 389
1786890 389
1786900 389
1786910 390
1786920 391
1786930 391
1786940 391
1786950 392
1786960 392
1786970 392
1786980 392
1786990 392
1787000 393
1787010 393
1787020 393
1787030 393
1787040 394
1787050 394
1787060 394
1787070 394
1787080 394
1787090 394
1787100 395
1787110 395
1787120 395
1787130 395
1787140 395
1787150 395
1787160 395
1787170 395
1787180 395
1787190 395
1787200 395
1787210 395
1787220 395
1787230 395
1787240 395
1787250 395
1787260 395
1787270 395
1787280 395
1787290 395
1787300 395
1787310 396
1787320 396
1787330 396
1787340 396
1787350 396
1787360 396
1787370 396
1787380 396
1787390 397
1787400 397
1787410 397
1787420 397
1787430 397
1787440 397
1787450 397
1787460 397
1787470 398
1787480 398
1787490 398
1787500 398
1787510 399
1787520 399
1787530 399
1787540 399
1787550 399
1787560 400
1787570 400
1787580 400
1787590 401
1787600 401
1787610 401
1787620 401
1787630 402
1787640 402
1787650 402
1787660 402
1787670 403
1787680 403
1787690 403
1787700 403
1787710 403
1787720 404
1787730 404
1787740 404
1787750 405
1787760 405
1787770 405
1787780 405
1787790 406
1787800 406
1787810 406
1787820 406
1787830 406
1787840 406
1787850 407
1787860 407
1787870 407
1787880 407
1787890 407
1787900 407
1787910 407
1787920 407
1787930 407
1787940 407
1787950 407
1787960 407
1787970 407
1787980 407
1787990 407
1788000 406
1788010 405
1788020 405
1788030 405
1788040 405
1788050 405
1788060 405
1788070 405
1788080 405
1788090 406
1788100 406
1788110 406
1788120 405
1788130 405
1788140 405
1788150 405
1788160 404
1788170 404
1788180 404
1788190 404
1788200 404
1788210 403
1788220 403
1788230 402
1788240 402
1788250 402
1788260 401
1788270 401
1788280 401
1788290 400
1788300 400
1788310 400
1788320 399
1788330 399
1788340 399
1788350 399
1788360 399
1788370 398
1788380 398
1788390 398
1788400 398
1788410 397
1788420 397
1788430 397
1788440 397
1788450 397
1788460 396
1788470 396
1788480 396
1788490 396
1788500 396
1788510 395
1788520 395
1788530 395
1788540 394
1788550 394
1788560 394
1788570 394
1788580 394
1788590 393
1788600 393
1788610 393
1788620 392
1788630 392
1788640 392
1788650 391
1788660 391
1788670 391
1788680 390
1788690 390
1788700 390
1788710 390
1788720 390
1788730 390
1788740 389
1788750 389
1788760 389
1788770 389
1788780 389
1788790 388
1788800 388
1788810 388
1788820 387
1788830 387
1788840 386
1788850 386
1788860 386
1788870 385
1788880 385
1788890 385
1788900 384
1788910 384
1788920 384
1788930 383
1788940 383
1788950 383
1788960 382
1788970 382
1788980 382
1788990 382
1789000 381
1789010 381
1789020 381
1789030 381
1789040 381
1789050 380
1789060 380
1789070 380
1789080 380
1789090 380
1789100 379
1789110 379
1789120 379
1789130 378
1789140 378
1789150 378
1789160 378
1789170 378
1789180 378
1789190 377
1789200 377
1789210 377
1789220 377
1789230 377
1789240 377
1789250 377
1789260 377
1789270 377
1789280 376
1789290 376
1789300 376
1789310 375
1789320 375
1789330 375
1789340 374
1789350 374
1789360 374
1789370 373
1789380 373
1789390 373
1789400 372
1789410 371
1789420 371
1789430 371
1789440 371
1789450 371
1789460 370
1789470 369
1789480 369
1789490 368
1789500 368
1789510 368
1789520 368
1789530 367
1789540 367
1789550 367
1789560 367
1789570 367
1789580 367
1789590 367
1789600 367
1789610 367
1789620 367
1789630 367
1789640 367
1789650 367
1789660 367
1789670 367
1789680 367
1789690 364
1789700 364
1789710 366
1789720 366
1789730 366
1789740 366
1789750 366
1789760 366
1789770 366
1789780 367
1789790 367
1789800 367
1789810 367
1789820 367
1789830 367
1789840 367
1789850 367
1789860 367
1789870 367
1789880 367
1789890 367
1789900 367
1789910 367
1789920 367
1789930 367
1789940 368
1789950 368
1789960 368
1789970 368
1789980 368
1789990 369
1790000 369
1790010 369
1790020 369
1790030 370
1790040 370
1790050 370
1790060 370
1790070 370
1790080 371
1790090 372
1790100 372
1790110 373
1790120 374
1790130 374
1790140 375
1790150 376
1790160 376
1790170 376
1790180 377
1790190 378
1790200 378
1790210 378
1790220 379
1790230 379
1790240 380
1790250 381
1790260 381
1790270 381
1790280 382
1790290 382
1790300 383
1790310 384
1790320 384
1790330 386
1790340 387
1790350 387
1790360 388
1790370 389
1790380 389
1790390 391
1790400 392
1790410 392
1790420 393
1790430 394
1790440 395
1790450 396
1790460 396
1790470 397
1790480 397
1790490 398
1790500 398
1790510 398
1790520 399
1790530 399
1790540 399
1790550 400
1790560 400
1790570 400
1790580 400
1790590 401
1790600 401
1790610 401
1790620 402
1790630 402
1790640 402
1790650 402
1790660 402
1790670 402
1790680 402
1790690 402
1790700 402
1790710 402
1790720 403
1790730 403
1790740 403
1790750 403
1790760 403
1790770 403
1790780 402
1790790 402
1790800 402
1790810 402
1790820 402
1790830 403
1790840 403
1790850 403
1790860 403
1790870 403
1790880 403
1790890 403
1790900 404
1790910 404
1790920 404
1790930 404
1790940 404
1790950 404
1790960 405
1790970 405
1790980 405
1790990 405
1791000 405
1791010 405
1791020 405
1791030 405
1791040 405
1791050 405
1791060 405
1791070 405
1791080 405
1791090 405
1791100 405
1791110 405
1791120 404
1791130 404
1791140 404
1791150 404
1791160 404
1791170 404
1791180 404
1791190 404
1791200 403
1791210 403
1791220 403
1791230 403
1791240 402
1791250 402
1791260 402
1791270 402
1791280 402
1791290 402
1791300 402
1791310 401
1791320 401
1791330 401
1791340 401
1791350 401
1791360 402
1791370 401
1791380 401
1791390 401
1791400 401
1791410 401
1791420 401
1791430 401
1791440 401
1791450 401
1791460 401
1791470 401
1791480 401
1791490 401
1791500 401
1791510 401
1791520 401
1791530 401
1791540 402
1791550 402
1791560 402
1791570 402
1791580 401
1791590 401
1791600 401
1791610 401
1791620 400
1791630 400
1791640 399
1791650 400
1791660 400
1791670 401
1791680 402
1791690 402
1791700 403
1791710 404
1791720 404
1791730 404
1791740 404
1791750 404
1791760 405
1791770 405
1791780 405
1791790 405
1791800 406
1791810 406
1791820 406
1791830 407
1791840 407
1791850 407
1791860 408
1791870 408
1791880 408
1791890 409
1791900 409
1791910 409
1791920 410
1791930 410
1791940 410
1791950 411
1791960 411
1791970 411
1791980 411
1791990 412
1792000 412
1792010 412
1792020 412
1792030 412
1792040 412
1792050 412
1792060 412
1792070 411
1792080 411
1792090 411
1792100 410
1792110 408
1792120 408
1792130 408
1792140 407
1792150 406
1792160 406
1792170 405
1792180 403
1792190 403
1792200 402
1792210 401
1792220 401
1792230 399
1792240 398
1792250 398
1792260 396
1792270 395
1792280 395
1792290 393
1792300 392
1792310 392
1792320 390
1792330 389
1792340 389
1792350 387
1792360 385
1792370 385
1792380 384
1792390 383
1792400 383
1792410 383
1792420 382
1792430 383
1792440 383
1792450 385
1792460 387
1792470 387
1792480 388
1792490 389
1792500 389
1792510 390
1792520 391
1792530 391
1792540 393
1792550 394
1792560 394
1792570 394
1792580 395
1792590 395
1792600 396
1792610 396
1792620 396
1792630 397
1792640 397
1792650 397
1792660 397
1792670 398
1792680 398
1792690 398
1792700 398
1792710 398
1792720 398
1792730 398
1792740 397
1792750 397
1792760 395
1792770 394
1792780 394
1792790 393
1792800 392
1792810 392
1792820 390
1792830 390
1792840 390
1792850 389
1792860 390
1792870 390
1792880 390
1792890 391
1792900 391
1792910 391
1792920 392
1792930 392
1792940 392
1792950 393
1792960 393
1792970 393
1792980 394
1792990 395
1793000 395
1793010 396
1793020 397
1793030 397
1793040 398
