1780000 390
1780010 390
1780020 389
1780030 389
1780040 388
1780050 388
1780060 388
1780070 387
1780080 387
1780090 387
1780100 387
1780110 386
1780120 386
1780130 386
1780140 385
1780150 385
1780160 384
1780170 384
1780180 384
1780190 383
1780200 382
1780210 381
1780220 381
1780230 380
1780240 379
1780250 379
1780260 378
1780270 378
1780280 378
1780290 378
1780300 377
1780310 377
1780320 377
1780330 377
1780340 377
1780350 376
1780360 375
1780370 375
1780380 375
1780390 374
1780400 374
1780410 374
1780420 374
1780430 374
1780440 374
1780450 374
1780460 374
1780470 374
1780480 374
1780490 373
1780500 373
1780510 373
1780520 373
1780530 373
1780540 373
1780550 373
1780560 373
1780570 373
1780580 372
1780590 372
1780600 372
1780610 372
1780620 372
1780630 372
1780640 372
1780650 372
1780660 371
1780670 371
1780680 371
1780690 371
1780700 371
1780710 371
1780720 371
1780730 371
1780740 371
1780750 370
1780760 370
1780770 370
1780780 370
1780790 370
1780800 370
1780810 370
1780820 370
1780830 370
1780840 370
1780850 369
1780860 369
1780870 369
1780880 369
1780890 369
1780900 369
1780910 369
1780920 369
1780930 369
1780940 369
1780950 369
1780960 369
1780970 369
1780980 369
1780990 369
1781000 369
1781010 369
1781020 369
1781030 369
1781040 368
1781050 368
1781060 368
1781070 368
1781080 368
1781090 368
1781100 367
1781110 368
1781120 368
1781130 368
1781140 368
1781150 368
1781160 368
1781170 368
1781180 368
1781190 368
1781200 369
1781210 369
1781220 369
1781230 369
1781240 369
1781250 369
1781260 370
1781270 370
1781280 369
1781290 370
1781300 370
1781310 370
1781320 369
1781330 369
1781340 369
1781350 370
1781360 370
1781370 370
1781380 372
1781390 372
1781400 372
1781410 373
1781420 373
1781430 373
1781440 374
1781450 375
1781460 375
1781470 376
1781480 377
1781490 377
1781500 378
1781510 379
1781520 379
1781530 380
1781540 381
1781550 381
1781560 382
1781570 383
1781580 383
1781590 385
1781600 387
1781610 388
1781620 388
1781630 389
1781640 391
1781650 391
1781660 392
1781670 393
1781680 393
1781690 394
1781700 395
1781710 395
1781720 395
1781730 396
1781740 396
1781750 397
1781760 399
1781770 399
1781780 401
1781790 403
1781800 403
1781810 405
1781820 407
1781830 407
1781840 410
1781850 412
1781860 412
1781870 414
1781880 416
1781890 417
1781900 417
1781910 420
1781920 422
1781930 422
1781940 423
1781950 424
1781960 424
1781970 426
1781980 427
1781990 427
1782000 429
1782010 430
1782020 430
1782030 432
1782040 433
1782050 433
1782060 434
1782070 435
1782080 435
1782090 436
1782100 436
1782110 436
1782120 436
1782130 436
1782140 436
1782150 436
1782160 435
1782170 434
1782180 434
1782190 434
1782200 434
1782210 434
1782220 434
1782230 433
1782240 433
1782250 433
1782260 433
1782270 433
1782280 432
1782290 432
1782300 432
1782310 431
1782320 431
1782330 431
1782340 430
1782350 429
1782360 429
1782370 429
1782380 429
1782390 429
1782400 428
1782410 427
1782420 427
1782430 427
1782440 426
1782450 425
1782460 425
1782470 425
1782480 424
1782490 424
1782500 423
1782510 422
1782520 422
1782530 421
1782540 420
1782550 420
1782560 419
1782570 418
1782580 418
1782590 417
1782600 417
1782610 417
1782620 416
1782630 415
1782640 415
1782650 414
1782660 413
1782670 413
1782680 412
1782690 411
1782700 410
1782710 410
1782720 409
1782730 407
1782740 407
1782750 405
1782760 402
1782770 402
1782780 400
1782790 399
1782800 399
1782810 399
1782820 398
1782830 398
1782840 398
1782850 398
1782860 398
1782870 398
1782880 398
1782890 398
1782900 397
1782910 397
1782920 397
1782930 397
1782940 397
1782950 397
1782960 397
1782970 397
1782980 397
1782990 397
1783000 397
1783010 397
1783020 397
1783030 397
1783040 397
1783050 397
1783060 399
1783070 401
1783080 401
1783090 405
1783100 406
1783110 406
1783120 411
1783130 408
1783140 408
1783150 413
1783160 418
1783170 418
1783180 419
1783190 421
1783200 421
1783210 423
1783220 424
1783230 424
1783240 426
1783250 427
1783260 428
1783270 428
1783280 429
1783290 429
1783300 429
1783310 430
1783320 430
1783330 430
1783340 431
1783350 431
1783360 431
1783370 430
1783380 430
1783390 430
1783400 429
1783410 428
1783420 428
1783430 428
1783440 427
1783450 427
1783460 427
1783470 426
1783480 426
1783490 426
1783500 425
1783510 425
1783520 420
1783530 424
1783540 422
1783550 422
1783560 426
1783570 429
1783580 429
1783590 430
1783600 431
1783610 431
1783620 432
1783630 434
1783640 434
1783650 435
1783660 436
1783670 436
1783680 436
1783690 437
1783700 437
1783710 439
1783720 441
1783730 441
1783740 443
1783750 445
1783760 445
1783770 446
1783780 447
1783790 447
1783800 448
1783810 450
1783820 452
1783830 452
1783840 453
1783850 453
1783860 453
1783870 453
1783880 454
1783890 454
1783900 455
1783910 455
1783920 455
1783930 456
1783940 457
1783950 457
1783960 457
1783970 457
1783980 457
1783990 457
1784000 457
1784010 457
1784020 456
1784030 456
1784040 456
1784050 455
1784060 454
1784070 454
1784080 454
1784090 453
1784100 452
1784110 452
1784120 451
1784130 451
1784140 451
1784150 450
1784160 450
1784170 450
1784180 449
1784190 448
1784200 448
1784210 447
1784220 446
1784230 446
1784240 446
1784250 445
1784260 445
1784270 444
1784280 443
1784290 443
1784300 442
1784310 441
1784320 441
1784330 440
1784340 439
1784350 439
1784360 437
1784370 436
1784380 435
1784390 435
1784400 435
1784410 434
1784420 434
1784430 433
1784440 432
1784450 432
1784460 432
1784470 431
1784480 431
1784490 430
1784500 429
1784510 429
1784520 428
1784530 426
1784540 426
1784550 425
1784560 424
1784570 424
1784580 423
1784590 422
1784600 422
1784610 421
1784620 421
1784630 421
1784640 419
1784650 418
1784660 414
1784670 414
1784680 415
1784690 416
1784700 416
1784710 414
1784720 413
1784730 413
1784740 415
1784750 414
1784760 414
1784770 413
1784780 413
1784790 413
1784800 413
1784810 412
1784820 412
1784830 412
1784840 411
1784850 411
1784860 411
1784870 410
1784880 410
1784890 410
1784900 409
1784910 409
1784920 409
1784930 408
1784940 408
1784950 408
1784960 407
1784970 407
1784980 407
1784990 406
1785000 406
1785010 406
1785020 405
1785030 404
1785040 404
1785050 403
1785060 402
1785070 402
1785080 402
1785090 399
1785100 399
1785110 398
1785120 401
1785130 401
1785140 401
1785150 401
1785160 401
1785170 401
1785180 400
1785190 400
1785200 400
1785210 399
1785220 399
1785230 399
1785240 398
1785250 398
1785260 398
1785270 397
1785280 397
1785290 397
1785300 396
1785310 396
1785320 396
1785330 395
1785340 395
1785350 395
1785360 394
1785370 394
1785380 394
1785390 393
1785400 392
1785410 392
1785420 391
1785430 390
1785440 390
1785450 389
1785460 388
1785470 388
1785480 388
1785490 387
1785500 386
1785510 386
1785520 385
1785530 385
1785540 385
1785550 384
1785560 384
1785570 384
1785580 383
1785590 382
1785600 382
1785610 381
1785620 381
1785630 381
1785640 380
1785650 379
1785660 379
1785670 378
1785680 378
1785690 378
1785700 378
1785710 377
1785720 377
1785730 377
1785740 376
1785750 376
1785760 376
1785770 376
1785780 375
1785790 375
1785800 375
1785810 375
1785820 375
1785830 375
1785840 375
1785850 375
1785860 374
1785870 375
1785880 375
1785890 375
1785900 373
1785910 373
1785920 375
1785930 374
1785940 374
1785950 374
1785960 374
1785970 374
1785980 375
1785990 375
1786000 375
1786010 374
1786020 374
1786030 374
1786040 374
1786050 375
1786060 375
1786070 375
1786080 375
1786090 375
1786100 375
1786110 375
1786120 374
1786130 374
1786140 374
1786150 374
1786160 374
1786170 375
1786180 374
1786190 374
1786200 375
1786210 375
1786220 375
1786230 375
1786240 375
1786250 375
1786260 374
1786270 374
1786280 374
1786290 374
1786300 374
1786310 375
1786320 375
1786330 375
1786340 375
1786350 375
1786360 375
1786370 375
1786380 375
1786390 375
1786400 375
1786410 375
1786420 375
1786430 375
1786440 375
1786450 375
1786460 375
1786470 375
1786480 375
1786490 375
1786500 375
1786510 375
1786520 375
1786530 375
1786540 375
1786550 375
1786560 375
1786570 375
1786580 375
1786590 375
1786600 375
1786610 375
1786620 375
1786630 375
1786640 374
1786650 374
1786660 374
1786670 374
1786680 374
1786690 374
1786700 374
1786710 374
1786720 374
1786730 375
1786740 374
1786750 374
1786760 373
1786770 374
1786780 374
1786790 374
1786800 374
1786810 374
1786820 374
1786830 373
1786840 373
1786850 372
1786860 372
1786870 376
1786880 376
1786890 376
1786900 376
1786910 376
1786920 377
1786930 380
1786940 380
1786950 383
1786960 387
1786970 387
1786980 387
1786990 388
1787000 388
1787010 388
1787020 389
1787030 389
1787040 389
1787050 390
1787060 390
1787070 390
1787080 391
1787090 391
1787100 391
1787110 392
1787120 392
1787130 392
1787140 392
1787150 392
1787160 392
1787170 393
1787180 393
1787190 393
1787200 393
1787210 393
1787220 393
1787230 393
1787240 393
1787250 393
1787260 393
1787270 394
1787280 394
1787290 394
1787300 394
1787310 394
1787320 394
1787330 394
1787340 394
1787350 394
1787360 394
1787370 394
1787380 394
1787390 394
1787400 394
1787410 395
1787420 395
1787430 395
1787440 395
1787450 395
1787460 395
1787470 395
1787480 396
1787490 396
1787500 396
1787510 396
1787520 397
1787530 397
1787540 397
1787550 397
1787560 397
1787570 397
1787580 398
1787590 398
1787600 398
1787610 398
1787620 398
1787630 399
1787640 399
1787650 399
1787660 399
1787670 400
1787680 400
1787690 400
1787700 400
1787710 401
1787720 401
1787730 401
1787740 401
1787750 401
1787760 402
1787770 403
1787780 403
1787790 403
1787800 404
1787810 404
1787820 404
1787830 404
1787840 404
1787850 406
1787860 406
1787870 406
1787880 406
1787890 406
1787900 406
1787910 405
1787920 405
1787930 405
1787940 405
1787950 405
1787960 405
1787970 405
1787980 406
1787990 406
1788000 406
1788010 406
1788020 404
1788030 404
1788040 404
1788050 403
1788060 403
1788070 404
1788080 403
1788090 403
1788100 403
1788110 403
1788120 403
1788130 403
1788140 403
1788150 403
1788160 402
1788170 402
1788180 402
1788190 402
1788200 401
1788210 401
1788220 401
1788230 401
1788240 400
1788250 400
1788260 400
1788270 400
1788280 400
1788290 400
1788300 399
1788310 399
1788320 399
1788330 399
1788340 399
1788350 398
1788360 398
1788370 398
1788380 398
1788390 398
1788400 398
1788410 397
1788420 397
1788430 397
1788440 397
1788450 396
1788460 396
1788470 396
1788480 396
1788490 396
1788500 395
1788510 395
1788520 395
1788530 395
1788540 394
1788550 394
1788560 394
1788570 394
1788580 393
1788590 393
1788600 393
1788610 393
1788620 393
1788630 392
1788640 392
1788650 392
1788660 392
1788670 391
1788680 391
1788690 391
1788700 390
1788710 390
1788720 390
1788730 389
1788740 389
1788750 389
1788760 389
1788770 389
1788780 388
1788790 388
1788800 387
1788810 387
1788820 387
1788830 387
1788840 387
1788850 387
1788860 386
1788870 386
1788880 385
1788890 385
1788900 385
1788910 384
1788920 384
1788930 384
1788940 383
1788950 383
1788960 383
1788970 383
1788980 383
1788990 383
1789000 383
1789010 382
1789020 381
1789030 381
1789040 381
1789050 381
1789060 381
1789070 380
1789080 380
1789090 380
1789100 380
1789110 379
1789120 379
1789130 379
1789140 379
1789150 379
1789160 378
1789170 378
1789180 378
1789190 378
1789200 377
1789210 377
1789220 377
1789230 377
1789240 377
1789250 377
1789260 376
1789270 376
1789280 376
1789290 375
1789300 375
1789310 375
1789320 375
1789330 375
1789340 375
1789350 374
1789360 374
1789370 374
1789380 374
1789390 373
1789400 373
1789410 373
1789420 373
1789430 373
1789440 372
1789450 372
1789460 372
1789470 371
1789480 370
1789490 370
1789500 370
1789510 369
1789520 369
1789530 369
1789540 368
1789550 368
1789560 368
1789570 368
1789580 368
1789590 367
1789600 367
1789610 367
1789620 367
1789630 366
1789640 366
1789650 366
1789660 366
1789670 366
1789680 366
1789690 366
1789700 366
1789710 366
1789720 366
1789730 366
1789740 366
1789750 366
1789760 366
1789770 366
1789780 366
1789790 366
1789800 366
1789810 365
1789820 365
1789830 365
1789840 365
1789850 365
1789860 365
1789870 365
1789880 365
1789890 365
1789900 364
1789910 365
1789920 367
1789930 367
1789940 367
1789950 367
1789960 367
1789970 366
1789980 366
1789990 366
1790000 366
1790010 367
1790020 367
1790030 367
1790040 367
1790050 367
1790060 367
1790070 367
1790080 367
1790090 368
1790100 368
1790110 368
1790120 368
1790130 369
1790140 369
1790150 370
1790160 370
1790170 370
1790180 371
1790190 372
1790200 372
1790210 372
1790220 373
1790230 373
1790240 373
1790250 375
1790260 375
1790270 375
1790280 376
1790290 376
1790300 376
1790310 377
1790320 377
1790330 377
1790340 377
1790350 378
1790360 378
1790370 379
1790380 380
1790390 380
1790400 381
1790410 381
1790420 381
1790430 382
1790440 382
1790450 382
1790460 383
1790470 383
1790480 384
1790490 384
1790500 384
1790510 385
1790520 385
1790530 384
1790540 384
1790550 384
1790560 383
1790570 383
1790580 383
1790590 382
1790600 382
1790610 382
1790620 381
1790630 381
1790640 381
1790650 381
1790660 382
1790670 382
1790680 382
1790690 382
1790700 382
1790710 382
1790720 382
1790730 382
1790740 382
1790750 383
1790760 383
1790770 383
1790780 382
1790790 383
1790800 383
1790810 383
1790820 384
1790830 384
1790840 384
1790850 385
1790860 385
1790870 385
1790880 386
1790890 386
1790900 386
1790910 387
1790920 387
1790930 388
1790940 389
1790950 389
1790960 390
1790970 391
1790980 391
1790990 392
1791000 393
1791010 393
1791020 394
1791030 394
1791040 395
1791050 395
1791060 395
1791070 396
1791080 396
1791090 397
1791100 398
1791110 398
1791120 399
1791130 400
1791140 400
1791150 402
1791160 403
1791170 403
1791180 403
1791190 404
1791200 404
1791210 405
1791220 405
1791230 405
1791240 405
1791250 405
1791260 405
1791270 406
1791280 407
1791290 407
1791300 407
1791310 407
1791320 407
1791330 407
1791340 406
1791350 406
1791360 406
1791370 406
1791380 405
1791390 405
1791400 405
1791410 404
1791420 404
1791430 404
1791440 404
1791450 404
1791460 403
1791470 402
1791480 402
1791490 402
1791500 401
1791510 401
1791520 400
1791530 399
1791540 399
1791550 398
1791560 397
1791570 397
1791580 397
1791590 396
1791600 395
1791610 395
1791620 394
1791630 393
1791640 393
1791650 391
1791660 390
1791670 390
1791680 389
1791690 388
1791700 388
1791710 388
1791720 388
1791730 388
1791740 389
1791750 390
1791760 390
1791770 391
1791780 392
1791790 392
1791800 393
1791810 393
1791820 393
1791830 394
1791840 394
1791850 395
1791860 395
1791870 397
1791880 397
1791890 397
1791900 398
1791910 399
1791920 399
1791930 399
1791940 400
1791950 400
1791960 401
1791970 402
1791980 402
1791990 402
1792000 403
1792010 403
1792020 403
1792030 404
1792040 404
1792050 404
1792060 404
1792070 404
1792080 403
1792090 403
1792100 403
1792110 403
1792120 403
1792130 402
1792140 402
1792150 402
1792160 401
1792170 401
1792180 401
1792190 401
1792200 401
1792210 400
1792220 400
1792230 400
1792240 399
1792250 398
1792260 398
1792270 397
1792280 396
1792290 396
1792300 395
1792310 393
1792320 393
1792330 392
1792340 390
1792350 390
1792360 389
1792370 388
1792380 388
1792390 385
1792400 385
1792410 384
1792420 384
1792430 383
1792440 381
1792450 381
1792460 381
1792470 380
1792480 380
1792490 379
1792500 378
1792510 378
1792520 378
1792530 378
1792540 378
1792550 379
1792560 379
1792570 379
1792580 379
1792590 380
1792600 380
1792610 380
1792620 381
1792630 381
1792640 382
1792650 382
1792660 382
1792670 384
1792680 385
1792690 386
1792700 386
1792710 387
1792720 388
1792730 388
1792740 389
1792750 390
1792760 390
1792770 391
1792780 391
1792790 391
1792800 392
1792810 393
1792820 393
1792830 394
1792840 395
1792850 395
1792860 395
1792870 395
1792880 395
1792890 395
1792900 395
1792910 395
1792920 395
1792930 395
1792940 395
1792950 395
1792960 396
1792970 396
1792980 396
1792990 397
1793000 398
1793010 398
1793020 398
1793030 399
1793040 399
1793050 398
1786740 375
1786750 375
1786760 374
1786770 374
1786780 374
1786790 374
1786800 374
1786810 374
1786820 374
1786830 374
1786840 373
1786850 372
1786860 372
1786870 373
1786880 375
1786890 376
1786900 376
1786910 376
1786920 376
1786930 378
1786940 380
1786950 382
1786960 384
1786970 386
1786980 387
1786990 387
1787000 388
1787010 388
1787020 388
1787030 389
1787040 389
1787050 390
1787060 390
1787070 390
1787080 391
1787090 391
1787100 391
1787110 391
1787120 392
1787130 392
1787140 392
1787150 392
1787160 392
1787170 393
1787180 393
1787190 393
1787200 393
1787210 393
1787220 393
1787230 393
1787240 393
1787250 393
1787260 394
1787270 394
1787280 394
1787290 394
1787300 394
1787310 394
1787320 394
1787330 394
1787340 394
1787350 394
1787360 394
1787370 394
1787380 394
1787390 395
1787400 395
1787410 395
1787420 395
1787430 395
1787440 395
1787450 395
1787460 395
1787470 396
1787480 396
1787490 396
1787500 396
1787510 397
1787520 397
1787530 397
1787540 397
1787550 397
1787560 397
1787570 397
1787580 398
1787590 398
1787600 398
1787610 398
1787620 398
1787630 399
1787640 399
1787650 399
1787660 399
1787670 399
1787680 400
1787690 400
1787700 400
1787710 400
1787720 401
1787730 401
1787740 401
1787750 401
1787760 402
1787770 402
1787780 403
1787790 403
1787800 404
1787810 404
1787820 404
1787830 405
1787840 405
1787850 405
1787860 406
1787870 406
1787880 406
1787890 406
1787900 406
1787910 406
1787920 406
1787930 406
1787940 405
1787950 405
1787960 405
1787970 405
1787980 405
1787990 406
1788000 406
1788010 406
1788020 406
1788030 405
1788040 404
1788050 404
1788060 403
1788070 403
1788080 403
1788090 403
1788100 403
1788110 403
1788120 403
1788130 403
1788140 403
1788150 403
1788160 402
1788170 402
1788180 402
1788190 402
1788200 402
1788210 401
1788220 401
1788230 401
1788240 401
1788250 401
1788260 400
1788270 400
1788280 400
1788290 400
1788300 400
1788310 399
1788320 399
1788330 399
1788340 399
1788350 399
1788360 398
1788370 398
1788380 398
1788390 398
1788400 398
1788410 397
1788420 397
1788430 397
1788440 397
1788450 397
1788460 396
1788470 396
1788480 396
1788490 396
1788500 395
1788510 395
1788520 395
1788530 395
1788540 395
1788550 394
1788560 394
1788570 394
1788580 393
1788590 393
1788600 393
1788610 393
1788620 393
1788630 392
1788640 392
1788650 392
1788660 392
1788670 391
1788680 391
1788690 391
1788700 390
1788710 390
1788720 390
1788730 389
1788740 389
1788750 389
1788760 389
1788770 388
1788780 388
1788790 388
1788800 388
1788810 388
1788820 387
1788830 387
1788840 387
1788850 387
1788860 386
1788870 386
1788880 386
1788890 385
1788900 385
1788910 385
1788920 384
1788930 384
1788940 384
1788950 383
1788960 383
1788970 383
1788980 383
1788990 383
1789000 383
1789010 382
1789020 382
1789030 381
1789040 381
1789050 381
1789060 381
1789070 381
1789080 380
1789090 380
1789100 380
1789110 380
1789120 379
1789130 379
1789140 379
1789150 379
1789160 379
1789170 378
1789180 378
1789190 378
1789200 378
1789210 378
1789220 377
1789230 377
1789240 377
1789250 377
1789260 377
1789270 377
1789280 376
1789290 376
1789300 376
1789310 375
1789320 375
1789330 375
1789340 375
1789350 374
1789360 374
1789370 374
1789380 374
1789390 374
1789400 373
1789410 373
1789420 373
1789430 373
1789440 372
1789450 372
1789460 372
1789470 371
1789480 371
1789490 370
1789500 370
1789510 370
1789520 369
1789530 369
1789540 368
1789550 368
1789560 368
1789570 368
1789580 368
1789590 367
1789600 367
1789610 367
1789620 367
1789630 366
1789640 366
1789650 366
1789660 366
1789670 366
1789680 366
1789690 366
1789700 366
1789710 366
1789720 366
1789730 366
1789740 366
1789750 366
1789760 366
1789770 366
1789780 366
1789790 366
1789800 366
1789810 366
1789820 366
1789830 365
1789840 365
1789850 365
1789860 365
1789870 365
1789880 365
1789890 365
1789900 364
1789910 365
1789920 365
1789930 366
1789940 367
1789950 367
1789960 367
1789970 366
1789980 366
1789990 366
1790000 366
1790010 366
1790020 367
1790030 367
1790040 367
1790050 368
1790060 368
1790070 367
1790080 367
1790090 367
1790100 368
1790110 368
1790120 368
1790130 369
1790140 369
1790150 369
1790160 370
1790170 370
1790180 371
1790190 371
1790200 372
1790210 372
1790220 372
1790230 373
1790240 373
1790250 374
1790260 375
1790270 375
1790280 376
1790290 376
1790300 376
1790310 377
1790320 377
1790330 377
1790340 377
1790350 378
1790360 378
1790370 379
1790380 379
1790390 380
1790400 381
1790410 381
1790420 381
1790430 382
1790440 382
1790450 382
1790460 383
1790470 383
1790480 384
1790490 384
1790500 384
1790510 385
1790520 385
1790530 385
1790540 385
1790550 384
1790560 384
1790570 383
1790580 383
1790590 383
1790600 382
1790610 382
1790620 382
1790630 382
1790640 382
1790650 382
1790660 382
1790670 382
1790680 382
1790690 382
1790700 382
1790710 382
1790720 382
1790730 382
1790740 383
1790750 383
1790760 383
1790770 384
1790780 384
1790790 383
1790800 383
1790810 383
1790820 384
1790830 384
1790840 385
1790850 385
1790860 385
1790870 386
1790880 386
1790890 386
1790900 387
1790910 387
1790920 388
1790930 388
1790940 389
1790950 390
1790960 390
1790970 391
1790980 392
1790990 393
1791000 393
1791010 394
1791020 394
1791030 395
1791040 395
1791050 395
1791060 396
1791070 396
1791080 396
1791090 397
1791100 397
1791110 398
1791120 399
1791130 399
1791140 400
1791150 401
1791160 401
1791170 402
1791180 403
1791190 403
1791200 404
1791210 404
1791220 405
1791230 405
1791240 405
1791250 405
1791260 405
1791270 406
1791280 406
1791290 406
1791300 407
1791310 407
1791320 407
1791330 407
1791340 407
1791350 406
1791360 406
1791370 406
1791380 406
1791390 405
1791400 405
1791410 405
1791420 405
1791430 404
1791440 404
1791450 403
1791460 403
1791470 403
1791480 402
1791490 402
1791500 401
1791510 401
1791520 400
1791530 400
1791540 399
1791550 398
1791560 398
1791570 397
1791580 397
1791590 396
1791600 396
1791610 395
1791620 395
1791630 394
1791640 393
1791650 392
1791660 391
1791670 390
1791680 390
1791690 389
1791700 388
1791710 388
1791720 388
1791730 389
1791740 389
1791750 390
1791760 390
1791770 391
1791780 392
1791790 392
1791800 393
1791810 393
1791820 394
1791830 394
1791840 394
1791850 395
1791860 396
1791870 396
1791880 397
1791890 398
1791900 398
1791910 399
1791920 399
1791930 399
1791940 400
1791950 400
1791960 401
1791970 401
1791980 402
1791990 402
1792000 403
1792010 403
1792020 403
1792030 404
1792040 404
1792050 404
1792060 404
1792070 404
1792080 404
1792090 404
1792100 404
1792110 404
1792120 403
1792130 403
1792140 403
1792150 403
1792160 402
1792170 402
1792180 402
1792190 401
1792200 401
1792210 401
1792220 400
1792230 400
1792240 399
1792250 398
1792260 398
1792270 397
1792280 397
1792290 396
1792300 395
1792310 394
1792320 393
1792330 392
1792340 391
1792350 390
1792360 389
1792370 389
1792380 388
1792390 386
1792400 385
1792410 385
1792420 384
1792430 383
1792440 382
1792450 382
1792460 381
1792470 380
1792480 380
1792490 379
1792500 379
1792510 378
1792520 378
1792530 378
1792540 378
1792550 379
1792560 379
1792570 379
1792580 379
1792590 379
1792600 380
1792610 380
1792620 381
1792630 381
1792640 381
1792650 382
1792660 382
1792670 384
1792680 384
1792690 385
1792700 386
1792710 386
1792720 387
1792730 388
1792740 388
1792750 389
1792760 389
1792770 390
1792780 390
1792790 391
1792800 392
1792810 392
1792820 393
1792830 393
1792840 394
1792850 394
1792860 394
1792870 395
1792880 395
1792890 395
1792900 395
1792910 394
1792920 395
1792930 395
1792940 395
1792950 395
1792960 395
1792970 395
1792980 396
1792990 396
1793000 397
1793010 397
1793020 397
1793030 397
1793040 396
1793050 396
1793060 395
1793070 395
1793080 395
1793090 396
1793100 397
1793110 399
1793120 402
1793130 404
1793140 405
1793150 406
1793160 407
1793170 408
1793180 408
1793190 409
1793200 410
1793210 411
1793220 412
1793230 413
1793240 414
1793250 414
1793260 415
1793270 416
1793280 417
1793290 418
1793300 419
1793310 420
1793320 421
1793330 421
1793340 422
1793350 423
1793360 425
1793370 426
1793380 427
1793390 428
1793400 430
1793410 430
1793420 431
1793430 431
1793440 431
1793450 432
1793460 433
1793470 434
1793480 435
1793490 435
1793500 435
1793510 436
1793520 436
1793530 437
1793540 438
1793550 438
1793560 439
1793570 440
1793580 441
1793590 441
1793600 442
1793610 443
1793620 444
1793630 446
1793640 447
1793650 448
1793660 449
1793670 450
1793680 451
1793690 452
1793700 453
1793710 454
1793720 454
1793730 455
1793740 455
1793750 456
1793760 457
1793770 457
1793780 458
1793790 459
1793800 460
1793810 460
1793820 461
1793830 462
1793840 462
1793850 463
1793860 464
1793870 465
1793880 465
1793890 466
1793900 467
1793910 467
1793920 468
1793930 469
1793940 469
1793950 470
1793960 470
1793970 470
1793980 470
1793990 470
1794000 470
1794010 470
1794020 470
1794030 469
1794040 469
1794050 469
1794060 468
1794070 468
1794080 467
1794090 466
1794100 466
1794110 465
1794120 465
1794130 464
1794140 463
1794150 463
1794160 462
1794170 462
1794180 461
1794190 461
1794200 460
1794210 460
1794220 459
1794230 459
1794240 458
1794250 457
1794260 457
1794270 456
1794280 455
1794290 454
1794300 453
1794310 452
1794320 451
1794330 450
1794340 450
1794350 449
1794360 448
1794370 448
1794380 447
1794390 447
1794400 446
1794410 446
1794420 445
1794430 445
1794440 444
1794450 443
1794460 443
1794470 442
1794480 441
1794490 441
1794500 440
1794510 439
1794520 438
1794530 437
1794540 436
1794550 436
1794560 435
1794570 434
1794580 434
1794590 433
1794600 433
1794610 432
1794620 431
1794630 431
1794640 430
1794650 430
1794660 429
1794670 429
1794680 428
1794690 428
1794700 427
1794710 427
1794720 426
1794730 426
1794740 426
1794750 425
1794760 425
1794770 424
1794780 424
1794790 423
1794800 423
1794810 422
1794820 422
1794830 421
1794840 421
1794850 420
1794860 420
1794870 419
1794880 418
1794890 417
1794900 417
1794910 418
1794920 419
1794930 419
1794940 420
1794950 420
1794960 421
1794970 421
1794980 422
1794990 423
1795000 423
1795010 424
1795020 424
1795030 425
1795040 425
1795050 426
1795060 426
1795070 426
1795080 426
1795090 427
1795100 427
1795110 427
1795120 427
1795130 427
1795140 428
1795150 428
1795160 428
1795170 428
1795180 428
1795190 428
1795200 428
1795210 428
1795220 428
1795230 428
1795240 428
1795250 428
1795260 428
1795270 428
1795280 428
1795290 428
1795300 428
1795310 428
1795320 429
1795330 429
1795340 429
1795350 429
1795360 429
1795370 429
1795380 429
1795390 429
1795400 429
1795410 429
1795420 429
1795430 429
1795440 429
1795450 429
1795460 429
1795470 429
1795480 429
1795490 429
1795500 429
1795510 429
1795520 429
1795530 429
1795540 429
1795550 428
1795560 428
1795570 428
1795580 427
1795590 427
1795600 426
1795610 426
1795620 425
1795630 424
1795640 424
1795650 423
1795660 423
1795670 422
1795680 422
1795690 421
1795700 421
1795710 420
1795720 419
1795730 418
1795740 418
1795750 416
1795760 414
1795770 413
1795780 412
1795790 411
1795800 411
1795810 411
1795820 411
1795830 411
1795840 411
1795850 410
1795860 408
1795870 407
1795880 405
1795890 404
1795900 402
1795910 401
1795920 401
1795930 402
1795940 403
1795950 403
1795960 403
1795970 403
1795980 403
1795990 402
1796000 401
1796010 401
1796020 400
1796030 400
1796040 400
1796050 399
1796060 399
1796070 398
1796080 398
1796090 398
1796100 397
1796110 397
1796120 396
1796130 396
1796140 395
1796150 395
1796160 394
1796170 394
1796180 393
1796190 393
1796200 393
1796210 392
1796220 392
1796230 391
1796240 391
1796250 390
1796260 390
1796270 390
1796280 389
1796290 389
1796300 389
1796310 389
1796320 389
1796330 389
1796340 388
1796350 388
1796360 388
1796370 387
1796380 387
1796390 386
1796400 386
1796410 385
1796420 385
1796430 385
1796440 384
1796450 383
1796460 383
1796470 382
1796480 382
1796490 381
1796500 380
1796510 380
1796520 379
1796530 378
1796540 378
1796550 377
1796560 376
1796570 375
1796580 375
1796590 374
1796600 373
1796610 373
1796620 372
1796630 371
1796640 371
1796650 370
1796660 370
1796670 369
1796680 368
1796690 368
1796700 367
1796710 367
1796720 367
1796730 366
1796740 366
1796750 365
1796760 365
1796770 364
1796780 364
1796790 364
1796800 364
1796810 363
1796820 363
1796830 363
1796840 362
1796850 362
1796860 362
1796870 362
1796880 362
1796890 362
1796900 362
1796910 362
1796920 362
1796930 361
1796940 361
1796950 361
1796960 361
1796970 360
1796980 360
1796990 360
1797000 359
1797010 359
1797020 358
1797030 358
1797040 358
1797050 357
1797060 357
1797070 357
1797080 357
1797090 356
1797100 356
1797110 356
1797120 356
1797130 355
1797140 355
1797150 355
1797160 355
1797170 355
1797180 355
1797190 355
1797200 355
1797210 355
1797220 355
1797230 354
1797240 354
1797250 354
1797260 354
1797270 354
1797280 354
1797290 354
1797300 354
1797310 354
1797320 353
1797330 353
1797340 353
1797350 354
1797360 354
1797370 354
1797380 354
1797390 354
1797400 354
1797410 354
1797420 354
1797430 354
1797440 354
1797450 354
1797460 354
1797470 354
1797480 354
1797490 354
1797500 354
1797510 354
1797520 354
1797530 354
1797540 354
1797550 354
1797560 354
1797570 354
1797580 354
1797590 354
1797600 354
1797610 354
1797620 354
1797630 354
1797640 354
1797650 354
1797660 354
1797670 354
1797680 354
1797690 354
1797700 354
1797710 354
1797720 354
1797730 354
1797740 354
1797750 354
1797760 354
1797770 354
1797780 354
1797790 354
1797800 354
1797810 354
1797820 354
1797830 354
1797840 353
1797850 353
1797860 353
1797870 353
1797880 353
1797890 353
1797900 353
1797910 353
1797920 353
1797930 353
1797940 353
1797950 353
1797960 353
1797970 353
1797980 353
1797990 353
1798000 353
1798010 353
1798020 353
1798030 353
1798040 353
1798050 353
1798060 353
1798070 353
1798080 353
1798090 353
1798100 353
1798110 353
1798120 353
1798130 353
1798140 353
1798150 353
1798160 353
1798170 354
1798180 354
1798190 354
1798200 353
1798210 353
1798220 353
1798230 353
1798240 353
1798250 353
1798260 353
1798270 353
1798280 353
1798290 353
1798300 353
1798310 353
1798320 353
1798330 353
1798340 353
1798350 353
1798360 353
1798370 353
1798380 353
1798390 353
1798400 353
1798410 353
1798420 353
1798430 353
1798440 353
1798450 354
1798460 354
1798470 354
1798480 354
1798490 354
1798500 354
1798510 354
1798520 354
1798530 354
1798540 354
1798550 354
1798560 354
1798570 354
1798580 355
1798590 355
1798600 355
1798610 355
1798620 355
1798630 355
1798640 356
1798650 356
1798660 356
1798670 357
1798680 357
1798690 358
1798700 358
1798710 358
1798720 358
1798730 358
1798740 359
1798750 359
1798760 359
1798770 359
1798780 360
1798790 361
1798800 361
1798810 362
1798820 363
1798830 363
1798840 364
1798850 364
1798860 364
1798870 365
1798880 365
1798890 365
1798900 365
1798910 365
1798920 366
1798930 366
1798940 366
1798950 367
1798960 367
1798970 367
1798980 368
1798990 368
1799000 368
1799010 368
1799020 368
1799030 369
1799040 369
1799050 369
1799060 369
1799070 369
1799080 369
1799090 369
1799100 370
1799110 370
1799120 370
1799130 370
1799140 371
1799150 371
1799160 371
1799170 370
1799180 370
1799190 370
1799200 370
1799210 370
1799220 369
1799230 369
1799240 368
1799250 368
1799260 367
1799270 367
1799280 366
1799290 365
1799300 364
1799310 364
1799320 363
1799330 362
1799340 362
1799350 361
1799360 360
1799370 360
1799380 360
1799390 359
1799400 359
1799410 359
1799420 359
1799430 358
1799440 358
1799450 358
1799460 357
1799470 357
1799480 356
1799490 356
1799500 356
1799510 358
1799520 359
1799530 359
1799540 359
1799550 360
1799560 360
1799570 360
1799580 360
1799590 361
1799600 361
1799610 361
1799620 362
1799630 362
1799640 362
1799650 363
1799660 363
1799670 364
1799680 364
1799690 365
1799700 365
1799710 366
1799720 366
1799730 367
1799740 367
1799750 367
1799760 367
1799770 367
1799780 368
1799790 368
1799800 368
1799810 368
1799820 369
1799830 369
1799840 370
1799850 370
1799860 370
1799870 371
1799880 371
1799890 371
1799900 371
1799910 371
1799920 371
1799930 371
1799940 371
1799950 371
1799960 370
1799970 370
1799980 370
1799990 370
