1780000 403
1780010 403
1780020 403
1780030 403
1780040 402
1780050 402
1780060 402
1780070 401
1780080 401
1780090 401
1780100 399
1780110 396
1780120 396
1780130 396
1780140 396
1780150 396
1780160 398
1780170 398
1780180 397
1780190 397
1780200 397
1780210 396
1780220 396
1780230 397
1780240 398
1780250 398
1780260 394
1780270 395
1780280 395
1780290 398
1780300 399
1780310 399
1780320 399
1780330 401
1780340 401
1780350 401
1780360 401
1780370 401
1780380 401
1780390 402
1780400 402
1780410 402
1780420 403
1780430 403
1780440 403
1780450 404
1780460 405
1780470 405
1780480 405
1780490 406
1780500 406
1780510 406
1780520 407
1780530 407
1780540 408
1780550 408
1780560 408
1780570 409
1780580 410
1780590 410
1780600 410
1780610 410
1780620 410
1780630 411
1780640 411
1780650 411
1780660 411
1780670 411
1780680 411
1780690 411
1780700 411
1780710 411
1780720 412
1780730 413
1780740 414
1780750 414
1780760 415
1780770 416
1780780 416
1780790 417
1780800 418
1780810 418
1780820 419
1780830 419
1780840 419
1780850 420
1780860 421
1780870 421
1780880 422
1780890 423
1780900 423
1780910 423
1780920 424
1780930 424
1780940 426
1780950 427
1780960 427
1780970 428
1780980 428
1780990 428
1781000 429
1781010 430
1781020 430
1781030 430
1781040 430
1781050 431
1781060 431
1781070 432
1781080 434
1781090 434
1781100 436
1781110 438
1781120 438
1781130 439
1781140 440
1781150 440
1781160 440
1781170 441
1781180 441
1781190 442
1781200 443
1781210 443
1781220 443
1781230 444
1781240 444
1781250 445
1781260 445
1781270 445
1781280 446
1781290 447
1781300 448
1781310 448
1781320 448
1781330 448
1781340 448
1781350 448
1781360 449
1781370 449
1781380 449
1781390 450
1781400 450
1781410 450
1781420 449
1781430 449
1781440 449
1781450 448
1781460 448
1781470 448
1781480 448
1781490 448
1781500 448
1781510 448
1781520 448
1781530 447
1781540 447
1781550 447
1781560 444
1781570 443
1781580 442
1781590 442
1781600 441
1781610 441
1781620 441
1781630 441
1781640 439
1781650 439
1781660 439
1781670 438
1781680 438
1781690 437
1781700 436
1781710 436
1781720 435
1781730 435
1781740 435
1781750 434
1781760 434
1781770 434
1781780 433
1781790 431
1781800 431
1781810 430
1781820 428
1781830 428
1781840 427
1781850 426
1781860 425
1781870 425
1781880 423
1781890 419
1781900 419
1781910 418
1781920 418
1781930 418
1781940 418
1781950 418
1781960 418
1781970 418
1781980 419
1781990 419
1782000 419
1782010 419
1782020 419
1782030 419
1782040 419
1782050 419
1782060 419
1782070 419
1782080 419
1782090 419
1782100 417
1782110 417
1782120 419
1782130 421
1782140 426
1782150 426
1782160 427
1782170 429
1782180 429
1782190 429
1782200 431
1782210 431
1782220 431
1782230 433
1782240 433
1782250 435
1782260 436
1782270 436
1782280 438
1782290 440
1782300 440
1782310 442
1782320 443
1782330 443
1782340 444
1782350 446
1782360 446
1782370 447
1782380 448
1782390 448
1782400 449
1782410 450
1782420 450
1782430 450
1782440 451
1782450 451
1782460 451
1782470 451
1782480 452
1782490 452
1782500 453
1782510 455
1782520 456
1782530 457
1782540 458
1782550 458
1782560 459
1782570 460
1782580 460
1782590 461
1782600 461
1782610 461
1782620 462
1782630 462
1782640 462
1782650 463
1782660 463
1782670 463
1782680 463
1782690 463
1782700 463
1782710 463
1782720 463
1782730 462
1782740 462
1782750 462
1782760 461
1782770 461
1782780 460
1782790 460
1782800 460
1782810 459
1782820 458
1782830 458
1782840 458
1782850 457
1782860 457
1782870 456
1782880 455
1782890 455
1782900 455
1782910 454
1782920 454
1782930 453
1782940 452
1782950 452
1782960 452
1782970 451
1782980 451
1782990 451
1783000 451
1783010 451
1783020 451
1783030 450
1783040 449
1783050 449
1783060 449
1783070 448
1783080 448
1783090 448
1783100 447
1783110 447
1783120 447
1783130 446
1783140 446
1783150 446
1783160 445
1783170 445
1783180 445
1783190 445
1783200 445
1783210 444
1783220 444
1783230 444
1783240 443
1783250 443
1783260 443
1783270 443
1783280 442
1783290 441
1783300 441
1783310 441
1783320 440
1783330 440
1783340 439
1783350 439
1783360 439
1783370 439
1783380 438
1783390 438
1783400 438
1783410 437
1783420 437
1783430 437
1783440 437
1783450 437
1783460 436
1783470 436
1783480 436
1783490 435
1783500 435
1783510 435
1783520 435
1783530 435
1783540 434
1783550 434
1783560 434
1783570 433
1783580 433
1783590 433
1783600 432
1783610 432
1783620 432
1783630 431
1783640 431
1783650 430
1783660 430
1783670 430
1783680 429
1783690 428
1783700 428
1783710 428
1783720 427
1783730 427
1783740 426
1783750 426
1783760 426
1783770 425
1783780 424
1783790 424
1783800 423
1783810 422
1783820 422
1783830 422
1783840 421
1783850 421
1783860 421
1783870 420
1783880 419
1783890 419
1783900 419
1783910 419
1783920 419
1783930 418
1783940 417
1783950 417
1783960 417
1783970 416
1783980 416
1783990 415
1784000 415
1784010 415
1784020 414
1784030 414
1784040 414
1784050 413
1784060 412
1784070 412
1784080 412
1784090 411
1784100 410
1784110 410
1784120 409
1784130 409
1784140 409
1784150 408
1784160 408
1784170 408
1784180 408
1784190 407
1784200 407
1784210 406
1784220 406
1784230 406
1784240 405
1784250 404
1784260 404
1784270 403
1784280 402
1784290 402
1784300 402
1784310 401
1784320 401
1784330 400
1784340 400
1784350 400
1784360 399
1784370 398
1784380 398
1784390 398
1784400 397
1784410 396
1784420 396
1784430 396
1784440 395
1784450 395
1784460 395
1784470 394
1784480 394
1784490 394
1784500 393
1784510 393
1784520 393
1784530 392
1784540 392
1784550 392
1784560 391
1784570 391
1784580 391
1784590 391
1784600 391
1784610 390
1784620 390
1784630 390
1784640 389
1784650 389
1784660 389
1784670 389
1784680 388
1784690 388
1784700 388
1784710 387
1784720 387
1784730 387
1784740 387
1784750 387
1784760 387
1784770 387
1784780 387
1784790 387
1784800 387
1784810 387
1784820 387
1784830 387
1784840 387
1784850 387
1784860 387
1784870 387
1784880 387
1784890 387
1784900 387
1784910 387
1784920 387
1784930 387
1784940 387
1784950 387
1784960 386
1784970 386
1784980 386
1784990 386
1785000 386
1785010 386
1785020 386
1785030 386
1785040 386
1785050 386
1785060 386
1785070 386
1785080 386
1785090 386
1785100 386
1785110 386
1785120 386
1785130 386
1785140 387
1785150 386
1785160 386
1785170 385
1785180 385
1785190 385
1785200 385
1785210 385
1785220 385
1785230 385
1785240 385
1785250 386
1785260 386
1785270 386
1785280 387
1785290 387
1785300 386
1785310 386
1785320 386
1785330 386
1785340 386
1785350 386
1785360 386
1785370 386
1785380 386
1785390 386
1785400 386
1785410 386
1785420 386
1785430 386
1785440 386
1785450 386
1785460 386
1785470 386
1785480 386
1785490 386
1785500 386
1785510 386
1785520 386
1785530 386
1785540 386
1785550 386
1785560 386
1785570 386
1785580 386
1785590 385
1785600 385
1785610 385
1785620 385
1785630 385
1785640 385
1785650 385
1785660 385
1785670 385
1785680 386
1785690 386
1785700 386
1785710 386
1785720 386
1785730 387
1785740 388
1785750 388
1785760 389
1785770 390
1785780 390
1785790 390
1785800 391
1785810 392
1785820 392
1785830 393
1785840 394
1785850 394
1785860 395
1785870 396
1785880 396
1785890 397
1785900 398
1785910 398
1785920 399
1785930 399
1785940 399
1785950 400
1785960 401
1785970 401
1785980 402
1785990 402
1786000 402
1786010 403
1786020 403
1786030 403
1786040 404
1786050 404
1786060 404
1786070 405
1786080 405
1786090 406
1786100 406
1786110 405
1786120 405
1786130 405
1786140 405
1786150 405
1786160 405
1786170 405
1786180 405
1786190 405
1786200 405
1786210 406
1786220 406
1786230 406
1786240 406
1786250 406
1786260 406
1786270 406
1786280 406
1786290 406
1786300 406
1786310 406
1786320 406
1786330 406
1786340 406
1786350 406
1786360 406
1786370 407
1786380 407
1786390 407
1786400 407
1786410 407
1786420 407
1786430 407
1786440 407
1786450 407
1786460 408
1786470 408
1786480 408
1786490 408
1786500 408
1786510 408
1786520 409
1786530 409
1786540 409
1786550 409
1786560 409
1786570 409
1786580 410
1786590 410
1786600 410
1786610 411
1786620 411
1786630 411
1786640 412
1786650 412
1786660 412
1786670 412
1786680 413
1786690 413
1786700 414
1786710 414
1786720 414
1786730 415
1786740 416
1786750 416
1786760 416
1786770 417
1786780 417
1786790 417
1786800 418
1786810 418
1786820 418
1786830 419
1786840 419
1786850 419
1786860 420
1786870 420
1786880 421
1786890 421
1786900 421
1786910 422
1786920 422
1786930 423
1786940 423
1786950 423
1786960 424
1786970 424
1786980 425
1786990 425
1787000 425
1787010 425
1787020 426
1787030 426
1787040 426
1787050 426
1787060 426
1787070 427
1787080 427
1787090 427
1787100 428
1787110 428
1787120 428
1787130 429
1787140 429
1787150 429
1787160 430
1787170 430
1787180 430
1787190 430
1787200 430
1787210 430
1787220 430
1787230 430
1787240 430
1787250 430
1787260 430
1787270 430
1787280 430
1787290 430
1787300 430
1787310 430
1787320 430
1787330 429
1787340 429
1787350 429
1787360 429
1787370 429
1787380 429
1787390 429
1787400 429
1787410 428
1787420 428
1787430 428
1787440 428
1787450 427
1787460 427
1787470 427
1787480 427
1787490 426
1787500 426
1787510 426
1787520 425
1787530 425
1787540 425
1787550 424
1787560 424
1787570 424
1787580 423
1787590 423
1787600 422
1787610 422
1787620 422
1787630 422
1787640 421
1787650 421
1787660 420
1787670 420
1787680 420
1787690 419
1787700 419
1787710 419
1787720 419
1787730 419
1787740 419
1787750 418
1787760 418
1787770 418
1787780 418
1787790 418
1787800 417
1787810 417
1787820 417
1787830 417
1787840 417
1787850 416
1787860 416
1787870 416
1787880 416
1787890 415
1787900 415
1787910 415
1787920 415
1787930 415
1787940 414
1787950 413
1787960 413
1787970 413
1787980 412
1787990 412
1788000 412
1788010 411
1788020 411
1788030 411
1788040 411
1788050 410
1788060 410
1788070 409
1788080 409
1788090 409
1788100 408
1788110 408
1788120 408
1788130 407
1788140 406
1788150 406
1788160 406
1788170 405
1788180 405
1788190 404
1788200 404
1788210 404
1788220 402
1788230 401
1788240 401
1788250 400
1788260 400
1788270 400
1788280 399
1788290 398
1788300 398
1788310 398
1788320 398
1788330 397
1788340 397
1788350 397
1788360 396
1788370 396
1788380 395
1788390 395
1788400 395
1788410 394
1788420 394
1788430 394
1788440 393
1788450 393
1788460 393
1788470 392
1788480 392
1788490 392
1788500 391
1788510 391
1788520 391
1788530 390
1788540 390
1788550 390
1788560 389
1788570 388
1788580 388
1788590 388
1788600 387
1788610 386
1788620 386
1788630 386
1788640 385
1788650 385
1788660 384
1788670 384
1788680 384
1788690 383
1788700 384
1788710 384
1788720 390
1788730 391
1788740 391
1788750 388
1788760 385
1788770 385
1788780 382
1788790 381
1788800 381
1788810 380
1788820 379
1788830 379
1788840 379
1788850 378
1788860 378
1788870 377
1788880 377
1788890 377
1788900 377
1788910 376
1788920 376
1788930 376
1788940 376
1788950 375
1788960 375
1788970 375
1788980 375
1788990 375
1789000 375
1789010 374
1789020 374
1789030 374
1789040 374
1789050 374
1789060 374
1789070 374
1789080 374
1789090 374
1789100 373
1789110 373
1789120 372
1789130 372
1789140 372
1789150 373
1789160 373
1789170 373
1789180 373
1789190 374
1789200 374
1789210 374
1789220 374
1789230 374
1789240 374
1789250 374
1789260 375
1789270 375
1789280 375
1789290 375
1789300 375
1789310 375
1789320 376
1789330 376
1789340 376
1789350 376
1789360 376
1789370 376
1789380 376
1789390 376
1789400 375
1789410 375
1789420 375
1789430 375
1789440 375
1789450 375
1789460 375
1789470 375
1789480 375
1789490 375
1789500 374
1789510 375
1789520 375
1789530 375
1789540 375
1789550 375
1789560 376
1789570 377
1789580 377
1789590 379
1789600 380
1789610 380
1789620 380
1789630 381
1789640 381
1789650 381
1789660 381
1789670 381
1789680 381
1789690 383
1789700 383
1789710 383
1789720 388
1789730 388
1789740 388
1789750 389
1789760 392
1789770 392
1789780 398
1789790 399
1789800 399
1789810 399
1789820 399
1789830 399
1789840 399
1789850 399
1789860 399
1789870 399
1789880 398
1789890 398
1789900 398
1789910 397
1789920 397
1789930 396
1789940 395
1789950 395
1789960 394
1789970 394
1789980 394
1789990 393
1790000 393
1790010 393
1790020 393
1790030 393
1790040 391
1790050 391
1790060 388
1790070 387
1790080 387
1790090 386
1790100 385
1790110 385
1790120 384
1790130 382
1790140 382
1790150 385
1790160 387
1790170 387
1790180 388
1790190 389
1790200 390
1790210 391
1790220 392
1790230 392
1790240 393
1790250 394
1790260 394
1790270 395
1790280 397
1790290 398
1790300 398
1790310 399
1790320 400
1790330 400
1790340 401
1790350 403
1790360 403
1790370 404
1790380 405
1790390 405
1790400 406
1790410 407
1790420 407
1790430 408
1790440 409
1790450 409
1790460 410
1790470 410
1790480 410
1790490 411
1790500 412
1790510 412
1790520 412
1790530 413
1790540 413
1790550 413
1790560 414
1790570 414
1790580 414
1790590 414
1790600 415
1790610 415
1790620 415
1790630 415
1790640 415
1790650 416
1790660 416
1790670 416
1790680 416
1790690 416
1790700 416
1790710 416
1790720 416
1790730 416
1790740 416
1790750 416
1790760 416
1790770 416
1790780 416
1790790 416
1790800 414
1790810 412
1790820 412
1790830 413
1790840 412
1790850 412
1790860 412
1790870 411
1790880 411
1790890 411
1790900 411
1790910 411
1790920 411
1790930 411
1790940 413
1790950 413
1790960 415
1790970 416
1790980 416
1790990 416
1791000 416
1791010 416
1791020 418
1791030 417
1791040 417
1791050 418
1791060 419
1791070 419
1791080 419
1791090 420
1791100 420
1791110 420
1791120 421
1791130 421
1791140 421
1791150 422
1791160 422
1791170 422
1791180 423
1791190 423
1791200 423
1791210 424
1791220 424
1791230 424
1791240 424
1791250 425
1791260 425
1791270 426
1791280 426
1791290 426
1791300 426
1791310 427
1791320 427
1791330 428
1791340 428
1791350 428
1791360 428
1791370 429
1791380 429
1791390 430
1791400 430
1791410 430
1791420 430
1791430 431
1791440 431
1791450 431
1791460 432
1791470 432
1791480 432
1791490 432
1791500 432
1791510 432
1791520 433
1791530 433
1791540 433
1791550 433
1791560 433
1791570 433
1791580 433
1791590 432
1791600 432
1791610 432
1791620 432
1791630 432
1791640 432
1791650 431
1791660 431
1791670 431
1791680 430
1791690 429
1791700 429
1791710 427
1791720 428
1791730 428
1791740 428
1791750 427
1791760 427
1791770 429
1791780 429
1791790 429
1791800 430
1791810 431
1791820 431
1791830 432
1791840 433
1791850 433
1791860 434
1791870 435
1791880 435
1791890 435
1791900 436
1791910 436
1791920 437
1791930 438
1791940 438
1791950 439
1791960 440
1791970 440
1791980 439
1791990 442
1792000 441
1792010 441
1792020 444
1792030 445
1792040 445
1792050 446
1792060 447
1792070 447
1792080 448
1792090 449
1792100 449
1792110 450
1792120 451
1792130 451
1792140 451
1792150 452
1792160 452
1792170 453
1792180 454
1792190 454
1792200 455
1792210 455
1792220 455
1792230 456
1792240 457
1792250 457
1792260 458
1792270 458
1792280 459
1792290 459
1792300 460
1792310 460
1792320 460
1792330 461
1792340 461
1792350 461
1792360 461
1792370 462
1792380 462
1792390 462
1792400 462
1792410 462
1792420 461
1792430 461
1792440 461
1792450 460
1792460 460
1792470 460
1792480 459
1792490 458
1792500 458
1792510 457
1792520 457
1792530 457
1792540 456
1792550 455
1792560 454
1792570 454
1792580 454
1792590 453
1792600 453
1792610 452
1792620 451
1792630 451
1792640 451
1792650 450
1792660 450
1792670 449
1792680 448
1792690 448
1792700 447
1792710 446
1792720 446
1792730 445
1792740 442
1792750 442
1792760 440
1792770 438
1792780 438
1792790 436
1792800 436
1792810 436
1792820 431
1792830 428
1792840 426
1792850 426
1792860 424
1792870 423
1792880 423
1792890 422
1792900 421
1792910 421
1792920 420
1792930 419
1792940 419
1792950 417
1792960 412
1792970 412
1792980 412
1792990 411
1793000 411
1793010 410
1793020 410
1793030 410
1793040 407
