1780000 440
1780010 440
1780020 440
1780030 439
1780040 439
1780050 439
1780060 437
1780070 437
1780080 437
1780090 439
1780100 439
1780110 439
1780120 438
1780130 438
1780140 438
1780150 438
1780160 438
1780170 438
1780180 438
1780190 438
1780200 438
1780210 438
1780220 437
1780230 437
1780240 437
1780250 436
1780260 436
1780270 437
1780280 436
1780290 436
1780300 435
1780310 435
1780320 435
1780330 435
1780340 435
1780350 435
1780360 436
1780370 437
1780380 437
1780390 437
1780400 437
1780410 437
1780420 437
1780430 437
1780440 438
1780450 438
1780460 437
1780470 437
1780480 437
1780490 437
1780500 436
1780510 436
1780520 436
1780530 436
1780540 436
1780550 436
1780560 436
1780570 436
1780580 437
1780590 438
1780600 438
1780610 438
1780620 438
1780630 438
1780640 438
1780650 439
1780660 439
1780670 439
1780680 440
1780690 441
1780700 441
1780710 442
1780720 443
1780730 443
1780740 445
1780750 446
1780760 446
1780770 447
1780780 449
1780790 449
1780800 450
1780810 451
1780820 451
1780830 452
1780840 453
1780850 453
1780860 454
1780870 452
1780880 452
1780890 452
1780900 454
1780910 454
1780920 454
1780930 455
1780940 455
1780950 456
1780960 456
1780970 457
1780980 457
1780990 457
1781000 457
1781010 457
1781020 458
1781030 458
1781040 458
1781050 458
1781060 459
1781070 459
1781080 459
1781090 459
1781100 459
1781110 459
1781120 458
1781130 458
1781140 457
1781150 456
1781160 456
1781170 455
1781180 454
1781190 454
1781200 453
1781210 452
1781220 452
1781230 452
1781240 451
1781250 450
1781260 450
1781270 449
1781280 448
1781290 448
1781300 448
1781310 447
1781320 447
1781330 446
1781340 445
1781350 445
1781360 444
1781370 440
1781380 440
1781390 438
1781400 436
1781410 436
1781420 434
1781430 433
1781440 433
1781450 431
1781460 430
1781470 430
1781480 429
1781490 428
1781500 428
1781510 427
1781520 426
1781530 426
1781540 427
1781550 426
1781560 426
1781570 426
1781580 426
1781590 426
1781600 426
1781610 426
1781620 426
1781630 426
1781640 426
1781650 425
1781660 425
1781670 425
1781680 425
1781690 425
1781700 425
1781710 425
1781720 425
1781730 425
1781740 425
1781750 425
1781760 425
1781770 425
1781780 425
1781790 426
1781800 427
1781810 427
1781820 428
1781830 429
1781840 429
1781850 429
1781860 430
1781870 431
1781880 431
1781890 432
1781900 433
1781910 433
1781920 434
1781930 435
1781940 435
1781950 437
1781960 439
1781970 439
1781980 439
1781990 440
1782000 440
1782010 441
1782020 443
1782030 443
1782040 443
1782050 445
1782060 445
1782070 447
1782080 448
1782090 448
1782100 449
1782110 451
1782120 452
1782130 452
1782140 453
1782150 455
1782160 455
1782170 457
1782180 460
1782190 460
1782200 460
1782210 462
1782220 462
1782230 461
1782240 461
1782250 461
1782260 464
1782270 465
1782280 465
1782290 466
1782300 466
1782310 466
1782320 467
1782330 467
1782340 467
1782350 467
1782360 467
1782370 467
1782380 467
1782390 467
1782400 467
1782410 467
1782420 467
1782430 466
1782440 466
1782450 466
1782460 465
1782470 465
1782480 465
1782490 465
1782500 465
1782510 464
1782520 464
1782530 464
1782540 463
1782550 463
1782560 463
1782570 462
1782580 462
1782590 462
1782600 461
1782610 461
1782620 461
1782630 460
1782640 460
1782650 460
1782660 459
1782670 459
1782680 458
1782690 458
1782700 458
1782710 457
1782720 457
1782730 456
1782740 456
1782750 456
1782760 455
1782770 455
1782780 455
1782790 454
1782800 454
1782810 454
1782820 454
1782830 453
1782840 453
1782850 453
1782860 452
1782870 452
1782880 452
1782890 451
1782900 451
1782910 451
1782920 451
1782930 451
1782940 451
1782950 451
1782960 451
1782970 451
1782980 451
1782990 451
1783000 451
1783010 450
1783020 450
1783030 450
1783040 450
1783050 449
1783060 449
1783070 449
1783080 448
1783090 448
1783100 447
1783110 446
1783120 446
1783130 445
1783140 444
1783150 444
1783160 443
1783170 442
1783180 442
1783190 440
1783200 439
1783210 439
1783220 437
1783230 435
1783240 434
1783250 434
1783260 433
1783270 432
1783280 432
1783290 431
1783300 431
1783310 431
1783320 430
1783330 429
1783340 429
1783350 428
1783360 427
1783370 427
1783380 427
1783390 426
1783400 426
1783410 425
1783420 424
1783430 424
1783440 423
1783450 422
1783460 422
1783470 422
1783480 421
1783490 421
1783500 420
1783510 420
1783520 419
1783530 419
1783540 418
1783550 417
1783560 417
1783570 417
1783580 416
1783590 416
1783600 415
1783610 415
1783620 415
1783630 414
1783640 413
1783650 413
1783660 413
1783670 412
1783680 412
1783690 412
1783700 411
1783710 411
1783720 410
1783730 410
1783740 410
1783750 409
1783760 409
1783770 409
1783780 409
1783790 408
1783800 408
1783810 408
1783820 407
1783830 407
1783840 407
1783850 406
1783860 405
1783870 405
1783880 404
1783890 403
1783900 403
1783910 402
1783920 401
1783930 401
1783940 400
1783950 400
1783960 400
1783970 399
1783980 398
1783990 398
1784000 398
1784010 398
1784020 398
1784030 397
1784040 397
1784050 397
1784060 396
1784070 396
1784080 396
1784090 396
1784100 395
1784110 395
1784120 395
1784130 395
1784140 395
1784150 395
1784160 394
1784170 394
1784180 394
1784190 394
1784200 393
1784210 393
1784220 393
1784230 393
1784240 393
1784250 393
1784260 392
1784270 392
1784280 392
1784290 392
1784300 392
1784310 392
1784320 391
1784330 391
1784340 391
1784350 391
1784360 391
1784370 391
1784380 391
1784390 391
1784400 391
1784410 391
1784420 391
1784430 391
1784440 391
1784450 391
1784460 391
1784470 391
1784480 391
1784490 391
1784500 391
1784510 390
1784520 390
1784530 390
1784540 390
1784550 390
1784560 390
1784570 390
1784580 390
1784590 390
1784600 390
1784610 390
1784620 390
1784630 390
1784640 390
1784650 390
1784660 390
1784670 390
1784680 390
1784690 390
1784700 391
1784710 391
1784720 390
1784730 390
1784740 390
1784750 390
1784760 390
1784770 390
1784780 391
1784790 391
1784800 391
1784810 391
1784820 391
1784830 391
1784840 391
1784850 391
1784860 391
1784870 390
1784880 390
1784890 390
1784900 389
1784910 390
1784920 390
1784930 389
1784940 389
1784950 390
1784960 390
1784970 390
1784980 390
1784990 390
1785000 390
1785010 390
1785020 390
1785030 390
1785040 390
1785050 390
1785060 390
1785070 390
1785080 390
1785090 390
1785100 390
1785110 390
1785120 390
1785130 390
1785140 390
1785150 390
1785160 390
1785170 390
1785180 390
1785190 388
1785200 388
1785210 388
1785220 390
1785230 391
1785240 391
1785250 395
1785260 395
1785270 395
1785280 396
1785290 396
1785300 396
1785310 397
1785320 398
1785330 398
1785340 399
1785350 400
1785360 400
1785370 401
1785380 401
1785390 401
1785400 402
1785410 403
1785420 403
1785430 404
1785440 405
1785450 405
1785460 407
1785470 407
1785480 407
1785490 408
1785500 409
1785510 410
1785520 410
1785530 410
1785540 411
1785550 411
1785560 413
1785570 414
1785580 414
1785590 415
1785600 415
1785610 415
1785620 416
1785630 416
1785640 416
1785650 416
1785660 417
1785670 417
1785680 418
1785690 418
1785700 418
1785710 419
1785720 419
1785730 419
1785740 420
1785750 420
1785760 420
1785770 420
1785780 420
1785790 420
1785800 420
1785810 420
1785820 421
1785830 421
1785840 422
1785850 422
1785860 422
1785870 422
1785880 423
1785890 423
1785900 423
1785910 423
1785920 423
1785930 422
1785940 421
1785950 421
1785960 423
1785970 422
1785980 422
1785990 419
1786000 420
1786010 420
1786020 424
1786030 424
1786040 424
1786050 424
1786060 425
1786070 426
1786080 426
1786090 426
1786100 427
1786110 427
1786120 427
1786130 428
1786140 428
1786150 428
1786160 429
1786170 429
1786180 429
1786190 430
1786200 431
1786210 431
1786220 432
1786230 432
1786240 433
1786250 433
1786260 433
1786270 434
1786280 435
1786290 435
1786300 436
1786310 437
1786320 437
1786330 437
1786340 438
1786350 438
1786360 438
1786370 438
1786380 438
1786390 438
1786400 440
1786410 440
1786420 440
1786430 441
1786440 441
1786450 441
1786460 442
1786470 442
1786480 442
1786490 442
1786500 443
1786510 443
1786520 443
1786530 443
1786540 443
1786550 443
1786560 443
1786570 443
1786580 444
1786590 444
1786600 444
1786610 444
1786620 444
1786630 443
1786640 443
1786650 443
1786660 443
1786670 443
1786680 443
1786690 443
1786700 443
1786710 443
1786720 442
1786730 442
1786740 442
1786750 441
1786760 441
1786770 441
1786780 440
1786790 440
1786800 439
1786810 439
1786820 439
1786830 438
1786840 438
1786850 438
1786860 438
1786870 438
1786880 438
1786890 437
1786900 437
1786910 437
1786920 437
1786930 437
1786940 436
1786950 436
1786960 436
1786970 436
1786980 436
1786990 436
1787000 435
1787010 435
1787020 435
1787030 434
1787040 434
1787050 434
1787060 434
1787070 434
1787080 433
1787090 433
1787100 433
1787110 433
1787120 432
1787130 432
1787140 432
1787150 431
1787160 431
1787170 431
1787180 430
1787190 430
1787200 430
1787210 429
1787220 429
1787230 429
1787240 428
1787250 428
1787260 428
1787270 428
1787280 427
1787290 427
1787300 425
1787310 424
1787320 424
1787330 424
1787340 423
1787350 423
1787360 422
1787370 421
1787380 421
1787390 420
1787400 419
1787410 419
1787420 418
1787430 417
1787440 417
1787450 416
1787460 416
1787470 415
1787480 415
1787490 415
1787500 415
1787510 415
1787520 414
1787530 414
1787540 414
1787550 411
1787560 408
1787570 408
1787580 408
1787590 407
1787600 407
1787610 407
1787620 407
1787630 407
1787640 408
1787650 409
1787660 409
1787670 410
1787680 412
1787690 412
1787700 415
1787710 415
1787720 415
1787730 416
1787740 416
1787750 416
1787760 416
1787770 416
1787780 416
1787790 416
1787800 416
1787810 416
1787820 416
1787830 415
1787840 415
1787850 415
1787860 414
1787870 413
1787880 413
1787890 413
1787900 412
1787910 412
1787920 412
1787930 411
1787940 411
1787950 411
1787960 409
1787970 409
1787980 408
1787990 407
1788000 407
1788010 406
1788020 405
1788030 405
1788040 404
1788050 403
1788060 402
1788070 402
1788080 401
1788090 401
1788100 401
1788110 400
1788120 399
1788130 399
1788140 399
1788150 398
1788160 398
1788170 397
1788180 397
1788190 397
1788200 396
1788210 395
1788220 395
1788230 394
1788240 393
1788250 393
1788260 392
1788270 392
1788280 392
1788290 391
1788300 390
1788310 390
1788320 390
1788330 389
1788340 388
1788350 388
1788360 388
1788370 387
1788380 387
1788390 386
1788400 386
1788410 386
1788420 385
1788430 384
1788440 384
1788450 384
1788460 384
1788470 384
1788480 383
1788490 383
1788500 383
1788510 383
1788520 382
1788530 382
1788540 382
1788550 381
1788560 381
1788570 381
1788580 380
1788590 380
1788600 380
1788610 379
1788620 379
1788630 379
1788640 379
1788650 379
1788660 379
1788670 379
1788680 379
1788690 379
1788700 379
1788710 379
1788720 379
1788730 379
1788740 379
1788750 379
1788760 379
1788770 378
1788780 378
1788790 378
1788800 377
1788810 377
1788820 375
1788830 376
1788840 376
1788850 377
1788860 377
1788870 377
1788880 378
1788890 378
1788900 379
1788910 379
1788920 379
1788930 378
1788940 378
1788950 380
1788960 381
1788970 381
1788980 381
1788990 382
1789000 382
1789010 382
1789020 383
1789030 383
1789040 384
1789050 386
1789060 386
1789070 387
1789080 390
1789090 390
1789100 391
1789110 391
1789120 391
1789130 391
1789140 393
1789150 393
1789160 396
1789170 399
1789180 400
1789190 400
1789200 400
1789210 396
1789220 396
1789230 395
1789240 396
1789250 396
1789260 397
1789270 397
1789280 397
1789290 398
1789300 398
1789310 398
1789320 398
1789330 398
1789340 398
1789350 398
1789360 398
1789370 398
1789380 399
1789390 398
1789400 398
1789410 398
1789420 398
1789430 398
1789440 398
1789450 398
1789460 398
1789470 398
1789480 398
1789490 397
1789500 397
1789510 398
1789520 397
1789530 397
1789540 397
1789550 396
1789560 396
1789570 395
1789580 395
1789590 395
1789600 394
1789610 392
1789620 392
1789630 392
1789640 391
1789650 391
1789660 391
1789670 390
1789680 390
1789690 389
1789700 388
1789710 388
1789720 388
1789730 387
1789740 387
1789750 387
1789760 387
1789770 387
1789780 387
1789790 387
1789800 387
1789810 387
1789820 387
1789830 387
1789840 387
1789850 387
1789860 387
1789870 387
1789880 387
1789890 387
1789900 387
1789910 387
1789920 387
1789930 387
1789940 387
1789950 387
1789960 387
1789970 388
1789980 390
1789990 390
1790000 393
1790010 395
1790020 397
1790030 397
1790040 398
1790050 398
1790060 398
1790070 399
1790080 399
1790090 399
1790100 399
1790110 399
1790120 399
1790130 400
1790140 400
1790150 400
1790160 400
1790170 401
1790180 401
1790190 401
1790200 402
1790210 402
1790220 402
1790230 403
1790240 403
1790250 403
1790260 404
1790270 404
1790280 404
1790290 404
1790300 405
1790310 405
1790320 405
1790330 405
1790340 405
1790350 406
1790360 406
1790370 406
1790380 407
1790390 409
1790400 409
1790410 410
1790420 411
1790430 411
1790440 413
1790450 414
1790460 414
1790470 415
1790480 416
1790490 416
1790500 416
1790510 416
1790520 414
1790530 415
1790540 416
1790550 416
1790560 417
1790570 418
1790580 419
1790590 419
1790600 420
1790610 421
1790620 421
1790630 422
1790640 422
1790650 422
1790660 422
1790670 422
1790680 422
1790690 422
1790700 422
1790710 422
1790720 421
1790730 421
1790740 421
1790750 421
1790760 421
1790770 421
1790780 422
1790790 422
1790800 422
1790810 422
1790820 422
1790830 422
1790840 422
1790850 421
1790860 418
1790870 418
1790880 417
1790890 417
1790900 417
1790910 415
1790920 418
1790930 418
1790940 416
1790950 414
1790960 414
1790970 412
1790980 413
1790990 413
1791000 411
1791010 412
1791020 412
1791030 412
1791040 414
1791050 414
1791060 414
1791070 415
1791080 415
1791090 417
1791100 418
1791110 418
1791120 419
1791130 423
1791140 423
1791150 423
1791160 425
1791170 425
1791180 425
1791190 426
1791200 428
1791210 428
1791220 429
1791230 430
1791240 430
1791250 431
1791260 432
1791270 432
1791280 433
1791290 434
1791300 434
1791310 435
1791320 436
1791330 436
1791340 438
1791350 439
1791360 439
1791370 440
1791380 441
1791390 441
1791400 442
1791410 443
1791420 443
1791430 445
1791440 445
1791450 446
1791460 446
1791470 447
1791480 448
1791490 448
1791500 449
1791510 450
1791520 450
1791530 451
1791540 452
1791550 452
1791560 453
1791570 455
1791580 455
1791590 455
1791600 456
1791610 456
1791620 457
1791630 458
1791640 458
1791650 458
1791660 459
1791670 459
1791680 460
1791690 460
1791700 460
1791710 460
1791720 461
1791730 461
1791740 461
1791750 461
1791760 461
1791770 461
1791780 461
1791790 460
1791800 460
1791810 459
1791820 458
1791830 458
1791840 457
1791850 456
1791860 456
1791870 455
1791880 454
1791890 454
1791900 453
1791910 452
1791920 452
1791930 451
1791940 450
1791950 450
1791960 449
1791970 448
1791980 448
1791990 447
1792000 446
1792010 445
1792020 445
1792030 443
1792040 441
1792050 441
1792060 439
1792070 438
1792080 438
1792090 436
1792100 434
1792110 434
1792120 434
1792130 432
1792140 432
1792150 431
1792160 430
1792170 430
1792180 429
1792190 428
1792200 428
1792210 427
1792220 426
1792230 426
1792240 424
1792250 422
1792260 422
1792270 420
1792280 418
1792290 415
1792300 415
1792310 413
1792320 418
1792330 418
1792340 419
1792350 418
1792360 418
1792370 418
1792380 419
1792390 419
1792400 419
1792410 419
1792420 419
1792430 418
1792440 418
1792450 418
1792460 418
1792470 416
1792480 416
1792490 414
1792500 413
1792510 413
1792520 411
1792530 408
1792540 408
1792550 408
1792560 408
1792570 408
1792580 408
1792590 407
1792600 407
1792610 407
1792620 407
1792630 408
1792640 408
1792650 409
1792660 410
1792670 410
1792680 410
1792690 411
1792700 411
1792710 412
1792720 412
1792730 412
1792740 412
1792750 413
1792760 413
1792770 415
1792780 416
1792790 416
1792800 417
1792810 418
1792820 418
1792830 419
1792840 420
1792850 420
1792860 420
1792870 421
1792880 422
1792890 422
1792900 422
1792910 423
1792920 423
1792930 424
1792940 424
1792950 424
1792960 425
1792970 425
1792980 425
1792990 426
1793000 426
1793010 426
1793020 426
1793030 426
1793040 426
