1780000 437
1780010 437
1780020 437
1780030 436
1780040 436
1780050 436
1780060 436
1780070 436
1780080 434
1780090 434
1780100 435
1780110 435
1780120 435
1780130 435
1780140 435
1780150 436
1780160 436
1780170 436
1780180 435
1780190 435
1780200 435
1780210 435
1780220 433
1780230 433
1780240 433
1780250 433
1780260 433
1780270 432
1780280 432
1780290 432
1780300 432
1780310 432
1780320 432
1780330 432
1780340 432
1780350 432
1780360 432
1780370 433
1780380 434
1780390 434
1780400 433
1780410 432
1780420 432
1780430 432
1780440 432
1780450 432
1780460 432
1780470 433
1780480 433
1780490 433
1780500 433
1780510 433
1780520 432
1780530 432
1780540 432
1780550 432
1780560 433
1780570 433
1780580 433
1780590 433
1780600 433
1780610 433
1780620 433
1780630 433
1780640 433
1780650 434
1780660 434
1780670 434
1780680 435
1780690 437
1780700 437
1780710 436
1780720 437
1780730 437
1780740 437
1780750 438
1780760 438
1780770 439
1780780 441
1780790 441
1780800 441
1780810 441
1780820 441
1780830 441
1780840 442
1780850 442
1780860 443
1780870 445
1780880 445
1780890 447
1780900 448
1780910 448
1780920 449
1780930 450
1780940 451
1780950 451
1780960 452
1780970 453
1780980 453
1780990 454
1781000 455
1781010 455
1781020 456
1781030 456
1781040 456
1781050 457
1781060 458
1781070 458
1781080 458
1781090 458
1781100 458
1781110 458
1781120 459
1781130 459
1781140 457
1781150 456
1781160 456
1781170 456
1781180 455
1781190 455
1781200 454
1781210 453
1781220 453
1781230 453
1781240 452
1781250 451
1781260 451
1781270 451
1781280 450
1781290 450
1781300 449
1781310 448
1781320 448
1781330 447
1781340 446
1781350 446
1781360 445
1781370 444
1781380 444
1781390 440
1781400 438
1781410 438
1781420 436
1781430 435
1781440 435
1781450 433
1781460 432
1781470 432
1781480 431
1781490 429
1781500 428
1781510 428
1781520 427
1781530 427
1781540 427
1781550 424
1781560 426
1781570 426
1781580 426
1781590 426
1781600 426
1781610 426
1781620 425
1781630 425
1781640 425
1781650 425
1781660 425
1781670 425
1781680 425
1781690 425
1781700 425
1781710 425
1781720 425
1781730 425
1781740 425
1781750 425
1781760 425
1781770 424
1781780 425
1781790 425
1781800 425
1781810 425
1781820 425
1781830 426
1781840 427
1781850 427
1781860 427
1781870 428
1781880 428
1781890 429
1781900 430
1781910 430
1781920 431
1781930 432
1781940 432
1781950 435
1781960 436
1781970 436
1781980 437
1781990 438
1782000 438
1782010 440
1782020 440
1782030 440
1782040 442
1782050 443
1782060 445
1782070 445
1782080 446
1782090 448
1782100 448
1782110 450
1782120 451
1782130 451
1782140 453
1782150 454
1782160 455
1782170 456
1782180 458
1782190 458
1782200 458
1782210 459
1782220 459
1782230 459
1782240 460
1782250 460
1782260 464
1782270 464
1782280 464
1782290 465
1782300 466
1782310 466
1782320 466
1782330 467
1782340 467
1782350 467
1782360 467
1782370 467
1782380 467
1782390 467
1782400 467
1782410 467
1782420 467
1782430 467
1782440 467
1782450 466
1782460 466
1782470 466
1782480 466
1782490 465
1782500 465
1782510 465
1782520 465
1782530 465
1782540 465
1782550 464
1782560 464
1782570 463
1782580 463
1782590 463
1782600 462
1782610 462
1782620 462
1782630 461
1782640 461
1782650 461
1782660 461
1782670 461
1782680 460
1782690 460
1782700 459
1782710 459
1782720 459
1782730 459
1782740 458
1782750 458
1782760 457
1782770 457
1782780 457
1782790 457
1782800 456
1782810 456
1782820 456
1782830 456
1782840 456
1782850 455
1782860 455
1782870 455
1782880 455
1782890 455
1782900 455
1782910 454
1782920 454
1782930 454
1782940 454
1782950 453
1782960 453
1782970 453
1782980 453
1782990 453
1783000 453
1783010 453
1783020 453
1783030 453
1783040 453
1783050 453
1783060 453
1783070 452
1783080 451
1783090 451
1783100 450
1783110 449
1783120 449
1783130 448
1783140 447
1783150 447
1783160 446
1783170 445
1783180 445
1783190 444
1783200 442
1783210 440
1783220 440
1783230 438
1783240 437
1783250 437
1783260 436
1783270 434
1783280 434
1783290 433
1783300 432
1783310 432
1783320 430
1783330 430
1783340 430
1783350 429
1783360 428
1783370 428
1783380 427
1783390 425
1783400 425
1783410 425
1783420 424
1783430 424
1783440 424
1783450 423
1783460 423
1783470 422
1783480 422
1783490 421
1783500 421
1783510 421
1783520 420
1783530 420
1783540 419
1783550 418
1783560 418
1783570 418
1783580 417
1783590 417
1783600 416
1783610 416
1783620 416
1783630 415
1783640 414
1783650 414
1783660 413
1783670 413
1783680 413
1783690 412
1783700 412
1783710 412
1783720 411
1783730 411
1783740 411
1783750 410
1783760 410
1783770 410
1783780 410
1783790 409
1783800 409
1783810 409
1783820 409
1783830 408
1783840 408
1783850 407
1783860 406
1783870 406
1783880 405
1783890 404
1783900 404
1783910 403
1783920 402
1783930 402
1783940 401
1783950 400
1783960 400
1783970 400
1783980 399
1783990 399
1784000 399
1784010 398
1784020 398
1784030 398
1784040 398
1784050 397
1784060 397
1784070 397
1784080 397
1784090 397
1784100 397
1784110 396
1784120 396
1784130 396
1784140 396
1784150 396
1784160 395
1784170 395
1784180 395
1784190 395
1784200 394
1784210 394
1784220 394
1784230 394
1784240 394
1784250 393
1784260 393
1784270 393
1784280 392
1784290 392
1784300 392
1784310 392
1784320 390
1784330 391
1784340 391
1784350 391
1784360 391
1784370 391
1784380 391
1784390 391
1784400 391
1784410 391
1784420 391
1784430 391
1784440 391
1784450 391
1784460 391
1784470 391
1784480 391
1784490 391
1784500 390
1784510 390
1784520 390
1784530 390
1784540 390
1784550 390
1784560 390
1784570 390
1784580 390
1784590 390
1784600 390
1784610 390
1784620 390
1784630 390
1784640 390
1784650 390
1784660 390
1784670 390
1784680 390
1784690 390
1784700 390
1784710 390
1784720 390
1784730 390
1784740 390
1784750 390
1784760 390
1784770 390
1784780 390
1784790 390
1784800 390
1784810 390
1784820 390
1784830 390
1784840 390
1784850 389
1784860 389
1784870 389
1784880 389
1784890 389
1784900 389
1784910 389
1784920 389
1784930 389
1784940 389
1784950 389
1784960 389
1784970 389
1784980 389
1784990 389
1785000 389
1785010 389
1785020 389
1785030 389
1785040 389
1785050 389
1785060 388
1785070 389
1785080 389
1785090 390
1785100 390
1785110 390
1785120 388
1785130 389
1785140 389
1785150 390
1785160 390
1785170 390
1785180 390
1785190 390
1785200 390
1785210 390
1785220 390
1785230 390
1785240 390
1785250 391
1785260 392
1785270 392
1785280 394
1785290 394
1785300 394
1785310 395
1785320 396
1785330 396
1785340 396
1785350 397
1785360 397
1785370 398
1785380 399
1785390 399
1785400 400
1785410 401
1785420 401
1785430 402
1785440 402
1785450 403
1785460 403
1785470 404
1785480 405
1785490 405
1785500 406
1785510 407
1785520 407
1785530 409
1785540 410
1785550 410
1785560 411
1785570 411
1785580 411
1785590 411
1785600 412
1785610 412
1785620 413
1785630 414
1785640 414
1785650 415
1785660 415
1785670 415
1785680 416
1785690 416
1785700 416
1785710 417
1785720 417
1785730 417
1785740 417
1785750 417
1785760 417
1785770 417
1785780 418
1785790 418
1785800 418
1785810 419
1785820 419
1785830 419
1785840 420
1785850 420
1785860 420
1785870 420
1785880 420
1785890 420
1785900 420
1785910 419
1785920 419
1785930 417
1785940 419
1785950 419
1785960 418
1785970 417
1785980 417
1785990 417
1786000 418
1786010 418
1786020 421
1786030 422
1786040 422
1786050 422
1786060 422
1786070 423
1786080 423
1786090 423
1786100 423
1786110 423
1786120 424
1786130 425
1786140 425
1786150 425
1786160 426
1786170 426
1786180 426
1786190 426
1786200 426
1786210 427
1786220 427
1786230 427
1786240 428
1786250 429
1786260 429
1786270 429
1786280 430
1786290 430
1786300 430
1786310 431
1786320 431
1786330 431
1786340 431
1786350 433
1786360 433
1786370 434
1786380 435
1786390 435
1786400 436
1786410 437
1786420 437
1786430 437
1786440 438
1786450 438
1786460 438
1786470 439
1786480 439
1786490 439
1786500 439
1786510 439
1786520 440
1786530 440
1786540 440
1786550 440
1786560 441
1786570 441
1786580 441
1786590 441
1786600 441
1786610 441
1786620 442
1786630 442
1786640 442
1786650 442
1786660 442
1786670 442
1786680 442
1786690 441
1786700 441
1786710 441
1786720 441
1786730 441
1786740 441
1786750 441
1786760 441
1786770 440
1786780 440
1786790 440
1786800 439
1786810 439
1786820 439
1786830 438
1786840 438
1786850 438
1786860 438
1786870 437
1786880 437
1786890 437
1786900 437
1786910 437
1786920 437
1786930 436
1786940 436
1786950 436
1786960 436
1786970 436
1786980 436
1786990 435
1787000 435
1787010 435
1787020 435
1787030 434
1787040 434
1787050 434
1787060 434
1787070 434
1787080 433
1787090 433
1787100 433
1787110 433
1787120 433
1787130 433
1787140 433
1787150 432
1787160 432
1787170 432
1787180 431
1787190 430
1787200 430
1787210 430
1787220 430
1787230 430
1787240 429
1787250 429
1787260 429
1787270 428
1787280 428
1787290 428
1787300 427
1787310 426
1787320 426
1787330 426
1787340 425
1787350 425
1787360 424
1787370 423
1787380 423
1787390 422
1787400 422
1787410 422
1787420 421
1787430 420
1787440 419
1787450 419
1787460 419
1787470 418
1787480 418
1787490 418
1787500 417
1787510 417
1787520 416
1787530 416
1787540 416
1787550 415
1787560 414
1787570 414
1787580 413
1787590 412
1787600 412
1787610 411
1787620 410
1787630 410
1787640 408
1787650 407
1787660 407
1787670 405
1787680 405
1787690 405
1787700 406
1787710 409
1787720 411
1787730 411
1787740 412
1787750 413
1787760 413
1787770 414
1787780 414
1787790 414
1787800 414
1787810 414
1787820 414
1787830 414
1787840 414
1787850 414
1787860 414
1787870 413
1787880 413
1787890 413
1787900 412
1787910 412
1787920 411
1787930 411
1787940 411
1787950 410
1787960 409
1787970 409
1787980 408
1787990 407
1788000 406
1788010 406
1788020 405
1788030 404
1788040 404
1788050 403
1788060 403
1788070 403
1788080 402
1788090 401
1788100 401
1788110 401
1788120 400
1788130 400
1788140 399
1788150 399
1788160 399
1788170 398
1788180 397
1788190 397
1788200 396
1788210 395
1788220 395
1788230 394
1788240 393
1788250 393
1788260 393
1788270 392
1788280 392
1788290 392
1788300 391
1788310 390
1788320 390
1788330 390
1788340 389
1788350 389
1788360 389
1788370 388
1788380 388
1788390 387
1788400 386
1788410 386
1788420 386
1788430 385
1788440 385
1788450 384
1788460 384
1788470 384
1788480 383
1788490 383
1788500 383
1788510 382
1788520 382
1788530 382
1788540 382
1788550 381
1788560 381
1788570 381
1788580 381
1788590 381
1788600 381
1788610 380
1788620 379
1788630 379
1788640 379
1788650 379
1788660 379
1788670 379
1788680 379
1788690 379
1788700 379
1788710 379
1788720 379
1788730 379
1788740 379
1788750 379
1788760 379
1788770 378
1788780 378
1788790 378
1788800 378
1788810 378
1788820 377
1788830 375
1788840 376
1788850 376
1788860 377
1788870 377
1788880 377
1788890 378
1788900 378
1788910 378
1788920 378
1788930 378
1788940 378
1788950 379
1788960 380
1788970 380
1788980 381
1788990 382
1789000 382
1789010 382
1789020 383
1789030 383
1789040 384
1789050 385
1789060 385
1789070 386
1789080 387
1789090 387
1789100 389
1789110 389
1789120 389
1789130 390
1789140 390
1789150 392
1789160 392
1789170 392
1789180 394
1789190 394
1789200 393
1789210 393
1789220 393
1789230 393
1789240 394
1789250 394
1789260 394
1789270 395
1789280 395
1789290 395
1789300 396
1789310 396
1789320 396
1789330 396
1789340 396
1789350 396
1789360 396
1789370 396
1789380 397
1789390 397
1789400 397
1789410 396
1789420 396
1789430 396
1789440 396
1789450 396
1789460 396
1789470 396
1789480 396
1789490 396
1789500 396
1789510 396
1789520 395
1789530 395
1789540 393
1789550 393
1789560 393
1789570 392
1789580 391
1789590 391
1789600 391
1789610 391
1789620 391
1789630 390
1789640 389
1789650 389
1789660 389
1789670 388
1789680 388
1789690 387
1789700 387
1789710 386
1789720 386
1789730 386
1789740 386
1789750 386
1789760 386
1789770 386
1789780 386
1789790 386
1789800 386
1789810 386
1789820 386
1789830 385
1789840 385
1789850 386
1789860 386
1789870 386
1789880 386
1789890 386
1789900 386
1789910 386
1789920 387
1789930 387
1789940 388
1789950 389
1789960 389
1789970 390
1789980 393
1789990 395
1790000 395
1790010 397
1790020 398
1790030 398
1790040 399
1790050 401
1790060 401
1790070 401
1790080 402
1790090 402
1790100 402
1790110 402
1790120 402
1790130 403
1790140 403
1790150 403
1790160 404
1790170 404
1790180 404
1790190 404
1790200 405
1790210 405
1790220 405
1790230 406
1790240 406
1790250 406
1790260 407
1790270 407
1790280 407
1790290 408
1790300 408
1790310 408
1790320 408
1790330 409
1790340 409
1790350 410
1790360 410
1790370 410
1790380 411
1790390 412
1790400 412
1790410 414
1790420 416
1790430 416
1790440 418
1790450 420
1790460 420
1790470 422
1790480 422
1790490 422
1790500 422
1790510 422
1790520 422
1790530 422
1790540 423
1790550 424
1790560 424
1790570 425
1790580 426
1790590 426
1790600 426
1790610 426
1790620 426
1790630 426
1790640 427
1790650 427
1790660 427
1790670 427
1790680 427
1790690 427
1790700 427
1790710 427
1790720 426
1790730 426
1790740 426
1790750 426
1790760 426
1790770 426
1790780 426
1790790 426
1790800 426
1790810 425
1790820 425
1790830 425
1790840 425
1790850 425
1790860 425
1790870 425
1790880 425
1790890 425
1790900 425
1790910 424
1790920 423
1790930 423
1790940 422
1790950 422
1790960 422
1790970 422
1790980 421
1790990 421
1791000 421
1791010 420
1791020 420
1791030 419
1791040 419
1791050 419
1791060 416
1791070 415
1791080 415
1791090 414
1791100 415
1791110 416
1791120 416
1791130 418
1791140 419
1791150 419
1791160 421
1791170 422
1791180 422
1791190 424
1791200 426
1791210 426
1791220 427
1791230 428
1791240 428
1791250 429
1791260 430
1791270 430
1791280 431
1791290 433
1791300 433
1791310 434
1791320 435
1791330 435
1791340 436
1791350 437
1791360 437
1791370 438
1791380 439
1791390 440
1791400 440
1791410 441
1791420 442
1791430 442
1791440 443
1791450 444
1791460 444
1791470 445
1791480 446
1791490 446
1791500 447
1791510 448
1791520 448
1791530 449
1791540 450
1791550 450
1791560 451
1791570 451
1791580 451
1791590 452
1791600 453
1791610 453
1791620 453
1791630 454
1791640 454
1791650 455
1791660 456
1791670 456
1791680 456
1791690 457
1791700 457
1791710 457
1791720 458
1791730 459
1791740 459
1791750 459
1791760 460
1791770 460
1791780 460
1791790 460
1791800 460
1791810 459
1791820 458
1791830 458
1791840 457
1791850 456
1791860 456
1791870 455
1791880 454
1791890 454
1791900 453
1791910 452
1791920 452
1791930 451
1791940 450
1791950 449
1791960 449
1791970 448
1791980 447
1791990 447
1792000 445
1792010 442
1792020 442
1792030 440
1792040 440
1792050 440
1792060 439
1792070 437
1792080 437
1792090 435
1792100 433
1792110 433
1792120 431
1792130 430
1792140 430
1792150 429
1792160 428
1792170 428
1792180 426
1792190 425
1792200 425
1792210 425
1792220 423
1792230 422
1792240 422
1792250 420
1792260 417
1792270 417
1792280 415
1792290 420
1792300 420
1792310 424
1792320 425
1792330 425
1792340 425
1792350 424
1792360 424
1792370 424
1792380 424
1792390 424
1792400 425
1792410 425
1792420 425
1792430 424
1792440 423
1792450 423
1792460 422
1792470 420
1792480 420
1792490 418
1792500 417
1792510 417
1792520 416
1792530 414
1792540 413
1792550 413
1792560 412
1792570 409
1792580 409
1792590 407
1792600 407
1792610 407
1792620 407
1792630 407
1792640 407
1792650 407
1792660 407
1792670 407
1792680 407
1792690 407
1792700 407
1792710 408
1792720 409
1792730 409
1792740 410
1792750 410
1792760 410
1792770 411
1792780 411
1792790 411
1792800 411
1792810 412
1792820 413
1792830 413
1792840 414
1792850 415
1792860 415
1792870 415
1792880 416
1792890 416
1792900 417
1792910 418
1792920 418
1792930 418
1792940 420
1792950 420
1792960 420
1792970 421
1792980 421
1792990 421
1793000 422
1793010 423
1793020 423
1793030 423
1793040 423
