1780000 491
1780010 491
1780020 492
1780030 492
1780040 492
1780050 492
1780060 494
1780070 494
1780080 494
1780090 494
1780100 494
1780110 494
1780120 494
1780130 494
1780140 494
1780150 494
1780160 494
1780170 494
1780180 494
1780190 494
1780200 494
1780210 493
1780220 493
1780230 493
1780240 492
1780250 492
1780260 492
1780270 491
1780280 491
1780290 491
1780300 491
1780310 491
1780320 491
1780330 488
1780340 487
1780350 487
1780360 486
1780370 485
1780380 485
1780390 483
1780400 482
1780410 482
1780420 481
1780430 481
1780440 481
1780450 482
1780460 482
1780470 481
1780480 481
1780490 481
1780500 481
1780510 481
1780520 481
1780530 482
1780540 482
1780550 483
1780560 483
1780570 483
1780580 482
1780590 482
1780600 482
1780610 482
1780620 482
1780630 483
1780640 484
1780650 484
1780660 484
1780670 484
1780680 485
1780690 485
1780700 485
1780710 486
1780720 486
1780730 486
1780740 487
1780750 487
1780760 487
1780770 487
1780780 487
1780790 487
1780800 488
1780810 488
1780820 488
1780830 488
1780840 487
1780850 487
1780860 487
1780870 486
1780880 486
1780890 485
1780900 484
1780910 484
1780920 484
1780930 483
1780940 483
1780950 482
1780960 481
1780970 481
1780980 480
1780990 480
1781000 480
1781010 479
1781020 478
1781030 473
1781040 473
1781050 469
1781060 470
1781070 470
1781080 473
1781090 473
1781100 473
1781110 472
1781120 471
1781130 471
1781140 471
1781150 470
1781160 470
1781170 468
1781180 466
1781190 466
1781200 467
1781210 466
1781220 466
1781230 465
1781240 464
1781250 464
1781260 464
1781270 463
1781280 463
1781290 462
1781300 462
1781310 462
1781320 462
1781330 461
1781340 458
1781350 458
1781360 457
1781370 459
1781380 459
1781390 455
1781400 454
1781410 454
1781420 454
1781430 455
1781440 455
1781450 457
1781460 457
1781470 457
1781480 455
1781490 454
1781500 454
1781510 453
1781520 452
1781530 452
1781540 449
1781550 446
1781560 446
1781570 446
1781580 446
1781590 446
1781600 444
1781610 440
1781620 438
1781630 438
1781640 436
1781650 435
1781660 435
1781670 437
1781680 437
1781690 437
1781700 436
1781710 435
1781720 435
1781730 434
1781740 436
1781750 436
1781760 436
1781770 436
1781780 432
1781790 431
1781800 431
1781810 431
1781820 430
1781830 430
1781840 430
1781850 430
1781860 430
1781870 430
1781880 430
1781890 432
1781900 435
1781910 435
1781920 437
1781930 437
1781940 437
1781950 435
1781960 431
1781970 431
1781980 433
1781990 433
1782000 433
1782010 431
1782020 431
1782030 431
1782040 429
1782050 431
1782060 431
1782070 432
1782080 434
1782090 434
1782100 434
1782110 433
1782120 433
1782130 434
1782140 434
1782150 434
1782160 434
1782170 433
1782180 433
1782190 433
1782200 431
1782210 431
1782220 431
1782230 430
1782240 428
1782250 428
1782260 428
1782270 427
1782280 427
1782290 426
1782300 425
1782310 425
1782320 424
1782330 424
1782340 424
1782350 423
1782360 423
1782370 423
1782380 422
1782390 421
1782400 421
1782410 421
1782420 420
1782430 420
1782440 420
1782450 420
1782460 419
1782470 419
1782480 419
1782490 419
1782500 419
1782510 418
1782520 418
1782530 418
1782540 417
1782550 417
1782560 417
1782570 416
1782580 416
1782590 416
1782600 416
1782610 415
1782620 415
1782630 415
1782640 414
1782650 414
1782660 414
1782670 414
1782680 414
1782690 413
1782700 413
1782710 413
1782720 413
1782730 413
1782740 413
1782750 412
1782760 412
1782770 413
1782780 413
1782790 414
1782800 414
1782810 414
1782820 411
1782830 410
1782840 410
1782850 410
1782860 409
1782870 409
1782880 409
1782890 409
1782900 409
1782910 409
1782920 408
1782930 408
1782940 409
1782950 408
1782960 408
1782970 407
1782980 407
1782990 407
1783000 406
1783010 404
1783020 404
1783030 403
1783040 402
1783050 403
1783060 403
1783070 403
1783080 403
1783090 403
1783100 403
1783110 403
1783120 403
1783130 403
1783140 403
1783150 403
1783160 403
1783170 403
1783180 403
1783190 403
1783200 401
1783210 401
1783220 403
1783230 403
1783240 403
1783250 403
1783260 403
1783270 403
1783280 404
1783290 404
1783300 404
1783310 404
1783320 404
1783330 404
1783340 404
1783350 404
1783360 404
1783370 404
1783380 404
1783390 404
1783400 404
1783410 403
1783420 403
1783430 403
1783440 403
1783450 403
1783460 403
1783470 403
1783480 403
1783490 403
1783500 403
1783510 402
1783520 402
1783530 403
1783540 403
1783550 403
1783560 403
1783570 403
1783580 403
1783590 403
1783600 403
1783610 403
1783620 403
1783630 403
1783640 403
1783650 403
1783660 403
1783670 403
1783680 403
1783690 403
1783700 403
1783710 403
1783720 402
1783730 402
1783740 402
1783750 402
1783760 402
1783770 402
1783780 402
1783790 403
1783800 403
1783810 403
1783820 403
1783830 403
1783840 403
1783850 403
1783860 403
1783870 404
1783880 404
1783890 404
1783900 405
1783910 405
1783920 405
1783930 405
1783940 405
1783950 405
1783960 405
1783970 405
1783980 405
1783990 405
1784000 405
1784010 405
1784020 405
1784030 405
1784040 406
1784050 406
1784060 406
1784070 406
1784080 406
1784090 406
1784100 407
1784110 407
1784120 407
1784130 408
1784140 408
1784150 410
1784160 410
1784170 410
1784180 410
1784190 410
1784200 410
1784210 410
1784220 411
1784230 411
1784240 411
1784250 412
1784260 412
1784270 412
1784280 413
1784290 413
1784300 413
1784310 414
1784320 415
1784330 415
1784340 415
1784350 415
1784360 415
1784370 416
1784380 417
1784390 417
1784400 418
1784410 421
1784420 421
1784430 422
1784440 423
1784450 423
1784460 424
1784470 425
1784480 427
1784490 427
1784500 429
1784510 431
1784520 431
1784530 434
1784540 435
1784550 435
1784560 434
1784570 435
1784580 435
1784590 437
1784600 438
1784610 438
1784620 439
1784630 441
1784640 441
1784650 442
1784660 442
1784670 442
1784680 444
1784690 445
1784700 445
1784710 445
1784720 446
1784730 446
1784740 448
1784750 448
1784760 448
1784770 448
1784780 449
1784790 451
1784800 451
1784810 452
1784820 454
1784830 454
1784840 455
1784850 456
1784860 456
1784870 458
1784880 459
1784890 459
1784900 460
1784910 462
1784920 462
1784930 463
1784940 464
1784950 464
1784960 465
1784970 467
1784980 467
1784990 468
1785000 470
1785010 470
1785020 471
1785030 472
1785040 472
1785050 474
1785060 475
1785070 477
1785080 477
1785090 477
1785100 478
1785110 478
1785120 481
1785130 482
1785140 482
1785150 482
1785160 483
1785170 483
1785180 484
1785190 485
1785200 485
1785210 486
1785220 486
1785230 486
1785240 487
1785250 488
1785260 488
1785270 489
1785280 489
1785290 489
1785300 490
1785310 492
1785320 492
1785330 492
1785340 492
1785350 493
1785360 493
1785370 493
1785380 493
1785390 493
1785400 493
1785410 493
1785420 493
1785430 493
1785440 492
1785450 492
1785460 492
1785470 491
1785480 491
1785490 491
1785500 490
1785510 490
1785520 490
1785530 489
1785540 489
1785550 488
1785560 488
1785570 488
1785580 487
1785590 487
1785600 487
1785610 486
1785620 485
1785630 484
1785640 484
1785650 483
1785660 483
1785670 483
1785680 482
1785690 481
1785700 481
1785710 481
1785720 480
1785730 480
1785740 480
1785750 479
1785760 479
1785770 478
1785780 477
1785790 477
1785800 477
1785810 476
1785820 476
1785830 476
1785840 476
1785850 476
1785860 475
1785870 475
1785880 475
1785890 474
1785900 473
1785910 473
1785920 473
1785930 472
1785940 470
1785950 470
1785960 468
1785970 468
1785980 468
1785990 466
1786000 465
1786010 465
1786020 464
1786030 464
1786040 464
1786050 463
1786060 462
1786070 462
1786080 461
1786090 461
1786100 461
1786110 460
1786120 459
1786130 459
1786140 458
1786150 458
1786160 458
1786170 457
1786180 456
1786190 455
1786200 455
1786210 454
1786220 453
1786230 453
1786240 452
1786250 451
1786260 451
1786270 451
1786280 450
1786290 450
1786300 449
1786310 449
1786320 449
1786330 448
1786340 448
1786350 448
1786360 447
1786370 446
1786380 446
1786390 444
1786400 442
1786410 442
1786420 441
1786430 440
1786440 440
1786450 440
1786460 439
1786470 439
1786480 440
1786490 439
1786500 439
1786510 439
1786520 438
1786530 437
1786540 437
1786550 436
1786560 434
1786570 434
1786580 432
1786590 432
1786600 432
1786610 431
1786620 432
1786630 432
1786640 430
1786650 431
1786660 431
1786670 431
1786680 430
1786690 430
1786700 429
1786710 429
1786720 429
1786730 428
1786740 428
1786750 428
1786760 427
1786770 427
1786780 426
1786790 426
1786800 426
1786810 426
1786820 426
1786830 427
1786840 427
1786850 427
1786860 426
1786870 425
1786880 425
1786890 425
1786900 426
1786910 426
1786920 426
1786930 426
1786940 426
1786950 426
1786960 426
1786970 426
1786980 425
1786990 425
1787000 425
1787010 424
1787020 424
1787030 424
1787040 423
1787050 422
1787060 422
1787070 422
1787080 422
1787090 421
1787100 421
1787110 421
1787120 421
1787130 421
1787140 420
1787150 419
1787160 419
1787170 419
1787180 418
1787190 418
1787200 418
1787210 417
1787220 417
1787230 416
1787240 416
1787250 416
1787260 415
1787270 415
1787280 415
1787290 415
1787300 413
1787310 413
1787320 413
1787330 412
1787340 411
1787350 411
1787360 410
1787370 410
1787380 410
1787390 409
1787400 408
1787410 408
1787420 407
1787430 406
1787440 406
1787450 406
1787460 405
1787470 405
1787480 404
1787490 403
1787500 403
1787510 402
1787520 402
1787530 402
1787540 401
1787550 400
1787560 400
1787570 399
1787580 397
1787590 397
1787600 398
1787610 398
1787620 398
1787630 397
1787640 397
1787650 397
1787660 397
1787670 397
1787680 397
1787690 397
1787700 397
1787710 397
1787720 397
1787730 397
1787740 397
1787750 397
1787760 397
1787770 397
1787780 397
1787790 397
1787800 396
1787810 396
1787820 396
1787830 396
1787840 396
1787850 396
1787860 395
1787870 395
1787880 395
1787890 395
1787900 395
1787910 395
1787920 395
1787930 394
1787940 394
1787950 394
1787960 394
1787970 394
1787980 393
1787990 393
1788000 393
1788010 393
1788020 392
1788030 392
1788040 392
1788050 392
1788060 392
1788070 391
1788080 390
1788090 390
1788100 390
1788110 389
1788120 389
1788130 390
1788140 390
1788150 390
1788160 393
1788170 393
1788180 393
1788190 393
1788200 393
1788210 393
1788220 393
1788230 393
1788240 393
1788250 393
1788260 393
1788270 393
1788280 393
1788290 393
1788300 394
1788310 394
1788320 394
1788330 394
1788340 394
1788350 394
1788360 395
1788370 395
1788380 395
1788390 395
1788400 395
1788410 395
1788420 396
1788430 396
1788440 396
1788450 398
1788460 398
1788470 398
1788480 399
1788490 399
1788500 399
1788510 400
1788520 403
1788530 403
1788540 404
1788550 405
1788560 405
1788570 408
1788580 409
1788590 409
1788600 410
1788610 412
1788620 412
1788630 412
1788640 412
1788650 412
1788660 412
1788670 413
1788680 413
1788690 413
1788700 414
1788710 414
1788720 414
1788730 414
1788740 414
1788750 414
1788760 414
1788770 414
1788780 414
1788790 415
1788800 414
1788810 414
1788820 414
1788830 414
1788840 414
1788850 414
1788860 414
1788870 414
1788880 414
1788890 413
1788900 413
1788910 413
1788920 413
1788930 413
1788940 412
1788950 411
1788960 411
1788970 411
1788980 409
1788990 409
1789000 409
1789010 409
1789020 409
1789030 408
1789040 408
1789050 408
1789060 408
1789070 408
1789080 408
1789090 408
1789100 408
1789110 407
1789120 407
1789130 407
1789140 408
1789150 408
1789160 409
1789170 410
1789180 410
1789190 410
1789200 410
1789210 410
1789220 409
1789230 407
1789240 407
1789250 405
1789260 404
1789270 404
1789280 404
1789290 403
1789300 403
1789310 403
1789320 403
1789330 403
1789340 403
1789350 403
1789360 402
1789370 402
1789380 403
1789390 406
1789400 406
1789410 406
1789420 406
1789430 406
1789440 406
1789450 406
1789460 406
1789470 406
1789480 406
1789490 406
1789500 406
1789510 406
1789520 406
1789530 405
1789540 406
1789550 406
1789560 406
1789570 406
1789580 406
1789590 407
1789600 407
1789610 407
1789620 407
1789630 407
1789640 407
1789650 407
1789660 405
1789670 403
1789680 403
1789690 403
1789700 403
1789710 403
1789720 403
1789730 403
1789740 403
1789750 404
1789760 404
1789770 404
1789780 405
1789790 406
1789800 406
1789810 407
1789820 404
1789830 404
1789840 407
1789850 405
1789860 405
1789870 405
1789880 405
1789890 405
1789900 405
1789910 406
1789920 406
1789930 407
1789940 406
1789950 405
1789960 405
1789970 405
1789980 405
1789990 405
1790000 405
1790010 405
1790020 405
1790030 405
1790040 405
1790050 405
1790060 405
1790070 408
1790080 408
1790090 408
1790100 409
1790110 409
1790120 410
1790130 412
1790140 412
1790150 412
1790160 413
1790170 413
1790180 414
1790190 414
1790200 414
1790210 415
1790220 415
1790230 416
1790240 416
1790250 417
1790260 418
1790270 418
1790280 420
1790290 421
1790300 421
1790310 423
1790320 425
1790330 425
1790340 430
1790350 433
1790360 433
1790370 435
1790380 437
1790390 437
1790400 439
1790410 440
1790420 440
1790430 442
1790440 444
1790450 444
1790460 445
1790470 447
1790480 447
1790490 448
1790500 449
1790510 450
1790520 450
1790530 451
1790540 452
1790550 452
1790560 453
1790570 455
1790580 455
1790590 455
1790600 451
1790610 451
1790620 451
1790630 451
1790640 451
1790650 451
1790660 455
1790670 455
1790680 458
1790690 462
1790700 462
1790710 465
1790720 467
1790730 467
1790740 467
1790750 468
1790760 468
1790770 469
1790780 470
1790790 471
1790800 471
1790810 472
1790820 473
1790830 473
1790840 473
1790850 474
1790860 474
1790870 475
1790880 476
1790890 476
1790900 476
1790910 477
1790920 477
1790930 478
1790940 478
1790950 478
1790960 479
1790970 480
1790980 480
1790990 481
1791000 481
1791010 481
1791020 481
1791030 482
1791040 482
1791050 482
1791060 481
1791070 481
1791080 481
1791090 481
1791100 481
1791110 481
1791120 481
1791130 480
1791140 480
1791150 479
1791160 478
1791170 478
1791180 477
1791190 476
1791200 476
1791210 475
1791220 475
1791230 475
1791240 474
1791250 473
1791260 473
1791270 473
1791280 472
1791290 472
1791300 471
1791310 471
1791320 471
1791330 470
1791340 470
1791350 470
1791360 469
1791370 469
1791380 468
1791390 468
1791400 467
1791410 467
1791420 467
1791430 466
1791440 466
1791450 466
1791460 466
1791470 466
1791480 466
1791490 466
1791500 466
1791510 466
1791520 466
1791530 466
1791540 466
1791550 466
1791560 466
1791570 466
1791580 467
1791590 467
1791600 467
1791610 467
1791620 468
1791630 468
1791640 468
1791650 468
1791660 469
1791670 469
1791680 469
1791690 470
1791700 470
1791710 470
1791720 471
1791730 471
1791740 471
1791750 472
1791760 472
1791770 473
1791780 474
1791790 474
1791800 474
1791810 475
1791820 475
1791830 476
1791840 476
1791850 476
1791860 477
1791870 478
1791880 478
1791890 478
1791900 479
1791910 479
1791920 480
1791930 480
1791940 481
1791950 481
1791960 481
1791970 481
1791980 481
1791990 482
1792000 482
1792010 482
1792020 483
1792030 483
1792040 483
1792050 484
1792060 484
1792070 484
1792080 485
1792090 485
1792100 485
1792110 486
1792120 488
1792130 488
1792140 489
1792150 490
1792160 490
1792170 491
1792180 492
1792190 492
1792200 493
1792210 495
1792220 497
1792230 497
1792240 499
1792250 500
1792260 500
1792270 502
1792280 504
1792290 504
1792300 506
1792310 507
1792320 507
1792330 508
1792340 508
1792350 508
1792360 508
1792370 508
1792380 508
1792390 508
1792400 508
1792410 508
1792420 507
1792430 507
1792440 507
1792450 506
1792460 505
1792470 505
1792480 503
1792490 501
1792500 501
1792510 500
1792520 499
1792530 498
1792540 498
1792550 497
1792560 496
1792570 496
1792580 495
1792590 494
1792600 494
1792610 493
1792620 492
1792630 492
1792640 491
1792650 490
1792660 488
1792670 487
1792680 486
1792690 486
1792700 485
1792710 485
1792720 485
1792730 484
1792740 483
1792750 483
1792760 483
1792770 482
1792780 482
1792790 482
1792800 482
1792810 482
1792820 482
1792830 482
1792840 481
1792850 481
1792860 481
1792870 480
1792880 480
1792890 480
1792900 480
1792910 480
1792920 480
1792930 480
1792940 480
1792950 479
1792960 478
1792970 478
1792980 478
1792990 477
1793000 477
1793010 477
1793020 477
1793030 477
