1780000 451
1780010 451
1780020 451
1780030 451
1780040 451
1780050 451
1780060 451
1780070 452
1780080 452
1780090 454
1780100 458
1780110 462
1780120 462
1780130 464
1780140 461
1780150 461
1780160 465
1780170 467
1780180 467
1780190 468
1780200 470
1780210 470
1780220 471
1780230 472
1780240 472
1780250 472
1780260 472
1780270 472
1780280 473
1780290 474
1780300 474
1780310 474
1780320 475
1780330 475
1780340 476
1780350 476
1780360 476
1780370 475
1780380 476
1780390 477
1780400 477
1780410 477
1780420 477
1780430 477
1780440 478
1780450 478
1780460 478
1780470 478
1780480 477
1780490 477
1780500 477
1780510 476
1780520 476
1780530 475
1780540 474
1780550 474
1780560 473
1780570 472
1780580 472
1780590 472
1780600 471
1780610 471
1780620 471
1780630 470
1780640 470
1780650 469
1780660 468
1780670 468
1780680 467
1780690 467
1780700 466
1780710 466
1780720 465
1780730 464
1780740 464
1780750 462
1780760 461
1780770 461
1780780 466
1780790 466
1780800 466
1780810 461
1780820 458
1780830 458
1780840 459
1780850 461
1780860 461
1780870 460
1780880 459
1780890 459
1780900 462
1780910 466
1780920 466
1780930 467
1780940 467
1780950 467
1780960 468
1780970 469
1780980 470
1780990 470
1781000 471
1781010 473
1781020 473
1781030 474
1781040 475
1781050 475
1781060 476
1781070 478
1781080 478
1781090 479
1781100 480
1781110 480
1781120 481
1781130 483
1781140 483
1781150 484
1781160 486
1781170 486
1781180 487
1781190 488
1781200 488
1781210 489
1781220 490
1781230 490
1781240 490
1781250 489
1781260 489
1781270 489
1781280 488
1781290 487
1781300 487
1781310 485
1781320 485
1781330 485
1781340 485
1781350 485
1781360 485
1781370 485
1781380 485
1781390 485
1781400 484
1781410 484
1781420 484
1781430 483
1781440 482
1781450 482
1781460 480
1781470 478
1781480 478
1781490 477
1781500 476
1781510 476
1781520 476
1781530 474
1781540 474
1781550 474
1781560 473
1781570 472
1781580 472
1781590 471
1781600 470
1781610 470
1781620 469
1781630 469
1781640 469
1781650 468
1781660 468
1781670 468
1781680 466
1781690 465
1781700 465
1781710 465
1781720 462
1781730 462
1781740 460
1781750 461
1781760 461
1781770 459
1781780 459
1781790 459
1781800 458
1781810 458
1781820 457
1781830 457
1781840 453
1781850 452
1781860 452
1781870 453
1781880 448
1781890 448
1781900 448
1781910 450
1781920 450
1781930 452
1781940 452
1781950 452
1781960 448
1781970 444
1781980 444
1781990 445
1782000 448
1782010 448
1782020 449
1782030 448
1782040 448
1782050 447
1782060 446
1782070 446
1782080 445
1782090 444
1782100 444
1782110 444
1782120 443
1782130 442
1782140 442
1782150 441
1782160 441
1782170 441
1782180 440
1782190 439
1782200 439
1782210 439
1782220 438
1782230 438
1782240 437
1782250 435
1782260 435
1782270 435
1782280 435
1782290 435
1782300 434
1782310 434
1782320 434
1782330 433
1782340 432
1782350 432
1782360 432
1782370 431
1782380 431
1782390 430
1782400 430
1782410 430
1782420 430
1782430 429
1782440 428
1782450 428
1782460 428
1782470 427
1782480 427
1782490 427
1782500 427
1782510 427
1782520 426
1782530 425
1782540 425
1782550 425
1782560 425
1782570 425
1782580 424
1782590 423
1782600 423
1782610 422
1782620 422
1782630 422
1782640 421
1782650 421
1782660 421
1782670 420
1782680 419
1782690 419
1782700 419
1782710 418
1782720 418
1782730 418
1782740 417
1782750 417
1782760 417
1782770 416
1782780 416
1782790 416
1782800 416
1782810 415
1782820 415
1782830 415
1782840 415
1782850 415
1782860 415
1782870 415
1782880 415
1782890 414
1782900 413
1782910 413
1782920 412
1782930 412
1782940 412
1782950 411
1782960 410
1782970 410
1782980 410
1782990 409
1783000 409
1783010 409
1783020 409
1783030 409
1783040 409
1783050 408
1783060 408
1783070 408
1783080 408
1783090 408
1783100 408
1783110 407
1783120 407
1783130 407
1783140 407
1783150 406
1783160 406
1783170 406
1783180 406
1783190 406
1783200 406
1783210 405
1783220 405
1783230 405
1783240 405
1783250 405
1783260 405
1783270 405
1783280 405
1783290 405
1783300 404
1783310 404
1783320 404
1783330 404
1783340 404
1783350 404
1783360 404
1783370 404
1783380 404
1783390 403
1783400 403
1783410 403
1783420 401
1783430 401
1783440 401
1783450 402
1783460 402
1783470 402
1783480 402
1783490 403
1783500 403
1783510 403
1783520 403
1783530 403
1783540 403
1783550 401
1783560 401
1783570 401
1783580 401
1783590 401
1783600 401
1783610 401
1783620 401
1783630 401
1783640 401
1783650 401
1783660 401
1783670 401
1783680 401
1783690 401
1783700 401
1783710 401
1783720 401
1783730 401
1783740 401
1783750 401
1783760 401
1783770 401
1783780 401
1783790 400
1783800 400
1783810 400
1783820 400
1783830 400
1783840 400
1783850 400
1783860 400
1783870 400
1783880 400
1783890 400
1783900 400
1783910 400
1783920 400
1783930 399
1783940 399
1783950 399
1783960 399
1783970 399
1783980 399
1783990 397
1784000 397
1784010 397
1784020 398
1784030 398
1784040 398
1784050 400
1784060 400
1784070 400
1784080 400
1784090 400
1784100 400
1784110 400
1784120 399
1784130 399
1784140 399
1784150 398
1784160 398
1784170 398
1784180 398
1784190 398
1784200 398
1784210 398
1784220 398
1784230 399
1784240 399
1784250 399
1784260 399
1784270 399
1784280 399
1784290 400
1784300 401
1784310 401
1784320 404
1784330 405
1784340 405
1784350 407
1784360 408
1784370 408
1784380 409
1784390 410
1784400 411
1784410 411
1784420 412
1784430 412
1784440 412
1784450 413
1784460 414
1784470 414
1784480 415
1784490 416
1784500 416
1784510 417
1784520 418
1784530 418
1784540 419
1784550 419
1784560 419
1784570 419
1784580 420
1784590 420
1784600 420
1784610 421
1784620 421
1784630 422
1784640 422
1784650 422
1784660 422
1784670 422
1784680 423
1784690 423
1784700 423
1784710 423
1784720 423
1784730 424
1784740 424
1784750 424
1784760 426
1784770 426
1784780 426
1784790 427
1784800 429
1784810 429
1784820 429
1784830 431
1784840 431
1784850 433
1784860 434
1784870 434
1784880 435
1784890 436
1784900 436
1784910 437
1784920 439
1784930 439
1784940 439
1784950 442
1784960 442
1784970 443
1784980 446
1784990 449
1785000 449
1785010 450
1785020 451
1785030 451
1785040 452
1785050 453
1785060 453
1785070 455
1785080 457
1785090 457
1785100 457
1785110 459
1785120 459
1785130 461
1785140 463
1785150 463
1785160 465
1785170 467
1785180 467
1785190 472
1785200 473
1785210 473
1785220 473
1785230 474
1785240 474
1785250 474
1785260 475
1785270 476
1785280 476
1785290 476
1785300 477
1785310 477
1785320 478
1785330 479
1785340 479
1785350 480
1785360 481
1785370 481
1785380 482
1785390 483
1785400 483
1785410 484
1785420 484
1785430 484
1785440 485
1785450 485
1785460 485
1785470 485
1785480 486
1785490 486
1785500 486
1785510 486
1785520 486
1785530 486
1785540 486
1785550 486
1785560 486
1785570 485
1785580 485
1785590 485
1785600 485
1785610 485
1785620 485
1785630 484
1785640 484
1785650 484
1785660 484
1785670 483
1785680 483
1785690 483
1785700 483
1785710 483
1785720 482
1785730 481
1785740 481
1785750 481
1785760 481
1785770 481
1785780 481
1785790 480
1785800 480
1785810 480
1785820 480
1785830 479
1785840 479
1785850 479
1785860 478
1785870 478
1785880 478
1785890 477
1785900 477
1785910 477
1785920 476
1785930 476
1785940 476
1785950 475
1785960 475
1785970 475
1785980 474
1785990 474
1786000 473
1786010 473
1786020 473
1786030 472
1786040 472
1786050 472
1786060 471
1786070 471
1786080 471
1786090 470
1786100 469
1786110 469
1786120 469
1786130 468
1786140 468
1786150 468
1786160 467
1786170 467
1786180 467
1786190 466
1786200 465
1786210 465
1786220 465
1786230 464
1786240 464
1786250 464
1786260 463
1786270 463
1786280 462
1786290 461
1786300 461
1786310 461
1786320 460
1786330 460
1786340 460
1786350 459
1786360 459
1786370 459
1786380 458
1786390 458
1786400 458
1786410 457
1786420 456
1786430 456
1786440 456
1786450 455
1786460 455
1786470 454
1786480 454
1786490 454
1786500 453
1786510 453
1786520 453
1786530 452
1786540 452
1786550 452
1786560 451
1786570 450
1786580 450
1786590 449
1786600 448
1786610 448
1786620 447
1786630 447
1786640 447
1786650 446
1786660 445
1786670 445
1786680 445
1786690 445
1786700 444
1786710 444
1786720 442
1786730 440
1786740 440
1786750 440
1786760 438
1786770 438
1786780 440
1786790 438
1786800 438
1786810 437
1786820 437
1786830 437
1786840 437
1786850 437
1786860 437
1786870 437
1786880 436
1786890 436
1786900 436
1786910 435
1786920 435
1786930 434
1786940 433
1786950 433
1786960 432
1786970 432
1786980 431
1786990 431
1787000 430
1787010 429
1787020 429
1787030 428
1787040 428
1787050 428
1787060 426
1787070 425
1787080 425
1787090 425
1787100 424
1787110 425
1787120 425
1787130 423
1787140 423
1787150 423
1787160 423
1787170 423
1787180 423
1787190 423
1787200 423
1787210 422
1787220 422
1787230 422
1787240 421
1787250 421
1787260 420
1787270 420
1787280 420
1787290 419
1787300 419
1787310 419
1787320 418
1787330 418
1787340 417
1787350 417
1787360 417
1787370 416
1787380 415
1787390 415
1787400 414
1787410 414
1787420 414
1787430 413
1787440 412
1787450 412
1787460 411
1787470 411
1787480 411
1787490 410
1787500 409
1787510 409
1787520 408
1787530 408
1787540 408
1787550 408
1787560 407
1787570 407
1787580 407
1787590 406
1787600 406
1787610 406
1787620 405
1787630 404
1787640 404
1787650 403
1787660 403
1787670 403
1787680 402
1787690 401
1787700 401
1787710 401
1787720 400
1787730 400
1787740 400
1787750 399
1787760 399
1787770 399
1787780 399
1787790 399
1787800 398
1787810 398
1787820 398
1787830 397
1787840 396
1787850 395
1787860 395
1787870 394
1787880 394
1787890 394
1787900 394
1787910 394
1787920 394
1787930 394
1787940 394
1787950 394
1787960 394
1787970 393
1787980 393
1787990 393
1788000 392
1788010 392
1788020 392
1788030 392
1788040 392
1788050 391
1788060 391
1788070 391
1788080 391
1788090 390
1788100 390
1788110 389
1788120 388
1788130 387
1788140 387
1788150 389
1788160 389
1788170 389
1788180 388
1788190 389
1788200 389
1788210 389
1788220 390
1788230 390
1788240 390
1788250 390
1788260 390
1788270 390
1788280 390
1788290 390
1788300 390
1788310 390
1788320 390
1788330 390
1788340 390
1788350 390
1788360 390
1788370 390
1788380 390
1788390 391
1788400 391
1788410 391
1788420 391
1788430 391
1788440 390
1788450 390
1788460 390
1788470 390
1788480 390
1788490 391
1788500 391
1788510 391
1788520 392
1788530 392
1788540 392
1788550 392
1788560 394
1788570 394
1788580 394
1788590 394
1788600 394
1788610 395
1788620 396
1788630 396
1788640 396
1788650 397
1788660 397
1788670 397
1788680 397
1788690 397
1788700 397
1788710 397
1788720 397
1788730 397
1788740 396
1788750 396
1788760 396
1788770 395
1788780 395
1788790 395
1788800 395
1788810 395
1788820 395
1788830 395
1788840 396
1788850 396
1788860 396
1788870 395
1788880 395
1788890 394
1788900 394
1788910 394
1788920 394
1788930 398
1788940 398
1788950 394
1788960 394
1788970 394
1788980 396
1788990 392
1789000 393
1789010 393
1789020 394
1789030 395
1789040 395
1789050 395
1789060 395
1789070 395
1789080 395
1789090 396
1789100 396
1789110 396
1789120 396
1789130 396
1789140 396
1789150 397
1789160 397
1789170 398
1789180 399
1789190 399
1789200 400
1789210 402
1789220 402
1789230 404
1789240 406
1789250 406
1789260 408
1789270 410
1789280 412
1789290 412
1789300 413
1789310 415
1789320 415
1789330 416
1789340 417
1789350 417
1789360 418
1789370 419
1789380 419
1789390 420
1789400 421
1789410 421
1789420 422
1789430 424
1789440 424
1789450 425
1789460 425
1789470 425
1789480 426
1789490 427
1789500 427
1789510 429
1789520 429
1789530 429
1789540 431
1789550 432
1789560 433
1789570 433
1789580 435
1789590 436
1789600 436
1789610 437
1789620 438
1789630 438
1789640 439
1789650 441
1789660 441
1789670 442
1789680 443
1789690 443
1789700 444
1789710 444
1789720 444
1789730 445
1789740 445
1789750 445
1789760 445
1789770 445
1789780 445
1789790 445
1789800 445
1789810 445
1789820 444
1789830 444
1789840 444
1789850 444
1789860 443
1789870 443
1789880 443
1789890 443
1789900 442
1789910 442
1789920 440
1789930 439
1789940 439
1789950 438
1789960 437
1789970 437
1789980 437
1789990 436
1790000 436
1790010 434
1790020 432
1790030 432
1790040 431
1790050 429
1790060 429
1790070 428
1790080 427
1790090 427
1790100 426
1790110 425
1790120 424
1790130 424
1790140 420
1790150 423
1790160 423
1790170 423
1790180 423
1790190 423
1790200 424
1790210 425
1790220 425
1790230 426
1790240 427
1790250 427
1790260 429
1790270 430
1790280 430
1790290 432
1790300 433
1790310 433
1790320 434
1790330 436
1790340 436
1790350 437
1790360 438
1790370 438
1790380 440
1790390 441
1790400 441
1790410 445
1790420 445
1790430 445
1790440 445
1790450 446
1790460 448
1790470 448
1790480 449
1790490 449
1790500 449
1790510 451
1790520 452
1790530 452
1790540 453
1790550 454
1790560 454
1790570 455
1790580 457
1790590 457
1790600 459
1790610 460
1790620 460
1790630 460
1790640 461
1790650 461
1790660 461
1790670 461
1790680 461
1790690 462
1790700 462
1790710 462
1790720 462
1790730 462
1790740 462
1790750 462
1790760 463
1790770 462
1790780 462
1790790 462
1790800 462
1790810 462
1790820 462
1790830 462
1790840 462
1790850 462
1790860 461
1790870 461
1790880 462
1790890 462
1790900 462
1790910 462
1790920 463
1790930 463
1790940 463
1790950 464
1790960 464
1790970 464
1790980 465
1790990 465
1791000 465
1791010 465
1791020 466
1791030 466
1791040 466
1791050 467
1791060 467
1791070 468
1791080 468
1791090 468
1791100 469
1791110 470
1791120 470
1791130 471
1791140 471
1791150 471
1791160 472
1791170 473
1791180 473
1791190 474
1791200 475
1791210 475
1791220 476
1791230 477
1791240 477
1791250 478
1791260 478
1791270 479
1791280 479
1791290 478
1791300 478
1791310 478
1791320 477
1791330 476
1791340 476
1791350 475
1791360 475
1791370 475
1791380 474
1791390 473
1791400 473
1791410 472
1791420 471
1791430 471
1791440 470
1791450 468
1791460 468
1791470 466
1791480 465
1791490 465
1791500 464
1791510 463
1791520 463
1791530 462
1791540 461
1791550 460
1791560 460
1791570 459
1791580 458
1791590 458
1791600 457
1791610 456
1791620 456
1791630 455
1791640 454
1791650 454
1791660 453
1791670 452
1791680 452
1791690 451
1791700 450
1791710 450
1791720 445
1791730 445
1791740 445
1791750 446
1791760 450
1791770 450
1791780 450
1791790 449
1791800 449
1791810 448
1791820 450
1791830 450
1791840 451
1791850 452
1791860 453
1791870 453
1791880 453
1791890 455
1791900 455
1791910 456
1791920 456
1791930 456
1791940 457
1791950 458
1791960 458
1791970 459
1791980 459
1791990 459
1792000 460
1792010 461
1792020 461
1792030 462
1792040 463
1792050 463
1792060 465
1792070 465
1792080 465
1792090 466
1792100 467
1792110 467
1792120 468
1792130 469
1792140 470
1792150 470
1792160 471
1792170 471
1792180 471
1792190 472
1792200 474
1792210 474
1792220 474
1792230 475
1792240 475
1792250 477
1792260 477
1792270 477
1792280 478
1792290 479
1792300 479
1792310 480
1792320 481
1792330 481
1792340 481
1792350 482
1792360 482
1792370 482
1792380 483
1792390 483
1792400 484
1792410 484
1792420 485
1792430 485
1792440 486
1792450 486
1792460 486
1792470 486
1792480 487
1792490 487
1792500 487
1792510 487
1792520 487
1792530 488
1792540 488
1792550 488
1792560 490
1792570 491
1792580 491
1792590 492
1792600 493
1792610 493
1792620 493
1792630 494
1792640 494
1792650 495
1792660 495
1792670 495
1792680 495
1792690 495
1792700 495
1792710 495
1792720 495
1792730 495
1792740 495
1792750 494
1792760 494
1792770 494
1792780 493
1792790 492
1792800 492
1792810 491
1792820 489
1792830 489
1792840 488
1792850 487
1792860 487
1792870 485
1792880 483
1792890 483
1792900 482
1792910 480
1792920 480
1792930 478
1792940 476
1792950 476
1792960 475
1792970 473
1792980 472
1792990 472
1793000 470
1793010 469
1793020 469
1793030 467
