1780000 510
1780010 509
1780020 509
1780030 508
1780040 508
1780050 508
1780060 507
1780070 506
1780080 505
1780090 505
1780100 504
1780110 503
1780120 503
1780130 502
1780140 500
1780150 500
1780160 498
1780170 497
1780180 497
1780190 497
1780200 497
1780210 497
1780220 496
1780230 495
1780240 495
1780250 493
1780260 494
1780270 494
1780280 492
1780290 491
1780300 491
1780310 488
1780320 488
1780330 488
1780340 485
1780350 484
1780360 485
1780370 485
1780380 486
1780390 484
1780400 484
1780410 482
1780420 480
1780430 480
1780440 478
1780450 480
1780460 480
1780470 482
1780480 484
1780490 484
1780500 483
1780510 483
1780520 483
1780530 483
1780540 483
1780550 483
1780560 483
1780570 483
1780580 483
1780590 483
1780600 483
1780610 483
1780620 484
1780630 484
1780640 484
1780650 484
1780660 481
1780670 480
1780680 480
1780690 477
1780700 475
1780710 475
1780720 474
1780730 474
1780740 474
1780750 474
1780760 474
1780770 474
1780780 474
1780790 474
1780800 474
1780810 474
1780820 473
1780830 473
1780840 472
1780850 471
1780860 471
1780870 470
1780880 470
1780890 470
1780900 469
1780910 467
1780920 466
1780930 466
1780940 463
1780950 459
1780960 459
1780970 457
1780980 457
1780990 457
1781000 455
1781010 455
1781020 455
1781030 454
1781040 455
1781050 455
1781060 459
1781070 461
1781080 461
1781090 457
1781100 453
1781110 453
1781120 460
1781130 463
1781140 463
1781150 464
1781160 464
1781170 464
1781180 465
1781190 465
1781200 465
1781210 465
1781220 465
1781230 465
1781240 465
1781250 465
1781260 465
1781270 465
1781280 465
1781290 465
1781300 465
1781310 465
1781320 468
1781330 468
1781340 467
1781350 465
1781360 465
1781370 466
1781380 466
1781390 466
1781400 466
1781410 466
1781420 466
1781430 467
1781440 467
1781450 467
1781460 467
1781470 467
1781480 467
1781490 467
1781500 466
1781510 466
1781520 466
1781530 465
1781540 465
1781550 465
1781560 464
1781570 462
1781580 462
1781590 461
1781600 460
1781610 460
1781620 459
1781630 458
1781640 458
1781650 458
1781660 457
1781670 457
1781680 456
1781690 455
1781700 455
1781710 455
1781720 454
1781730 454
1781740 453
1781750 452
1781760 452
1781770 452
1781780 451
1781790 450
1781800 450
1781810 449
1781820 448
1781830 448
1781840 446
1781850 446
1781860 446
1781870 444
1781880 442
1781890 442
1781900 441
1781910 439
1781920 439
1781930 436
1781940 435
1781950 435
1781960 433
1781970 432
1781980 432
1781990 432
1782000 429
1782010 429
1782020 428
1782030 427
1782040 427
1782050 425
1782060 425
1782070 425
1782080 424
1782090 423
1782100 422
1782110 422
1782120 422
1782130 422
1782140 422
1782150 421
1782160 421
1782170 421
1782180 421
1782190 420
1782200 420
1782210 420
1782220 420
1782230 420
1782240 420
1782250 420
1782260 420
1782270 418
1782280 418
1782290 418
1782300 417
1782310 417
1782320 417
1782330 417
1782340 417
1782350 417
1782360 417
1782370 416
1782380 416
1782390 416
1782400 416
1782410 416
1782420 416
1782430 416
1782440 415
1782450 415
1782460 414
1782470 414
1782480 414
1782490 413
1782500 413
1782510 413
1782520 413
1782530 414
1782540 414
1782550 413
1782560 412
1782570 412
1782580 412
1782590 412
1782600 412
1782610 412
1782620 411
1782630 411
1782640 410
1782650 410
1782660 410
1782670 410
1782680 409
1782690 409
1782700 409
1782710 409
1782720 409
1782730 409
1782740 409
1782750 408
1782760 408
1782770 408
1782780 404
1782790 404
1782800 404
1782810 404
1782820 404
1782830 406
1782840 408
1782850 408
1782860 408
1782870 408
1782880 408
1782890 408
1782900 408
1782910 408
1782920 408
1782930 408
1782940 408
1782950 408
1782960 408
1782970 408
1782980 408
1782990 408
1783000 408
1783010 408
1783020 408
1783030 408
1783040 408
1783050 408
1783060 407
1783070 407
1783080 407
1783090 407
1783100 407
1783110 407
1783120 406
1783130 406
1783140 407
1783150 407
1783160 407
1783170 408
1783180 408
1783190 408
1783200 408
1783210 407
1783220 407
1783230 407
1783240 407
1783250 407
1783260 407
1783270 407
1783280 407
1783290 407
1783300 407
1783310 407
1783320 407
1783330 407
1783340 407
1783350 407
1783360 407
1783370 407
1783380 407
1783390 407
1783400 407
1783410 407
1783420 407
1783430 407
1783440 407
1783450 407
1783460 407
1783470 407
1783480 407
1783490 408
1783500 408
1783510 408
1783520 408
1783530 406
1783540 406
1783550 407
1783560 408
1783570 408
1783580 408
1783590 408
1783600 408
1783610 408
1783620 407
1783630 407
1783640 407
1783650 408
1783660 408
1783670 408
1783680 409
1783690 409
1783700 409
1783710 409
1783720 409
1783730 409
1783740 410
1783750 410
1783760 411
1783770 412
1783780 412
1783790 412
1783800 412
1783810 413
1783820 413
1783830 413
1783840 414
1783850 414
1783860 414
1783870 415
1783880 415
1783890 415
1783900 416
1783910 416
1783920 416
1783930 417
1783940 417
1783950 417
1783960 416
1783970 416
1783980 415
1783990 415
1784000 415
1784010 418
1784020 422
1784030 422
1784040 424
1784050 426
1784060 426
1784070 428
1784080 429
1784090 431
1784100 431
1784110 432
1784120 433
1784130 433
1784140 436
1784150 437
1784160 437
1784170 438
1784180 439
1784190 439
1784200 442
1784210 442
1784220 442
1784230 442
1784240 442
1784250 442
1784260 442
1784270 442
1784280 442
1784290 443
1784300 443
1784310 443
1784320 444
1784330 446
1784340 446
1784350 449
1784360 451
1784370 451
1784380 454
1784390 458
1784400 464
1784410 464
1784420 466
1784430 468
1784440 468
1784450 469
1784460 471
1784470 471
1784480 473
1784490 477
1784500 477
1784510 478
1784520 478
1784530 478
1784540 479
1784550 480
1784560 480
1784570 479
1784580 479
1784590 479
1784600 478
1784610 478
1784620 478
1784630 479
1784640 479
1784650 479
1784660 479
1784670 479
1784680 479
1784690 479
1784700 479
1784710 479
1784720 479
1784730 479
1784740 479
1784750 479
1784760 479
1784770 480
1784780 480
1784790 481
1784800 481
1784810 481
1784820 483
1784830 484
1784840 484
1784850 484
1784860 484
1784870 484
1784880 484
1784890 484
1784900 484
1784910 484
1784920 484
1784930 484
1784940 483
1784950 482
1784960 482
1784970 482
1784980 481
1784990 481
1785000 481
1785010 482
1785020 484
1785030 484
1785040 486
1785050 487
1785060 487
1785070 489
1785080 490
1785090 490
1785100 491
1785110 492
1785120 492
1785130 493
1785140 494
1785150 494
1785160 494
1785170 495
1785180 495
1785190 495
1785200 496
1785210 496
1785220 495
1785230 495
1785240 495
1785250 495
1785260 495
1785270 494
1785280 494
1785290 494
1785300 493
1785310 493
1785320 492
1785330 492
1785340 492
1785350 491
1785360 490
1785370 490
1785380 489
1785390 488
1785400 488
1785410 488
1785420 487
1785430 487
1785440 487
1785450 485
1785460 485
1785470 485
1785480 484
1785490 484
1785500 484
1785510 482
1785520 482
1785530 479
1785540 478
1785550 477
1785560 477
1785570 477
1785580 476
1785590 476
1785600 475
1785610 474
1785620 474
1785630 473
1785640 472
1785650 472
1785660 471
1785670 470
1785680 470
1785690 469
1785700 469
1785710 469
1785720 468
1785730 467
1785740 467
1785750 467
1785760 466
1785770 466
1785780 466
1785790 466
1785800 466
1785810 464
1785820 464
1785830 462
1785840 462
1785850 461
1785860 461
1785870 461
1785880 459
1785890 458
1785900 458
1785910 458
1785920 457
1785930 457
1785940 457
1785950 457
1785960 457
1785970 456
1785980 455
1785990 455
1786000 454
1786010 454
1786020 454
1786030 453
1786040 452
1786050 452
1786060 449
1786070 448
1786080 448
1786090 448
1786100 447
1786110 447
1786120 447
1786130 447
1786140 446
1786150 446
1786160 446
1786170 445
1786180 445
1786190 444
1786200 444
1786210 444
1786220 444
1786230 443
1786240 443
1786250 442
1786260 440
1786270 440
1786280 439
1786290 438
1786300 438
1786310 437
1786320 437
1786330 437
1786340 437
1786350 438
1786360 438
1786370 438
1786380 438
1786390 438
1786400 437
1786410 437
1786420 437
1786430 437
1786440 437
1786450 437
1786460 437
1786470 436
1786480 436
1786490 436
1786500 437
1786510 437
1786520 437
1786530 437
1786540 437
1786550 437
1786560 437
1786570 437
1786580 437
1786590 437
1786600 437
1786610 437
1786620 437
1786630 437
1786640 437
1786650 436
1786660 436
1786670 436
1786680 435
1786690 434
1786700 432
1786710 432
1786720 431
1786730 430
1786740 430
1786750 429
1786760 428
1786770 428
1786780 427
1786790 426
1786800 426
1786810 425
1786820 423
1786830 423
1786840 422
1786850 420
1786860 420
1786870 419
1786880 417
1786890 417
1786900 416
1786910 415
1786920 415
1786930 414
1786940 413
1786950 413
1786960 411
1786970 410
1786980 409
1786990 409
1787000 407
1787010 408
1787020 408
1787030 408
1787040 408
1787050 408
1787060 409
1787070 410
1787080 410
1787090 411
1787100 412
1787110 412
1787120 413
1787130 416
1787140 416
1787150 417
1787160 419
1787170 419
1787180 420
1787190 421
1787200 421
1787210 422
1787220 422
1787230 422
1787240 422
1787250 422
1787260 422
1787270 421
1787280 421
1787290 420
1787300 420
1787310 420
1787320 419
1787330 419
1787340 419
1787350 419
1787360 419
1787370 418
1787380 417
1787390 417
1787400 417
1787410 417
1787420 417
1787430 416
1787440 416
1787450 416
1787460 416
1787470 415
1787480 415
1787490 415
1787500 414
1787510 414
1787520 414
1787530 413
1787540 413
1787550 413
1787560 412
1787570 411
1787580 411
1787590 411
1787600 410
1787610 410
1787620 409
1787630 409
1787640 409
1787650 408
1787660 408
1787670 408
1787680 407
1787690 406
1787700 406
1787710 406
1787720 406
1787730 406
1787740 405
1787750 404
1787760 404
1787770 403
1787780 402
1787790 402
1787800 402
1787810 401
1787820 401
1787830 400
1787840 400
1787850 399
1787860 399
1787870 398
1787880 397
1787890 397
1787900 396
1787910 396
1787920 396
1787930 396
1787940 395
1787950 395
1787960 395
1787970 395
1787980 395
1787990 395
1788000 395
1788010 395
1788020 395
1788030 396
1788040 396
1788050 396
1788060 396
1788070 396
1788080 395
1788090 396
1788100 396
1788110 396
1788120 396
1788130 396
1788140 396
1788150 396
1788160 397
1788170 397
1788180 399
1788190 402
1788200 402
1788210 403
1788220 404
1788230 404
1788240 405
1788250 405
1788260 405
1788270 408
1788280 410
1788290 410
1788300 412
1788310 414
1788320 414
1788330 417
1788340 420
1788350 420
1788360 421
1788370 422
1788380 422
1788390 423
1788400 424
1788410 424
1788420 425
1788430 425
1788440 426
1788450 426
1788460 427
1788470 428
1788480 428
1788490 429
1788500 429
1788510 429
1788520 431
1788530 431
1788540 431
1788550 431
1788560 432
1788570 432
1788580 433
1788590 434
1788600 434
1788610 435
1788620 436
1788630 436
1788640 437
1788650 438
1788660 438
1788670 439
1788680 440
1788690 440
1788700 440
1788710 441
1788720 441
1788730 441
1788740 441
1788750 441
1788760 441
1788770 441
1788780 441
1788790 441
1788800 441
1788810 441
1788820 441
1788830 441
1788840 440
1788850 440
1788860 441
1788870 440
1788880 440
1788890 440
1788900 440
1788910 440
1788920 440
1788930 440
1788940 440
1788950 439
1788960 439
1788970 439
1788980 439
1788990 439
1789000 439
1789010 439
1789020 439
1789030 438
1789040 438
1789050 438
1789060 437
1789070 437
1789080 437
1789090 436
1789100 436
1789110 435
1789120 435
1789130 435
1789140 435
1789150 434
1789160 434
1789170 433
1789180 433
1789190 433
1789200 433
1789210 432
1789220 432
1789230 432
1789240 433
1789250 433
1789260 433
1789270 433
1789280 432
1789290 432
1789300 432
1789310 432
1789320 432
1789330 432
1789340 431
1789350 431
1789360 431
1789370 431
1789380 431
1789390 431
1789400 431
1789410 431
1789420 430
1789430 430
1789440 430
1789450 430
1789460 429
1789470 429
1789480 429
1789490 428
1789500 428
1789510 428
1789520 427
1789530 427
1789540 427
1789550 427
1789560 427
1789570 427
1789580 426
1789590 426
1789600 426
1789610 426
1789620 425
1789630 425
1789640 425
1789650 424
1789660 424
1789670 423
1789680 423
1789690 423
1789700 422
1789710 421
1789720 421
1789730 420
1789740 420
1789750 420
1789760 419
1789770 418
1789780 418
1789790 417
1789800 416
1789810 416
1789820 416
1789830 415
1789840 415
1789850 414
1789860 413
1789870 412
1789880 412
1789890 411
1789900 411
1789910 411
1789920 411
1789930 412
1789940 412
1789950 415
1789960 418
1789970 418
1789980 419
1789990 421
1790000 421
1790010 422
1790020 424
1790030 424
1790040 425
1790050 426
1790060 426
1790070 427
1790080 427
1790090 427
1790100 427
1790110 428
1790120 428
1790130 428
1790140 428
1790150 428
1790160 428
1790170 426
1790180 427
1790190 427
1790200 427
1790210 425
1790220 425
1790230 424
1790240 424
1790250 424
1790260 423
1790270 423
1790280 423
1790290 423
1790300 422
1790310 422
1790320 422
1790330 422
1790340 422
1790350 422
1790360 422
1790370 422
1790380 423
1790390 422
1790400 422
1790410 421
1790420 422
1790430 422
1790440 425
1790450 427
1790460 426
1790470 426
1790480 425
1790490 424
1790500 424
1790510 425
1790520 427
1790530 427
1790540 427
1790550 426
1790560 426
1790570 425
1790580 426
1790590 426
1790600 427
1790610 427
1790620 427
1790630 427
1790640 426
1790650 426
1790660 424
1790670 423
1790680 423
1790690 421
1790700 423
1790710 423
1790720 423
1790730 425
1790740 427
1790750 427
1790760 429
1790770 430
1790780 430
1790790 432
1790800 435
1790810 435
1790820 437
1790830 443
1790840 443
1790850 446
1790860 450
1790870 450
1790880 456
1790890 456
1790900 456
1790910 457
1790920 453
1790930 453
1790940 448
1790950 450
1790960 450
1790970 451
1790980 453
1790990 453
1791000 455
1791010 456
1791020 456
1791030 456
1791040 457
1791050 456
1791060 456
1791070 456
1791080 454
1791090 454
1791100 452
1791110 450
1791120 450
1791130 448
1791140 447
1791150 447
1791160 444
1791170 443
1791180 443
1791190 442
1791200 440
1791210 440
1791220 440
1791230 440
1791240 440
1791250 440
1791260 441
1791270 441
1791280 443
1791290 446
1791300 447
1791310 447
1791320 448
1791330 449
1791340 449
1791350 451
1791360 452
1791370 452
1791380 453
1791390 454
1791400 454
1791410 455
1791420 456
1791430 456
1791440 458
1791450 459
1791460 459
1791470 460
1791480 462
1791490 462
1791500 463
1791510 465
1791520 465
1791530 467
1791540 469
1791550 469
1791560 470
1791570 472
1791580 472
1791590 474
1791600 475
1791610 477
1791620 477
1791630 478
1791640 479
1791650 479
1791660 480
1791670 481
1791680 481
1791690 482
1791700 483
1791710 483
1791720 484
1791730 486
1791740 486
1791750 487
1791760 488
1791770 488
1791780 490
1791790 491
1791800 491
1791810 493
1791820 494
1791830 494
1791840 495
1791850 496
1791860 496
1791870 497
1791880 498
1791890 499
1791900 499
1791910 500
1791920 501
1791930 501
1791940 503
1791950 503
1791960 503
1791970 501
1791980 501
1791990 501
1792000 500
1792010 500
1792020 500
1792030 500
1792040 498
1792050 498
1792060 498
1792070 497
1792080 497
1792090 497
1792100 496
1792110 496
1792120 495
1792130 494
1792140 494
1792150 494
1792160 493
1792170 492
1792180 492
1792190 491
1792200 490
1792210 490
1792220 489
1792230 488
1792240 488
1792250 488
1792260 487
1792270 487
1792280 486
1792290 485
1792300 485
1792310 484
1792320 483
1792330 483
1792340 482
1792350 481
1792360 481
1792370 480
1792380 478
1792390 478
1792400 477
1792410 476
1792420 476
1792430 475
1792440 473
1792450 473
1792460 472
1792470 472
1792480 471
1792490 471
1792500 470
1792510 469
1792520 469
1792530 468
1792540 467
1792550 467
1792560 466
1792570 466
1792580 466
1792590 465
1792600 464
1792610 464
1792620 463
1792630 461
1792640 461
1792650 460
1792660 459
1792670 459
1792680 458
1792690 455
1792700 455
1792710 454
1792720 453
1792730 453
1792740 452
1792750 450
1792760 449
1792770 449
1792780 448
1792790 446
1792800 446
1792810 446
1792820 445
1792830 445
1792840 444
1792850 442
1792860 442
1792870 441
1792880 440
1792890 440
1792900 439
1792910 437
1792920 437
1792930 436
1792940 434
1792950 434
1792960 432
1792970 428
1792980 428
1792990 427
1793000 427
1793010 427
1793020 429
1793030 427
1783150 407
1783160 407
1783170 407
1783180 407
1783190 408
1783200 408
1783210 408
1783220 408
1783230 408
1783240 408
1783250 408
1783260 408
1783270 408
1783280 407
1783290 407
1783300 407
1783310 407
1783320 407
1783330 407
1783340 407
1783350 407
1783360 407
1783370 407
1783380 407
1783390 407
1783400 407
1783410 407
1783420 407
1783430 407
1783440 407
1783450 407
1783460 407
1783470 407
1783480 407
1783490 407
1783500 408
1783510 408
1783520 408
1783530 408
1783540 408
1783550 408
1783560 408
1783570 408
1783580 408
1783590 408
1783600 408
1783610 408
1783620 408
1783630 408
1783640 408
1783650 408
1783660 408
1783670 408
1783680 408
1783690 409
1783700 409
1783710 409
1783720 409
1783730 409
1783740 410
1783750 410
1783760 411
1783770 411
1783780 412
1783790 412
1783800 412
1783810 413
1783820 413
1783830 413
1783840 414
1783850 414
1783860 414
1783870 414
1783880 415
1783890 415
1783900 416
1783910 416
1783920 416
1783930 417
1783940 417
1783950 416
1783960 416
1783970 415
1783980 415
1783990 415
1784000 416
1784010 418
1784020 421
1784030 422
1784040 424
1784050 425
1784060 426
1784070 428
1784080 429
1784090 430
1784100 431
1784110 432
1784120 432
1784130 434
1784140 435
1784150 436
1784160 437
1784170 438
1784180 439
1784190 440
1784200 441
1784210 443
1784220 443
1784230 443
1784240 443
1784250 444
1784260 444
1784270 443
1784280 443
1784290 444
1784300 444
1784310 444
1784320 445
1784330 446
1784340 448
1784350 449
1784360 451
1784370 453
1784380 455
1784390 458
1784400 461
1784410 464
1784420 467
1784430 469
1784440 470
1784450 471
1784460 472
1784470 473
1784480 474
1784490 475
1784500 476
1784510 477
1784520 477
1784530 478
1784540 478
1784550 479
1784560 479
1784570 479
1784580 479
1784590 478
1784600 478
1784610 478
1784620 478
1784630 478
1784640 478
1784650 479
1784660 479
1784670 479
1784680 479
1784690 479
1784700 479
1784710 479
1784720 479
1784730 479
1784740 479
1784750 479
1784760 479
1784770 480
1784780 480
1784790 481
1784800 481
1784810 482
1784820 482
1784830 483
1784840 483
1784850 484
1784860 484
1784870 484
1784880 484
1784890 484
1784900 484
1784910 484
1784920 484
1784930 484
1784940 483
1784950 483
1784960 482
1784970 482
1784980 482
1784990 482
1785000 482
1785010 482
1785020 483
1785030 484
1785040 485
1785050 486
1785060 487
1785070 489
1785080 489
1785090 490
1785100 491
1785110 491
1785120 492
1785130 493
1785140 494
1785150 494
1785160 494
1785170 495
1785180 495
1785190 495
1785200 496
1785210 496
1785220 496
1785230 496
1785240 495
1785250 495
1785260 495
1785270 495
1785280 494
1785290 494
1785300 494
1785310 493
1785320 493
1785330 492
1785340 492
1785350 491
1785360 490
1785370 490
1785380 489
1785390 489
1785400 488
1785410 488
1785420 487
1785430 487
1785440 486
1785450 486
1785460 485
1785470 485
1785480 484
1785490 484
1785500 483
1785510 482
1785520 481
1785530 479
1785540 478
1785550 478
1785560 478
1785570 478
1785580 477
1785590 476
1785600 475
1785610 475
1785620 474
1785630 473
1785640 472
1785650 472
1785660 471
1785670 471
1785680 470
1785690 470
1785700 469
1785710 469
1785720 468
1785730 468
1785740 467
1785750 467
1785760 467
1785770 466
1785780 466
1785790 465
1785800 465
1785810 464
1785820 464
1785830 463
1785840 462
1785850 462
1785860 461
1785870 461
1785880 460
1785890 459
1785900 458
1785910 458
1785920 457
1785930 457
1785940 457
1785950 456
1785960 456
1785970 456
1785980 455
1785990 455
1786000 454
1786010 454
1786020 453
1786030 453
1786040 452
1786050 450
1786060 449
1786070 449
1786080 448
1786090 448
1786100 447
1786110 447
1786120 447
1786130 447
1786140 446
1786150 446
1786160 446
1786170 445
1786180 445
1786190 444
1786200 444
1786210 444
1786220 443
1786230 443
1786240 442
1786250 441
1786260 441
1786270 440
1786280 438
1786290 438
1786300 437
1786310 437
1786320 437
1786330 436
1786340 436
1786350 436
1786360 437
1786370 437
1786380 437
1786390 437
1786400 437
1786410 437
1786420 436
1786430 436
1786440 436
1786450 436
1786460 436
1786470 436
1786480 436
1786490 436
1786500 436
1786510 436
1786520 436
1786530 436
1786540 436
1786550 436
1786560 436
1786570 437
1786580 437
1786590 437
1786600 437
1786610 437
1786620 437
1786630 437
1786640 436
1786650 436
1786660 436
1786670 436
1786680 435
1786690 434
1786700 434
1786710 433
1786720 432
1786730 431
1786740 431
1786750 430
1786760 429
1786770 428
1786780 428
1786790 427
1786800 426
1786810 425
1786820 424
1786830 423
1786840 422
1786850 421
1786860 420
1786870 419
1786880 418
1786890 417
1786900 416
1786910 416
1786920 415
1786930 414
1786940 413
1786950 412
1786960 412
1786970 411
1786980 410
1786990 409
1787000 407
1787010 407
1787020 408
1787030 408
1787040 408
1787050 408
1787060 408
1787070 409
1787080 410
1787090 410
1787100 411
1787110 412
1787120 413
1787130 414
1787140 416
1787150 417
1787160 418
1787170 419
1787180 420
1787190 421
1787200 421
1787210 422
1787220 422
1787230 422
1787240 422
1787250 422
1787260 422
1787270 422
1787280 421
1787290 421
1787300 420
1787310 420
1787320 420
1787330 419
1787340 419
1787350 419
1787360 418
1787370 418
1787380 418
1787390 418
1787400 417
1787410 417
1787420 417
1787430 417
1787440 416
1787450 416
1787460 416
1787470 416
1787480 415
1787490 415
1787500 415
1787510 414
1787520 414
1787530 414
1787540 413
1787550 413
1787560 412
1787570 412
1787580 412
1787590 411
1787600 411
1787610 410
1787620 410
1787630 409
1787640 409
1787650 409
1787660 408
1787670 408
1787680 407
1787690 407
1787700 406
1787710 406
1787720 406
1787730 405
1787740 405
1787750 405
1787760 404
1787770 403
1787780 403
1787790 402
1787800 402
1787810 401
1787820 401
1787830 400
1787840 400
1787850 400
1787860 399
1787870 398
1787880 397
1787890 397
1787900 397
1787910 396
1787920 396
1787930 396
1787940 396
1787950 395
1787960 395
1787970 395
1787980 395
1787990 395
1788000 395
1788010 395
1788020 395
1788030 396
1788040 396
1788050 396
1788060 396
1788070 395
1788080 395
1788090 395
1788100 395
1788110 395
1788120 395
1788130 395
1788140 396
1788150 396
1788160 396
1788170 397
1788180 398
1788190 399
1788200 401
1788210 402
1788220 403
1788230 404
1788240 404
1788250 405
1788260 406
1788270 407
1788280 408
1788290 410
1788300 411
1788310 413
1788320 414
1788330 416
1788340 418
1788350 419
1788360 420
1788370 421
1788380 422
1788390 422
1788400 423
1788410 424
1788420 424
1788430 425
1788440 425
1788450 426
1788460 427
1788470 427
1788480 428
1788490 428
1788500 429
1788510 429
1788520 430
1788530 430
1788540 431
1788550 431
1788560 431
1788570 432
1788580 432
1788590 433
1788600 434
1788610 434
1788620 435
1788630 436
1788640 436
1788650 437
1788660 438
1788670 438
1788680 439
1788690 439
1788700 440
1788710 440
1788720 441
1788730 441
1788740 441
1788750 441
1788760 441
1788770 441
1788780 441
1788790 441
1788800 441
1788810 441
1788820 441
1788830 441
1788840 441
1788850 441
1788860 441
1788870 440
1788880 440
1788890 440
1788900 440
1788910 440
1788920 440
1788930 440
1788940 440
1788950 439
1788960 439
1788970 439
1788980 439
1788990 439
1789000 439
1789010 439
1789020 439
1789030 439
1789040 438
1789050 438
1789060 438
1789070 437
1789080 437
1789090 436
1789100 436
1789110 436
1789120 435
1789130 435
1789140 435
1789150 434
1789160 434
1789170 434
1789180 433
1789190 433
1789200 433
1789210 433
1789220 432
1789230 432
1789240 432
1789250 433
1789260 433
1789270 433
1789280 433
1789290 433
1789300 433
1789310 432
1789320 432
1789330 432
1789340 432
1789350 432
1789360 431
1789370 431
1789380 431
1789390 431
1789400 431
1789410 431
1789420 431
1789430 430
1789440 430
1789450 430
1789460 430
1789470 429
1789480 429
1789490 429
1789500 429
1789510 428
1789520 428
1789530 428
1789540 427
1789550 427
1789560 427
1789570 427
1789580 427
1789590 426
1789600 426
1789610 426
1789620 426
1789630 425
1789640 425
1789650 425
1789660 424
1789670 424
1789680 423
1789690 423
1789700 422
1789710 422
1789720 421
1789730 421
1789740 420
1789750 420
1789760 419
1789770 419
1789780 418
1789790 418
1789800 417
1789810 416
1789820 416
1789830 415
1789840 415
1789850 414
1789860 414
1789870 413
1789880 413
1789890 412
1789900 411
1789910 411
1789920 411
1789930 412
1789940 412
1789950 414
1789960 416
1789970 417
1789980 418
1789990 420
1790000 421
1790010 421
1790020 423
1790030 424
1790040 425
1790050 425
1790060 426
1790070 426
1790080 427
1790090 427
1790100 427
1790110 428
1790120 428
1790130 428
1790140 428
1790150 428
1790160 428
1790170 427
1790180 427
1790190 427
1790200 427
1790210 426
1790220 425
1790230 424
1790240 424
1790250 424
1790260 423
1790270 423
1790280 423
1790290 423
1790300 423
1790310 423
1790320 423
1790330 423
1790340 423
1790350 422
1790360 423
1790370 423
1790380 423
1790390 423
1790400 422
1790410 422
1790420 422
1790430 423
1790440 424
1790450 426
1790460 426
1790470 427
1790480 426
1790490 426
1790500 425
1790510 425
1790520 426
1790530 427
1790540 428
1790550 428
1790560 427
1790570 427
1790580 427
1790590 427
1790600 427
1790610 427
1790620 428
1790630 428
1790640 428
1790650 427
1790660 426
1790670 424
1790680 423
1790690 423
1790700 422
1790710 422
1790720 423
1790730 424
1790740 425
1790750 426
1790760 427
1790770 428
1790780 430
1790790 431
1790800 432
1790810 434
1790820 436
1790830 438
1790840 440
1790850 443
1790860 445
1790870 448
1790880 452
1790890 455
1790900 456
1790910 456
1790920 456
1790930 454
1790940 451
1790950 450
1790960 450
1790970 451
1790980 452
1790990 453
1791000 454
1791010 455
1791020 456
1791030 456
1791040 456
1791050 456
1791060 456
1791070 456
1791080 455
1791090 454
1791100 453
1791110 451
1791120 450
1791130 449
1791140 448
1791150 446
1791160 445
1791170 444
1791180 443
1791190 442
1791200 441
1791210 440
1791220 440
1791230 440
1791240 440
1791250 440
1791260 440
1791270 441
1791280 442
1791290 444
1791300 446
1791310 447
1791320 448
1791330 448
1791340 449
1791350 450
1791360 451
1791370 451
1791380 452
1791390 453
1791400 454
1791410 455
1791420 455
1791430 456
1791440 457
1791450 458
1791460 459
1791470 460
1791480 461
1791490 462
1791500 463
1791510 464
1791520 465
1791530 466
1791540 467
1791550 469
1791560 470
1791570 471
1791580 472
1791590 473
1791600 475
1791610 476
1791620 477
1791630 478
1791640 479
1791650 479
1791660 480
1791670 481
1791680 481
1791690 482
1791700 482
1791710 483
1791720 484
1791730 485
1791740 486
1791750 487
1791760 488
1791770 488
1791780 489
1791790 490
1791800 491
1791810 492
1791820 493
1791830 494
1791840 495
1791850 495
1791860 496
1791870 497
1791880 498
1791890 498
1791900 499
1791910 499
1791920 500
1791930 501
1791940 502
1791950 502
1791960 502
1791970 501
1791980 501
1791990 500
1792000 500
1792010 500
1792020 499
1792030 499
1792040 499
1792050 499
1792060 498
1792070 498
1792080 497
1792090 497
1792100 497
1792110 496
1792120 495
1792130 495
1792140 494
1792150 494
1792160 493
1792170 493
1792180 492
1792190 492
1792200 491
1792210 490
1792220 490
1792230 489
1792240 488
1792250 488
1792260 487
1792270 487
1792280 486
1792290 485
1792300 485
1792310 484
1792320 483
1792330 483
1792340 482
1792350 481
1792360 480
1792370 480
1792380 479
1792390 478
1792400 477
1792410 476
1792420 476
1792430 475
1792440 474
1792450 473
1792460 472
1792470 472
1792480 471
1792490 471
1792500 470
1792510 469
1792520 469
1792530 468
1792540 467
1792550 467
1792560 466
1792570 466
1792580 465
1792590 465
1792600 464
1792610 463
1792620 462
1792630 462
1792640 461
1792650 460
1792660 459
1792670 458
1792680 457
1792690 456
1792700 454
1792710 453
1792720 453
1792730 452
1792740 451
1792750 450
1792760 449
1792770 448
1792780 448
1792790 447
1792800 446
1792810 446
1792820 445
1792830 445
1792840 444
1792850 443
1792860 442
1792870 441
1792880 440
1792890 439
1792900 438
1792910 437
1792920 436
1792930 436
1792940 434
1792950 433
1792960 431
1792970 429
1792980 428
1792990 427
1793000 427
1793010 426
1793020 426
1793030 426
1793040 425
1793050 424
1793060 424
1793070 423
1793080 422
1793090 422
1793100 422
1793110 421
1793120 421
1793130 421
1793140 421
1793150 421
1793160 421
1793170 421
1793180 420
1793190 420
1793200 419
1793210 419
1793220 418
1793230 418
1793240 417
1793250 417
1793260 416
1793270 416
1793280 416
1793290 415
1793300 415
1793310 415
1793320 415
1793330 415
1793340 415
1793350 415
1793360 415
1793370 414
1793380 413
1793390 413
1793400 412
1793410 411
1793420 411
1793430 410
1793440 410
1793450 410
1793460 410
1793470 409
1793480 408
1793490 408
1793500 408
1793510 408
1793520 408
1793530 409
1793540 410
1793550 411
1793560 413
1793570 414
1793580 415
1793590 417
1793600 418
1793610 418
1793620 418
1793630 418
1793640 418
1793650 418
1793660 417
1793670 417
1793680 417
1793690 416
1793700 415
1793710 414
1793720 413
1793730 412
1793740 412
1793750 411
1793760 410
1793770 410
1793780 409
1793790 408
1793800 407
1793810 406
1793820 405
1793830 404
1793840 403
1793850 402
1793860 400
1793870 400
1793880 399
1793890 398
1793900 396
1793910 396
1793920 395
1793930 394
1793940 394
1793950 393
1793960 393
1793970 393
1793980 392
1793990 392
1794000 392
1794010 391
1794020 391
1794030 391
1794040 391
1794050 391
1794060 391
1794070 390
1794080 390
1794090 390
1794100 390
1794110 390
1794120 390
1794130 390
1794140 390
1794150 390
1794160 389
1794170 388
1794180 388
1794190 388
1794200 387
1794210 387
1794220 387
1794230 387
1794240 387
1794250 387
1794260 387
1794270 387
1794280 387
1794290 387
1794300 387
1794310 387
1794320 387
1794330 386
1794340 386
1794350 386
1794360 386
1794370 385
1794380 384
1794390 383
1794400 384
1794410 385
1794420 386
1794430 386
1794440 386
1794450 386
1794460 387
1794470 387
1794480 387
1794490 387
1794500 387
1794510 386
1794520 386
1794530 386
1794540 386
1794550 387
1794560 387
1794570 387
1794580 387
1794590 387
1794600 387
1794610 387
1794620 387
1794630 387
1794640 387
1794650 388
1794660 388
1794670 388
1794680 388
1794690 388
1794700 388
1794710 388
1794720 388
1794730 388
1794740 388
1794750 389
1794760 389
1794770 389
1794780 389
1794790 389
1794800 390
1794810 390
1794820 390
1794830 390
1794840 390
1794850 390
1794860 390
1794870 390
1794880 391
1794890 391
1794900 391
1794910 391
1794920 391
1794930 391
1794940 391
1794950 391
1794960 391
1794970 391
1794980 392
1794990 392
1795000 392
1795010 393
1795020 393
1795030 393
1795040 394
1795050 394
1795060 394
1795070 395
1795080 395
1795090 395
1795100 395
1795110 395
1795120 395
1795130 396
1795140 396
1795150 396
1795160 396
1795170 397
1795180 397
1795190 398
1795200 398
1795210 398
1795220 399
1795230 399
1795240 400
1795250 400
1795260 401
1795270 401
1795280 401
1795290 402
1795300 403
1795310 403
1795320 404
1795330 404
1795340 405
1795350 405
1795360 406
1795370 406
1795380 406
1795390 406
1795400 406
1795410 406
1795420 406
1795430 407
1795440 407
1795450 407
1795460 407
1795470 407
1795480 407
1795490 407
1795500 408
1795510 408
1795520 408
1795530 408
1795540 408
1795550 410
1795560 411
1795570 412
1795580 411
1795590 409
1795600 409
1795610 409
1795620 408
1795630 408
1795640 408
1795650 407
1795660 407
1795670 407
1795680 408
1795690 408
1795700 408
1795710 408
1795720 409
1795730 409
1795740 409
1795750 410
1795760 410
1795770 411
1795780 413
1795790 414
1795800 415
1795810 416
1795820 417
1795830 418
1795840 419
1795850 419
1795860 420
1795870 421
1795880 422
1795890 422
1795900 423
1795910 423
1795920 424
1795930 424
1795940 424
1795950 424
1795960 424
1795970 424
1795980 424
1795990 424
1796000 424
1796010 424
1796020 424
1796030 424
1796040 423
1796050 424
1796060 424
1796070 425
1796080 425
1796090 425
1796100 425
1796110 425
1796120 425
1796130 425
1796140 425
1796150 425
1796160 425
1796170 425
1796180 425
1796190 424
1796200 424
1796210 423
1796220 423
1796230 422
1796240 422
1796250 422
1796260 423
1796270 423
1796280 424
1796290 426
1796300 427
1796310 428
1796320 428
1796330 429
1796340 431
1796350 432
1796360 433
1796370 434
1796380 434
1796390 435
1796400 435
1796410 436
1796420 436
1796430 437
1796440 437
1796450 437
1796460 437
1796470 438
1796480 438
1796490 438
1796500 438
1796510 438
1796520 438
1796530 438
1796540 438
1796550 437
1796560 437
1796570 437
1796580 436
1796590 436
1796600 435
1796610 435
1796620 434
1796630 433
1796640 433
1796650 432
1796660 431
1796670 431
1796680 430
1796690 429
1796700 428
1796710 427
1796720 427
1796730 426
1796740 425
1796750 423
1796760 421
1796770 420
1796780 419
1796790 420
1796800 421
1796810 421
1796820 422
1796830 422
1796840 422
1796850 422
1796860 422
1796870 422
1796880 421
1796890 421
1796900 420
1796910 420
1796920 420
1796930 420
1796940 421
1796950 421
1796960 422
1796970 422
1796980 423
1796990 423
1797000 424
1797010 425
1797020 425
1797030 426
1797040 427
1797050 427
1797060 428
1797070 429
1797080 429
1797090 430
1797100 431
1797110 432
1797120 433
1797130 434
1797140 435
1797150 436
1797160 437
1797170 437
1797180 438
1797190 439
1797200 439
1797210 440
1797220 441
1797230 441
1797240 442
1797250 442
1797260 442
1797270 442
1797280 442
1797290 442
1797300 442
1797310 441
1797320 441
1797330 441
1797340 441
1797350 440
1797360 440
1797370 440
1797380 440
1797390 439
1797400 439
1797410 439
1797420 439
1797430 438
1797440 438
1797450 437
1797460 437
1797470 436
1797480 436
1797490 435
1797500 435
1797510 435
1797520 434
1797530 434
1797540 433
1797550 433
1797560 432
1797570 432
1797580 431
1797590 430
1797600 428
1797610 425
1797620 422
1797630 418
1797640 416
1797650 415
1797660 415
1797670 414
1797680 412
1797690 411
1797700 410
1797710 410
1797720 410
1797730 409
1797740 407
1797750 404
1797760 402
1797770 400
1797780 399
1797790 400
1797800 402
1797810 405
1797820 408
1797830 410
1797840 412
1797850 413
1797860 415
1797870 417
1797880 418
1797890 419
1797900 421
1797910 422
1797920 423
1797930 423
1797940 422
1797950 421
1797960 420
1797970 419
1797980 418
1797990 417
1798000 416
1798010 415
1798020 414
1798030 413
1798040 413
1798050 412
1798060 412
1798070 411
1798080 410
1798090 409
1798100 408
1798110 406
1798120 406
1798130 405
1798140 405
1798150 405
1798160 405
1798170 404
1798180 402
1798190 400
1798200 398
1798210 395
1798220 393
1798230 391
1798240 391
1798250 390
1798260 389
1798270 388
1798280 386
1798290 385
1798300 383
1798310 382
1798320 381
1798330 380
1798340 379
1798350 378
1798360 377
1798370 377
1798380 376
1798390 375
1798400 375
1798410 374
1798420 374
1798430 373
1798440 373
1798450 372
1798460 371
1798470 370
1798480 370
1798490 369
1798500 369
1798510 369
1798520 369
1798530 369
1798540 369
1798550 369
1798560 369
1798570 368
1798580 368
1798590 368
1798600 368
1798610 368
1798620 368
1798630 368
1798640 368
1798650 368
1798660 368
1798670 368
1798680 368
1798690 368
1798700 368
1798710 368
1798720 368
1798730 368
1798740 368
1798750 368
1798760 368
1798770 368
1798780 368
1798790 369
1798800 369
1798810 371
1798820 372
1798830 373
1798840 374
1798850 377
1798860 379
1798870 380
1798880 381
1798890 381
1798900 382
1798910 382
1798920 383
1798930 384
1798940 385
1798950 385
1798960 386
1798970 386
1798980 386
1798990 386
1799000 385
1799010 385
1799020 384
1799030 384
1799040 383
1799050 382
1799060 381
1799070 380
1799080 379
1799090 378
1799100 377
1799110 376
1799120 375
1799130 373
1799140 372
1799150 371
1799160 370
1799170 370
1799180 370
1799190 370
1799200 369
1799210 369
1799220 370
1799230 370
1799240 370
1799250 370
1799260 370
1799270 370
1799280 370
1799290 370
1799300 370
1799310 373
1799320 376
1799330 378
1799340 380
1799350 382
1799360 384
1799370 386
1799380 388
1799390 390
1799400 391
1799410 393
1799420 395
1799430 396
1799440 398
1799450 399
1799460 401
1799470 402
1799480 403
1799490 404
1799500 405
1799510 406
1799520 407
1799530 408
1799540 408
1799550 409
1799560 409
1799570 410
1799580 411
1799590 411
1799600 412
1799610 413
1799620 414
1799630 414
1799640 415
1799650 416
1799660 417
1799670 418
1799680 419
1799690 420
1799700 421
1799710 423
1799720 424
1799730 426
1799740 427
1799750 428
1799760 428
1799770 428
1799780 427
1799790 427
1799800 426
1799810 425
1799820 424
1799830 424
1799840 423
1799850 422
1799860 421
1799870 421
1799880 420
1799890 419
1799900 419
1799910 418
1799920 418
1799930 417
1799940 417
1799950 417
1799960 417
1799970 417
1799980 417
1799990 418
