1780000 506
1780010 506
1780020 505
1780030 510
1780040 514
1780050 514
1780060 513
1780070 514
1780080 514
1780090 514
1780100 514
1780110 514
1780120 514
1780130 510
1780140 510
1780150 511
1780160 514
1780170 514
1780180 514
1780190 513
1780200 513
1780210 513
1780220 513
1780230 513
1780240 513
1780250 513
1780260 513
1780270 513
1780280 513
1780290 513
1780300 512
1780310 512
1780320 511
1780330 512
1780340 512
1780350 511
1780360 511
1780370 508
1780380 510
1780390 510
1780400 510
1780410 510
1780420 510
1780430 510
1780440 510
1780450 510
1780460 510
1780470 509
1780480 509
1780490 509
1780500 508
1780510 508
1780520 508
1780530 507
1780540 507
1780550 507
1780560 506
1780570 506
1780580 505
1780590 505
1780600 505
1780610 504
1780620 503
1780630 503
1780640 503
1780650 502
1780660 501
1780670 501
1780680 501
1780690 500
1780700 500
1780710 499
1780720 499
1780730 499
1780740 498
1780750 496
1780760 496
1780770 495
1780780 494
1780790 494
1780800 493
1780810 492
1780820 492
1780830 491
1780840 491
1780850 491
1780860 490
1780870 490
1780880 490
1780890 489
1780900 489
1780910 488
1780920 488
1780930 488
1780940 487
1780950 487
1780960 486
1780970 486
1780980 486
1780990 486
1781000 485
1781010 485
1781020 485
1781030 485
1781040 485
1781050 484
1781060 484
1781070 484
1781080 483
1781090 483
1781100 483
1781110 482
1781120 482
1781130 482
1781140 482
1781150 481
1781160 481
1781170 481
1781180 480
1781190 480
1781200 480
1781210 479
1781220 478
1781230 478
1781240 478
1781250 477
1781260 477
1781270 476
1781280 474
1781290 474
1781300 473
1781310 472
1781320 472
1781330 471
1781340 469
1781350 469
1781360 468
1781370 467
1781380 467
1781390 466
1781400 465
1781410 465
1781420 464
1781430 463
1781440 463
1781450 462
1781460 461
1781470 461
1781480 460
1781490 459
1781500 458
1781510 458
1781520 457
1781530 456
1781540 456
1781550 455
1781560 453
1781570 453
1781580 451
1781590 450
1781600 450
1781610 448
1781620 446
1781630 446
1781640 443
1781650 441
1781660 441
1781670 439
1781680 437
1781690 437
1781700 435
1781710 433
1781720 433
1781730 431
1781740 430
1781750 430
1781760 429
1781770 429
1781780 428
1781790 428
1781800 427
1781810 426
1781820 426
1781830 426
1781840 428
1781850 428
1781860 427
1781870 427
1781880 427
1781890 427
1781900 427
1781910 427
1781920 426
1781930 426
1781940 426
1781950 426
1781960 426
1781970 426
1781980 425
1781990 425
1782000 425
1782010 425
1782020 424
1782030 424
1782040 424
1782050 423
1782060 423
1782070 423
1782080 422
1782090 422
1782100 422
1782110 422
1782120 422
1782130 422
1782140 421
1782150 421
1782160 421
1782170 421
1782180 420
1782190 420
1782200 420
1782210 419
1782220 419
1782230 419
1782240 418
1782250 418
1782260 418
1782270 418
1782280 418
1782290 416
1782300 415
1782310 415
1782320 415
1782330 414
1782340 414
1782350 414
1782360 413
1782370 413
1782380 413
1782390 413
1782400 412
1782410 412
1782420 412
1782430 411
1782440 411
1782450 411
1782460 410
1782470 410
1782480 410
1782490 410
1782500 410
1782510 410
1782520 410
1782530 410
1782540 410
1782550 411
1782560 411
1782570 409
1782580 409
1782590 409
1782600 409
1782610 409
1782620 409
1782630 409
1782640 409
1782650 407
1782660 407
1782670 406
1782680 408
1782690 408
1782700 408
1782710 408
1782720 408
1782730 409
1782740 409
1782750 409
1782760 409
1782770 409
1782780 409
1782790 409
1782800 409
1782810 409
1782820 409
1782830 409
1782840 409
1782850 409
1782860 409
1782870 409
1782880 409
1782890 409
1782900 409
1782910 407
1782920 409
1782930 409
1782940 409
1782950 409
1782960 409
1782970 409
1782980 409
1782990 409
1783000 409
1783010 409
1783020 408
1783030 408
1783040 408
1783050 408
1783060 408
1783070 409
1783080 409
1783090 409
1783100 409
1783110 409
1783120 409
1783130 409
1783140 408
1783150 408
1783160 409
1783170 414
1783180 414
1783190 415
1783200 414
1783210 409
1783220 409
1783230 407
1783240 408
1783250 408
1783260 408
1783270 408
1783280 408
1783290 408
1783300 408
1783310 408
1783320 408
1783330 408
1783340 408
1783350 408
1783360 408
1783370 408
1783380 408
1783390 408
1783400 408
1783410 408
1783420 408
1783430 408
1783440 408
1783450 409
1783460 409
1783470 408
1783480 409
1783490 409
1783500 409
1783510 409
1783520 409
1783530 409
1783540 409
1783550 409
1783560 409
1783570 409
1783580 410
1783590 410
1783600 410
1783610 410
1783620 410
1783630 411
1783640 411
1783650 411
1783660 411
1783670 412
1783680 412
1783690 412
1783700 413
1783710 413
1783720 414
1783730 415
1783740 415
1783750 416
1783760 417
1783770 417
1783780 419
1783790 420
1783800 423
1783810 423
1783820 425
1783830 426
1783840 426
1783850 426
1783860 430
1783870 430
1783880 430
1783890 429
1783900 429
1783910 431
1783920 431
1783930 431
1783940 430
1783950 427
1783960 427
1783970 426
1783980 426
1783990 426
1784000 426
1784010 427
1784020 427
1784030 427
1784040 427
1784050 427
1784060 424
1784070 422
1784080 422
1784090 422
1784100 423
1784110 424
1784120 424
1784130 425
1784140 425
1784150 425
1784160 428
1784170 429
1784180 429
1784190 430
1784200 430
1784210 430
1784220 432
1784230 431
1784240 431
1784250 432
1784260 436
1784270 436
1784280 438
1784290 435
1784300 435
1784310 437
1784320 440
1784330 440
1784340 443
1784350 444
1784360 445
1784370 445
1784380 445
1784390 447
1784400 447
1784410 448
1784420 450
1784430 450
1784440 451
1784450 453
1784460 453
1784470 454
1784480 453
1784490 453
1784500 451
1784510 451
1784520 451
1784530 451
1784540 452
1784550 452
1784560 456
1784570 459
1784580 459
1784590 461
1784600 463
1784610 463
1784620 466
1784630 468
1784640 468
1784650 471
1784660 474
1784670 476
1784680 476
1784690 479
1784700 480
1784710 480
1784720 482
1784730 484
1784740 484
1784750 485
1784760 487
1784770 487
1784780 490
1784790 492
1784800 492
1784810 493
1784820 495
1784830 495
1784840 497
1784850 498
1784860 499
1784870 501
1784880 502
1784890 502
1784900 504
1784910 504
1784920 504
1784930 504
1784940 504
1784950 503
1784960 503
1784970 503
1784980 503
1784990 503
1785000 502
1785010 501
1785020 501
1785030 500
1785040 500
1785050 500
1785060 499
1785070 498
1785080 498
1785090 497
1785100 497
1785110 497
1785120 496
1785130 495
1785140 495
1785150 494
1785160 493
1785170 493
1785180 493
1785190 492
1785200 492
1785210 491
1785220 491
1785230 489
1785240 489
1785250 488
1785260 487
1785270 487
1785280 486
1785290 485
1785300 485
1785310 484
1785320 483
1785330 483
1785340 482
1785350 481
1785360 481
1785370 480
1785380 479
1785390 479
1785400 478
1785410 477
1785420 477
1785430 476
1785440 475
1785450 475
1785460 474
1785470 472
1785480 472
1785490 471
1785500 470
1785510 470
1785520 469
1785530 468
1785540 467
1785550 467
1785560 467
1785570 466
1785580 466
1785590 464
1785600 463
1785610 463
1785620 461
1785630 460
1785640 460
1785650 459
1785660 458
1785670 458
1785680 457
1785690 456
1785700 456
1785710 455
1785720 454
1785730 454
1785740 452
1785750 452
1785760 452
1785770 450
1785780 449
1785790 449
1785800 447
1785810 445
1785820 445
1785830 445
1785840 444
1785850 443
1785860 443
1785870 442
1785880 441
1785890 441
1785900 441
1785910 441
1785920 441
1785930 440
1785940 440
1785950 440
1785960 439
1785970 439
1785980 439
1785990 439
1786000 439
1786010 439
1786020 439
1786030 439
1786040 439
1786050 440
1786060 440
1786070 440
1786080 441
1786090 442
1786100 442
1786110 442
1786120 443
1786130 443
1786140 443
1786150 443
1786160 443
1786170 443
1786180 443
1786190 443
1786200 443
1786210 443
1786220 443
1786230 443
1786240 443
1786250 442
1786260 442
1786270 442
1786280 441
1786290 441
1786300 440
1786310 439
1786320 439
1786330 439
1786340 438
1786350 438
1786360 438
1786370 438
1786380 438
1786390 439
1786400 438
1786410 438
1786420 438
1786430 437
1786440 437
1786450 437
1786460 436
1786470 436
1786480 436
1786490 435
1786500 434
1786510 434
1786520 434
1786530 433
1786540 433
1786550 432
1786560 431
1786570 431
1786580 429
1786590 428
1786600 428
1786610 427
1786620 426
1786630 426
1786640 425
1786650 423
1786660 423
1786670 422
1786680 421
1786690 420
1786700 420
1786710 419
1786720 418
1786730 418
1786740 417
1786750 416
1786760 416
1786770 415
1786780 414
1786790 414
1786800 414
1786810 412
1786820 412
1786830 412
1786840 412
1786850 412
1786860 412
1786870 412
1786880 412
1786890 412
1786900 412
1786910 412
1786920 414
1786930 419
1786940 419
1786950 422
1786960 423
1786970 424
1786980 424
1786990 424
1787000 425
1787010 425
1787020 426
1787030 427
1787040 427
1787050 428
1787060 428
1787070 428
1787080 428
1787090 428
1787100 428
1787110 428
1787120 427
1787130 427
1787140 427
1787150 427
1787160 427
1787170 427
1787180 426
1787190 426
1787200 426
1787210 426
1787220 426
1787230 425
1787240 425
1787250 424
1787260 424
1787270 423
1787280 423
1787290 423
1787300 422
1787310 421
1787320 421
1787330 421
1787340 420
1787350 420
1787360 419
1787370 419
1787380 419
1787390 418
1787400 418
1787410 418
1787420 417
1787430 417
1787440 417
1787450 416
1787460 416
1787470 416
1787480 415
1787490 415
1787500 415
1787510 414
1787520 413
1787530 413
1787540 413
1787550 412
1787560 412
1787570 412
1787580 412
1787590 411
1787600 411
1787610 411
1787620 410
1787630 410
1787640 410
1787650 409
1787660 409
1787670 409
1787680 409
1787690 409
1787700 408
1787710 408
1787720 408
1787730 407
1787740 407
1787750 407
1787760 406
1787770 406
1787780 406
1787790 405
1787800 404
1787810 404
1787820 403
1787830 403
1787840 402
1787850 402
1787860 401
1787870 401
1787880 401
1787890 400
1787900 400
1787910 400
1787920 399
1787930 399
1787940 399
1787950 399
1787960 399
1787970 399
1787980 399
1787990 399
1788000 399
1788010 399
1788020 399
1788030 399
1788040 399
1788050 398
1788060 398
1788070 397
1788080 397
1788090 397
1788100 397
1788110 398
1788120 398
1788130 398
1788140 398
1788150 398
1788160 398
1788170 398
1788180 398
1788190 398
1788200 398
1788210 399
1788220 399
1788230 405
1788240 409
1788250 409
1788260 409
1788270 409
1788280 409
1788290 410
1788300 411
1788310 411
1788320 412
1788330 413
1788340 413
1788350 414
1788360 416
1788370 416
1788380 418
1788390 421
1788400 421
1788410 425
1788420 428
1788430 430
1788440 430
1788450 432
1788460 434
1788470 434
1788480 435
1788490 435
1788500 435
1788510 434
1788520 434
1788530 434
1788540 434
1788550 434
1788560 434
1788570 434
1788580 435
1788590 435
1788600 435
1788610 435
1788620 435
1788630 435
1788640 436
1788650 436
1788660 436
1788670 436
1788680 436
1788690 436
1788700 437
1788710 437
1788720 437
1788730 437
1788740 437
1788750 437
1788760 438
1788770 438
1788780 438
1788790 439
1788800 439
1788810 439
1788820 440
1788830 440
1788840 440
1788850 441
1788860 441
1788870 441
1788880 442
1788890 443
1788900 443
1788910 444
1788920 444
1788930 444
1788940 445
1788950 447
1788960 447
1788970 448
1788980 449
1788990 449
1789000 449
1789010 450
1789020 450
1789030 450
1789040 451
1789050 450
1789060 450
1789070 449
1789080 449
1789090 449
1789100 448
1789110 447
1789120 447
1789130 447
1789140 446
1789150 446
1789160 445
1789170 444
1789180 444
1789190 444
1789200 443
1789210 443
1789220 442
1789230 441
1789240 441
1789250 440
1789260 440
1789270 440
1789280 439
1789290 438
1789300 438
1789310 438
1789320 437
1789330 437
1789340 437
1789350 436
1789360 436
1789370 436
1789380 435
1789390 435
1789400 435
1789410 435
1789420 434
1789430 434
1789440 434
1789450 433
1789460 433
1789470 433
1789480 432
1789490 432
1789500 432
1789510 431
1789520 431
1789530 431
1789540 430
1789550 430
1789560 430
1789570 430
1789580 430
1789590 430
1789600 430
1789610 430
1789620 430
1789630 430
1789640 430
1789650 430
1789660 430
1789670 431
1789680 431
1789690 431
1789700 431
1789710 431
1789720 430
1789730 430
1789740 430
1789750 429
1789760 429
1789770 429
1789780 429
1789790 428
1789800 428
1789810 428
1789820 427
1789830 427
1789840 427
1789850 427
1789860 426
1789870 426
1789880 426
1789890 425
1789900 425
1789910 425
1789920 424
1789930 424
1789940 424
1789950 423
1789960 423
1789970 422
1789980 421
1789990 421
1790000 417
1790010 419
1790020 419
1790030 420
1790040 420
1790050 420
1790060 420
1790070 420
1790080 420
1790090 420
1790100 420
1790110 420
1790120 420
1790130 421
1790140 421
1790150 421
1790160 421
1790170 420
1790180 420
1790190 420
1790200 420
1790210 420
1790220 421
1790230 422
1790240 422
1790250 424
1790260 424
1790270 424
1790280 424
1790290 424
1790300 424
1790310 424
1790320 421
1790330 421
1790340 420
1790350 420
1790360 420
1790370 420
1790380 420
1790390 420
1790400 421
1790410 422
1790420 422
1790430 424
1790440 426
1790450 429
1790460 429
1790470 433
1790480 436
1790490 436
1790500 439
1790510 441
1790520 441
1790530 442
1790540 442
1790550 442
1790560 442
1790570 444
1790580 444
1790590 447
1790600 448
1790610 448
1790620 448
1790630 448
1790640 448
1790650 448
1790660 447
1790670 447
1790680 447
1790690 447
1790700 447
1790710 446
1790720 444
1790730 443
1790740 443
1790750 442
1790760 441
1790770 441
1790780 440
1790790 439
1790800 439
1790810 438
1790820 437
1790830 437
1790840 435
1790850 436
1790860 436
1790870 435
1790880 437
1790890 437
1790900 440
1790910 442
1790920 442
1790930 443
1790940 444
1790950 444
1790960 446
1790970 450
1790980 450
1790990 456
1791000 460
1791010 460
1791020 460
1791030 461
1791040 459
1791050 459
1791060 453
1791070 449
1791080 449
1791090 446
1791100 446
1791110 446
1791120 446
1791130 446
1791140 446
1791150 445
1791160 446
1791170 446
1791180 446
1791190 449
1791200 449
1791210 449
1791220 448
1791230 448
1791240 448
1791250 449
1791260 449
1791270 449
1791280 450
1791290 450
1791300 451
1791310 452
1791320 452
1791330 452
1791340 453
1791350 454
1791360 454
1791370 455
1791380 455
1791390 455
1791400 456
1791410 458
1791420 458
1791430 459
1791440 460
1791450 460
1791460 462
1791470 463
1791480 463
1791490 464
1791500 466
1791510 466
1791520 467
1791530 469
1791540 469
1791550 470
1791560 471
1791570 471
1791580 472
1791590 473
1791600 474
1791610 474
1791620 475
1791630 476
1791640 476
1791650 477
1791660 478
1791670 478
1791680 478
1791690 478
1791700 478
1791710 479
1791720 480
1791730 480
1791740 480
1791750 480
1791760 480
1791770 481
1791780 481
1791790 481
1791800 481
1791810 481
1791820 481
1791830 482
1791840 482
1791850 482
1791860 482
1791870 482
1791880 482
1791890 482
1791900 482
1791910 482
1791920 482
1791930 482
1791940 482
1791950 482
1791960 482
1791970 482
1791980 482
1791990 481
1792000 481
1792010 481
1792020 481
1792030 480
1792040 480
1792050 479
1792060 478
1792070 478
1792080 477
1792090 477
1792100 477
1792110 476
1792120 475
1792130 475
1792140 474
1792150 473
1792160 473
1792170 472
1792180 471
1792190 470
1792200 470
1792210 469
1792220 468
1792230 468
1792240 467
1792250 467
1792260 467
1792270 466
1792280 465
1792290 465
1792300 464
1792310 463
1792320 463
1792330 462
1792340 462
1792350 462
1792360 460
1792370 459
1792380 459
1792390 457
1792400 457
1792410 457
1792420 457
1792430 457
1792440 457
1792450 454
1792460 452
1792470 449
1792480 449
1792490 446
1792500 444
1792510 444
1792520 444
1792530 445
1792540 445
1792550 448
1792560 452
1792570 452
1792580 454
1792590 452
1792600 452
1792610 450
1792620 450
1792630 450
1792640 452
1792650 452
1792660 452
1792670 451
1792680 451
1792690 451
1792700 452
1792710 451
1792720 451
1792730 452
1792740 451
1792750 449
1792760 449
1792770 447
1792780 447
1792790 447
1792800 446
1792810 446
1792820 446
1792830 446
1792840 446
1792850 446
1792860 445
1792870 444
1792880 444
1792890 443
1792900 441
1792910 441
1792920 442
1792930 441
1792940 441
1792950 440
1792960 439
1792970 439
1792980 436
1792990 432
1793000 432
1793010 429
1793020 429
1793030 429
1784200 430
1784210 430
1784220 431
1784230 432
1784240 432
1784250 433
1784260 435
1784270 436
1784280 437
1784290 437
1784300 437
1784310 438
1784320 440
1784330 441
1784340 441
1784350 442
1784360 443
1784370 443
1784380 444
1784390 444
1784400 446
1784410 446
1784420 447
1784430 448
1784440 449
1784450 450
1784460 451
1784470 452
1784480 452
1784490 451
1784500 450
1784510 450
1784520 450
1784530 451
1784540 451
1784550 452
1784560 454
1784570 456
1784580 458
1784590 460
1784600 462
1784610 463
1784620 465
1784630 467
1784640 469
1784650 471
1784660 473
1784670 475
1784680 476
1784690 478
1784700 479
1784710 480
1784720 482
1784730 483
1784740 484
1784750 485
1784760 487
1784770 488
1784780 489
1784790 491
1784800 492
1784810 493
1784820 494
1784830 495
1784840 497
1784850 498
1784860 499
1784870 500
1784880 501
1784890 502
1784900 503
1784910 504
1784920 504
1784930 504
1784940 504
1784950 504
1784960 504
1784970 504
1784980 503
1784990 503
1785000 502
1785010 502
1785020 501
1785030 501
1785040 500
1785050 500
1785060 499
1785070 499
1785080 498
1785090 498
1785100 497
1785110 497
1785120 496
1785130 496
1785140 495
1785150 495
1785160 494
1785170 493
1785180 493
1785190 492
1785200 492
1785210 491
1785220 491
1785230 490
1785240 490
1785250 489
1785260 488
1785270 487
1785280 486
1785290 486
1785300 485
1785310 484
1785320 484
1785330 483
1785340 482
1785350 482
1785360 481
1785370 480
1785380 479
1785390 479
1785400 478
1785410 477
1785420 477
1785430 476
1785440 475
1785450 474
1785460 474
1785470 473
1785480 472
1785490 471
1785500 470
1785510 470
1785520 469
1785530 468
1785540 467
1785550 467
1785560 466
1785570 466
1785580 466
1785590 465
1785600 464
1785610 463
1785620 461
1785630 460
1785640 460
1785650 459
1785660 459
1785670 458
1785680 457
1785690 457
1785700 456
1785710 455
1785720 454
1785730 453
1785740 452
1785750 451
1785760 450
1785770 450
1785780 449
1785790 448
1785800 447
1785810 446
1785820 445
1785830 445
1785840 444
1785850 443
1785860 443
1785870 442
1785880 442
1785890 442
1785900 441
1785910 441
1785920 441
1785930 441
1785940 441
1785950 440
1785960 440
1785970 439
1785980 439
1785990 439
1786000 439
1786010 439
1786020 439
1786030 439
1786040 439
1786050 439
1786060 440
1786070 440
1786080 441
1786090 441
1786100 441
1786110 442
1786120 442
1786130 442
1786140 443
1786150 443
1786160 443
1786170 443
1786180 443
1786190 443
1786200 443
1786210 443
1786220 443
1786230 443
1786240 442
1786250 442
1786260 442
1786270 442
1786280 441
1786290 441
1786300 441
1786310 440
1786320 440
1786330 439
1786340 439
1786350 438
1786360 438
1786370 438
1786380 438
1786390 438
1786400 438
1786410 438
1786420 438
1786430 438
1786440 437
1786450 437
1786460 437
1786470 436
1786480 436
1786490 435
1786500 435
1786510 435
1786520 434
1786530 433
1786540 433
1786550 432
1786560 431
1786570 431
1786580 430
1786590 429
1786600 428
1786610 427
1786620 427
1786630 426
1786640 425
1786650 424
1786660 423
1786670 422
1786680 422
1786690 421
1786700 420
1786710 419
1786720 418
1786730 418
1786740 417
1786750 416
1786760 416
1786770 415
1786780 414
1786790 414
1786800 414
1786810 413
1786820 412
1786830 412
1786840 412
1786850 412
1786860 412
1786870 412
1786880 411
1786890 412
1786900 413
1786910 414
1786920 416
1786930 418
1786940 420
1786950 422
1786960 423
1786970 423
1786980 424
1786990 424
1787000 425
1787010 426
1787020 426
1787030 427
1787040 428
1787050 428
1787060 428
1787070 428
1787080 428
1787090 428
1787100 428
1787110 428
1787120 428
1787130 427
1787140 427
1787150 427
1787160 427
1787170 427
1787180 427
1787190 426
1787200 426
1787210 426
1787220 426
1787230 425
1787240 425
1787250 425
1787260 424
1787270 424
1787280 423
1787290 423
1787300 423
1787310 422
1787320 421
1787330 421
1787340 421
1787350 420
1787360 420
1787370 420
1787380 419
1787390 419
1787400 418
1787410 418
1787420 418
1787430 417
1787440 417
1787450 417
1787460 416
1787470 416
1787480 415
1787490 415
1787500 415
1787510 414
1787520 414
1787530 413
1787540 413
1787550 413
1787560 412
1787570 412
1787580 412
1787590 412
1787600 411
1787610 411
1787620 411
1787630 410
1787640 410
1787650 410
1787660 410
1787670 409
1787680 409
1787690 409
1787700 408
1787710 408
1787720 408
1787730 407
1787740 407
1787750 407
1787760 407
1787770 406
1787780 406
1787790 405
1787800 405
1787810 404
1787820 404
1787830 403
1787840 403
1787850 402
1787860 402
1787870 401
1787880 401
1787890 401
1787900 400
1787910 400
1787920 399
1787930 399
1787940 399
1787950 399
1787960 399
1787970 399
1787980 399
1787990 399
1788000 399
1788010 399
1788020 399
1788030 399
1788040 398
1788050 398
1788060 397
1788070 397
1788080 397
1788090 397
1788100 397
1788110 398
1788120 398
1788130 398
1788140 398
1788150 398
1788160 398
1788170 398
1788180 398
1788190 398
1788200 398
1788210 398
1788220 399
1788230 401
1788240 404
1788250 407
1788260 407
1788270 408
1788280 409
1788290 410
1788300 411
1788310 411
1788320 412
1788330 412
1788340 413
1788350 414
1788360 415
1788370 416
1788380 418
1788390 419
1788400 421
1788410 423
1788420 426
1788430 428
1788440 430
1788450 431
1788460 432
1788470 433
1788480 434
1788490 434
1788500 434
1788510 434
1788520 434
1788530 434
1788540 434
1788550 434
1788560 434
1788570 434
1788580 434
1788590 435
1788600 435
1788610 435
1788620 435
1788630 435
1788640 435
1788650 436
1788660 436
1788670 436
1788680 436
1788690 436
1788700 436
1788710 436
1788720 436
1788730 437
1788740 437
1788750 437
1788760 437
1788770 438
1788780 438
1788790 438
1788800 439
1788810 439
1788820 440
1788830 440
1788840 440
1788850 441
1788860 441
1788870 441
1788880 442
1788890 442
1788900 443
1788910 444
1788920 444
1788930 445
1788940 445
1788950 446
1788960 446
1788970 447
1788980 448
1788990 449
1789000 449
1789010 450
1789020 450
1789030 450
1789040 450
1789050 450
1789060 450
1789070 450
1789080 449
1789090 449
1789100 448
1789110 448
1789120 448
1789130 447
1789140 447
1789150 446
1789160 446
1789170 445
1789180 444
1789190 444
1789200 443
1789210 443
1789220 442
1789230 442
1789240 441
1789250 441
1789260 440
1789270 440
1789280 439
1789290 439
1789300 438
1789310 438
1789320 438
1789330 437
1789340 437
1789350 437
1789360 436
1789370 436
1789380 435
1789390 435
1789400 435
1789410 435
1789420 434
1789430 434
1789440 434
1789450 433
1789460 433
1789470 433
1789480 432
1789490 432
1789500 432
1789510 432
1789520 431
1789530 431
1789540 431
1789550 430
1789560 430
1789570 430
1789580 430
1789590 430
1789600 430
1789610 430
1789620 430
1789630 430
1789640 430
1789650 430
1789660 430
1789670 430
1789680 431
1789690 431
1789700 431
1789710 431
1789720 430
1789730 430
1789740 430
1789750 429
1789760 429
1789770 429
1789780 429
1789790 429
1789800 429
1789810 428
1789820 428
1789830 427
1789840 427
1789850 427
1789860 427
1789870 426
1789880 426
1789890 426
1789900 426
1789910 425
1789920 425
1789930 425
1789940 424
1789950 424
1789960 423
1789970 423
1789980 422
1789990 420
1790000 419
1790010 418
1790020 419
1790030 420
1790040 420
1790050 421
1790060 421
1790070 421
1790080 421
1790090 421
1790100 421
1790110 421
1790120 421
1790130 421
1790140 422
1790150 422
1790160 422
1790170 422
1790180 422
1790190 422
1790200 422
1790210 422
1790220 423
1790230 423
1790240 424
1790250 424
1790260 425
1790270 425
1790280 424
1790290 424
1790300 424
1790310 424
1790320 423
1790330 421
1790340 420
1790350 420
1790360 420
1790370 420
1790380 420
1790390 420
1790400 421
1790410 421
1790420 422
1790430 424
1790440 425
1790450 427
1790460 429
1790470 431
1790480 433
1790490 435
1790500 437
1790510 439
1790520 441
1790530 442
1790540 442
1790550 442
1790560 442
1790570 443
1790580 444
1790590 445
1790600 446
1790610 447
1790620 448
1790630 448
1790640 448
1790650 448
1790660 448
1790670 448
1790680 448
1790690 447
1790700 447
1790710 446
1790720 445
1790730 444
1790740 444
1790750 443
1790760 442
1790770 441
1790780 441
1790790 440
1790800 439
1790810 438
1790820 438
1790830 437
1790840 436
1790850 436
1790860 435
1790870 435
1790880 435
1790890 437
1790900 439
1790910 440
1790920 442
1790930 443
1790940 444
1790950 445
1790960 446
1790970 448
1790980 450
1790990 452
1791000 456
1791010 460
1791020 460
1791030 460
1791040 460
1791050 459
1791060 457
1791070 453
1791080 451
1791090 449
1791100 447
1791110 448
1791120 447
1791130 447
1791140 446
1791150 446
1791160 446
1791170 446
1791180 447
1791190 447
1791200 448
1791210 448
1791220 448
1791230 448
1791240 448
1791250 448
1791260 449
1791270 449
1791280 450
1791290 450
1791300 451
1791310 451
1791320 451
1791330 452
1791340 453
1791350 453
1791360 454
1791370 454
1791380 455
1791390 455
1791400 456
1791410 457
1791420 458
1791430 458
1791440 459
1791450 460
1791460 461
1791470 462
1791480 463
1791490 464
1791500 465
1791510 466
1791520 467
1791530 468
1791540 469
1791550 470
1791560 470
1791570 471
1791580 472
1791590 472
1791600 473
1791610 474
1791620 475
1791630 475
1791640 476
1791650 476
1791660 477
1791670 477
1791680 478
1791690 478
1791700 478
1791710 479
1791720 479
1791730 479
1791740 480
1791750 480
1791760 480
1791770 481
1791780 481
1791790 481
1791800 481
1791810 481
1791820 481
1791830 482
1791840 482
1791850 482
1791860 482
1791870 482
1791880 482
1791890 482
1791900 482
1791910 482
1791920 482
1791930 482
1791940 482
1791950 482
1791960 481
1791970 481
1791980 481
1791990 481
1792000 481
1792010 481
1792020 481
1792030 480
1792040 480
1792050 479
1792060 479
1792070 478
1792080 478
1792090 477
1792100 477
1792110 476
1792120 476
1792130 475
1792140 474
1792150 474
1792160 473
1792170 472
1792180 471
1792190 470
1792200 470
1792210 469
1792220 468
1792230 468
1792240 468
1792250 467
1792260 467
1792270 466
1792280 466
1792290 465
1792300 465
1792310 464
1792320 464
1792330 463
1792340 462
1792350 461
1792360 461
1792370 460
1792380 459
1792390 458
1792400 457
1792410 457
1792420 456
1792430 456
1792440 455
1792450 454
1792460 453
1792470 451
1792480 449
1792490 448
1792500 446
1792510 445
1792520 444
1792530 444
1792540 445
1792550 446
1792560 448
1792570 451
1792580 452
1792590 453
1792600 452
1792610 451
1792620 451
1792630 451
1792640 451
1792650 452
1792660 452
1792670 451
1792680 451
1792690 451
1792700 452
1792710 452
1792720 451
1792730 451
1792740 451
1792750 450
1792760 449
1792770 448
1792780 447
1792790 446
1792800 446
1792810 446
1792820 445
1792830 445
1792840 445
1792850 445
1792860 445
1792870 444
1792880 443
1792890 443
1792900 442
1792910 441
1792920 439
1792930 438
1792940 438
1792950 438
1792960 437
1792970 437
1792980 436
1792990 434
1793000 433
1793010 432
1793020 431
1793030 430
1793040 430
1793050 429
1793060 428
1793070 428
1793080 427
1793090 426
1793100 425
1793110 424
1793120 423
1793130 422
1793140 421
1793150 419
1793160 418
1793170 416
1793180 415
1793190 414
1793200 414
1793210 414
1793220 414
1793230 414
1793240 413
1793250 412
1793260 411
1793270 410
1793280 409
1793290 408
1793300 408
1793310 408
1793320 407
1793330 407
1793340 407
1793350 407
1793360 408
1793370 408
1793380 408
1793390 408
1793400 408
1793410 408
1793420 409
1793430 409
1793440 408
1793450 408
1793460 408
1793470 408
1793480 408
1793490 408
1793500 408
1793510 408
1793520 408
1793530 409
1793540 409
1793550 409
1793560 408
1793570 406
1793580 404
1793590 403
1793600 402
1793610 401
1793620 400
1793630 400
1793640 399
1793650 399
1793660 398
1793670 398
1793680 398
1793690 398
1793700 397
1793710 397
1793720 398
1793730 398
1793740 397
1793750 397
1793760 397
1793770 397
1793780 396
1793790 395
1793800 395
1793810 394
1793820 394
1793830 394
1793840 393
1793850 393
1793860 393
1793870 393
1793880 393
1793890 392
1793900 392
1793910 392
1793920 392
1793930 393
1793940 393
1793950 393
1793960 393
1793970 393
1793980 393
1793990 393
1794000 392
1794010 392
1794020 391
1794030 391
1794040 391
1794050 391
1794060 391
1794070 390
1794080 390
1794090 390
1794100 390
1794110 389
1794120 389
1794130 389
1794140 389
1794150 389
1794160 389
1794170 389
1794180 389
1794190 388
1794200 388
1794210 388
1794220 388
1794230 388
1794240 388
1794250 388
1794260 388
1794270 388
1794280 388
1794290 388
1794300 388
1794310 388
1794320 388
1794330 387
1794340 386
1794350 386
1794360 387
1794370 388
1794380 388
1794390 389
1794400 389
1794410 389
1794420 389
1794430 389
1794440 389
1794450 389
1794460 389
1794470 389
1794480 389
1794490 389
1794500 389
1794510 389
1794520 389
1794530 389
1794540 389
1794550 389
1794560 389
1794570 389
1794580 390
1794590 390
1794600 390
1794610 390
1794620 390
1794630 390
1794640 390
1794650 390
1794660 390
1794670 390
1794680 390
1794690 391
1794700 391
1794710 391
1794720 391
1794730 391
1794740 391
1794750 391
1794760 391
1794770 391
1794780 391
1794790 391
1794800 392
1794810 392
1794820 392
1794830 392
1794840 392
1794850 392
1794860 392
1794870 392
1794880 393
1794890 393
1794900 393
1794910 393
1794920 393
1794930 393
1794940 394
1794950 394
1794960 394
1794970 394
1794980 395
1794990 395
1795000 396
1795010 397
1795020 397
1795030 397
1795040 397
1795050 397
1795060 397
1795070 398
1795080 399
1795090 399
1795100 400
1795110 401
1795120 402
1795130 403
1795140 404
1795150 404
1795160 405
1795170 406
1795180 406
1795190 407
1795200 407
1795210 408
1795220 408
1795230 408
1795240 408
1795250 409
1795260 411
1795270 411
1795280 412
1795290 412
1795300 413
1795310 414
1795320 416
1795330 417
1795340 417
1795350 417
1795360 417
1795370 418
1795380 418
1795390 419
1795400 419
1795410 420
1795420 421
1795430 422
1795440 422
1795450 423
1795460 424
1795470 424
1795480 425
1795490 425
1795500 426
1795510 427
1795520 427
1795530 428
1795540 428
1795550 429
1795560 429
1795570 430
1795580 430
1795590 431
1795600 431
1795610 431
1795620 431
1795630 431
1795640 432
1795650 432
1795660 432
1795670 432
1795680 432
1795690 431
1795700 430
1795710 430
1795720 429
1795730 429
1795740 428
1795750 427
1795760 427
1795770 426
1795780 425
1795790 424
1795800 423
1795810 423
1795820 422
1795830 422
1795840 423
1795850 424
1795860 426
1795870 428
1795880 428
1795890 429
1795900 429
1795910 430
1795920 431
1795930 432
1795940 432
1795950 432
1795960 431
1795970 431
1795980 430
1795990 429
1796000 429
1796010 428
1796020 427
1796030 426
1796040 425
1796050 425
1796060 424
1796070 424
1796080 425
1796090 427
1796100 429
1796110 430
1796120 431
1796130 432
1796140 432
1796150 433
1796160 434
1796170 435
1796180 435
1796190 436
1796200 437
1796210 438
1796220 439
1796230 439
1796240 440
1796250 441
1796260 441
1796270 442
1796280 443
1796290 444
1796300 445
1796310 445
1796320 446
1796330 447
1796340 448
1796350 449
1796360 449
1796370 450
1796380 450
1796390 450
1796400 450
1796410 451
1796420 451
1796430 451
1796440 451
1796450 450
1796460 450
1796470 450
1796480 450
1796490 449
1796500 449
1796510 448
1796520 448
1796530 448
1796540 447
1796550 447
1796560 447
1796570 446
1796580 446
1796590 446
1796600 445
1796610 445
1796620 445
1796630 445
1796640 445
1796650 444
1796660 444
1796670 444
1796680 444
1796690 443
1796700 443
1796710 443
1796720 443
1796730 444
1796740 444
1796750 444
1796760 444
1796770 444
1796780 445
1796790 445
1796800 445
1796810 445
1796820 445
1796830 445
1796840 445
1796850 445
1796860 445
1796870 445
1796880 445
1796890 445
1796900 446
1796910 446
1796920 446
1796930 447
1796940 447
1796950 448
1796960 448
1796970 449
1796980 449
1796990 450
1797000 450
1797010 451
1797020 451
1797030 451
1797040 451
1797050 452
1797060 452
1797070 452
1797080 452
1797090 452
1797100 452
1797110 452
1797120 452
1797130 452
1797140 452
1797150 451
1797160 451
1797170 451
1797180 451
1797190 450
1797200 450
1797210 449
1797220 448
1797230 447
1797240 446
1797250 445
1797260 444
1797270 443
1797280 441
1797290 439
1797300 437
1797310 435
1797320 433
1797330 431
1797340 429
1797350 427
1797360 426
1797370 424
1797380 423
1797390 421
1797400 419
1797410 418
1797420 416
1797430 415
1797440 414
1797450 413
1797460 412
1797470 411
1797480 410
1797490 409
1797500 409
1797510 408
1797520 408
1797530 407
1797540 406
1797550 405
1797560 404
1797570 403
1797580 402
1797590 401
1797600 400
1797610 398
1797620 397
1797630 396
1797640 395
1797650 394
1797660 393
1797670 391
1797680 389
1797690 387
1797700 387
1797710 386
1797720 387
1797730 389
1797740 391
1797750 392
1797760 393
1797770 394
1797780 395
1797790 396
1797800 397
1797810 398
1797820 398
1797830 397
1797840 397
1797850 396
1797860 395
1797870 393
1797880 392
1797890 390
1797900 389
1797910 388
1797920 386
1797930 385
1797940 384
1797950 383
1797960 382
1797970 381
1797980 381
1797990 380
1798000 379
1798010 377
1798020 376
1798030 374
1798040 373
1798050 372
1798060 372
1798070 372
1798080 372
1798090 372
1798100 372
1798110 372
1798120 372
1798130 372
1798140 372
1798150 372
1798160 372
1798170 371
1798180 371
1798190 371
1798200 371
1798210 371
1798220 371
1798230 372
1798240 372
1798250 373
1798260 373
1798270 373
1798280 373
1798290 373
1798300 373
1798310 373
1798320 373
1798330 373
1798340 373
1798350 373
1798360 373
1798370 373
1798380 373
1798390 373
1798400 373
1798410 373
1798420 373
1798430 373
1798440 373
1798450 373
1798460 373
1798470 374
1798480 374
1798490 374
1798500 374
1798510 374
1798520 375
1798530 375
1798540 375
1798550 375
1798560 376
1798570 376
1798580 376
1798590 377
1798600 377
1798610 378
1798620 378
1798630 378
1798640 379
1798650 379
1798660 380
1798670 380
1798680 381
1798690 381
1798700 382
1798710 382
1798720 383
1798730 383
1798740 383
1798750 384
1798760 384
1798770 385
1798780 386
1798790 386
1798800 387
1798810 388
1798820 388
1798830 389
1798840 390
1798850 391
1798860 391
1798870 392
1798880 393
1798890 394
1798900 395
1798910 395
1798920 396
1798930 397
1798940 398
1798950 399
1798960 399
1798970 400
1798980 400
1798990 400
1799000 399
1799010 399
1799020 398
1799030 397
1799040 397
1799050 396
1799060 395
1799070 394
1799080 394
1799090 393
1799100 392
1799110 392
1799120 391
1799130 390
1799140 389
1799150 389
1799160 388
1799170 387
1799180 386
1799190 385
1799200 384
1799210 384
1799220 383
1799230 382
1799240 381
1799250 380
1799260 379
1799270 378
1799280 376
1799290 376
1799300 375
1799310 375
1799320 374
1799330 374
1799340 374
1799350 374
1799360 374
1799370 374
1799380 374
1799390 375
1799400 375
1799410 376
1799420 376
1799430 377
1799440 378
1799450 378
1799460 378
1799470 379
1799480 379
1799490 380
1799500 380
1799510 380
1799520 381
1799530 382
1799540 382
1799550 383
1799560 384
1799570 385
1799580 386
1799590 387
1799600 388
1799610 389
1799620 390
1799630 391
1799640 392
1799650 393
1799660 394
1799670 395
1799680 396
1799690 397
1799700 399
1799710 400
1799720 401
1799730 403
1799740 405
1799750 406
1799760 408
1799770 409
1799780 411
1799790 412
1799800 414
1799810 415
1799820 416
1799830 418
1799840 419
1799850 420
1799860 421
1799870 423
1799880 424
1799890 425
1799900 426
1799910 427
1799920 429
1799930 430
1799940 431
1799950 432
1799960 433
1799970 434
1799980 434
1799990 435
