1780000 608
1780010 608
1780020 610
1780030 614
1780040 614
1780050 616
1780060 617
1780070 617
1780080 618
1780090 620
1780100 620
1780110 621
1780120 622
1780130 623
1780140 623
1780150 624
1780160 624
1780170 624
1780180 625
1780190 625
1780200 625
1780210 625
1780220 625
1780230 625
1780240 625
1780250 625
1780260 625
1780270 625
1780280 625
1780290 625
1780300 625
1780310 625
1780320 625
1780330 624
1780340 624
1780350 624
1780360 624
1780370 623
1780380 623
1780390 622
1780400 621
1780410 620
1780420 620
1780430 618
1780440 617
1780450 617
1780460 616
1780470 615
1780480 615
1780490 613
1780500 612
1780510 612
1780520 611
1780530 609
1780540 609
1780550 608
1780560 607
1780570 607
1780580 607
1780590 606
1780600 606
1780610 605
1780620 604
1780630 604
1780640 603
1780650 603
1780660 603
1780670 602
1780680 601
1780690 601
1780700 600
1780710 599
1780720 599
1780730 599
1780740 598
1780750 597
1780760 597
1780770 596
1780780 595
1780790 595
1780800 595
1780810 594
1780820 594
1780830 593
1780840 592
1780850 592
1780860 591
1780870 590
1780880 590
1780890 589
1780900 588
1780910 587
1780920 587
1780930 585
1780940 585
1780950 585
1780960 583
1780970 583
1780980 582
1780990 581
1781000 581
1781010 580
1781020 579
1781030 577
1781040 577
1781050 576
1781060 574
1781070 574
1781080 572
1781090 571
1781100 571
1781110 569
1781120 567
1781130 567
1781140 565
1781150 563
1781160 563
1781170 561
1781180 559
1781190 559
1781200 558
1781210 557
1781220 557
1781230 556
1781240 554
1781250 554
1781260 553
1781270 552
1781280 552
1781290 550
1781300 548
1781310 548
1781320 546
1781330 543
1781340 541
1781350 541
1781360 539
1781370 536
1781380 536
1781390 535
1781400 532
1781410 532
1781420 529
1781430 526
1781440 526
1781450 525
1781460 523
1781470 523
1781480 522
1781490 521
1781500 521
1781510 520
1781520 518
1781530 518
1781540 517
1781550 516
1781560 516
1781570 515
1781580 513
1781590 513
1781600 513
1781610 511
1781620 511
1781630 510
1781640 509
1781650 507
1781660 507
1781670 506
1781680 504
1781690 504
1781700 501
1781710 501
1781720 501
1781730 498
1781740 496
1781750 496
1781760 495
1781770 495
1781780 495
1781790 494
1781800 492
1781810 492
1781820 494
1781830 494
1781840 494
1781850 493
1781860 493
1781870 493
1781880 492
1781890 492
1781900 492
1781910 492
1781920 492
1781930 492
1781940 492
1781950 493
1781960 494
1781970 494
1781980 495
1781990 495
1782000 495
1782010 496
1782020 496
1782030 496
1782040 497
1782050 497
1782060 498
1782070 498
1782080 499
1782090 499
1782100 500
1782110 501
1782120 501
1782130 501
1782140 501
1782150 501
1782160 501
1782170 502
1782180 502
1782190 502
1782200 503
1782210 503
1782220 503
1782230 504
1782240 504
1782250 504
1782260 505
1782270 505
1782280 505
1782290 506
1782300 506
1782310 506
1782320 507
1782330 507
1782340 507
1782350 507
1782360 506
1782370 506
1782380 506
1782390 506
1782400 506
1782410 506
1782420 507
1782430 507
1782440 507
1782450 507
1782460 507
1782470 508
1782480 509
1782490 509
1782500 510
1782510 513
1782520 513
1782530 513
1782540 514
1782550 514
1782560 514
1782570 515
1782580 517
1782590 517
1782600 517
1782610 518
1782620 518
1782630 519
1782640 520
1782650 520
1782660 521
1782670 522
1782680 522
1782690 523
1782700 524
1782710 524
1782720 525
1782730 526
1782740 526
1782750 527
1782760 527
1782770 527
1782780 528
1782790 529
1782800 529
1782810 530
1782820 531
1782830 531
1782840 532
1782850 533
1782860 534
1782870 534
1782880 535
1782890 536
1782900 536
1782910 537
1782920 539
1782930 539
1782940 540
1782950 541
1782960 541
1782970 542
1782980 543
1782990 543
1783000 544
1783010 545
1783020 545
1783030 545
1783040 546
1783050 546
1783060 545
1783070 545
1783080 545
1783090 545
1783100 545
1783110 545
1783120 544
1783130 544
1783140 544
1783150 544
1783160 544
1783170 544
1783180 544
1783190 542
1783200 541
1783210 541
1783220 541
1783230 541
1783240 541
1783250 540
1783260 540
1783270 540
1783280 539
1783290 538
1783300 538
1783310 534
1783320 532
1783330 532
1783340 532
1783350 533
1783360 533
1783370 533
1783380 535
1783390 535
1783400 535
1783410 535
1783420 535
1783430 534
1783440 533
1783450 533
1783460 533
1783470 533
1783480 533
1783490 533
1783500 533
1783510 534
1783520 534
1783530 534
1783540 533
1783550 533
1783560 532
1783570 531
1783580 531
1783590 528
1783600 528
1783610 528
1783620 528
1783630 528
1783640 528
1783650 528
1783660 528
1783670 528
1783680 528
1783690 528
1783700 528
1783710 528
1783720 529
1783730 529
1783740 529
1783750 529
1783760 529
1783770 529
1783780 528
1783790 527
1783800 527
1783810 527
1783820 526
1783830 526
1783840 526
1783850 525
1783860 525
1783870 524
1783880 524
1783890 524
1783900 523
1783910 521
1783920 521
1783930 520
1783940 518
1783950 518
1783960 517
1783970 516
1783980 516
1783990 515
1784000 514
1784010 514
1784020 513
1784030 512
1784040 512
1784050 511
1784060 509
1784070 507
1784080 507
1784090 503
1784100 499
1784110 499
1784120 498
1784130 499
1784140 499
1784150 499
1784160 499
1784170 499
1784180 499
1784190 499
1784200 499
1784210 499
1784220 499
1784230 499
1784240 498
1784250 493
1784260 493
1784270 491
1784280 490
1784290 490
1784300 489
1784310 489
1784320 489
1784330 489
1784340 489
1784350 489
1784360 489
1784370 488
1784380 488
1784390 488
1784400 487
1784410 487
1784420 487
1784430 487
1784440 489
1784450 489
1784460 491
1784470 493
1784480 493
1784490 495
1784500 495
1784510 495
1784520 495
1784530 495
1784540 495
1784550 495
1784560 494
1784570 494
1784580 491
1784590 490
1784600 490
1784610 488
1784620 489
1784630 489
1784640 490
1784650 491
1784660 492
1784670 492
1784680 493
1784690 493
1784700 493
1784710 494
1784720 494
1784730 494
1784740 495
1784750 495
1784760 495
1784770 496
1784780 497
1784790 497
1784800 498
1784810 499
1784820 499
1784830 499
1784840 500
1784850 500
1784860 501
1784870 502
1784880 502
1784890 503
1784900 504
1784910 504
1784920 505
1784930 506
1784940 506
1784950 507
1784960 507
1784970 508
1784980 508
1784990 509
1785000 510
1785010 510
1785020 511
1785030 512
1785040 512
1785050 513
1785060 514
1785070 514
1785080 516
1785090 517
1785100 517
1785110 517
1785120 518
1785130 518
1785140 519
1785150 520
1785160 520
1785170 521
1785180 521
1785190 521
1785200 522
1785210 522
1785220 522
1785230 522
1785240 522
1785250 522
1785260 522
1785270 521
1785280 521
1785290 521
1785300 520
1785310 518
1785320 518
1785330 517
1785340 517
1785350 517
1785360 516
1785370 515
1785380 515
1785390 514
1785400 513
1785410 513
1785420 511
1785430 509
1785440 509
1785450 508
1785460 506
1785470 506
1785480 504
1785490 502
1785500 502
1785510 500
1785520 499
1785530 499
1785540 497
1785550 496
1785560 496
1785570 495
1785580 493
1785590 492
1785600 492
1785610 490
1785620 488
1785630 488
1785640 487
1785650 484
1785660 484
1785670 482
1785680 480
1785690 480
1785700 479
1785710 477
1785720 477
1785730 477
1785740 476
1785750 476
1785760 476
1785770 476
1785780 476
1785790 476
1785800 476
1785810 476
1785820 474
1785830 475
1785840 475
1785850 476
1785860 479
1785870 479
1785880 482
1785890 484
1785900 485
1785910 485
1785920 485
1785930 486
1785940 486
1785950 487
1785960 488
1785970 488
1785980 489
1785990 490
1786000 490
1786010 491
1786020 492
1786030 492
1786040 493
1786050 495
1786060 495
1786070 497
1786080 498
1786090 498
1786100 499
1786110 499
1786120 499
1786130 500
1786140 501
1786150 501
1786160 502
1786170 502
1786180 503
1786190 503
1786200 503
1786210 504
1786220 504
1786230 505
1786240 505
1786250 505
1786260 506
1786270 507
1786280 507
1786290 507
1786300 508
1786310 508
1786320 508
1786330 508
1786340 508
1786350 508
1786360 508
1786370 508
1786380 508
1786390 507
1786400 507
1786410 506
1786420 506
1786430 506
1786440 505
1786450 504
1786460 504
1786470 503
1786480 502
1786490 502
1786500 502
1786510 501
1786520 500
1786530 500
1786540 500
1786550 499
1786560 499
1786570 499
1786580 498
1786590 498
1786600 497
1786610 496
1786620 496
1786630 495
1786640 494
1786650 494
1786660 493
1786670 493
1786680 493
1786690 491
1786700 490
1786710 490
1786720 490
1786730 489
1786740 489
1786750 488
1786760 487
1786770 487
1786780 483
1786790 477
1786800 476
1786810 476
1786820 476
1786830 476
1786840 476
1786850 476
1786860 475
1786870 475
1786880 475
1786890 476
1786900 476
1786910 476
1786920 475
1786930 475
1786940 477
1786950 477
1786960 477
1786970 478
1786980 479
1786990 479
1787000 482
1787010 485
1787020 485
1787030 486
1787040 487
1787050 487
1787060 488
1787070 490
1787080 490
1787090 491
1787100 492
1787110 492
1787120 492
1787130 493
1787140 493
1787150 493
1787160 493
1787170 494
1787180 494
1787190 494
1787200 495
1787210 495
1787220 495
1787230 495
1787240 495
1787250 496
1787260 496
1787270 496
1787280 497
1787290 497
1787300 497
1787310 497
1787320 497
1787330 497
1787340 497
1787350 497
1787360 497
1787370 496
1787380 495
1787390 495
1787400 495
1787410 495
1787420 497
1787430 497
1787440 498
1787450 500
1787460 500
1787470 502
1787480 504
1787490 504
1787500 506
1787510 508
1787520 508
1787530 510
1787540 512
1787550 512
1787560 513
1787570 514
1787580 514
1787590 514
1787600 514
1787610 514
1787620 515
1787630 517
1787640 517
1787650 518
1787660 520
1787670 520
1787680 523
1787690 525
1787700 527
1787710 527
1787720 529
1787730 531
1787740 531
1787750 533
1787760 535
1787770 535
1787780 537
1787790 539
1787800 539
1787810 541
1787820 542
1787830 542
1787840 544
1787850 546
1787860 546
1787870 547
1787880 548
1787890 548
1787900 549
1787910 550
1787920 550
1787930 552
1787940 553
1787950 553
1787960 554
1787970 555
1787980 555
1787990 556
1788000 558
1788010 559
1788020 559
1788030 560
1788040 561
1788050 561
1788060 562
1788070 562
1788080 562
1788090 563
1788100 564
1788110 564
1788120 564
1788130 565
1788140 565
1788150 566
1788160 566
1788170 566
1788180 566
1788190 567
1788200 567
1788210 567
1788220 567
1788230 567
1788240 567
1788250 566
1788260 566
1788270 566
1788280 565
1788290 565
1788300 565
1788310 564
1788320 564
1788330 564
1788340 563
1788350 563
1788360 563
1788370 563
1788380 561
1788390 561
1788400 561
1788410 560
1788420 560
1788430 559
1788440 558
1788450 558
1788460 558
1788470 557
1788480 557
1788490 556
1788500 555
1788510 555
1788520 554
1788530 553
1788540 553
1788550 552
1788560 548
1788570 548
1788580 546
1788590 548
1788600 548
1788610 551
1788620 551
1788630 551
1788640 551
1788650 551
1788660 552
1788670 552
1788680 552
1788690 553
1788700 553
1788710 553
1788720 553
1788730 553
1788740 553
1788750 553
1788760 553
1788770 553
1788780 553
1788790 553
1788800 553
1788810 553
1788820 553
1788830 553
1788840 553
1788850 553
1788860 553
1788870 552
1788880 552
1788890 552
1788900 552
1788910 552
1788920 552
1788930 552
1788940 552
1788950 552
1788960 552
1788970 552
1788980 552
1788990 552
1789000 552
1789010 552
1789020 552
1789030 553
1789040 553
1789050 553
1789060 553
1789070 553
1789080 553
1789090 554
1789100 554
1789110 554
1789120 554
1789130 554
1789140 555
1789150 555
1789160 555
1789170 555
1789180 556
1789190 556
1789200 556
1789210 556
1789220 556
1789230 556
1789240 556
1789250 556
1789260 556
1789270 556
1789280 556
1789290 556
1789300 556
1789310 556
1789320 556
1789330 555
1789340 555
1789350 555
1789360 555
1789370 555
1789380 555
1789390 554
1789400 554
1789410 554
1789420 554
1789430 554
1789440 554
1789450 553
1789460 553
1789470 553
1789480 552
1789490 551
1789500 551
1789510 551
1789520 551
1789530 550
1789540 550
1789550 549
1789560 548
1789570 548
1789580 547
1789590 546
1789600 546
1789610 545
1789620 545
1789630 545
1789640 544
1789650 543
1789660 543
1789670 542
1789680 541
1789690 541
1789700 540
1789710 539
1789720 539
1789730 538
1789740 537
1789750 537
1789760 535
1789770 534
1789780 534
1789790 532
1789800 531
1789810 531
1789820 530
1789830 528
1789840 527
1789850 527
1789860 524
1789870 520
1789880 520
1789890 516
1789900 515
1789910 515
1789920 515
1789930 516
1789940 516
1789950 518
1789960 518
1789970 518
1789980 518
1789990 517
1790000 517
1790010 522
1790020 523
1790030 523
1790040 524
1790050 524
1790060 524
1790070 525
1790080 525
1790090 525
1790100 526
1790110 527
1790120 527
1790130 528
1790140 530
1790150 531
1790160 531
1790170 533
1790180 534
1790190 534
1790200 535
1790210 536
1790220 536
1790230 536
1790240 537
1790250 537
1790260 538
1790270 538
1790280 538
1790290 537
1790300 536
1790310 536
1790320 536
1790330 536
1790340 536
1790350 535
1790360 535
1790370 535
1790380 534
1790390 533
1790400 533
1790410 532
1790420 531
1790430 531
1790440 531
1790450 531
1790460 530
1790470 530
1790480 530
1790490 530
1790500 530
1790510 530
1790520 530
1790530 530
1790540 529
1790550 529
1790560 529
1790570 529
1790580 528
1790590 528
1790600 528
1790610 527
1790620 527
1790630 524
1790640 522
1790650 522
1790660 521
1790670 521
1790680 521
1790690 522
1790700 524
1790710 524
1790720 524
1790730 523
1790740 526
1790750 526
1790760 529
1790770 531
1790780 531
1790790 531
1790800 532
1790810 532
1790820 534
1790830 535
1790840 535
1790850 535
1790860 535
1790870 535
1790880 536
1790890 538
1790900 538
1790910 538
1790920 539
1790930 539
1790940 540
1790950 542
1790960 542
1790970 544
1790980 547
1790990 547
1791000 550
1791010 552
1791020 552
1791030 554
1791040 554
1791050 555
1791060 555
1791070 556
1791080 556
1791090 556
1791100 556
1791110 555
1791120 555
1791130 555
1791140 555
1791150 555
1791160 555
1791170 556
1791180 556
1791190 556
1791200 557
1791210 557
1791220 557
1791230 558
1791240 558
1791250 558
1791260 559
1791270 559
1791280 559
1791290 560
1791300 560
1791310 561
1791320 562
1791330 562
1791340 564
1791350 565
1791360 566
1791370 566
1791380 568
1791390 569
1791400 569
1791410 570
1791420 572
1791430 572
1791440 573
1791450 574
1791460 574
1791470 574
1791480 575
1791490 575
1791500 575
1791510 574
1791520 574
1791530 574
1791540 573
1791550 573
1791560 572
1791570 572
1791580 572
1791590 571
1791600 569
1791610 569
1791620 567
1791630 565
1791640 562
1791650 562
1791660 559
1791670 556
1791680 556
1791690 552
1791700 547
1791710 547
1791720 543
1791730 539
1791740 539
1791750 535
1791760 530
1791770 530
1791780 525
1791790 520
1791800 520
1791810 515
1791820 511
1791830 511
1791840 507
1791850 503
1791860 503
1791870 499
1791880 498
1791890 498
1791900 495
1791910 492
1791920 492
1791930 489
1791940 486
1791950 483
1791960 483
1791970 480
1791980 477
1791990 477
1792000 473
1792010 469
1792020 469
1792030 465
1792040 460
1792050 460
1792060 457
1792070 453
1792080 453
1792090 449
1792100 443
1792110 443
1792120 440
1792130 440
1792140 440
1792150 440
1792160 440
1792170 440
1792180 440
1792190 445
1792200 445
1792210 446
1792220 443
1792230 443
1792240 444
1792250 444
1792260 441
1792270 441
1792280 441
1792290 440
1792300 440
1792310 438
1792320 438
1792330 438
1792340 444
1792350 449
1792360 449
1792370 452
1792380 456
1792390 456
1792400 457
1792410 459
1792420 459
1792430 461
1792440 464
1792450 464
1792460 467
1792470 471
1792480 471
1792490 476
1792500 480
1792510 480
1792520 484
1792530 488
1792540 488
1792550 492
1792560 496
1792570 499
1792580 499
1792590 504
1792600 508
1792610 508
1792620 511
1792630 514
1792640 514
1792650 516
1792660 518
1792670 518
1792680 521
1792690 523
1792700 523
1792710 525
1792720 527
1792730 527
1792740 529
1792750 532
1792760 532
1792770 533
1792780 535
1792790 535
1792800 538
1792810 541
1792820 541
1792830 544
1792840 547
1792850 547
1792860 549
1792870 552
1792880 555
1792890 555
1792900 559
1792910 562
1792920 559
1792930 563
1792940 566
1792950 566
1792960 568
1792970 571
1792980 571
1792990 575
1793000 578
1793010 578
1793020 581
1793030 584
1793040 584
1793050 587
1793060 591
1793070 591
1793080 595
1793090 598
1793100 598
1793110 602
1793120 607
1793130 607
1793140 610
1793150 614
1793160 617
1793170 617
1793180 619
1793190 623
1793200 623
1793210 626
1793220 629
1793230 629
1793240 633
1793250 636
1793260 636
1793270 640
1793280 643
1793290 643
1793300 646
1793310 649
1793320 649
1793330 652
1793340 655
1793350 655
1793360 657
1793370 660
1793380 660
1793390 661
1793400 662
1793410 662
1793420 665
1793430 666
1793440 666
1793450 667
1793460 669
1793470 670
1793480 670
1793490 671
1793500 673
1793510 673
1793520 673
1793530 674
1793540 674
1793550 675
1793560 676
1793570 676
1793580 677
1793590 677
1793600 677
1793610 677
1793620 678
1793630 678
1793640 678
1793650 678
1793660 678
1793670 678
1793680 677
1793690 677
1793700 677
1793710 676
1793720 676
1793730 675
1793740 674
1793750 674
1793760 673
1793770 672
1793780 671
1793790 671
1793800 669
1793810 669
1793820 669
1793830 666
1793840 664
1793850 664
1793860 661
1793870 660
1793880 660
1793890 658
1793900 656
1793910 656
1793920 652
1793930 650
1793940 650
1793950 650
1793960 650
1793970 650
1793980 649
1793990 648
1794000 648
1794010 647
1794020 640
1794030 640
1794040 640
1794050 643
1794060 643
1794070 643
1794080 640
1794090 643
1794100 643
1794110 641
1794120 644
1794130 644
1794140 651
1794150 653
1794160 653
1794170 654
1794180 656
1794190 656
1794200 656
1794210 658
1794220 658
1794230 659
1794240 659
1794250 659
1794260 661
1794270 662
1794280 662
1794290 663
1794300 666
1794310 666
1794320 667
1794330 668
1794340 668
1794350 669
1794360 670
1794370 670
1794380 670
1794390 672
1794400 673
1794410 673
1794420 674
1794430 675
1794440 675
1794450 676
1794460 676
1794470 676
1794480 677
1794490 678
1794500 678
1794510 679
1794520 680
1794530 680
1794540 680
1794550 681
1794560 681
1794570 682
1794580 682
1794590 682
1794600 683
1794610 683
1794620 683
1794630 684
1794640 685
1794650 685
1794660 685
1794670 685
1794680 686
1794690 686
1794700 686
1794710 687
1794720 687
1794730 687
1794740 687
1794750 687
1794760 688
1794770 689
1794780 689
1794790 689
1794800 689
1794810 689
1794820 689
1794830 690
1794840 690
1794850 690
1794860 690
1794870 690
1794880 690
1794890 690
1794900 690
1794910 690
1794920 690
1794930 690
1794940 689
1794950 689
1794960 689
1794970 688
1794980 688
1794990 687
1795000 687
1795010 686
1795020 685
1795030 685
1795040 683
1795050 682
1795060 682
1795070 681
1795080 679
1795090 679
1795100 677
1795110 675
1795120 675
1795130 673
1795140 671
1795150 671
1795160 669
1795170 667
1795180 667
1795190 665
1795200 664
1795210 664
1795220 662
1795230 660
1795240 660
1795250 657
1795260 655
1795270 655
1795280 652
1795290 649
1795300 646
1795310 646
1795320 643
1795330 641
1795340 641
1795350 638
1795360 635
1795370 635
1795380 631
1795390 628
1795400 628
1795410 625
1795420 622
1795430 622
1795440 620
1795450 618
1795460 618
1795470 616
1795480 614
1795490 614
1795500 612
1795510 607
1795520 607
1795530 600
1795540 599
1795550 599
1795560 600
1795570 597
1795580 597
1795590 603
1795600 608
1795610 612
1795620 612
1795630 615
1795640 617
1795650 617
1795660 618
1795670 620
1795680 620
1795690 621
1795700 624
1795710 624
1795720 626
1795730 628
1795740 628
1795750 629
1795760 629
1795770 629
1795780 629
1795790 629
1795800 629
1795810 628
1795820 628
1795830 628
1795840 628
1795850 627
1795860 627
1795870 626
1795880 625
1795890 624
1795900 624
1795910 622
1795920 621
1795930 621
1795940 619
1795950 618
1795960 618
1795970 616
1795980 615
1795990 615
1796000 614
1796010 612
1796020 612
1796030 610
1796040 607
1796050 607
1796060 605
1796070 602
1796080 602
1796090 600
1796100 597
1796110 597
1796120 594
1796130 589
1796140 589
1796150 586
1796160 585
1796170 585
1796180 587
1796190 594
1796200 597
1796210 597
1796220 600
1796230 601
1796240 601
1796250 605
1796260 607
1796270 607
1796280 609
1796290 611
1796300 611
1796310 613
1796320 615
1796330 615
1796340 616
1796350 618
1796360 618
1796370 619
1796380 620
1796390 620
1796400 620
1796410 621
1796420 621
1796430 621
1796440 621
1796450 621
1796460 621
1796470 621
1796480 621
1796490 621
1796500 621
1796510 620
1796520 620
1796530 620
1796540 619
1796550 619
1796560 618
1796570 616
1796580 616
1796590 615
1796600 614
1796610 614
1796620 612
1796630 611
1796640 611
1796650 610
1796660 608
1796670 608
1796680 607
1796690 606
1796700 606
1796710 604
1796720 603
1796730 603
1796740 602
1796750 598
1796760 598
1796770 598
1796780 599
1796790 599
1796800 598
1796810 597
1796820 597
1796830 597
1796840 597
1796850 596
1796860 596
1796870 595
1796880 594
1796890 594
1796900 593
1796910 592
1796920 592
1796930 590
1796940 588
1796950 588
1796960 586
1796970 583
1796980 583
1796990 580
1797000 576
1797010 576
1797020 570
1797030 566
1797040 566
1797050 561
1797060 557
1797070 557
1797080 553
1797090 548
1797100 548
1797110 545
1797120 542
1797130 538
1797140 538
1797150 537
1797160 529
1797170 529
1797180 530
1797190 531
1797200 531
1797210 534
1797220 542
1797230 542
1797240 552
1797250 556
1797260 556
1797270 559
1797280 561
1797290 561
1797300 565
1797310 568
1797320 568
1797330 572
1797340 575
1797350 575
1797360 578
1797370 582
1797380 582
1797390 584
1797400 586
1797410 588
1797420 588
1797430 590
1797440 591
1797450 591
1797460 592
1797470 592
1797480 592
1797490 593
1797500 593
1797510 593
1797520 592
1797530 589
1797540 589
1797550 588
1797560 585
1797570 585
1797580 582
1797590 579
1797600 579
1797610 578
1797620 577
1797630 577
1797640 577
1797650 577
1797660 577
1797670 577
1797680 578
1797690 578
1797700 577
1797710 575
1797720 572
1797730 572
1797740 571
1797750 570
1797760 570
1797770 570
1797780 568
1797790 568
1797800 567
1797810 565
1797820 565
1797830 563
1797840 562
1797850 562
1797860 560
1797870 559
1797880 559
1797890 556
1797900 554
1797910 554
1797920 551
1797930 547
1797940 547
1797950 544
1797960 541
1797970 541
1797980 538
1797990 535
1798000 535
1798010 531
1798020 528
1798030 525
1798040 525
1798050 522
1798060 518
1798070 518
1798080 512
1798090 506
1798100 506
1798110 506
1798120 506
1798130 506
1798140 507
1798150 508
1798160 508
1798170 509
1798180 514
1798190 514
1798200 519
1798210 523
1798220 523
1798230 526
1798240 529
1798250 529
1798260 532
1798270 535
1798280 535
1798290 537
1798300 539
1798310 539
1798320 541
1798330 543
1798340 545
1798350 545
1798360 547
1798370 549
1798380 549
1798390 552
1798400 554
1798410 554
1798420 556
1798430 558
1798440 558
1798450 561
1798460 563
1798470 563
1798480 565
1798490 567
1798500 567
1798510 570
1798520 572
1798530 572
1798540 573
1798550 575
1798560 575
1798570 577
1798580 579
1798590 579
1798600 582
1798610 585
1798620 585
1798630 586
1798640 588
1798650 590
1798660 590
1798670 592
1798680 592
1798690 592
1798700 593
1798710 594
1798720 594
1798730 594
1798740 594
1798750 594
1798760 594
1798770 593
1798780 593
1798790 592
1798800 590
1798810 590
1798820 588
1798830 586
1798840 586
1798850 584
1798860 583
1798870 583
1798880 575
1798890 580
1798900 580
1798910 584
1798920 585
1798930 587
1798940 587
1798950 589
1798960 591
1798970 591
1798980 593
1798990 594
1799000 595
1799010 597
1799020 598
1799030 598
1799040 600
1799050 601
1799060 601
1799070 603
1799080 604
1799090 604
1799100 605
1799110 606
1799120 606
1799130 607
1799140 608
1799150 608
1799160 609
1799170 609
1799180 609
1799190 609
1799200 609
1799210 609
1799220 609
1799230 609
1799240 609
1799250 609
1799260 608
1799270 607
1799280 607
1799290 606
1799300 605
1799310 605
1799320 603
1799330 602
1799340 602
1799350 600
1799360 598
1799370 598
1799380 596
1799390 594
1799400 594
1799410 592
1799420 589
1799430 589
1799440 586
1799450 584
1799460 584
1799470 581
1799480 579
1799490 579
1799500 576
1799510 573
1799520 573
1799530 569
1799540 566
1799550 564
1799560 564
1799570 563
1799580 558
1799590 558
1799600 552
1799610 546
1799620 546
1799630 540
1799640 535
1799650 535
1799660 534
1799670 530
1799680 530
1799690 526
1799700 521
1799710 521
1799720 515
1799730 513
1799740 513
1799750 511
1799760 510
1799770 510
1799780 509
1799790 508
1799800 508
1799810 506
1799820 505
1799830 505
1799840 504
1799850 504
1799860 503
1799870 503
1799880 503
1799890 503
1799900 503
1799910 504
1799920 504
1799930 504
1799940 504
1799950 506
1799960 506
1799970 507
1799980 511
1799990 511
1792450 462
1792460 464
1792470 466
1792480 469
1792490 472
1792500 475
1792510 478
1792520 481
1792530 484
1792540 487
1792550 489
1792560 491
1792570 494
1792580 496
1792590 499
1792600 502
1792610 505
1792620 508
1792630 510
1792640 512
1792650 513
1792660 514
1792670 516
1792680 517
1792690 519
1792700 520
1792710 522
1792720 523
1792730 524
1792740 526
1792750 527
1792760 529
1792770 531
1792780 532
1792790 534
1792800 535
1792810 537
1792820 539
1792830 541
1792840 543
1792850 544
1792860 546
1792870 548
1792880 550
1792890 552
1792900 554
1792910 556
1792920 559
1792930 561
1792940 563
1792950 565
1792960 567
1792970 568
1792980 570
1792990 572
1793000 575
1793010 577
1793020 579
1793030 581
1793040 583
1793050 585
1793060 588
1793070 590
1793080 593
1793090 595
1793100 598
1793110 600
1793120 604
1793130 606
1793140 609
1793150 611
1793160 613
1793170 615
1793180 618
1793190 619
1793200 622
1793210 624
1793220 626
1793230 628
1793240 630
1793250 633
1793260 636
1793270 638
1793280 641
1793290 643
1793300 645
1793310 647
1793320 649
1793330 650
1793340 652
1793350 654
1793360 656
1793370 657
1793380 659
1793390 660
1793400 661
1793410 662
1793420 664
1793430 665
1793440 666
1793450 667
1793460 668
1793470 669
1793480 670
1793490 671
1793500 671
1793510 672
1793520 673
1793530 673
1793540 674
1793550 674
1793560 675
1793570 675
1793580 676
1793590 676
1793600 677
1793610 677
1793620 677
1793630 677
1793640 677
1793650 677
1793660 677
1793670 677
1793680 677
1793690 677
1793700 677
1793710 676
1793720 676
1793730 675
1793740 674
1793750 674
1793760 673
1793770 672
1793780 672
1793790 671
1793820 668
1793830 668
1793840 666
1793850 665
1793860 663
1793870 662
1793880 660
1793890 659
1793900 658
1793910 657
1793920 655
1793930 653
1793940 651
1793950 650
1793960 650
1793970 649
1793980 649
1793990 648
1794000 647
1794010 646
1794020 643
1794030 641
1794040 641
1794050 643
1794060 643
1794070 642
1794080 642
1794090 642
1794100 643
1794110 644
1794120 645
1794130 646
1794140 649
1794150 651
1794160 652
1794170 653
1794180 654
1794190 654
1794200 654
1794210 655
1794220 655
1794230 655
1794240 656
1794250 657
1794260 658
1794270 659
1794280 660
1794290 662
1794300 664
1795720 625
1795730 627
1795740 628
1795750 630
1795760 630
1795770 630
1795780 630
1795790 630
1795800 630
1795810 629
1795820 629
1795830 629
1795840 629
1795850 628
1795860 628
1795870 627
1795880 627
1795890 626
1795900 625
1795910 624
1795920 623
1795930 622
1795940 621
1795950 620
1795960 619
1795970 618
1795980 617
1795990 616
1796000 615
1796010 614
1796020 612
1796030 611
1796040 609
1796050 608
1796060 606
1796070 604
1796080 602
1796090 601
1796100 599
1796110 596
1796120 594
1796130 592
1796140 589
1796150 586
1796160 585
1796170 585
1796180 585
1796190 589
1796200 592
1796210 595
1796220 598
1796230 599
1796240 601
1796250 603
1796260 604
1796270 606
1796280 608
1796290 609
1796300 611
1796310 612
1796320 613
1796330 614
1796340 615
1796350 616
1796360 617
1796370 618
1796380 619
1796390 620
1796400 620
1796410 621
1796420 621
1796430 621
1796440 621
1796450 621
1796460 621
1796470 621
1796480 621
1796490 621
1796500 621
1796510 621
1796520 621
1796530 620
1796540 620
1796550 619
1796560 618
1796570 618
1796580 617
1796590 616
1796600 615
1796610 614
1796620 613
1796630 612
1796640 611
1796650 610
1796660 609
1796670 608
1796680 608
1796690 606
1796700 605
1796710 604
1796720 603
1796730 601
1796740 600
1796750 599
1796760 599
1796770 599
1796780 601
1796790 601
1796800 601
1796810 600
1796820 599
1796830 599
1796840 599
1796850 599
1796860 599
1796870 598
1796880 597
1796890 596
1796900 596
1796910 596
1796920 595
1796930 594
1796940 592
1796950 590
1796960 588
1796970 586
1796980 584
1796990 581
1797000 579
1797010 576
1797020 572
1797030 569
1797040 566
1797050 563
1797060 560
1797070 557
1797080 554
1797090 551
1797100 548
1797110 546
1797120 543
1797130 541
1797140 539
1797150 537
1797160 535
1797170 532
1797180 530
1797190 530
1797200 531
1797210 532
1797220 535
1797230 540
1797240 546
1797250 551
1797260 555
1797270 557
1797280 559
1797290 561
1797300 563
1797310 565
1797320 568
1797330 570
1797340 572
1797350 574
1797360 577
1797370 579
1797380 581
1797390 583
1797400 585
1797410 586
1797420 588
1797430 589
1797440 590
1797450 591
1797460 592
1797470 592
1797480 593
1797490 593
1797500 593
1797510 593
1797520 593
1797530 592
1797540 591
1797550 590
1797560 588
1797570 586
1797580 584
1797590 582
1797600 580
1797610 579
1797620 579
1797630 578
1797640 578
1797650 578
1797660 579
1797670 579
1797680 579
1797690 579
1797700 578
1797710 577
1797720 576
1797730 574
1797740 573
1797750 572
1797760 572
1797770 571
1797780 571
1797790 570
1797800 569
1797810 567
1797820 566
1797830 565
1797840 564
1797850 563
1797860 562
1797870 560
1797880 559
1797890 557
1797900 556
1797910 554
1797920 552
1797930 550
1797940 548
1797950 546
1797960 544
1797970 541
1797980 539
1797990 537
1798000 534
1798010 532
1798020 530
1798030 528
1798040 526
1798050 523
1798060 521
1798070 518
1798080 515
1798090 511
1798100 508
1798110 506
1798120 506
1798130 506
1798140 506
1798150 507
1798160 508
1798170 508
1798180 511
1798190 513
1798200 516
1798210 519
1798220 522
1798230 524
1798240 527
1798250 529
1798260 531
1798270 533
1798280 535
1798290 536
1798300 538
1798310 539
1798320 540
1798330 542
1798340 543
1798350 544
1798360 546
1798370 547
1798380 549
1798390 550
1798400 552
1798410 553
1798420 555
1798430 557
1798440 558
1798450 559
1798460 561
1798470 562
1798480 564
1798490 565
1798500 567
1798510 568
1798520 570
1798530 571
1798540 573
1798550 574
1798560 575
1798570 577
1798580 578
1798590 580
1798600 581
1798610 583
1798620 585
1798630 586
1798640 587
1798650 589
1798660 590
1798670 591
1798680 592
1798690 593
1798700 593
1798710 594
1798720 594
1798730 594
1798740 594
1798750 594
1798760 594
1798770 594
1798780 594
1798790 593
1798800 592
1798810 591
1798820 589
1798830 588
1798840 587
1798850 586
1798860 585
1798870 582
1798880 579
1798890 577
1798900 578
1798910 581
1798920 584
1798930 585
1798940 586
1798950 588
1798960 589
1798970 590
1798980 592
1798990 593
1799000 595
1799010 596
1799020 597
1799030 598
1799040 599
1799050 600
1799060 601
1799070 602
1799080 603
1799090 604
1799100 605
1799110 606
1799120 606
1799130 607
1799140 607
1799150 608
1799160 608
1799170 609
1799180 609
1799190 609
1799200 609
1799210 609
1799220 609
1799230 609
1799240 609
1799250 609
1799260 608
1799270 608
1799280 607
1799290 607
1799300 606
1799310 605
1799320 604
1799330 603
1799340 602
1799350 600
1799360 599
1799370 598
1799380 597
1799390 595
1799400 594
1799410 593
1799420 591
1799430 589
1799440 587
1799450 586
1799460 584
1799470 582
1799480 581
1799490 579
1799500 577
1799510 575
1799520 573
1799530 571
1799540 569
1799550 567
1799560 565
1799570 564
1799580 562
1799590 560
1799600 556
1799610 551
1799620 547
1799630 543
1799640 540
1799650 537
1799660 536
1799670 534
1799680 531
1799690 528
1799700 525
1799710 522
1799720 518
1799730 515
1799740 513
1799750 512
1799760 510
1799770 509
1799780 508
1799790 508
1799800 507
1799810 506
1799820 506
1799830 505
1799840 505
1799850 505
1799860 505
1799870 506
1799880 506
1799890 506
1799900 507
1799910 508
1799920 508
1799930 507
1799940 507
1799950 507
1799960 508
1799970 509
1799980 510
1799990 510
