1780000 583
1780010 583
1780020 583
1780030 583
1780040 583
1780050 583
1780060 583
1780070 583
1780080 582
1780090 582
1780100 582
1780110 581
1780120 581
1780130 582
1780140 581
1780150 580
1780160 580
1780170 579
1780180 577
1780190 577
1780200 576
1780210 575
1780220 575
1780230 575
1780240 574
1780250 574
1780260 574
1780270 571
1780280 571
1780290 567
1780300 564
1780310 564
1780320 560
1780330 558
1780340 558
1780350 558
1780360 558
1780370 558
1780380 558
1780390 558
1780400 558
1780410 557
1780420 557
1780430 557
1780440 557
1780450 559
1780460 560
1780470 560
1780480 560
1780490 560
1780500 560
1780510 560
1780520 560
1780530 560
1780540 561
1780550 562
1780560 562
1780570 562
1780580 563
1780590 563
1780600 564
1780610 565
1780620 565
1780630 566
1780640 567
1780650 567
1780660 567
1780670 568
1780680 568
1780690 567
1780700 567
1780710 567
1780720 567
1780730 568
1780740 568
1780750 568
1780760 568
1780770 567
1780780 567
1780790 567
1780800 567
1780810 567
1780820 566
1780830 566
1780840 566
1780850 566
1780860 565
1780870 565
1780880 565
1780890 565
1780900 565
1780910 564
1780920 564
1780930 564
1780940 563
1780950 563
1780960 563
1780970 563
1780980 561
1780990 561
1781000 561
1781010 560
1781020 560
1781030 559
1781040 558
1781050 557
1781060 557
1781070 556
1781080 555
1781090 555
1781100 553
1781110 552
1781120 552
1781130 551
1781140 549
1781150 549
1781160 548
1781170 547
1781180 547
1781190 546
1781200 546
1781210 546
1781220 545
1781230 545
1781240 545
1781250 542
1781260 542
1781270 542
1781280 541
1781290 540
1781300 540
1781310 538
1781320 536
1781330 536
1781340 535
1781350 533
1781360 532
1781370 532
1781380 531
1781390 529
1781400 529
1781410 528
1781420 527
1781430 527
1781440 526
1781450 524
1781460 524
1781470 523
1781480 522
1781490 522
1781500 521
1781510 519
1781520 519
1781530 518
1781540 516
1781550 516
1781560 515
1781570 513
1781580 513
1781590 512
1781600 511
1781610 511
1781620 510
1781630 509
1781640 509
1781650 507
1781660 506
1781670 505
1781680 505
1781690 505
1781700 503
1781710 503
1781720 502
1781730 501
1781740 501
1781750 501
1781760 500
1781770 500
1781780 499
1781790 498
1781800 498
1781810 497
1781820 496
1781830 496
1781840 495
1781850 494
1781860 494
1781870 494
1781880 493
1781890 493
1781900 493
1781910 493
1781920 493
1781930 492
1781940 492
1781950 492
1781960 489
1781970 488
1781980 487
1781990 487
1782000 486
1782010 485
1782020 485
1782030 484
1782040 483
1782050 483
1782060 481
1782070 481
1782080 481
1782090 480
1782100 479
1782110 479
1782120 479
1782130 479
1782140 479
1782150 479
1782160 479
1782170 479
1782180 480
1782190 479
1782200 479
1782210 480
1782220 480
1782230 480
1782240 480
1782250 480
1782260 481
1782270 481
1782280 482
1782290 483
1782300 483
1782310 488
1782320 490
1782330 490
1782340 493
1782350 494
1782360 494
1782370 495
1782380 497
1782390 497
1782400 498
1782410 499
1782420 501
1782430 502
1782440 504
1782450 504
1782460 505
1782470 507
1782480 507
1782490 508
1782500 510
1782510 510
1782520 511
1782530 512
1782540 512
1782550 513
1782560 514
1782570 515
1782580 515
1782590 516
1782600 517
1782610 517
1782620 518
1782630 519
1782640 519
1782650 520
1782660 521
1782670 521
1782680 521
1782690 522
1782700 522
1782710 523
1782720 524
1782730 524
1782740 525
1782750 526
1782760 526
1782770 528
1782780 529
1782790 529
1782800 531
1782810 532
1782820 532
1782830 534
1782840 537
1782850 537
1782860 538
1782870 539
1782880 542
1782890 542
1782900 546
1782910 547
1782920 547
1782930 547
1782940 548
1782950 548
1782960 548
1782970 548
1782980 548
1782990 549
1783000 549
1783010 549
1783020 549
1783030 550
1783040 550
1783050 551
1783060 551
1783070 551
1783080 552
1783090 552
1783100 552
1783110 553
1783120 553
1783130 553
1783140 553
1783150 553
1783160 553
1783170 553
1783180 553
1783190 553
1783200 553
1783210 552
1783220 552
1783230 552
1783240 551
1783250 550
1783260 550
1783270 550
1783280 549
1783290 549
1783300 548
1783310 548
1783320 548
1783330 546
1783340 545
1783350 545
1783360 544
1783370 543
1783380 543
1783390 542
1783400 541
1783410 541
1783420 539
1783430 538
1783440 538
1783450 537
1783460 535
1783470 534
1783480 534
1783490 533
1783500 532
1783510 532
1783520 531
1783530 530
1783540 530
1783550 528
1783560 527
1783570 527
1783580 526
1783590 525
1783600 525
1783610 524
1783620 523
1783630 523
1783640 522
1783650 521
1783660 521
1783670 520
1783680 519
1783690 519
1783700 518
1783710 517
1783720 517
1783730 515
1783740 515
1783750 515
1783760 514
1783770 513
1783780 512
1783790 512
1783800 511
1783810 511
1783820 511
1783830 510
1783840 510
1783850 510
1783860 509
1783870 509
1783880 509
1783890 507
1783900 505
1783910 505
1783920 504
1783930 504
1783940 504
1783950 502
1783960 501
1783970 501
1783980 500
1783990 500
1784000 500
1784010 500
1784020 500
1784030 500
1784040 500
1784050 501
1784060 501
1784070 501
1784080 503
1784090 503
1784100 503
1784110 504
1784120 504
1784130 504
1784140 505
1784150 505
1784160 505
1784170 504
1784180 504
1784190 504
1784200 505
1784210 505
1784220 505
1784230 505
1784240 505
1784250 505
1784260 504
1784270 504
1784280 504
1784290 504
1784300 504
1784310 504
1784320 504
1784330 504
1784340 504
1784350 503
1784360 503
1784370 502
1784380 502
1784390 502
1784400 499
1784410 499
1784420 498
1784430 496
1784440 496
1784450 496
1784460 494
1784470 494
1784480 494
1784490 493
1784500 493
1784510 494
1784520 493
1784530 493
1784540 491
1784550 490
1784560 490
1784570 488
1784580 486
1784590 486
1784600 485
1784610 485
1784620 485
1784630 483
1784640 482
1784650 482
1784660 482
1784670 480
1784680 479
1784690 479
1784700 476
1784710 476
1784720 476
1784730 475
1784740 475
1784750 475
1784760 475
1784770 475
1784780 475
1784790 475
1784800 476
1784810 476
1784820 477
1784830 478
1784840 478
1784850 478
1784860 479
1784870 479
1784880 481
1784890 483
1784900 483
1784910 484
1784920 485
1784930 485
1784940 487
1784950 489
1784960 489
1784970 491
1784980 493
1784990 494
1785000 494
1785010 496
1785020 497
1785030 497
1785040 498
1785050 499
1785060 499
1785070 499
1785080 500
1785090 500
1785100 500
1785110 500
1785120 500
1785130 500
1785140 500
1785150 500
1785160 500
1785170 501
1785180 501
1785190 501
1785200 501
1785210 501
1785220 501
1785230 501
1785240 501
1785250 501
1785260 501
1785270 501
1785280 501
1785290 502
1785300 502
1785310 502
1785320 502
1785330 502
1785340 502
1785350 503
1785360 503
1785370 503
1785380 503
1785390 504
1785400 504
1785410 504
1785420 504
1785430 504
1785440 504
1785450 504
1785460 504
1785470 504
1785480 504
1785490 504
1785500 504
1785510 504
1785520 504
1785530 504
1785540 504
1785550 504
1785560 504
1785570 503
1785580 503
1785590 503
1785600 502
1785610 502
1785620 502
1785630 501
1785640 500
1785650 500
1785660 499
1785670 498
1785680 498
1785690 497
1785700 494
1785710 494
1785720 493
1785730 491
1785740 491
1785750 490
1785760 489
1785770 489
1785780 487
1785790 486
1785800 486
1785810 484
1785820 483
1785830 483
1785840 482
1785850 481
1785860 481
1785870 480
1785880 479
1785890 479
1785900 479
1785910 478
1785920 477
1785930 477
1785940 477
1785950 476
1785960 476
1785970 475
1785980 474
1785990 474
1786000 474
1786010 473
1786020 473
1786030 471
1786040 469
1786050 469
1786060 469
1786070 468
1786080 468
1786090 468
1786100 467
1786110 467
1786120 467
1786130 465
1786140 465
1786150 462
1786160 461
1786170 461
1786180 462
1786190 463
1786200 463
1786210 463
1786220 464
1786230 466
1786240 466
1786250 469
1786260 474
1786270 474
1786280 476
1786290 477
1786300 477
1786310 477
1786320 478
1786330 478
1786340 479
1786350 481
1786360 481
1786370 482
1786380 483
1786390 483
1786400 484
1786410 485
1786420 485
1786430 487
1786440 488
1786450 488
1786460 489
1786470 490
1786480 490
1786490 490
1786500 490
1786510 489
1786520 489
1786530 488
1786540 487
1786550 487
1786560 487
1786570 486
1786580 486
1786590 485
1786600 485
1786610 485
1786620 484
1786630 484
1786640 484
1786650 483
1786660 483
1786670 483
1786680 482
1786690 481
1786700 481
1786710 481
1786720 479
1786730 479
1786740 479
1786750 478
1786760 478
1786770 477
1786780 476
1786790 476
1786800 476
1786810 476
1786820 475
1786830 475
1786840 471
1786850 466
1786860 466
1786870 465
1786880 464
1786890 464
1786900 464
1786910 463
1786920 463
1786930 465
1786940 466
1786950 466
1786960 468
1786970 471
1786980 471
1786990 472
1787000 474
1787010 474
1787020 476
1787030 480
1787040 480
1787050 480
1787060 481
1787070 481
1787080 482
1787090 482
1787100 483
1787110 483
1787120 482
1787130 483
1787140 483
1787150 483
1787160 483
1787170 483
1787180 484
1787190 484
1787200 484
1787210 484
1787220 485
1787230 485
1787240 486
1787250 487
1787260 487
1787270 489
1787280 489
1787290 489
1787300 489
1787310 489
1787320 489
1787330 489
1787340 489
1787350 489
1787360 491
1787370 492
1787380 492
1787390 493
1787400 493
1787410 493
1787420 493
1787430 492
1787440 493
1787450 493
1787460 494
1787470 496
1787480 496
1787490 497
1787500 498
1787510 498
1787520 498
1787530 500
1787540 500
1787550 500
1787560 501
1787570 501
1787580 502
1787590 502
1787600 502
1787610 503
1787620 503
1787630 503
1787640 503
1787650 504
1787660 504
1787670 506
1787680 509
1787690 511
1787700 511
1787710 512
1787720 514
1787730 514
1787740 516
1787750 518
1787760 518
1787770 519
1787780 520
1787790 520
1787800 522
1787810 522
1787820 522
1787830 523
1787840 525
1787850 525
1787860 525
1787870 527
1787880 527
1787890 528
1787900 530
1787910 530
1787920 531
1787930 533
1787940 533
1787950 534
1787960 535
1787970 535
1787980 536
1787990 538
1788000 538
1788010 538
1788020 540
1788030 541
1788040 541
1788050 541
1788060 543
1788070 543
1788080 543
1788090 544
1788100 544
1788110 545
1788120 546
1788130 546
1788140 546
1788150 547
1788160 547
1788170 547
1788180 548
1788190 548
1788200 549
1788210 550
1788220 550
1788230 550
1788240 550
1788250 550
1788260 550
1788270 550
1788280 550
1788290 550
1788300 550
1788310 549
1788320 549
1788330 549
1788340 549
1788350 549
1788360 548
1788370 547
1788380 547
1788390 547
1788400 546
1788410 546
1788420 546
1788430 545
1788440 545
1788450 545
1788460 544
1788470 544
1788480 543
1788490 542
1788500 542
1788510 542
1788520 541
1788530 541
1788540 540
1788550 539
1788560 539
1788570 538
1788580 538
1788590 538
1788600 537
1788610 536
1788620 535
1788630 535
1788640 535
1788650 534
1788660 534
1788670 534
1788680 533
1788690 533
1788700 533
1788710 531
1788720 531
1788730 529
1788740 528
1788750 528
1788760 527
1788770 526
1788780 526
1788790 525
1788800 524
1788810 524
1788820 521
1788830 514
1788840 514
1788850 513
1788860 513
1788870 513
1788880 514
1788890 518
1788900 523
1788910 523
1788920 524
1788930 526
1788940 526
1788950 527
1788960 529
1788970 529
1788980 530
1788990 530
1789000 530
1789010 531
1789020 532
1789030 532
1789040 533
1789050 534
1789060 534
1789070 535
1789080 536
1789090 536
1789100 536
1789110 537
1789120 537
1789130 538
1789140 538
1789150 538
1789160 539
1789170 540
1789180 540
1789190 541
1789200 541
1789210 542
1789220 542
1789230 542
1789240 543
1789250 543
1789260 543
1789270 544
1789280 544
1789290 544
1789300 544
1789310 544
1789320 545
1789330 545
1789340 545
1789350 544
1789360 544
1789370 544
1789380 544
1789390 543
1789400 543
1789410 543
1789420 542
1789430 542
1789440 542
1789450 541
1789460 541
1789470 541
1789480 540
1789490 540
1789500 539
1789510 539
1789520 538
1789530 538
1789540 537
1789550 536
1789560 536
1789570 535
1789580 534
1789590 534
1789600 533
1789610 532
1789620 532
1789630 531
1789640 531
1789650 531
1789660 530
1789670 529
1789680 529
1789690 528
1789700 527
1789710 527
1789720 526
1789730 526
1789740 526
1789750 525
1789760 524
1789770 524
1789780 523
1789790 522
1789800 522
1789810 521
1789820 520
1789830 519
1789840 519
1789850 518
1789860 517
1789870 517
1789880 517
1789890 517
1789900 517
1789910 523
1789920 522
1789930 522
1789940 522
1789950 518
1789960 518
1789970 516
1789980 514
1789990 514
1790000 512
1790010 510
1790020 510
1790030 508
1790040 507
1790050 507
1790060 503
1790070 502
1790080 502
1790090 500
1790100 496
1790110 492
1790120 492
1790130 491
1790140 491
1790150 491
1790160 490
1790170 490
1790180 490
1790190 489
1790200 489
1790210 489
1790220 488
1790230 489
1790240 489
1790250 489
1790260 487
1790270 487
1790280 486
1790290 487
1790300 487
1790310 488
1790320 487
1790330 487
1790340 487
1790350 487
1790360 487
1790370 486
1790380 487
1790390 487
1790400 484
1790410 483
1790420 481
1790430 481
1790440 480
1790450 481
1790460 481
1790470 481
1790480 483
1790490 483
1790500 484
1790510 485
1790520 485
1790530 486
1790540 487
1790550 487
1790560 491
1790570 494
1790580 494
1790590 496
1790600 497
1790610 497
1790620 499
1790630 500
1790640 500
1790650 501
1790660 501
1790670 501
1790680 502
1790690 502
1790700 502
1790710 502
1790720 502
1790730 503
1790740 503
1790750 502
1790760 502
1790770 502
1790780 502
1790790 501
1790800 501
1790810 498
1790820 497
1790830 497
1790840 497
1790850 496
1790860 496
1790870 495
1790880 491
1790890 491
1790900 491
1790910 491
1790920 491
1790930 490
1790940 489
1790950 489
1790960 488
1790970 488
1790980 488
1790990 489
1791000 487
1791010 487
1791020 490
1791030 491
1791040 492
1791050 492
1791060 492
1791070 495
1791080 495
1791090 496
1791100 497
1791110 497
1791120 497
1791130 498
1791140 498
1791150 498
1791160 499
1791170 499
1791180 498
1791190 496
1791200 496
1791210 491
1791220 487
1791230 487
1791240 486
1791250 478
1791260 478
1791270 481
1791280 487
1791290 487
1791300 489
1791310 489
1791320 490
1791330 490
1791340 492
1791350 494
1791360 494
1791370 496
1791380 497
1791390 497
1791400 499
1791410 498
1791420 498
1791430 497
1791440 497
1791450 497
1791460 495
1791470 493
1791480 493
1791490 492
1791500 489
1791510 489
1791520 486
1791530 482
1791540 482
1791550 479
1791560 478
1791570 478
1791580 476
1791590 475
1791600 475
1791610 475
1791620 474
1791630 472
1791640 472
1791650 469
1791660 465
1791670 465
1791680 463
1791690 461
1791700 461
1791710 461
1791720 460
1791730 460
1791740 460
1791750 460
1791760 460
1791770 461
1791780 459
1791790 459
1791800 458
1791810 455
1791820 455
1791830 451
1791840 446
1791850 446
1791860 440
1791870 437
1791880 437
1791890 436
1791900 438
1791910 438
1791920 436
1791930 437
1791940 436
1791950 436
1791960 435
1791970 435
1791980 435
1791990 434
1792000 435
1792010 435
1792020 433
1792030 432
1792040 432
1792050 434
1792060 434
1792070 434
1792080 434
1792090 434
1792100 434
1792110 434
1792120 434
1792130 434
1792140 434
1792150 434
1792160 434
1792170 436
1792180 439
1792190 439
1792200 445
1792210 452
1792220 455
1792230 455
1792240 459
1792250 464
1792260 464
1792270 468
1792280 472
1792290 472
1792300 476
1792310 481
1792320 481
1792330 487
1792340 489
1792350 489
1792360 493
1792370 497
1792380 497
1792390 501
1792400 505
1792410 505
1792420 509
1792430 512
1792440 512
1792450 517
1792460 521
1792470 521
1792480 524
1792490 528
1792500 528
1792510 530
1792520 533
1792530 533
1792540 533
1792550 534
1792560 535
1792570 535
1792580 535
1792590 537
1792600 537
1792610 539
1792620 541
1792630 541
1792640 543
1792650 545
1792660 545
1792670 547
1792680 549
1792690 549
1792700 552
1792710 557
1792720 557
1792730 562
1792740 567
1792750 567
1792760 572
1792770 576
1792780 576
1792790 579
1792800 582
1792810 582
1792820 584
1792830 585
1792840 586
1792850 586
1792860 587
1792870 588
1792880 588
1792890 589
1792900 588
1792910 588
1792920 587
1792930 585
1792940 585
1792950 583
1792960 583
1792970 583
1792980 582
1792990 582
1793000 582
1793010 583
1793020 584
1793030 584
1793040 584
1793050 585
1793060 585
1793070 586
1793080 586
1793090 586
1793100 587
1793110 588
1793120 588
1793130 589
1793140 590
1793150 591
1793160 591
1793170 591
1793180 590
1793190 590
1793200 596
1793210 599
1793220 599
1793230 601
1793240 603
1793250 603
1793260 605
1793270 607
1793280 607
1793290 610
1793300 612
1793310 612
1793320 614
1793330 615
1793340 615
1793350 617
1793360 619
1793370 619
1793380 620
1793390 622
1793400 622
1793410 623
1793420 624
1793430 626
1793440 626
1793450 627
1793460 628
1793470 628
1793480 629
1793490 630
1793500 630
1793510 630
1793520 631
1793530 631
1793540 632
1793550 633
1793560 633
1793570 633
1793580 634
1793590 634
1793600 634
1793610 635
1793620 635
1793630 635
1793640 636
1793650 636
1793660 636
1793670 637
1793680 637
1793690 638
1793700 638
1793710 638
1793720 639
1793730 639
1793740 640
1793750 640
1793760 640
1793770 640
1793780 640
1793790 640
1793800 640
1793810 640
1793820 639
1793830 639
1793840 639
1793850 638
1793860 636
1793870 636
1793880 635
1793890 633
1793900 633
1793910 631
1793920 629
1793930 629
1793940 627
1793950 624
1793960 624
1793970 622
1793980 618
1793990 618
1794000 615
1794010 612
1794020 612
1794030 609
1794040 604
1794050 600
1794060 600
1794070 598
1794080 604
1794090 604
1794100 607
1794110 608
1794120 608
1794130 609
1794140 610
1794150 610
1794160 611
1794170 613
1794180 613
1794190 614
1794200 617
1794210 617
1794220 620
1794230 622
1794240 622
1794250 624
1794260 625
1794270 625
1794280 630
1794290 632
1794300 632
1794310 634
1794320 636
1794330 636
1794340 639
1794350 641
1794360 643
1794370 643
1794380 645
1794390 647
1794400 647
1794410 649
1794420 651
1794430 651
1794440 652
1794450 653
1794460 653
1794470 654
1794480 655
1794490 655
1794500 655
1794510 655
1794520 655
1794530 654
1794540 653
1794550 653
1794560 652
1794570 651
1794580 651
1794590 650
1794600 648
1794610 648
1794620 647
1794630 645
1794640 641
1794650 641
1794660 637
1794670 634
1794680 634
1794690 632
1794700 630
1794710 630
1794720 628
1794730 626
1794740 626
1794750 624
1794760 622
1794770 622
1794780 620
1794790 618
1794800 618
1794810 615
1794820 612
1794830 612
1794840 608
1794850 608
1794860 608
1794870 601
1794880 604
1794890 604
1794900 609
1794910 609
1794920 609
1794930 609
1794940 609
1794950 610
1794960 610
1794970 610
1794980 611
1794990 611
1795000 611
1795010 612
1795020 612
1795030 612
1795040 613
1795050 613
1795060 613
1795070 614
1795080 614
1795090 616
1795100 617
1795110 617
1795120 618
1795130 619
1795140 619
1795150 619
1795160 620
1795170 620
1795180 621
1795190 622
1795200 622
1795210 623
1795220 624
1795230 624
1795240 623
1795250 623
1795260 624
1795270 624
1795280 625
1795290 625
1795300 632
1795310 631
1795320 629
1795330 629
1795340 630
1795350 631
1795360 631
1795370 630
1795380 629
1795390 629
1795400 628
1795410 627
1795420 627
1795430 625
1795440 623
1795450 623
1795460 621
1795470 620
1795480 620
1795490 618
1795500 616
1795510 616
1795520 615
1795530 612
1795540 612
1795550 610
1795560 607
1795570 605
1795580 605
1795590 601
1795600 598
1795610 598
1795620 595
1795630 591
1795640 591
1795650 588
1795660 585
1795670 585
1795680 581
1795690 576
1795700 576
1795710 573
1795720 570
1795730 570
1795740 567
1795750 564
1795760 564
1795770 561
1795780 557
1795790 557
1795800 553
1795810 549
1795820 549
1795830 545
1795840 540
1795850 541
1795860 541
1795870 542
1795880 546
1795890 546
1795900 554
1795910 559
1795920 559
1795930 563
1795940 567
1795950 567
1795960 571
1795970 575
1795980 575
1795990 579
1796000 582
1796010 582
1796020 586
1796030 589
1796040 589
1796050 592
1796060 595
1796070 595
1796080 598
1796090 601
1796100 601
1796110 604
1796120 606
1796130 606
1796140 609
1796150 610
1796160 611
1796170 611
1796180 611
1796190 612
1796200 612
1796210 612
1796220 612
1796230 612
1796240 612
1796250 612
1796260 612
1796270 611
1796280 610
1796290 610
1796300 608
1796310 606
1796320 606
1796330 604
1796340 602
1796350 602
1796360 600
1796370 599
1796380 599
1796390 597
1796400 595
1796410 595
1796420 594
1796430 592
1796440 592
1796450 591
1796460 589
1796470 588
1796480 588
1796490 586
1796500 585
1796510 585
1796520 584
1796530 583
1796540 583
1796550 582
1796560 581
1796570 581
1796580 581
1796590 580
1796600 580
1796610 579
1796620 579
1796630 579
1796640 579
1796650 579
1796660 579
1796670 579
1796680 577
1796690 577
1796700 576
1796710 574
1796720 574
1796730 572
1796740 570
1796750 568
1796760 568
1796770 567
1796780 565
1796790 565
1796800 564
1796810 562
1796820 562
1796830 560
1796840 559
1796850 559
1796860 558
1796870 557
1796880 557
1796890 555
1796900 553
1796910 553
1796920 549
1796930 543
1796940 543
1796950 545
1796960 549
1796970 549
1796980 549
1796990 549
1797000 549
1797010 549
1797020 549
1797030 549
1797040 549
1797050 549
1797060 549
1797070 549
1797080 549
1797090 549
1797100 549
1797110 550
1797120 549
1797130 549
1797140 550
1797150 550
1797160 550
1797170 549
1797180 549
1797190 549
1797200 548
1797210 547
1797220 547
1797230 546
1797240 545
1797250 545
1797260 543
1797270 541
1797280 541
1797290 538
1797300 535
1797310 535
1797320 530
1797330 525
1797340 525
1797350 521
1797360 517
1797370 513
1797380 513
1797390 510
1797400 504
1797410 504
1797420 496
1797430 495
1797440 495
1797450 494
1797460 494
1797470 494
1797480 496
1797490 503
1797500 503
1797510 509
1797520 511
1797530 511
1797540 513
1797550 516
1797560 516
1797570 519
1797580 520
1797590 520
1797600 521
1797610 519
1797620 519
1797630 517
1797640 515
1797650 515
1797660 514
1797670 511
1797680 509
1797690 509
1797700 507
1797710 506
1797720 506
1797730 503
1797740 499
1797750 499
1797760 495
1797770 491
1797780 491
1797790 489
1797800 487
1797810 487
1797820 485
1797830 481
1797840 481
1797850 479
1797860 480
1797870 480
1797880 480
1797890 480
1797900 480
1797910 480
1797920 482
1797930 482
1797940 483
1797950 488
1797960 491
1797970 491
1797980 495
1797990 499
1798000 499
1798010 502
1798020 504
1798030 504
1798040 507
1798050 511
1798060 511
1798070 514
1798080 519
1798090 519
1798100 524
1798110 529
1798120 529
1798130 532
1798140 536
1798150 536
1798160 540
1798170 543
1798180 543
1798190 545
1798200 548
1798210 548
1798220 549
1798230 551
1798240 551
1798250 553
1798260 554
1798270 556
1798280 556
1798290 557
1798300 558
1798310 558
1798320 559
1798330 560
1798340 560
1798350 562
1798360 563
1798370 563
1798380 564
1798390 565
1798400 565
1798410 565
1798420 566
1798430 566
1798440 565
1798450 565
1798460 565
1798470 564
1798480 564
1798490 564
1798500 563
1798510 562
1798520 562
1798530 561
1798540 560
1798550 560
1798560 558
1798570 557
1798580 555
1798590 555
1798600 553
1798610 551
1798620 551
1798630 550
1798640 549
1798650 549
1798660 547
1798670 546
1798680 546
1798690 541
1798700 542
1798710 542
1798720 538
1798730 536
1798740 536
1798750 540
1798760 539
1798770 539
1798780 540
1798790 540
1798800 540
1798810 542
1798820 544
1798830 544
1798840 550
1798850 553
1798860 553
1798870 555
1798880 557
1798890 560
1798900 560
1798910 560
1798920 561
1798930 561
1798940 562
1798950 563
1798960 563
1798970 564
1798980 565
1798990 565
1799000 566
1799010 567
1799020 567
1799030 569
1799040 569
1799050 569
1799060 570
1799070 571
1799080 571
1799090 572
1799100 573
1799110 573
1799120 574
1799130 576
1799140 576
1799150 577
1799160 578
1799170 579
1799180 579
1799190 580
1799200 581
1799210 581
1799220 582
1799230 584
1799240 584
1799250 585
1799260 586
1799270 586
1799280 587
1799290 588
1799300 588
1799310 591
1799320 592
1799330 592
1799340 594
1799350 596
1799360 596
1799370 597
1799380 597
1799390 597
1799400 596
1799410 595
1799420 595
1799430 595
1799440 594
1799450 594
1799460 593
1799470 590
1799480 588
1799490 588
1799500 586
1799510 584
1799520 584
1799530 582
1799540 580
1799550 580
1799560 578
1799570 576
1799580 576
1799590 573
1799600 570
1799610 570
1799620 567
1799630 563
1799640 563
1799650 561
1799660 560
1799670 560
1799680 558
1799690 557
1799700 557
1799710 556
1799720 555
1799730 555
1799740 556
1799750 556
1799760 556
1799770 557
1799780 556
1799790 554
1799800 554
1799810 551
1799820 548
1799830 548
1799840 545
1799850 542
1799860 542
1799870 539
1799880 536
1799890 536
1799900 534
1799910 534
1799920 534
1799930 534
1799940 533
1799950 533
1799960 532
1799970 530
1799980 530
1799990 528
1790610 497
1792350 489
1792360 491
1792370 493
1792380 496
1792390 499
1792400 501
1792410 504
1792420 507
1792430 509
1792440 512
1792450 515
1792460 518
1792470 520
1792480 523
1792490 525
1792500 527
1792510 529
1792520 531
1792530 532
1792540 533
1792550 534
1792560 534
1792570 535
1792580 536
1792590 536
1792600 537
1792610 538
1792620 540
1792630 541
1792640 542
1792650 544
1792660 545
1792670 547
1792680 548
1792690 549
1792700 551
1792710 554
1792720 557
1792730 560
1792740 563
1792750 567
1792760 570
1792770 573
1792780 576
1792790 579
1792800 581
1792810 582
1792820 584
1792830 585
1792840 586
1792850 587
1792860 587
1792870 588
1792880 589
1792890 589
1792900 590
1792910 590
1792920 589
1792930 588
1792940 586
1792950 585
1792960 585
1792970 584
1792980 584
1792990 584
1793000 584
1793010 584
1793020 584
1793030 585
1793040 585
1793050 586
1793060 586
1793070 586
1793080 587
1793090 587
1793100 588
1793110 589
1793120 589
1793130 590
1793140 591
1793150 591
1793160 592
1793170 593
1793180 593
1793190 592
1793200 593
1793210 595
1793220 598
1793230 600
1793240 601
1793250 603
1793260 604
1793270 605
1793280 607
1793290 609
1793300 610
1793310 611
1793320 613
1793330 614
1793340 615
1793350 616
1793360 618
1793370 619
1793380 620
1793390 621
1793400 622
1793410 623
1793420 623
1793430 624
1793440 625
1793450 626
1793460 627
1793470 628
1793480 628
1793490 629
1793500 630
1793510 630
1793520 631
1793530 631
1793540 632
1793550 632
1793560 633
1793570 633
1793580 634
1793590 634
1793600 634
1793610 635
1793620 635
1793630 635
1793640 636
1793650 636
1793660 637
1793670 637
1793680 637
1793690 638
1793700 638
1793710 638
1793720 639
1793730 639
1793740 639
1793750 640
1793760 640
1793770 640
1793780 640
1793790 640
1793800 640
1793810 640
1793820 640
1793830 639
1793840 639
1793850 638
1793860 637
1793870 636
1793880 635
1793890 634
1793900 633
1793910 632
1793920 630
1793930 629
1793940 627
1793950 626
1793960 624
1793970 622
1793980 620
1793990 618
1794000 615
1794010 613
1794020 612
1794030 609
1794040 606
1794050 603
1794060 600
1794070 599
1794080 601
1794090 604
1794100 606
1794110 608
1794120 609
1794130 609
1794140 610
1794150 611
1794160 612
1794170 613
1794180 614
1794190 615
1794200 617
1794210 619
1794220 621
1794230 622
1794240 624
1794250 625
1794260 626
1794270 627
1794280 629
1794290 630
1794300 631
1794310 632
1794320 634
1794330 636
1794340 637
1794350 639
1794360 640
1794370 642
1794380 643
1794390 645
1794400 646
1794410 648
1794420 649
1794430 651
1794440 652
1794450 652
1794460 653
1794470 653
1794480 654
1794490 654
1794500 655
1794510 655
1794520 655
1794530 654
1794540 654
1794550 653
1794560 653
1794570 652
1794580 651
1794590 650
1794600 649
1794610 648
1794620 647
1794630 646
1794640 644
1794650 642
1794660 639
1794670 637
1794680 635
1794690 633
1794700 632
1794710 630
1794720 629
1794730 628
1794740 626
1794750 625
1794760 624
1794770 622
1794780 621
1794790 620
1794800 618
1794810 616
1794820 614
1794830 612
1794840 610
1794850 608
1794860 605
1794870 602
1794880 601
1794890 605
1794900 608
1794910 609
1794920 610
1794930 610
1794940 610
1794950 610
1794960 610
1794970 611
1794980 611
1794990 612
1795000 612
1795010 613
1795020 613
1795030 613
1795040 613
1795050 614
1795060 614
1795070 615
1795080 616
1795090 617
1795100 618
1795110 619
1795120 620
1795130 621
1795140 622
1795150 622
1795160 623
1795170 623
1795180 624
1795190 625
1795200 626
1795210 627
1795220 627
1795230 628
1795240 628
1795250 628
1795260 628
1795270 628
1795280 628
1795290 629
1795300 630
1795310 629
1795320 629
1795330 628
1795340 629
1795350 630
1795360 630
1795370 630
1795380 629
1795390 629
1795400 628
1795410 627
1795420 626
1795430 625
1795440 624
1795450 623
1795460 622
1795470 621
1795480 620
1795490 619
1795500 618
1795510 616
1795520 615
1795530 614
1795540 612
1795550 611
1795560 609
1795570 607
1795580 605
1795590 603
1795600 601
1795610 598
1795620 596
1795630 594
1795640 592
1795650 590
1795660 587
1795670 585
1795680 582
1795690 579
1795700 576
1795710 574
1795720 572
1795730 570
1795740 568
1795750 566
1795760 564
1795770 562
1795780 560
1795790 557
1795800 554
1795810 551
1795820 548
1795830 545
1795840 542
1795850 541
1795860 540
1795870 542
1795880 543
1795890 545
1795900 549
1795910 554
1795920 558
1795930 561
1795940 564
1795950 567
1795960 569
1795970 572
1795980 575
1795990 577
1796000 580
1796010 582
1796020 585
1796030 587
1796040 589
1796050 591
1796060 593
1796070 595
1796080 598
1796090 600
1796100 602
1796110 604
1796120 606
1796130 607
1796140 609
1796150 610
1796160 611
1796170 612
1796180 612
1796190 613
1796200 613
1796210 613
1796220 613
1796230 613
1796240 613
1796250 613
1796260 613
1796270 612
1796280 611
1796290 610
1796300 609
1796310 608
1796320 607
1796330 605
1796340 604
1796350 603
1796360 601
1796370 600
1796380 599
1796390 598
1796400 596
1796410 595
1796420 594
1796430 593
1796440 592
1796450 591
1796460 590
1796470 589
1796480 588
1796490 587
1796500 586
1796510 585
1796520 584
1796530 584
1796540 583
1796550 582
1796560 582
1796570 581
1796580 581
1796590 581
1796600 580
1796610 580
1796620 579
1796630 579
1796640 579
1796650 579
1796660 579
1796670 579
1796680 578
1796690 577
1796700 576
1796710 575
1796720 574
1796730 573
1796740 572
1796750 570
1796760 569
1796770 568
1796780 567
1796790 566
1796800 565
1796810 564
1796820 563
1796830 561
1796840 560
1796850 559
1796860 559
1796870 558
1796880 557
1796890 556
1796900 555
1796910 554
1796920 552
1796930 548
1796940 546
1796950 545
1796960 547
1796970 548
1796980 550
1796990 550
1797000 550
1797010 550
1797020 550
1797030 550
1797040 550
1797050 550
1797060 550
1797070 550
1797080 550
1797090 550
1797100 550
1797110 550
1797120 550
1797130 550
1797140 550
1797150 550
1797160 550
1797170 550
1797180 550
1797190 549
1797200 549
1797210 548
1797220 548
1797230 547
1797240 546
1797250 545
1797260 544
1797270 543
1797280 541
1797290 539
1797300 536
1797310 533
1797320 530
1797330 528
1797340 525
1797350 522
1797360 519
1797370 516
1797380 514
1797390 511
1797400 508
1797410 504
1797420 499
1797430 496
1797440 495
1797450 495
1797460 494
1797470 494
1797480 494
1797490 496
1797500 500
1797510 504
1797520 508
1797530 510
1797540 512
1797550 514
1797560 516
1797570 518
1797580 520
1797590 520
1797600 521
1797610 520
1797620 519
1797630 518
1797640 517
1797650 515
1797660 513
1797670 513
1797680 511
1797690 510
1797700 509
1797710 508
1797720 506
1797730 504
1797740 502
1797750 500
1797760 497
1797770 494
1797780 492
1797790 490
1797800 489
1797810 488
1797820 486
1797830 485
1797840 483
1797850 481
1797860 480
1797870 480
1797880 480
1797890 480
1797900 481
1797910 481
1797920 481
1797930 482
1797940 483
1797950 483
1797960 485
1797970 486
1797980 488
1797990 492
1798000 495
1798010 497
1798020 499
1798030 501
1798040 503
1798050 505
1798060 507
1798070 510
1798080 513
1798090 517
1798100 520
1798110 523
1798120 526
1798130 528
1798140 531
1798150 534
1798160 536
1798170 539
1798180 541
1798190 543
1798200 545
1798210 546
1798220 547
1798230 549
1798240 550
1798250 551
1798260 552
1798270 553
1798280 554
1798290 555
1798300 556
1798310 557
1798320 558
1798330 559
1798340 560
1798350 561
1798360 562
1798370 563
1798380 564
1798390 564
1798400 565
1798410 565
1798420 565
1798430 565
1798440 565
1798450 565
1798460 565
1798470 565
1798480 564
1798490 564
1798500 563
1798510 562
1798520 562
1798530 561
1798540 561
1798550 560
1798560 559
1798570 558
1798580 556
1798590 555
1798600 554
1798610 553
1798620 552
1798630 551
1798640 550
1798650 549
1798660 548
1798670 547
1798680 545
1798690 542
1798700 542
1798710 541
1798720 540
1798730 537
1798740 536
1798750 538
1798760 539
1798770 541
1798780 541
1798790 542
1798800 543
1798810 543
1798820 544
1798830 544
1798840 545
1798850 545
1798860 546
1798870 548
1798880 550
1798890 552
1798900 554
1798910 556
1798920 558
1798930 560
1798940 561
1798950 562
1798960 562
1798970 563
1798980 564
1798990 564
1799000 565
1799010 566
1799020 566
1799030 567
1799040 568
1799050 568
1799060 569
1799070 570
1799080 570
1799090 571
1799100 572
1799110 573
1799120 574
1799130 574
1799140 575
1799150 576
1799160 577
1799170 578
1799180 579
1799190 579
1799200 580
1799210 581
1799220 582
1799230 583
1799240 584
1799250 585
1799260 586
1799270 586
1799280 587
1799290 588
1799300 589
1799310 590
1799320 591
1799330 592
1799340 592
1799350 594
1799360 595
1799370 597
1799380 597
1799390 597
1799400 596
1799410 596
1799420 595
1799430 595
1799440 594
1799450 594
1799460 593
1799470 591
1799480 590
1799490 588
1799500 587
1799510 586
1799520 584
1799530 583
1799540 582
1799550 580
1799560 579
1799570 577
1799580 576
1799590 574
1799600 572
1799610 570
1799620 569
1799630 566
1799640 564
1799650 562
1799660 561
1799670 560
1799680 559
1799690 558
1799700 557
1799710 556
1799720 556
1799730 556
1799740 556
1799750 556
1799760 557
1799770 557
1799780 557
1799790 556
1799800 555
1799810 553
1799820 551
1799830 549
1799840 547
1799850 545
1799860 543
1799870 542
1799880 540
1799890 538
1799900 536
1799910 536
1799920 535
1799930 535
1799940 535
1799950 534
1799960 533
1799970 532
1799980 531
1799990 530
