1780000 614
1780010 615
1780020 615
1780030 616
1780040 617
1780050 617
1780060 618
1780070 619
1780080 619
1780090 620
1780100 622
1780110 622
1780120 623
1780130 625
1780140 625
1780150 627
1780160 629
1780170 629
1780180 628
1780190 628
1780200 628
1780210 628
1780220 628
1780230 628
1780240 627
1780250 627
1780260 627
1780270 627
1780280 626
1780290 626
1780300 626
1780310 626
1780320 626
1780330 626
1780340 627
1780350 627
1780360 627
1780370 628
1780380 628
1780390 628
1780400 628
1780410 626
1780420 626
1780430 625
1780440 623
1780450 623
1780460 621
1780470 619
1780480 619
1780490 618
1780500 616
1780510 616
1780520 615
1780530 613
1780540 613
1780550 612
1780560 611
1780570 611
1780580 610
1780590 608
1780600 608
1780610 608
1780620 607
1780630 606
1780640 606
1780650 605
1780660 604
1780670 604
1780680 603
1780690 603
1780700 603
1780710 602
1780720 601
1780730 601
1780740 601
1780750 600
1780760 600
1780770 599
1780780 598
1780790 598
1780800 597
1780810 596
1780820 596
1780830 595
1780840 594
1780850 594
1780860 593
1780870 592
1780880 592
1780890 591
1780900 590
1780910 590
1780920 589
1780930 588
1780940 586
1780950 586
1780960 586
1780970 585
1780980 585
1780990 584
1781000 583
1781010 583
1781020 581
1781030 580
1781040 580
1781050 579
1781060 577
1781070 577
1781080 576
1781090 574
1781100 574
1781110 572
1781120 571
1781130 571
1781140 568
1781150 566
1781160 566
1781170 565
1781180 563
1781190 563
1781200 561
1781210 559
1781220 557
1781230 557
1781240 556
1781250 553
1781260 553
1781270 552
1781280 549
1781290 549
1781300 546
1781310 543
1781320 543
1781330 541
1781340 539
1781350 539
1781360 538
1781370 537
1781380 537
1781390 535
1781400 534
1781410 534
1781420 533
1781430 532
1781440 532
1781450 531
1781460 530
1781470 530
1781480 528
1781490 526
1781500 526
1781510 524
1781520 523
1781530 522
1781540 522
1781550 521
1781560 520
1781570 520
1781580 518
1781590 518
1781600 518
1781610 515
1781620 514
1781630 514
1781640 513
1781650 511
1781660 511
1781670 509
1781680 507
1781690 507
1781700 509
1781710 509
1781720 509
1781730 503
1781740 502
1781750 502
1781760 501
1781770 500
1781780 500
1781790 500
1781800 497
1781810 497
1781820 496
1781830 494
1781840 493
1781850 493
1781860 492
1781870 492
1781880 492
1781890 492
1781900 491
1781910 491
1781920 491
1781930 491
1781940 491
1781950 491
1781960 491
1781970 491
1781980 491
1781990 491
1782000 491
1782010 489
1782020 489
1782030 489
1782040 491
1782050 491
1782060 491
1782070 492
1782080 493
1782090 493
1782100 494
1782110 494
1782120 494
1782130 494
1782140 494
1782150 495
1782160 495
1782170 495
1782180 495
1782190 495
1782200 496
1782210 496
1782220 496
1782230 496
1782240 496
1782250 496
1782260 496
1782270 497
1782280 497
1782290 500
1782300 503
1782310 503
1782320 503
1782330 503
1782340 503
1782350 500
1782360 499
1782370 499
1782380 499
1782390 500
1782400 500
1782410 501
1782420 502
1782430 503
1782440 503
1782450 505
1782460 507
1782470 507
1782480 507
1782490 508
1782500 508
1782510 508
1782520 509
1782530 509
1782540 509
1782550 510
1782560 510
1782570 511
1782580 513
1782590 513
1782600 514
1782610 515
1782620 515
1782630 516
1782640 518
1782650 518
1782660 519
1782670 520
1782680 520
1782690 521
1782700 523
1782710 523
1782720 524
1782730 526
1782740 527
1782750 527
1782760 528
1782770 530
1782780 530
1782790 531
1782800 533
1782810 533
1782820 533
1782830 534
1782840 534
1782850 535
1782860 536
1782870 536
1782880 537
1782890 538
1782900 538
1782910 539
1782920 540
1782930 540
1782940 541
1782950 542
1782960 542
1782970 543
1782980 544
1782990 544
1783000 545
1783010 546
1783020 546
1783030 547
1783040 548
1783050 549
1783060 549
1783070 550
1783080 551
1783090 551
1783100 551
1783110 552
1783120 552
1783130 553
1783140 552
1783150 552
1783160 552
1783170 551
1783180 551
1783190 550
1783200 549
1783210 549
1783220 548
1783230 547
1783240 547
1783250 546
1783260 546
1783270 546
1783280 545
1783290 544
1783300 544
1783310 543
1783320 542
1783330 542
1783340 538
1783350 539
1783360 540
1783370 540
1783380 540
1783390 539
1783400 539
1783410 539
1783420 539
1783430 539
1783440 538
1783450 538
1783460 538
1783470 537
1783480 537
1783490 537
1783500 537
1783510 537
1783520 537
1783530 536
1783540 536
1783550 536
1783560 536
1783570 535
1783580 535
1783590 535
1783600 535
1783610 535
1783620 534
1783630 534
1783640 534
1783650 534
1783660 534
1783670 535
1783680 535
1783690 535
1783700 535
1783710 535
1783720 535
1783730 536
1783740 536
1783750 536
1783760 536
1783770 536
1783780 536
1783790 535
1783800 535
1783810 534
1783820 534
1783830 534
1783840 533
1783850 533
1783860 533
1783870 532
1783880 531
1783890 531
1783900 530
1783910 529
1783920 529
1783930 528
1783940 527
1783950 525
1783960 525
1783970 522
1783980 521
1783990 521
1784000 520
1784010 519
1784020 519
1784030 518
1784040 517
1784050 517
1784060 516
1784070 514
1784080 514
1784090 513
1784100 511
1784110 511
1784120 510
1784130 508
1784140 508
1784150 507
1784160 504
1784170 504
1784180 502
1784190 501
1784200 501
1784210 500
1784220 498
1784230 498
1784240 497
1784250 495
1784260 494
1784270 494
1784280 494
1784290 493
1784300 493
1784310 492
1784320 491
1784330 491
1784340 490
1784350 488
1784360 488
1784370 486
1784380 485
1784390 485
1784400 485
1784410 485
1784420 485
1784430 485
1784440 486
1784450 486
1784460 486
1784470 487
1784480 487
1784490 487
1784500 488
1784510 488
1784520 489
1784530 489
1784540 489
1784550 489
1784560 486
1784570 486
1784580 486
1784590 487
1784600 489
1784610 489
1784620 490
1784630 490
1784640 490
1784650 491
1784660 491
1784670 491
1784680 491
1784690 492
1784700 492
1784710 492
1784720 492
1784730 492
1784740 493
1784750 494
1784760 494
1784770 494
1784780 495
1784790 495
1784800 495
1784810 496
1784820 496
1784830 496
1784840 497
1784850 497
1784860 497
1784870 498
1784880 498
1784890 498
1784900 498
1784910 499
1784920 499
1784930 499
1784940 499
1784950 499
1784960 500
1784970 500
1784980 500
1784990 500
1785000 500
1785010 500
1785020 500
1785030 501
1785040 501
1785050 501
1785060 502
1785070 502
1785080 503
1785090 506
1785100 506
1785110 508
1785120 511
1785130 511
1785140 513
1785150 514
1785160 515
1785170 515
1785180 517
1785190 518
1785200 518
1785210 518
1785220 519
1785230 519
1785240 519
1785250 519
1785260 519
1785270 519
1785280 520
1785290 520
1785300 519
1785310 519
1785320 519
1785330 518
1785340 518
1785350 518
1785360 517
1785370 516
1785380 516
1785390 516
1785400 515
1785410 515
1785420 514
1785430 513
1785440 513
1785450 512
1785460 511
1785470 509
1785480 509
1785490 508
1785500 507
1785510 507
1785520 505
1785530 503
1785540 503
1785550 502
1785560 500
1785570 500
1785580 499
1785590 497
1785600 497
1785610 496
1785620 494
1785630 494
1785640 492
1785650 490
1785660 490
1785670 488
1785680 485
1785690 485
1785700 483
1785710 481
1785720 481
1785730 476
1785740 474
1785750 474
1785760 474
1785770 474
1785780 474
1785790 474
1785800 474
1785810 473
1785820 473
1785830 474
1785840 473
1785850 473
1785860 474
1785870 474
1785880 474
1785890 474
1785900 475
1785910 475
1785920 477
1785930 479
1785940 479
1785950 481
1785960 482
1785970 482
1785980 482
1785990 483
1786000 483
1786010 484
1786020 485
1786030 485
1786040 486
1786050 488
1786060 488
1786070 488
1786080 489
1786090 490
1786100 490
1786110 491
1786120 492
1786130 492
1786140 493
1786150 494
1786160 494
1786170 495
1786180 496
1786190 496
1786200 497
1786210 498
1786220 498
1786230 499
1786240 501
1786250 501
1786260 502
1786270 502
1786280 502
1786290 504
1786300 504
1786310 504
1786320 505
1786330 505
1786340 505
1786350 506
1786360 507
1786370 507
1786380 507
1786390 506
1786400 505
1786410 505
1786420 504
1786430 503
1786440 503
1786450 502
1786460 501
1786470 501
1786480 500
1786490 499
1786500 499
1786510 499
1786520 498
1786530 498
1786540 497
1786550 496
1786560 496
1786570 494
1786580 493
1786590 493
1786600 492
1786610 492
1786620 492
1786630 491
1786640 490
1786650 490
1786660 489
1786670 488
1786680 488
1786690 488
1786700 487
1786710 486
1786720 486
1786730 486
1786740 485
1786750 485
1786760 485
1786770 484
1786780 484
1786790 483
1786800 483
1786810 483
1786820 481
1786830 474
1786840 474
1786850 473
1786860 474
1786870 474
1786880 474
1786890 473
1786900 473
1786910 473
1786920 473
1786930 473
1786940 474
1786950 475
1786960 475
1786970 475
1786980 475
1786990 476
1787000 476
1787010 476
1787020 477
1787030 477
1787040 478
1787050 480
1787060 480
1787070 481
1787080 481
1787090 481
1787100 481
1787110 481
1787120 481
1787130 481
1787140 482
1787150 482
1787160 481
1787170 480
1787180 480
1787190 481
1787200 481
1787210 481
1787220 481
1787230 482
1787240 482
1787250 483
1787260 483
1787270 483
1787280 484
1787290 485
1787300 485
1787310 485
1787320 487
1787330 488
1787340 488
1787350 488
1787360 490
1787370 490
1787380 494
1787390 497
1787400 497
1787410 498
1787420 499
1787430 499
1787440 499
1787450 500
1787460 500
1787470 501
1787480 502
1787490 502
1787500 504
1787510 506
1787520 506
1787530 507
1787540 508
1787550 508
1787560 509
1787570 510
1787580 510
1787590 511
1787600 512
1787610 513
1787620 513
1787630 513
1787640 514
1787650 514
1787660 517
1787670 519
1787680 519
1787690 522
1787700 525
1787710 525
1787720 529
1787730 531
1787740 531
1787750 533
1787760 535
1787770 535
1787780 537
1787790 539
1787800 539
1787810 540
1787820 542
1787830 542
1787840 543
1787850 544
1787860 544
1787870 545
1787880 546
1787890 546
1787900 546
1787910 547
1787920 548
1787930 548
1787940 548
1787950 549
1787960 549
1787970 549
1787980 550
1787990 550
1788000 551
1788010 552
1788020 552
1788030 554
1788040 555
1788050 555
1788060 557
1788070 559
1788080 559
1788090 559
1788100 560
1788110 560
1788120 560
1788130 561
1788140 561
1788150 562
1788160 563
1788170 563
1788180 563
1788190 563
1788200 563
1788210 563
1788220 563
1788230 563
1788240 563
1788250 563
1788260 562
1788270 562
1788280 562
1788290 562
1788300 562
1788310 561
1788320 561
1788330 561
1788340 560
1788350 558
1788360 558
1788370 557
1788380 556
1788390 556
1788400 555
1788410 554
1788420 554
1788430 553
1788440 553
1788450 553
1788460 552
1788470 552
1788480 552
1788490 551
1788500 550
1788510 549
1788520 549
1788530 548
1788540 547
1788550 547
1788560 546
1788570 541
1788580 541
1788590 539
1788600 540
1788610 540
1788620 545
1788630 546
1788640 546
1788650 546
1788660 546
1788670 546
1788680 546
1788690 546
1788700 546
1788710 547
1788720 547
1788730 547
1788740 547
1788750 547
1788760 547
1788770 547
1788780 547
1788790 547
1788800 548
1788810 548
1788820 548
1788830 548
1788840 548
1788850 547
1788860 547
1788870 547
1788880 547
1788890 547
1788900 547
1788910 546
1788920 546
1788930 544
1788940 543
1788950 543
1788960 543
1788970 543
1788980 543
1788990 545
1789000 546
1789010 546
1789020 546
1789030 547
1789040 547
1789050 547
1789060 548
1789070 548
1789080 548
1789090 549
1789100 549
1789110 549
1789120 550
1789130 550
1789140 550
1789150 551
1789160 551
1789170 551
1789180 552
1789190 552
1789200 552
1789210 552
1789220 553
1789230 553
1789240 553
1789250 553
1789260 553
1789270 552
1789280 552
1789290 552
1789300 552
1789310 552
1789320 552
1789330 552
1789340 552
1789350 552
1789360 551
1789370 551
1789380 551
1789390 550
1789400 550
1789410 550
1789420 550
1789430 549
1789440 549
1789450 549
1789460 549
1789470 549
1789480 549
1789490 548
1789500 548
1789510 548
1789520 548
1789530 547
1789540 547
1789550 547
1789560 547
1789570 547
1789580 546
1789590 545
1789600 545
1789610 545
1789620 543
1789630 543
1789640 544
1789650 543
1789660 543
1789670 542
1789680 541
1789690 541
1789700 540
1789710 539
1789720 538
1789730 538
1789740 537
1789750 536
1789760 536
1789770 535
1789780 534
1789790 534
1789800 532
1789810 531
1789820 531
1789830 530
1789840 527
1789850 527
1789860 524
1789870 521
1789880 521
1789890 521
1789900 521
1789910 521
1789920 519
1789930 519
1789940 519
1789950 519
1789960 518
1789970 518
1789980 511
1789990 506
1790000 506
1790010 506
1790020 509
1790030 512
1790040 512
1790050 513
1790060 516
1790070 516
1790080 517
1790090 517
1790100 517
1790110 518
1790120 518
1790130 518
1790140 517
1790150 517
1790160 517
1790170 518
1790180 519
1790190 519
1790200 520
1790210 521
1790220 521
1790230 522
1790240 522
1790250 522
1790260 523
1790270 522
1790280 522
1790290 522
1790300 521
1790310 521
1790320 520
1790330 519
1790340 518
1790350 518
1790360 518
1790370 518
1790380 518
1790390 518
1790400 516
1790410 516
1790420 515
1790430 516
1790440 516
1790450 517
1790460 517
1790470 517
1790480 517
1790490 515
1790500 515
1790510 512
1790520 512
1790530 512
1790540 512
1790550 510
1790560 510
1790570 510
1790580 509
1790590 512
1790600 512
1790610 512
1790620 511
1790630 511
1790640 511
1790650 510
1790660 510
1790670 509
1790680 509
1790690 509
1790700 515
1790710 516
1790720 516
1790730 517
1790740 515
1790750 515
1790760 519
1790770 521
1790780 521
1790790 522
1790800 522
1790810 522
1790820 522
1790830 524
1790840 524
1790850 526
1790860 528
1790870 528
1790880 529
1790890 530
1790900 530
1790910 531
1790920 532
1790930 533
1790940 533
1790950 534
1790960 536
1790970 536
1790980 538
1790990 540
1791000 540
1791010 542
1791020 543
1791030 543
1791040 543
1791050 544
1791060 544
1791070 544
1791080 545
1791090 545
1791100 545
1791110 545
1791120 545
1791130 545
1791140 545
1791150 545
1791160 545
1791170 544
1791180 544
1791190 543
1791200 543
1791210 543
1791220 544
1791230 545
1791240 545
1791250 545
1791260 546
1791270 546
1791280 546
1791290 547
1791300 548
1791310 548
1791320 549
1791330 551
1791340 551
1791350 551
1791360 553
1791370 553
1791380 555
1791390 556
1791400 556
1791410 557
1791420 558
1791430 558
1791440 559
1791450 560
1791460 560
1791470 562
1791480 563
1791490 563
1791500 564
1791510 564
1791520 564
1791530 565
1791540 565
1791550 566
1791560 566
1791570 565
1791580 563
1791590 563
1791600 560
1791610 555
1791620 555
1791630 550
1791640 545
1791650 544
1791660 539
1791670 536
1791680 536
1791690 532
1791700 527
1791710 527
1791720 523
1791730 520
1791740 520
1791750 517
1791760 514
1791770 514
1791780 510
1791790 506
1791800 506
1791810 503
1791820 499
1791830 499
1791840 495
1791850 491
1791860 487
1791870 487
1791880 484
1791890 480
1791900 480
1791910 476
1791920 471
1791930 471
1791940 467
1791950 465
1791960 465
1791970 463
1791980 461
1791990 461
1792000 458
1792010 455
1792020 455
1792030 449
1792040 444
1792050 444
1792060 440
1792070 438
1792080 438
1792090 438
1792100 443
1792110 443
1792120 445
1792130 442
1792140 441
1792150 441
1792160 442
1792170 442
1792180 442
1792190 440
1792200 440
1792210 440
1792220 438
1792230 437
1792240 437
1792250 440
1792260 443
1792270 443
1792280 449
1792290 455
1792300 455
1792310 458
1792320 465
1792330 465
1792340 470
1792350 470
1792360 470
1792370 475
1792380 478
1792390 478
1792400 480
1792410 484
1792420 484
1792430 488
1792440 491
1792450 494
1792460 494
1792470 499
1792480 502
1792490 502
1792500 507
1792510 511
1792520 511
1792530 515
1792540 519
1792550 519
1792560 523
1792570 526
1792580 526
1792590 530
1792600 534
1792610 534
1792620 538
1792630 541
1792640 541
1792650 544
1792660 546
1792670 546
1792680 548
1792690 547
1792700 547
1792710 550
1792720 552
1792730 552
1792740 555
1792750 556
1792760 558
1792770 558
1792780 560
1792790 562
1792800 562
1792810 565
1792820 567
1792830 567
1792840 570
1792850 572
1792860 572
1792870 575
1792880 578
1792890 578
1792900 580
1792910 583
1792920 583
1792930 585
1792940 588
1792950 588
1792960 591
1792970 595
1792980 595
1792990 597
1793000 601
1793010 601
1793020 603
1793030 606
1793040 606
1793050 610
1793060 613
1793070 617
1793080 617
1793090 620
1793100 623
1793110 623
1793120 626
1793130 629
1793140 629
1793150 632
1793160 636
1793170 636
1793180 639
1793190 642
1793200 642
1793210 645
1793220 648
1793230 648
1793240 652
1793250 654
1793260 654
1793270 656
1793280 658
1793290 658
1793300 660
1793310 662
1793320 662
1793330 664
1793340 666
1793350 668
1793360 668
1793370 669
1793380 671
1793390 671
1793400 672
1793410 674
1793420 674
1793430 675
1793440 676
1793450 676
1793460 677
1793470 678
1793480 678
1793490 679
1793500 679
1793510 679
1793520 680
1793530 680
1793540 680
1793550 681
1793560 682
1793570 682
1793580 682
1793590 682
1793600 682
1793610 683
1793620 682
1793630 682
1793640 682
1793650 682
1793660 681
1793670 681
1793680 679
1793690 678
1793700 678
1793710 676
1793720 675
1793730 675
1793740 673
1793750 671
1793760 671
1793770 669
1793780 667
1793790 667
1793800 665
1793810 662
1793820 662
1793830 660
1793840 657
1793850 657
1793860 653
1793870 651
1793880 651
1793890 647
1793900 644
1793910 644
1793920 642
1793930 639
1793940 639
1793950 637
1793960 630
1793970 632
1793980 632
1793990 636
1794000 639
1794010 639
1794020 642
1794030 644
1794040 644
1794050 646
1794060 649
1794070 649
1794080 651
1794090 654
1794100 654
1794110 657
1794120 659
1794130 659
1794140 661
1794150 663
1794160 663
1794170 664
1794180 666
1794190 666
1794200 667
1794210 668
1794220 668
1794230 669
1794240 670
1794250 670
1794260 672
1794270 673
1794280 674
1794290 674
1794300 675
1794310 676
1794320 676
1794330 677
1794340 677
1794350 677
1794360 678
1794370 679
1794380 679
1794390 679
1794400 680
1794410 680
1794420 680
1794430 680
1794440 680
1794450 680
1794460 681
1794470 681
1794480 681
1794490 681
1794500 681
1794510 681
1794520 681
1794530 681
1794540 681
1794550 681
1794560 681
1794570 681
1794580 681
1794590 681
1794600 681
1794610 681
1794620 681
1794630 681
1794640 680
1794650 680
1794660 680
1794670 679
1794680 679
1794690 679
1794700 679
1794710 679
1794720 679
1794730 679
1794740 679
1794750 679
1794760 680
1794770 681
1794780 681
1794790 681
1794800 682
1794810 682
1794820 682
1794830 683
1794840 683
1794850 683
1794860 684
1794870 684
1794880 684
1794890 685
1794900 685
1794910 685
1794920 685
1794930 685
1794940 685
1794950 685
1794960 684
1794970 684
1794980 684
1794990 683
1795000 683
1795010 682
1795020 681
1795030 681
1795040 679
1795050 678
1795060 678
1795070 676
1795080 674
1795090 674
1795100 672
1795110 669
1795120 669
1795130 667
1795140 665
1795150 665
1795160 663
1795170 661
1795180 658
1795190 658
1795200 656
1795210 654
1795220 654
1795230 652
1795240 650
1795250 650
1795260 648
1795270 645
1795280 645
1795290 641
1795300 638
1795310 638
1795320 635
1795330 633
1795340 633
1795350 630
1795360 627
1795370 627
1795380 625
1795390 622
1795400 622
1795410 620
1795420 617
1795430 617
1795440 615
1795450 613
1795460 613
1795470 610
1795480 607
1795490 606
1795500 606
1795510 604
1795520 602
1795530 602
1795540 599
1795550 588
1795560 588
1795570 586
1795580 589
1795590 589
1795600 594
1795610 599
1795620 599
1795630 603
1795640 605
1795650 605
1795660 607
1795670 609
1795680 609
1795690 612
1795700 616
1795710 616
1795720 619
1795730 621
1795740 621
1795750 622
1795760 620
1795770 621
1795780 618
1795790 616
1795800 614
1795810 614
1795820 613
1795830 613
1795840 613
1795850 613
1795860 612
1795870 612
1795880 612
1795890 609
1795900 609
1795910 607
1795920 605
1795930 605
1795940 603
1795950 602
1795960 602
1795970 601
1795980 600
1795990 600
1796000 599
1796010 597
1796020 597
1796030 595
1796040 594
1796050 594
1796060 594
1796070 593
1796080 591
1796090 591
1796100 589
1796110 586
1796120 586
1796130 584
1796140 581
1796150 581
1796160 579
1796170 578
1796180 578
1796190 587
1796200 593
1796210 593
1796220 596
1796230 598
1796240 598
1796250 601
1796260 603
1796270 603
1796280 606
1796290 608
1796300 608
1796310 610
1796320 612
1796330 612
1796340 613
1796350 614
1796360 614
1796370 614
1796380 615
1796390 615
1796400 615
1796410 615
1796420 615
1796430 615
1796440 615
1796450 615
1796460 615
1796470 615
1796480 615
1796490 615
1796500 616
1796510 616
1796520 616
1796530 616
1796540 615
1796550 615
1796560 615
1796570 615
1796580 615
1796590 615
1796600 614
1796610 614
1796620 613
1796630 612
1796640 612
1796650 612
1796660 611
1796670 611
1796680 611
1796690 610
1796700 609
1796710 609
1796720 608
1796730 607
1796740 607
1796750 606
1796760 604
1796770 604
1796780 603
1796790 602
1796800 602
1796810 601
1796820 600
1796830 600
1796840 599
1796850 598
1796860 598
1796870 597
1796880 595
1796890 595
1796900 593
1796910 591
1796920 591
1796930 588
1796940 586
1796950 586
1796960 583
1796970 579
1796980 579
1796990 577
1797000 574
1797010 571
1797020 571
1797030 568
1797040 564
1797050 564
1797060 560
1797070 557
1797080 557
1797090 552
1797100 548
1797110 548
1797120 545
1797130 541
1797140 541
1797150 537
1797160 532
1797170 532
1797180 526
1797190 525
1797200 525
1797210 523
1797220 526
1797230 526
1797240 527
1797250 533
1797260 533
1797270 540
1797280 547
1797290 547
1797300 551
1797310 554
1797320 556
1797330 556
1797340 557
1797350 559
1797360 559
1797370 561
1797380 564
1797390 564
1797400 566
1797410 568
1797420 568
1797430 569
1797440 571
1797450 571
1797460 572
1797470 574
1797480 574
1797490 575
1797500 576
1797510 576
1797520 577
1797530 577
1797540 577
1797550 576
1797560 575
1797570 575
1797580 573
1797590 571
1797600 568
1797610 568
1797620 566
1797630 564
1797640 564
1797650 562
1797660 560
1797670 560
1797680 559
1797690 557
1797700 557
1797710 554
1797720 551
1797730 551
1797740 550
1797750 548
1797760 548
1797770 545
1797780 540
1797790 542
1797800 541
1797810 542
1797820 542
1797830 543
1797840 543
1797850 543
1797860 543
1797870 543
1797880 543
1797890 542
1797900 542
1797910 541
1797920 541
1797930 540
1797940 540
1797950 540
1797960 538
1797970 536
1797980 536
1797990 533
1798000 530
1798010 530
1798020 527
1798030 524
1798040 524
1798050 520
1798060 517
1798070 517
1798080 513
1798090 510
1798100 510
1798110 507
1798120 503
1798130 503
1798140 503
1798150 502
1798160 502
1798170 502
1798180 502
1798190 502
1798200 507
1798210 514
1798220 517
1798230 517
1798240 521
1798250 525
1798260 525
1798270 527
1798280 529
1798290 529
1798300 531
1798310 534
1798320 534
1798330 538
1798340 541
1798350 541
1798360 543
1798370 546
1798380 546
1798390 549
1798400 551
1798410 551
1798420 554
1798430 557
1798440 557
1798450 559
1798460 562
1798470 562
1798480 564
1798490 566
1798500 566
1798510 568
1798520 569
1798530 571
1798540 571
1798550 573
1798560 575
1798570 575
1798580 576
1798590 578
1798600 578
1798610 579
1798620 581
1798630 581
1798640 583
1798650 584
1798660 584
1798670 584
1798680 585
1798690 585
1798700 585
1798710 586
1798720 586
1798730 586
1798740 586
1798750 586
1798760 585
1798770 584
1798780 585
1798790 584
1798800 582
1798810 580
1798820 580
1798830 578
1798840 577
1798850 577
1798860 571
1798870 571
1798880 571
1798890 575
1798900 577
1798910 577
1798920 579
1798930 580
1798940 580
1798950 582
1798960 584
1798970 584
1798980 587
1798990 589
1799000 589
1799010 590
1799020 593
1799030 593
1799040 594
1799050 596
1799060 596
1799070 598
1799080 599
1799090 599
1799100 601
1799110 602
1799120 603
1799130 603
1799140 604
1799150 606
1799160 606
1799170 606
1799180 606
1799190 606
1799200 607
1799210 607
1799220 607
1799230 607
1799240 606
1799250 606
1799260 606
1799270 605
1799280 605
1799290 604
1799300 603
1799310 603
1799320 601
1799330 599
1799340 599
1799350 597
1799360 594
1799370 594
1799380 591
1799390 589
1799400 589
1799410 585
1799420 582
1799430 579
1799440 579
1799450 574
1799460 570
1799470 570
1799480 567
1799490 562
1799500 562
1799510 555
1799520 549
1799530 549
1799540 544
1799550 550
1799560 550
1799570 553
1799580 551
1799590 551
1799600 552
1799610 553
1799620 553
1799630 553
1799640 553
1799650 553
1799660 551
1799670 549
1799680 549
1799690 548
1799700 548
1799710 548
1799720 546
1799730 545
1799740 545
1799750 545
1799760 542
1799770 537
1799780 537
1799790 536
1799800 533
1799810 533
1799820 529
1799830 525
1799840 525
1799850 524
1799860 522
1799870 522
1799880 518
1799890 515
1799900 515
1799910 513
1799920 509
1799930 509
1799940 506
1799950 505
1799960 505
1799970 504
1799980 503
1799990 503
