1780000 620
1780010 621
1780020 621
1780030 621
1780040 621
1780050 621
1780060 621
1780070 622
1780080 622
1780090 622
1780100 622
1780110 622
1780120 622
1780130 623
1780140 623
1780150 623
1780160 623
1780170 623
1780180 623
1780190 623
1780200 623
1780210 624
1780220 624
1780230 624
1780240 623
1780250 623
1780260 623
1780270 623
1780280 622
1780290 622
1780300 622
1780310 622
1780320 622
1780330 622
1780340 622
1780350 622
1780360 622
1780370 622
1780380 622
1780390 622
1780400 621
1780410 621
1780420 621
1780430 620
1780440 619
1780450 619
1780460 618
1780470 616
1780480 616
1780490 615
1780500 613
1780510 613
1780520 612
1780530 611
1780540 611
1780550 610
1780560 609
1780570 608
1780580 608
1780590 607
1780600 606
1780610 606
1780620 606
1780630 605
1780640 605
1780650 605
1780660 604
1780670 604
1780680 604
1780690 604
1780700 604
1780710 603
1780720 602
1780730 602
1780740 601
1780750 601
1780760 601
1780770 600
1780780 599
1780790 599
1780800 598
1780810 597
1780820 597
1780830 596
1780840 595
1780850 594
1780860 594
1780870 593
1780880 592
1780890 592
1780900 591
1780910 590
1780920 590
1780930 589
1780940 587
1780950 587
1780960 586
1780970 585
1780980 585
1780990 584
1781000 583
1781010 583
1781020 582
1781030 580
1781040 580
1781050 579
1781060 578
1781070 578
1781080 576
1781090 575
1781100 575
1781110 574
1781120 572
1781130 572
1781140 570
1781150 568
1781160 566
1781170 566
1781180 564
1781190 562
1781200 562
1781210 560
1781220 558
1781230 558
1781240 556
1781250 553
1781260 553
1781270 549
1781280 548
1781290 548
1781300 545
1781310 543
1781320 543
1781330 541
1781340 540
1781350 540
1781360 538
1781370 537
1781380 537
1781390 536
1781400 535
1781410 535
1781420 534
1781430 533
1781440 533
1781450 533
1781460 532
1781470 530
1781480 530
1781490 528
1781500 526
1781510 526
1781520 525
1781530 524
1781540 524
1781550 523
1781560 522
1781570 522
1781580 521
1781590 520
1781600 520
1781610 517
1781620 516
1781630 516
1781640 513
1781650 511
1781660 511
1781670 510
1781680 509
1781690 509
1781700 510
1781710 506
1781720 506
1781730 505
1781740 504
1781750 504
1781760 503
1781770 502
1781780 501
1781790 501
1781800 501
1781810 498
1781820 498
1781830 498
1781840 495
1781850 495
1781860 493
1781870 492
1781880 492
1781890 491
1781900 490
1781910 490
1781920 489
1781930 489
1781940 489
1781950 489
1781960 489
1781970 489
1781980 489
1781990 489
1782000 489
1782010 489
1782020 489
1782030 489
1782040 488
1782050 489
1782060 489
1782070 489
1782080 489
1782090 489
1782100 489
1782110 489
1782120 489
1782130 489
1782140 490
1782150 491
1782160 491
1782170 492
1782180 495
1782190 495
1782200 499
1782210 499
1782220 499
1782230 499
1782240 496
1782250 496
1782260 493
1782270 494
1782280 494
1782290 494
1782300 494
1782310 494
1782320 494
1782330 495
1782340 495
1782350 496
1782360 496
1782370 497
1782380 497
1782390 497
1782400 498
1782410 498
1782420 499
1782430 500
1782440 500
1782450 501
1782460 502
1782470 502
1782480 503
1782490 505
1782500 505
1782510 507
1782520 507
1782530 507
1782540 508
1782550 509
1782560 509
1782570 509
1782580 510
1782590 510
1782600 511
1782610 512
1782620 512
1782630 513
1782640 514
1782650 514
1782660 515
1782670 516
1782680 517
1782690 517
1782700 518
1782710 519
1782720 519
1782730 521
1782740 523
1782750 523
1782760 524
1782770 525
1782780 525
1782790 527
1782800 528
1782810 528
1782820 529
1782830 530
1782840 530
1782850 531
1782860 532
1782870 532
1782880 532
1782890 533
1782900 533
1782910 535
1782920 536
1782930 536
1782940 537
1782950 538
1782960 538
1782970 539
1782980 541
1782990 542
1783000 542
1783010 543
1783020 544
1783030 544
1783040 546
1783050 547
1783060 547
1783070 549
1783080 551
1783090 551
1783100 552
1783110 554
1783120 554
1783130 556
1783140 558
1783150 558
1783160 558
1783170 559
1783180 559
1783190 558
1783200 557
1783210 557
1783220 556
1783230 554
1783240 554
1783250 552
1783260 550
1783270 550
1783280 549
1783290 547
1783300 546
1783310 546
1783320 546
1783330 542
1783340 542
1783350 539
1783360 540
1783370 540
1783380 541
1783390 540
1783400 540
1783410 539
1783420 539
1783430 539
1783440 538
1783450 538
1783460 538
1783470 537
1783480 536
1783490 536
1783500 535
1783510 535
1783520 535
1783530 534
1783540 533
1783550 533
1783560 532
1783570 531
1783580 530
1783590 530
1783600 529
1783610 529
1783620 529
1783630 528
1783640 528
1783650 528
1783660 528
1783670 528
1783680 528
1783690 529
1783700 529
1783710 529
1783720 529
1783730 530
1783740 530
1783750 531
1783760 531
1783770 531
1783780 532
1783790 532
1783800 532
1783810 532
1783820 532
1783830 532
1783840 532
1783850 532
1783860 532
1783870 532
1783880 532
1783890 531
1783900 531
1783910 531
1783920 530
1783930 530
1783940 530
1783950 529
1783960 529
1783970 527
1783980 526
1783990 526
1784000 525
1784010 523
1784020 523
1784030 522
1784040 521
1784050 521
1784060 520
1784070 518
1784080 518
1784090 517
1784100 516
1784110 516
1784120 515
1784130 513
1784140 513
1784150 512
1784160 510
1784170 510
1784180 509
1784190 507
1784200 506
1784210 506
1784220 504
1784230 502
1784240 502
1784250 501
1784260 500
1784270 500
1784280 499
1784290 498
1784300 498
1784310 495
1784320 492
1784330 492
1784340 490
1784350 490
1784360 490
1784370 489
1784380 488
1784390 488
1784400 485
1784410 485
1784420 485
1784430 484
1784440 484
1784450 484
1784460 484
1784470 483
1784480 483
1784490 483
1784500 483
1784510 483
1784520 483
1784530 483
1784540 483
1784550 483
1784560 484
1784570 485
1784580 485
1784590 485
1784600 486
1784610 486
1784620 486
1784630 487
1784640 487
1784650 488
1784660 489
1784670 489
1784680 490
1784690 490
1784700 490
1784710 491
1784720 491
1784730 491
1784740 491
1784750 492
1784760 492
1784770 492
1784780 492
1784790 493
1784800 493
1784810 493
1784820 494
1784830 494
1784840 495
1784850 495
1784860 495
1784870 495
1784880 496
1784890 496
1784900 496
1784910 497
1784920 497
1784930 497
1784940 497
1784950 497
1784960 498
1784970 498
1784980 498
1784990 498
1785000 498
1785010 498
1785020 499
1785030 499
1785040 499
1785050 499
1785060 500
1785070 500
1785080 500
1785090 501
1785100 502
1785110 502
1785120 503
1785130 504
1785140 504
1785150 506
1785160 508
1785170 508
1785180 510
1785190 512
1785200 512
1785210 513
1785220 514
1785230 514
1785240 515
1785250 515
1785260 515
1785270 516
1785280 516
1785290 516
1785300 516
1785310 516
1785320 516
1785330 516
1785340 517
1785350 517
1785360 517
1785370 516
1785380 516
1785390 516
1785400 515
1785410 515
1785420 515
1785430 514
1785440 513
1785450 513
1785460 512
1785470 511
1785480 511
1785490 510
1785500 508
1785510 508
1785520 507
1785530 505
1785540 505
1785550 504
1785560 503
1785570 503
1785580 501
1785590 499
1785600 499
1785610 498
1785620 497
1785630 496
1785640 495
1785650 493
1785660 493
1785670 492
1785680 491
1785690 491
1785700 489
1785710 488
1785720 486
1785730 486
1785740 485
1785750 484
1785760 484
1785770 482
1785780 480
1785790 480
1785800 478
1785810 474
1785820 474
1785830 473
1785840 473
1785850 473
1785860 473
1785870 473
1785880 473
1785890 472
1785900 470
1785910 470
1785920 473
1785930 473
1785940 473
1785950 473
1785960 473
1785970 473
1785980 474
1785990 475
1786000 475
1786010 477
1786020 481
1786030 482
1786040 482
1786050 482
1786060 484
1786070 484
1786080 484
1786090 483
1786100 483
1786110 483
1786120 483
1786130 483
1786140 485
1786150 490
1786160 490
1786170 491
1786180 492
1786190 492
1786200 493
1786210 494
1786220 494
1786230 495
1786240 496
1786250 496
1786260 497
1786270 498
1786280 498
1786290 499
1786300 500
1786310 501
1786320 501
1786330 502
1786340 504
1786350 504
1786360 504
1786370 504
1786380 504
1786390 503
1786400 502
1786410 502
1786420 501
1786430 500
1786440 500
1786450 499
1786460 498
1786470 498
1786480 497
1786490 496
1786500 496
1786510 495
1786520 494
1786530 494
1786540 494
1786550 492
1786560 492
1786570 492
1786580 491
1786590 491
1786600 491
1786610 490
1786620 489
1786630 489
1786640 488
1786650 488
1786660 488
1786670 487
1786680 487
1786690 487
1786700 486
1786710 485
1786720 485
1786730 485
1786740 484
1786750 484
1786760 483
1786770 483
1786780 483
1786790 482
1786800 481
1786810 481
1786820 481
1786830 481
1786840 481
1786850 480
1786860 476
1786870 476
1786880 473
1786890 472
1786900 472
1786910 472
1786920 472
1786930 472
1786940 472
1786950 472
1786960 472
1786970 472
1786980 470
1786990 475
1787000 475
1787010 476
1787020 477
1787030 477
1787040 475
1787050 477
1787060 477
1787070 478
1787080 480
1787090 480
1787100 483
1787110 484
1787120 484
1787130 485
1787140 485
1787150 485
1787160 485
1787170 485
1787180 485
1787190 488
1787200 489
1787210 489
1787220 490
1787230 490
1787240 491
1787250 491
1787260 492
1787270 493
1787280 493
1787290 494
1787300 495
1787310 495
1787320 496
1787330 497
1787340 497
1787350 497
1787360 497
1787370 497
1787380 498
1787390 497
1787400 497
1787410 495
1787420 494
1787430 494
1787440 493
1787450 493
1787460 493
1787470 493
1787480 495
1787490 495
1787500 498
1787510 500
1787520 501
1787530 501
1787540 503
1787550 504
1787560 504
1787570 504
1787580 504
1787590 504
1787600 505
1787610 506
1787620 506
1787630 507
1787640 509
1787650 509
1787660 511
1787670 513
1787680 513
1787690 515
1787700 517
1787710 517
1787720 518
1787730 520
1787740 520
1787750 521
1787760 524
1787770 524
1787780 526
1787790 529
1787800 529
1787810 531
1787820 534
1787830 535
1787840 535
1787850 536
1787860 537
1787870 537
1787880 538
1787890 539
1787900 539
1787910 540
1787920 540
1787930 540
1787940 543
1787950 544
1787960 544
1787970 545
1787980 546
1787990 546
1788000 548
1788010 550
1788020 550
1788030 551
1788040 553
1788050 553
1788060 555
1788070 557
1788080 557
1788090 558
1788100 558
1788110 558
1788120 558
1788130 558
1788140 558
1788150 558
1788160 559
1788170 560
1788180 560
1788190 560
1788200 560
1788210 560
1788220 560
1788230 560
1788240 560
1788250 560
1788260 560
1788270 560
1788280 560
1788290 559
1788300 559
1788310 558
1788320 557
1788330 557
1788340 556
1788350 556
1788360 556
1788370 555
1788380 554
1788390 554
1788400 553
1788410 552
1788420 552
1788430 552
1788440 551
1788450 550
1788460 550
1788470 549
1788480 549
1788490 549
1788500 548
1788510 547
1788520 547
1788530 547
1788540 546
1788550 546
1788560 545
1788570 545
1788580 545
1788590 543
1788600 542
1788610 542
1788620 541
1788630 538
1788640 538
1788650 535
1788660 537
1788670 537
1788680 540
1788690 542
1788700 542
1788710 542
1788720 543
1788730 543
1788740 543
1788750 543
1788760 543
1788770 543
1788780 543
1788790 543
1788800 543
1788810 544
1788820 544
1788830 544
1788840 544
1788850 543
1788860 543
1788870 543
1788880 543
1788890 544
1788900 544
1788910 543
1788920 543
1788930 543
1788940 540
1788950 540
1788960 540
1788970 542
1788980 542
1788990 542
1789000 543
1789010 543
1789020 543
1789030 544
1789040 545
1789050 545
1789060 545
1789070 546
1789080 546
1789090 546
1789100 547
1789110 547
1789120 548
1789130 548
1789140 548
1789150 549
1789160 549
1789170 549
1789180 550
1789190 550
1789200 550
1789210 551
1789220 551
1789230 551
1789240 551
1789250 550
1789260 550
1789270 550
1789280 550
1789290 550
1789300 550
1789310 549
1789320 549
1789330 549
1789340 548
1789350 548
1789360 548
1789370 547
1789380 546
1789390 546
1789400 546
1789410 545
1789420 545
1789430 545
1789440 545
1789450 545
1789460 544
1789470 544
1789480 544
1789490 544
1789500 544
1789510 544
1789520 544
1789530 544
1789540 544
1789550 544
1789560 543
1789570 543
1789580 543
1789590 543
1789600 543
1789610 543
1789620 543
1789630 543
1789640 542
1789650 541
1789660 541
1789670 541
1789680 540
1789690 540
1789700 540
1789710 539
1789720 539
1789730 539
1789740 538
1789750 537
1789760 537
1789770 537
1789780 536
1789790 536
1789800 535
1789810 534
1789820 534
1789830 533
1789840 532
1789850 532
1789860 531
1789870 530
1789880 530
1789890 528
1789900 524
1789910 524
1789920 520
1789930 520
1789940 520
1789950 519
1789960 520
1789970 517
1789980 517
1789990 512
1790000 508
1790010 508
1790020 507
1790030 506
1790040 506
1790050 503
1790060 502
1790070 502
1790080 503
1790090 505
1790100 505
1790110 506
1790120 510
1790130 510
1790140 511
1790150 511
1790160 511
1790170 511
1790180 511
1790190 511
1790200 512
1790210 512
1790220 512
1790230 512
1790240 513
1790250 514
1790260 514
1790270 514
1790280 514
1790290 514
1790300 514
1790310 514
1790320 514
1790330 513
1790340 512
1790350 512
1790360 512
1790370 511
1790380 511
1790390 511
1790400 509
1790410 509
1790420 506
1790430 505
1790440 505
1790450 509
1790460 510
1790470 510
1790480 510
1790490 510
1790500 510
1790510 509
1790520 508
1790530 508
1790540 508
1790550 507
1790560 505
1790570 505
1790580 502
1790590 504
1790600 504
1790610 505
1790620 505
1790630 505
1790640 503
1790650 502
1790660 502
1790670 500
1790680 502
1790690 502
1790700 503
1790710 506
1790720 506
1790730 508
1790740 512
1790750 512
1790760 515
1790770 516
1790780 516
1790790 520
1790800 522
1790810 522
1790820 523
1790830 524
1790840 524
1790850 525
1790860 527
1790870 528
1790880 528
1790890 529
1790900 530
1790910 530
1790920 532
1790930 533
1790940 533
1790950 534
1790960 536
1790970 536
1790980 537
1790990 538
1791000 538
1791010 539
1791020 540
1791030 540
1791040 541
1791050 543
1791060 543
1791070 544
1791080 544
1791090 544
1791100 544
1791110 544
1791120 544
1791130 543
1791140 543
1791150 543
1791160 542
1791170 542
1791180 541
1791190 541
1791200 539
1791210 535
1791220 535
1791230 535
1791240 535
1791250 535
1791260 538
1791270 539
1791280 539
1791290 539
1791300 540
1791310 540
1791320 541
1791330 542
1791340 542
1791350 544
1791360 546
1791370 546
1791380 547
1791390 549
1791400 549
1791410 550
1791420 552
1791430 552
1791440 554
1791450 556
1791460 557
1791470 557
1791480 559
1791490 560
1791500 560
1791510 561
1791520 563
1791530 563
1791540 563
1791550 562
1791560 562
1791570 559
1791580 555
1791590 555
1791600 551
1791610 546
1791620 546
1791630 543
1791640 540
1791650 540
1791660 539
1791670 539
1791680 539
1791690 538
1791700 533
1791710 533
1791720 528
1791730 523
1791740 523
1791750 517
1791760 512
1791770 506
1791780 506
1791790 501
1791800 496
1791810 496
1791820 492
1791830 487
1791840 487
1791850 484
1791860 480
1791870 480
1791880 476
1791890 473
1791900 473
1791910 470
1791920 467
1791930 467
1791940 463
1791950 460
1791960 460
1791970 457
1791980 452
1791990 452
1792000 446
1792010 442
1792020 442
1792030 444
1792040 441
1792050 441
1792060 440
1792070 440
1792080 440
1792090 440
1792100 441
1792110 441
1792120 441
1792130 439
1792140 439
1792150 439
1792160 438
1792170 436
1792180 436
1792190 437
1792200 440
1792210 440
1792220 446
1792230 449
1792240 449
1792250 458
1792260 462
1792270 462
1792280 466
1792290 471
1792300 471
1792310 475
1792320 477
1792330 477
1792340 480
1792350 483
1792360 483
1792370 486
1792380 489
1792390 492
1792400 492
1792410 494
1792420 498
1792430 498
1792440 501
1792450 503
1792460 503
1792470 507
1792480 511
1792490 511
1792500 515
1792510 518
1792520 518
1792530 521
1792540 525
1792550 525
1792560 528
1792570 532
1792580 532
1792590 534
1792600 539
1792610 539
1792620 543
1792630 546
1792640 546
1792650 550
1792660 553
1792670 553
1792680 557
1792690 561
1792700 564
1792710 564
1792720 568
1792730 571
1792740 571
1792750 573
1792760 576
1792770 576
1792780 579
1792790 582
1792800 582
1792810 585
1792820 587
1792830 587
1792840 589
1792850 592
1792860 592
1792870 594
1792880 597
1792890 597
1792900 599
1792910 602
1792920 602
1792930 604
1792940 607
1792950 607
1792960 609
1792970 612
1792980 614
1792990 614
1793000 617
1793010 619
1793020 619
1793030 622
1793040 624
1793050 624
1793060 627
1793070 630
1793080 630
1793090 633
1793100 637
1793110 634
1793120 637
1793130 639
1793140 639
1793150 642
1793160 645
1793170 645
1793180 649
1793190 651
1793200 651
1793210 654
1793220 656
1793230 656
1793240 659
1793250 661
1793260 661
1793270 663
1793280 664
1793290 667
1793300 667
1793310 668
1793320 669
1793330 669
1793340 670
1793350 671
1793360 671
1793370 672
1793380 673
1793390 673
1793400 674
1793410 674
1793420 674
1793430 675
1793440 676
1793450 676
1793460 676
1793470 677
1793480 677
1793490 677
1793500 678
1793510 678
1793520 678
1793530 679
1793540 679
1793550 679
1793560 680
1793570 680
1793580 680
1793590 680
1793600 681
1793610 681
1793620 681
1793630 681
1793640 681
1793650 680
1793660 679
1793670 679
1793680 679
1793690 676
1793700 676
1793710 675
1793720 673
1793730 673
1793740 672
1793750 669
1793760 669
1793770 667
1793780 664
1793790 664
1793800 662
1793810 658
1793820 658
1793830 655
1793840 650
1793850 650
1793860 647
1793870 643
1793880 643
1793890 640
1793900 637
1793910 635
1793920 635
1793930 634
1793940 632
1793950 632
1793960 628
1793970 629
1793980 629
1793990 634
1794000 638
1794010 638
1794020 641
1794030 643
1794040 643
1794050 646
1794060 648
1794070 648
1794080 651
1794090 654
1794100 654
1794110 656
1794120 658
1794130 658
1794140 660
1794150 663
1794160 663
1794170 665
1794180 666
1794190 668
1794200 668
1794210 669
1794220 671
1794230 671
1794240 672
1794250 674
1794260 674
1794270 675
1794280 676
1794290 676
1794300 678
1794310 679
1794320 679
1794330 680
1794340 681
1794350 681
1794360 682
1794370 682
1794380 682
1794390 683
1794400 683
1794410 683
1794420 684
1794430 684
1794440 684
1794450 684
1794460 684
1794470 684
1794480 684
1794490 683
1794500 683
1794510 683
1794520 683
1794530 682
1794540 682
1794550 681
1794560 681
1794570 681
1794580 680
1794590 680
1794600 680
1794610 679
1794620 678
1794630 678
1794640 678
1794650 677
1794660 677
1794670 676
1794680 674
1794690 674
1794700 673
1794710 673
1794720 673
1794730 671
1794740 670
1794750 670
1794760 670
1794770 670
1794780 670
1794790 670
1794800 670
1794810 672
1794820 672
1794830 673
1794840 673
1794850 673
1794860 674
1794870 675
1794880 675
1794890 676
1794900 677
1794910 677
1794920 678
1794930 679
1794940 679
1794950 679
1794960 680
1794970 680
1794980 681
1794990 681
1795000 681
1795010 681
1795020 681
1795030 681
1795040 680
1795050 678
1795060 678
1795070 677
1795080 675
1795090 675
1795100 673
1795110 670
1795120 668
1795130 668
1795140 665
1795150 662
1795160 662
1795170 658
1795180 656
1795190 656
1795200 653
1795210 651
1795220 651
1795230 649
1795240 647
1795250 647
1795260 645
1795270 642
1795280 642
1795290 639
1795300 637
1795310 637
1795320 635
1795330 632
1795340 632
1795350 631
1795360 628
1795370 628
1795380 624
1795390 620
1795400 617
1795410 617
1795420 614
1795430 611
1795440 611
1795450 609
1795460 607
1795470 607
1795480 605
1795490 603
1795500 603
1795510 601
1795520 599
1795530 599
1795540 597
1795550 590
1795560 590
1795570 587
1795580 588
1795590 588
1795600 581
1795610 584
1795620 584
1795630 590
1795640 597
1795650 597
1795660 601
1795670 605
1795680 605
1795690 608
1795700 611
1795710 615
1795720 615
1795730 616
1795740 616
1795750 616
1795760 614
1795770 612
1795780 612
1795790 609
1795800 606
1795810 606
1795820 605
1795830 604
1795840 604
1795850 603
1795860 603
1795870 603
1795880 602
1795890 600
1795900 600
1795910 595
1795920 593
1795930 593
1795940 592
1795950 591
1795960 591
1795970 591
1795980 588
1795990 588
1796000 588
1796010 587
1796020 589
1796030 589
1796040 589
1796050 587
1796060 587
1796070 585
1796080 584
1796090 584
1796100 582
1796110 576
1796120 576
1796130 573
1796140 576
1796150 576
1796160 584
1796170 588
1796180 587
1796190 590
1796200 593
1796210 593
1796220 596
1796230 598
1796240 598
1796250 600
1796260 602
1796270 602
1796280 604
1796290 606
1796300 606
1796310 608
1796320 609
1796330 610
1796340 610
1796350 611
1796360 612
1796370 612
1796380 612
1796390 612
1796400 612
1796410 611
1796420 611
1796430 611
1796440 611
1796450 611
1796460 611
1796470 611
1796480 611
1796490 611
1796500 610
1796510 611
1796520 611
1796530 611
1796540 611
1796550 611
1796560 611
1796570 611
1796580 611
1796590 611
1796600 611
1796610 611
1796620 611
1796630 610
1796640 610
1796650 610
1796660 609
1796670 610
1796680 610
1796690 610
1796700 611
1796710 611
1796720 611
1796730 610
1796740 610
1796750 609
1796760 607
1796770 607
1796780 605
1796790 604
1796800 604
1796810 603
1796820 602
1796830 602
1796840 601
1796850 600
1796860 600
1796870 600
1796880 599
1796890 599
1796900 596
1796910 594
1796920 592
1796930 592
1796940 590
1796950 589
1796960 589
1796970 587
1796980 585
1796990 585
1797000 581
1797010 578
1797020 578
1797030 575
1797040 572
1797050 572
1797060 569
1797070 565
1797080 565
1797090 559
1797100 554
1797110 554
1797120 548
1797130 543
1797140 543
1797150 540
1797160 536
1797170 536
1797180 533
1797190 529
1797200 529
1797210 526
1797220 524
1797230 520
1797240 520
1797250 522
1797260 526
1797270 526
1797280 533
1797290 539
1797300 539
1797310 545
1797320 548
1797330 548
1797340 551
1797350 554
1797360 554
1797370 556
1797380 557
1797390 557
1797400 559
1797410 560
1797420 560
1797430 563
1797440 565
1797450 565
1797460 568
1797470 570
1797480 570
1797490 572
1797500 573
1797510 573
1797520 574
1797530 575
1797540 574
1797550 574
1797560 574
1797570 574
1797580 574
1797590 573
1797600 571
1797610 571
1797620 568
1797630 567
1797640 567
1797650 565
1797660 563
1797670 563
1797680 562
1797690 560
1797700 560
1797710 558
1797720 557
1797730 557
1797740 555
1797750 553
1797760 553
1797770 551
1797780 548
1797790 548
1797800 546
1797810 543
1797820 543
1797830 541
1797840 539
1797850 538
1797860 538
1797870 536
1797880 534
1797890 534
1797900 530
1797910 525
1797920 525
1797930 516
1797940 518
1797950 518
1797960 520
1797970 523
1797980 523
1797990 524
1798000 523
1798010 523
1798020 519
1798030 518
1798040 518
1798050 515
1798060 512
1798070 512
1798080 508
1798090 506
1798100 506
1798110 503
1798120 501
1798130 500
1798140 500
1798150 500
1798160 499
1798170 499
1798180 500
1798190 503
1798200 503
1798210 508
1798220 515
1798230 515
1798240 522
1798250 527
1798260 527
1798270 530
1798280 532
1798290 532
1798300 534
1798310 535
1798320 535
1798330 537
1798340 539
1798350 539
1798360 541
1798370 545
1798380 545
1798390 549
1798400 552
1798410 552
1798420 555
1798430 558
1798440 560
1798450 560
1798460 562
1798470 564
1798480 564
1798490 567
1798500 569
1798510 569
1798520 571
1798530 572
1798540 572
1798550 574
1798560 575
1798570 575
1798580 575
1798590 576
1798600 576
1798610 577
1798620 578
1798630 578
1798640 578
1798650 579
1798660 579
1798670 579
1798680 580
1798690 580
1798700 580
1798710 580
1798720 580
1798730 580
1798740 579
1798750 578
1798760 578
1798770 576
1798780 575
1798790 575
1798800 574
1798810 572
1798820 572
1798830 571
1798840 566
1798850 566
1798860 566
1798870 567
1798880 567
1798890 568
1798900 572
1798910 572
1798920 575
1798930 577
1798940 577
1798950 579
1798960 581
1798970 581
1798980 583
1798990 586
1799000 586
1799010 588
1799020 590
1799030 590
1799040 592
1799050 594
1799060 596
1799070 596
1799080 598
1799090 599
1799100 599
1799110 601
1799120 602
1799130 602
1799140 603
1799150 605
1799160 605
1799170 606
1799180 606
1799190 606
1799200 606
1799210 606
1799220 606
1799230 606
1799240 605
1799250 605
1799260 605
1799270 604
1799280 604
1799290 603
1799300 602
1799310 602
1799320 600
1799330 598
1799340 596
1799350 596
1799360 595
1799370 592
1799380 592
1799390 589
1799400 586
1799410 586
1799420 584
1799430 580
1799440 580
1799450 578
1799460 576
1799470 576
1799480 570
1799490 572
1799500 572
1799510 570
1799520 569
1799530 569
1799540 568
1799550 567
1799560 567
1799570 567
1799580 567
1799590 567
1799600 568
1799610 569
1799620 569
1799630 570
1799640 570
1799650 570
1799660 570
1799670 569
1799680 569
1799690 569
1799700 567
1799710 566
1799720 566
1799730 565
1799740 562
1799750 562
1799760 561
1799770 560
1799780 560
1799790 557
1799800 555
1799810 555
1799820 553
1799830 550
1799840 550
1799850 546
1799860 544
1799870 544
1799880 540
1799890 537
1799900 537
1799910 535
1799920 531
1799930 531
1799940 529
1799950 528
1799960 528
1799970 528
1799980 528
1799990 528
