1780000 588
1780010 588
1780020 589
1780030 590
1780040 590
1780050 591
1780060 593
1780070 593
1780080 594
1780090 595
1780100 595
1780110 597
1780120 598
1780130 598
1780140 600
1780150 601
1780160 601
1780170 602
1780180 603
1780190 603
1780200 604
1780210 604
1780220 604
1780230 604
1780240 604
1780250 604
1780260 603
1780270 602
1780280 602
1780290 601
1780300 600
1780310 599
1780320 599
1780330 598
1780340 597
1780350 597
1780360 596
1780370 595
1780380 595
1780390 594
1780400 594
1780410 594
1780420 593
1780430 593
1780440 593
1780450 592
1780460 592
1780470 592
1780480 591
1780490 591
1780500 591
1780510 590
1780520 589
1780530 589
1780540 589
1780550 588
1780560 588
1780570 587
1780580 587
1780590 587
1780600 586
1780610 585
1780620 585
1780630 585
1780640 584
1780650 584
1780660 584
1780670 583
1780680 582
1780690 582
1780700 581
1780710 580
1780720 580
1780730 579
1780740 578
1780750 578
1780760 577
1780770 576
1780780 576
1780790 575
1780800 574
1780810 574
1780820 573
1780830 571
1780840 571
1780850 571
1780860 570
1780870 570
1780880 568
1780890 567
1780900 567
1780910 565
1780920 564
1780930 562
1780940 562
1780950 560
1780960 559
1780970 559
1780980 557
1780990 554
1781000 554
1781010 551
1781020 548
1781030 548
1781040 545
1781050 541
1781060 541
1781070 539
1781080 535
1781090 535
1781100 530
1781110 527
1781120 527
1781130 524
1781140 523
1781150 523
1781160 525
1781170 533
1781180 533
1781190 538
1781200 542
1781210 542
1781220 547
1781230 550
1781240 554
1781250 554
1781260 557
1781270 560
1781280 560
1781290 563
1781300 567
1781310 567
1781320 570
1781330 573
1781340 573
1781350 575
1781360 577
1781370 577
1781380 578
1781390 579
1781400 579
1781410 579
1781420 578
1781430 578
1781440 578
1781450 577
1781460 577
1781470 576
1781480 575
1781490 575
1781500 574
1781510 574
1781520 574
1781530 573
1781540 573
1781550 572
1781560 572
1781570 571
1781580 570
1781590 570
1781600 570
1781610 569
1781620 569
1781630 568
1781640 567
1781650 567
1781660 566
1781670 565
1781680 565
1781690 563
1781700 562
1781710 562
1781720 561
1781730 560
1781740 560
1781750 559
1781760 558
1781770 558
1781780 557
1781790 556
1781800 556
1781810 555
1781820 554
1781830 554
1781840 552
1781850 551
1781860 550
1781870 550
1781880 548
1781890 547
1781900 547
1781910 545
1781920 541
1781930 541
1781940 538
1781950 537
1781960 537
1781970 536
1781980 536
1781990 536
1782000 537
1782010 537
1782020 537
1782030 536
1782040 538
1782050 538
1782060 544
1782070 548
1782080 548
1782090 552
1782100 555
1782110 555
1782120 558
1782130 560
1782140 561
1782150 561
1782160 563
1782170 565
1782180 565
1782190 565
1782200 566
1782210 566
1782220 567
1782230 570
1782240 570
1782250 570
1782260 570
1782270 570
1782280 570
1782290 571
1782300 571
1782310 571
1782320 571
1782330 571
1782340 571
1782350 572
1782360 572
1782370 572
1782380 572
1782390 572
1782400 572
1782410 572
1782420 572
1782430 572
1782440 572
1782450 572
1782460 572
1782470 571
1782480 570
1782490 570
1782500 570
1782510 569
1782520 569
1782530 569
1782540 569
1782550 569
1782560 568
1782570 567
1782580 567
1782590 567
1782600 566
1782610 566
1782620 566
1782630 565
1782640 565
1782650 565
1782660 564
1782670 564
1782680 564
1782690 564
1782700 564
1782710 564
1782720 563
1782730 563
1782740 563
1782750 563
1782760 563
1782770 563
1782780 563
1782790 563
1782800 563
1782810 562
1782820 561
1782830 561
1782840 560
1782850 560
1782860 560
1782870 560
1782880 559
1782890 559
1782900 559
1782910 559
1782920 559
1782930 558
1782940 558
1782950 558
1782960 557
1782970 557
1782980 557
1782990 557
1783000 556
1783010 556
1783020 555
1783030 555
1783040 555
1783050 554
1783060 553
1783070 552
1783080 552
1783090 551
1783100 550
1783110 550
1783120 549
1783130 548
1783140 548
1783150 546
1783160 545
1783170 545
1783180 545
1783190 543
1783200 543
1783210 542
1783220 541
1783230 541
1783240 539
1783250 538
1783260 538
1783270 537
1783280 529
1783290 529
1783300 529
1783310 528
1783320 528
1783330 530
1783340 530
1783350 530
1783360 533
1783370 536
1783380 538
1783390 538
1783400 539
1783410 540
1783420 540
1783430 540
1783440 541
1783450 541
1783460 542
1783470 543
1783480 543
1783490 544
1783500 545
1783510 545
1783520 546
1783530 547
1783540 547
1783550 548
1783560 548
1783570 548
1783580 548
1783590 548
1783600 548
1783610 548
1783620 548
1783630 548
1783640 548
1783650 547
1783660 547
1783670 547
1783680 547
1783690 546
1783700 546
1783710 546
1783720 546
1783730 546
1783740 545
1783750 545
1783760 545
1783770 545
1783780 544
1783790 544
1783800 544
1783810 544
1783820 544
1783830 544
1783840 544
1783850 544
1783860 544
1783870 544
1783880 544
1783890 543
1783900 544
1783910 544
1783920 543
1783930 543
1783940 543
1783950 543
1783960 543
1783970 543
1783980 543
1783990 543
1784000 543
1784010 543
1784020 544
1784030 544
1784040 545
1784050 546
1784060 546
1784070 546
1784080 547
1784090 547
1784100 547
1784110 548
1784120 548
1784130 548
1784140 549
1784150 549
1784160 549
1784170 549
1784180 549
1784190 549
1784200 548
1784210 549
1784220 549
1784230 549
1784240 549
1784250 549
1784260 549
1784270 548
1784280 548
1784290 548
1784300 547
1784310 546
1784320 546
1784330 546
1784340 545
1784350 545
1784360 544
1784370 543
1784380 543
1784390 543
1784400 542
1784410 542
1784420 541
1784430 539
1784440 539
1784450 538
1784460 537
1784470 537
1784480 536
1784490 535
1784500 535
1784510 534
1784520 533
1784530 533
1784540 531
1784550 530
1784560 530
1784570 528
1784580 527
1784590 527
1784600 526
1784610 525
1784620 524
1784630 524
1784640 523
1784650 521
1784660 521
1784670 519
1784680 517
1784690 517
1784700 511
1784710 510
1784720 510
1784730 508
1784740 506
1784750 506
1784760 507
1784770 507
1784780 507
1784790 507
1784800 507
1784810 507
1784820 506
1784830 507
1784840 507
1784850 507
1784860 508
1784870 508
1784880 510
1784890 509
1784900 509
1784910 509
1784920 509
1784930 509
1784940 509
1784950 509
1784960 509
1784970 509
1784980 510
1784990 514
1785000 514
1785010 516
1785020 517
1785030 517
1785040 518
1785050 520
1785060 520
1785070 522
1785080 523
1785090 523
1785100 524
1785110 525
1785120 525
1785130 527
1785140 528
1785150 528
1785160 530
1785170 533
1785180 533
1785190 534
1785200 534
1785210 535
1785220 535
1785230 536
1785240 536
1785250 536
1785260 536
1785270 536
1785280 536
1785290 536
1785300 536
1785310 536
1785320 536
1785330 535
1785340 535
1785350 535
1785360 534
1785370 534
1785380 533
1785390 533
1785400 533
1785410 532
1785420 531
1785430 531
1785440 529
1785450 528
1785460 528
1785470 527
1785480 526
1785490 526
1785500 525
1785510 524
1785520 524
1785530 524
1785540 523
1785550 522
1785560 522
1785570 522
1785580 519
1785590 519
1785600 515
1785610 516
1785620 516
1785630 518
1785640 520
1785650 520
1785660 521
1785670 522
1785680 522
1785690 523
1785700 524
1785710 524
1785720 525
1785730 526
1785740 526
1785750 528
1785760 529
1785770 529
1785780 530
1785790 532
1785800 532
1785810 533
1785820 534
1785830 535
1785840 535
1785850 536
1785860 537
1785870 537
1785880 538
1785890 540
1785900 540
1785910 542
1785920 544
1785930 544
1785940 545
1785950 546
1785960 546
1785970 546
1785980 545
1785990 545
1786000 545
1786010 544
1786020 544
1786030 544
1786040 543
1786050 543
1786060 542
1786070 542
1786080 542
1786090 541
1786100 540
1786110 540
1786120 540
1786130 538
1786140 538
1786150 538
1786160 537
1786170 536
1786180 536
1786190 535
1786200 535
1786210 535
1786220 534
1786230 533
1786240 533
1786250 532
1786260 531
1786270 531
1786280 530
1786290 529
1786300 529
1786310 528
1786320 527
1786330 527
1786340 526
1786350 525
1786360 525
1786370 524
1786380 524
1786390 524
1786400 523
1786410 522
1786420 522
1786430 521
1786440 520
1786450 520
1786460 520
1786470 519
1786480 518
1786490 518
1786500 516
1786510 515
1786520 515
1786530 514
1786540 513
1786550 513
1786560 513
1786570 512
1786580 512
1786590 511
1786600 510
1786610 510
1786620 510
1786630 509
1786640 509
1786650 508
1786660 507
1786670 507
1786680 506
1786690 504
1786700 504
1786710 503
1786720 503
1786730 503
1786740 502
1786750 501
1786760 501
1786770 501
1786780 501
1786790 501
1786800 501
1786810 500
1786820 500
1786830 500
1786840 500
1786850 500
1786860 500
1786870 498
1786880 501
1786890 501
1786900 502
1786910 502
1786920 502
1786930 504
1786940 505
1786950 505
1786960 507
1786970 508
1786980 508
1786990 509
1787000 509
1787010 509
1787020 510
1787030 511
1787040 511
1787050 512
1787060 513
1787070 513
1787080 513
1787090 513
1787100 514
1787110 514
1787120 515
1787130 515
1787140 515
1787150 516
1787160 517
1787170 517
1787180 519
1787190 519
1787200 519
1787210 520
1787220 520
1787230 520
1787240 522
1787250 522
1787260 522
1787270 523
1787280 523
1787290 523
1787300 524
1787310 525
1787320 525
1787330 525
1787340 526
1787350 526
1787360 527
1787370 528
1787380 528
1787390 528
1787400 529
1787410 529
1787420 529
1787430 530
1787440 530
1787450 530
1787460 530
1787470 530
1787480 530
1787490 530
1787500 530
1787510 530
1787520 531
1787530 531
1787540 531
1787550 531
1787560 527
1787570 527
1787580 531
1787590 532
1787600 532
1787610 533
1787620 535
1787630 535
1787640 537
1787650 538
1787660 538
1787670 538
1787680 539
1787690 539
1787700 539
1787710 540
1787720 541
1787730 541
1787740 541
1787750 542
1787760 542
1787770 542
1787780 543
1787790 543
1787800 545
1787810 546
1787820 546
1787830 547
1787840 548
1787850 548
1787860 549
1787870 550
1787880 550
1787890 551
1787900 552
1787910 552
1787920 552
1787930 553
1787940 553
1787950 555
1787960 555
1787970 556
1787980 556
1787990 558
1788000 559
1788010 559
1788020 560
1788030 561
1788040 561
1788050 562
1788060 562
1788070 562
1788080 559
1788090 560
1788100 560
1788110 562
1788120 564
1788130 564
1788140 566
1788150 567
1788160 567
1788170 567
1788180 565
1788190 565
1788200 565
1788210 565
1788220 565
1788230 568
1788240 568
1788250 568
1788260 569
1788270 569
1788280 572
1788290 572
1788300 573
1788310 575
1788320 575
1788330 576
1788340 577
1788350 577
1788360 578
1788370 579
1788380 579
1788390 580
1788400 581
1788410 581
1788420 582
1788430 584
1788440 584
1788450 587
1788460 588
1788470 588
1788480 589
1788490 589
1788500 589
1788510 590
1788520 591
1788530 591
1788540 593
1788550 595
1788560 595
1788570 597
1788580 598
1788590 598
1788600 598
1788610 598
1788620 598
1788630 598
1788640 597
1788650 597
1788660 597
1788670 596
1788680 596
1788690 596
1788700 595
1788710 595
1788720 595
1788730 594
1788740 592
1788750 592
1788760 591
1788770 590
1788780 590
1788790 588
1788800 587
1788810 587
1788820 587
1788830 586
1788840 586
1788850 584
1788860 584
1788870 584
1788880 583
1788890 582
1788900 581
1788910 581
1788920 580
1788930 579
1788940 579
1788950 577
1788960 575
1788970 575
1788980 574
1788990 573
1789000 573
1789010 572
1789020 571
1789030 571
1789040 570
1789050 568
1789060 568
1789070 566
1789080 565
1789090 565
1789100 563
1789110 562
1789120 562
1789130 562
1789140 561
1789150 561
1789160 559
1789170 557
1789180 557
1789190 556
1789200 553
1789210 552
1789220 552
1789230 550
1789240 549
1789250 549
1789260 548
1789270 547
1789280 547
1789290 546
1789300 545
1789310 545
1789320 543
1789330 543
1789340 543
1789350 542
1789360 540
1789370 540
1789380 538
1789390 536
1789400 536
1789410 536
1789420 533
1789430 533
1789440 530
1789450 529
1789460 529
1789470 528
1789480 528
1789490 528
1789500 530
1789510 529
1789520 529
1789530 529
1789540 529
1789550 529
1789560 529
1789570 529
1789580 529
1789590 529
1789600 528
1789610 527
1789620 527
1789630 527
1789640 526
1789650 526
1789660 526
1789670 525
1789680 525
1789690 525
1789700 524
1789710 524
1789720 523
1789730 523
1789740 523
1789750 522
1789760 522
1789770 522
1789780 521
1789790 521
1789800 521
1789810 521
1789820 521
1789830 521
1789840 521
1789850 521
1789860 521
1789870 521
1789880 520
1789890 520
1789900 520
1789910 520
1789920 520
1789930 520
1789940 520
1789950 519
1789960 519
1789970 519
1789980 519
1789990 519
1790000 519
1790010 519
1790020 519
1790030 519
1790040 520
1790050 520
1790060 520
1790070 520
1790080 520
1790090 520
1790100 520
1790110 520
1790120 520
1790130 520
1790140 519
1790150 519
1790160 519
1790170 518
1790180 518
1790190 517
1790200 517
1790210 517
1790220 516
1790230 515
1790240 515
1790250 514
1790260 513
1790270 513
1790280 512
1790290 511
1790300 511
1790310 509
1790320 508
1790330 508
1790340 507
1790350 506
1790360 506
1790370 504
1790380 502
1790390 502
1790400 501
1790410 500
1790420 499
1790430 499
1790440 497
1790450 496
1790460 496
1790470 495
1790480 494
1790490 494
1790500 491
1790510 489
1790520 489
1790530 487
1790540 484
1790550 484
1790560 481
1790570 479
1790580 479
1790590 477
1790600 476
1790610 476
1790620 475
1790630 472
1790640 472
1790650 472
1790660 469
1790670 469
1790680 467
1790690 467
1790700 467
1790710 470
1790720 468
1790730 466
1790740 466
1790750 467
1790760 467
1790770 467
1790780 467
1790790 472
1790800 472
1790810 473
1790820 472
1790830 472
1790840 472
1790850 472
1790860 472
1790870 475
1790880 477
1790890 477
1790900 477
1790910 478
1790920 478
1790930 479
1790940 480
1790950 480
1790960 480
1790970 481
1790980 481
1790990 481
1791000 482
1791010 482
1791020 483
1791030 483
1791040 483
1791050 483
1791060 482
1791070 481
1791080 481
1791090 480
1791100 478
1791110 478
1791120 477
1791130 475
1791140 475
1791150 474
1791160 472
1791170 472
1791180 470
1791190 467
1791200 467
1791210 461
1791220 461
1791230 461
1791240 457
1791250 456
1791260 456
1791270 456
1791280 456
1791290 456
1791300 459
1791310 458
1791320 458
1791330 454
1791340 454
1791350 455
1791360 455
1791370 456
1791380 455
1791390 455
1791400 457
1791410 457
1791420 457
1791430 460
1791440 463
1791450 463
1791460 468
1791470 472
1791480 472
1791490 476
1791500 480
1791510 480
1791520 485
1791530 491
1791540 491
1791550 496
1791560 502
1791570 502
1791580 506
1791590 510
1791600 510
1791610 507
1791620 504
1791630 504
1791640 499
1791650 494
1791660 488
1791670 488
1791680 482
1791690 477
1791700 477
1791710 473
1791720 469
1791730 469
1791740 466
1791750 461
1791760 461
1791770 460
1791780 458
1791790 458
1791800 457
1791810 457
1791820 457
1791830 457
1791840 456
1791850 456
1791860 453
1791870 454
1791880 454
1791890 456
1791900 459
1791910 459
1791920 464
1791930 470
1791940 470
1791950 476
1791960 480
1791970 484
1791980 484
1791990 487
1792000 490
1792010 490
1792020 493
1792030 496
1792040 496
1792050 499
1792060 503
1792070 503
1792080 506
1792090 509
1792100 509
1792110 512
1792120 515
1792130 515
1792140 518
1792150 522
1792160 522
1792170 526
1792180 529
1792190 529
1792200 534
1792210 536
1792220 536
1792230 539
1792240 540
1792250 540
1792260 542
1792270 543
1792280 545
1792290 545
1792300 550
1792310 552
1792320 552
1792330 554
1792340 556
1792350 556
1792360 558
1792370 561
1792380 561
1792390 562
1792400 565
1792410 565
1792420 567
1792430 569
1792440 569
1792450 571
1792460 574
1792470 574
1792480 576
1792490 577
1792500 577
1792510 579
1792520 581
1792530 581
1792540 583
1792550 584
1792560 584
1792570 585
1792580 587
1792590 588
1792600 588
1792610 590
1792620 591
1792630 591
1792640 592
1792650 595
1792660 594
1792670 596
1792680 598
1792690 598
1792700 600
1792710 602
1792720 602
1792730 604
1792740 606
1792750 606
1792760 607
1792770 607
1792780 607
1792790 608
1792800 609
1792810 609
1792820 608
1792830 608
1792840 608
1792850 608
1792860 606
1792870 606
1792880 603
1792890 602
1792900 600
1792910 600
1792920 599
1792930 600
1792940 600
1792950 603
1792960 605
1792970 605
1792980 603
1792990 601
1793000 601
1793010 599
1793020 595
1793030 595
1793040 593
1793050 591
1793060 591
1793070 591
1793080 592
1793090 592
1793100 595
1793110 598
1793120 598
1793130 596
1793140 591
1793150 591
1793160 588
1793170 587
1793180 586
1793190 586
1793200 587
1793210 588
1793220 588
1793230 587
1793240 583
1793250 583
1793260 582
1793270 580
1793280 580
1793290 579
1793300 579
1793310 579
1793320 575
1793330 570
1793340 570
1793350 566
1793360 572
1793370 572
1793380 580
1793390 587
1793400 587
1793410 593
1793420 598
1793430 598
1793440 603
1793450 607
1793460 607
1793470 613
1793480 617
1793490 621
1793500 621
1793510 626
1793520 630
1793530 630
1793540 634
1793550 637
1793560 637
1793570 640
1793580 642
1793590 642
1793600 644
1793610 647
1793620 647
1793630 649
1793640 651
1793650 651
1793660 654
1793670 657
1793680 657
1793690 656
1793700 663
1793710 663
1793720 663
1793730 665
1793740 665
1793750 666
1793760 668
1793770 668
1793780 671
1793790 672
1793800 672
1793810 672
1793820 673
1793830 673
1793840 673
1793850 674
1793860 674
1793870 674
1793880 675
1793890 675
1793900 675
1793910 675
1793920 677
1793930 677
1793940 678
1793950 679
1793960 679
1793970 680
1793980 683
1793990 683
1794000 685
1794010 688
1794020 688
1794030 691
1794040 695
1794050 695
1794060 698
1794070 701
1794080 701
1794090 702
1794100 701
1794110 698
1794120 698
1794130 695
1794140 693
1794150 693
1794160 691
1794170 690
1794180 690
1794190 688
1794200 688
1794210 688
1794220 687
1794230 687
1794240 687
1794250 686
1794260 686
1794270 686
1794280 686
1794290 686
1794300 686
1794310 686
1794320 686
1794330 686
1794340 687
1794350 687
1794360 687
1794370 688
1794380 689
1794390 689
1794400 689
1794410 689
1794420 690
1794430 690
1794440 690
1794450 690
1794460 690
1794470 690
1794480 683
1794490 683
1794500 683
1794510 685
1794520 685
1794530 687
1794540 689
1794550 689
1794560 694
1794570 699
1794580 699
1794590 701
1794600 703
1794610 703
1794620 704
1794630 706
1794640 706
1794650 708
1794660 710
1794670 710
1794680 711
1794690 713
1794700 713
1794710 715
1794720 716
1794730 718
1794740 718
1794750 719
1794760 721
1794770 721
1794780 722
1794790 723
1794800 723
1794810 725
1794820 726
1794830 726
1794840 728
1794850 729
1794860 729
1794870 730
1794880 732
1794890 732
1794900 733
1794910 734
1794920 734
1794930 735
1794940 737
1794950 737
1794960 738
1794970 739
1794980 739
1794990 740
1795000 741
1795010 741
1795020 741
1795030 742
1795040 742
1795050 742
1795060 743
1795070 744
1795080 744
1795090 744
1795100 744
1795110 744
1795120 743
1795130 742
1795140 742
1795150 741
1795160 740
1795170 740
1795180 738
1795190 737
1795200 737
1795210 735
1795220 734
1795230 734
1795240 732
1795250 730
1795260 730
1795270 728
1795280 725
1795290 725
1795300 723
1795310 721
1795320 721
1795330 720
1795340 718
1795350 717
1795360 717
1795370 715
1795380 713
1795390 713
1795400 712
1795410 710
1795420 710
1795430 709
1795440 707
1795450 707
1795460 706
1795470 705
1795480 705
1795490 704
1795500 703
1795510 703
1795520 701
1795530 700
1795540 700
1795550 698
1795560 696
1795570 696
1795580 693
1795590 691
1795600 691
1795610 690
1795620 688
1795630 688
1795640 686
1795650 684
1795660 683
1795670 683
1795680 681
1795690 679
1795700 679
1795710 678
1795720 677
1795730 677
1795740 676
1795750 673
1795760 673
1795770 671
1795780 669
1795790 669
1795800 667
1795810 666
1795820 666
1795830 664
1795840 663
1795850 663
1795860 662
1795870 660
1795880 660
1795890 659
1795900 657
1795910 657
1795920 656
1795930 654
1795940 652
1795950 652
1795960 650
1795970 648
1795980 648
1795990 646
1796000 644
1796010 644
1796020 641
1796030 638
1796040 638
1796050 635
1796060 633
1796070 633
1796080 631
1796090 627
1796100 627
1796110 621
1796120 623
1796130 623
1796140 623
1796150 620
1796160 620
1796170 619
1796180 617
1796190 617
1796200 616
1796210 615
1796220 615
1796230 613
1796240 612
1796250 612
1796260 612
1796270 610
1796280 608
1796290 608
1796300 607
1796310 607
1796320 607
1796330 605
1796340 605
1796350 605
1796360 606
1796370 607
1796380 607
1796390 609
1796400 612
1796410 612
1796420 614
1796430 616
1796440 616
1796450 618
1796460 620
1796470 620
1796480 621
1796490 622
1796500 622
1796510 623
1796520 624
1796530 624
1796540 625
1796550 626
1796560 628
1796570 628
1796580 630
1796590 630
1796600 630
1796610 632
1796620 633
1796630 633
1796640 635
1796650 637
1796660 637
1796670 640
1796680 642
1796690 642
1796700 645
1796710 647
1796720 647
1796730 649
1796740 650
1796750 650
1796760 652
1796770 654
1796780 654
1796790 656
1796800 658
1796810 658
1796820 659
1796830 660
1796840 660
1796850 661
1796860 662
1796870 662
1796880 662
1796890 662
1796900 660
1796910 660
1796920 659
1796930 658
1796940 658
1796950 656
1796960 655
1796970 655
1796980 654
1796990 653
1797000 653
1797010 651
1797020 649
1797030 649
1797040 647
1797050 646
1797060 646
1797070 644
1797080 643
1797090 643
1797100 641
1797110 634
1797120 634
1797130 638
1797140 641
1797150 641
1797160 641
1797170 641
1797180 641
1797190 641
1797200 642
1797210 643
1797220 643
1797230 644
1797240 645
1797250 645
1797260 646
1797270 648
1797280 648
1797290 649
1797300 651
1797310 651
1797320 653
1797330 654
1797340 654
1797350 656
1797360 657
1797370 657
1797380 659
1797390 661
1797400 661
1797410 664
1797420 666
1797430 666
1797440 667
1797450 667
1797460 667
1797470 668
1797480 668
1797490 668
1797500 668
1797510 669
1797520 669
1797530 669
1797540 669
1797550 668
1797560 668
1797570 668
1797580 667
1797590 667
1797600 667
1797610 667
1797620 667
1797630 666
1797640 666
1797650 666
1797660 666
1797670 666
1797680 666
1797690 665
1797700 663
1797710 663
1797720 662
1797730 660
1797740 660
1797750 658
1797760 658
1797770 658
1797780 657
1797790 656
1797800 654
1797810 654
1797820 653
1797830 652
1797840 652
1797850 651
1797860 648
1797870 648
1797880 646
1797890 644
1797900 644
1797910 642
1797920 640
1797930 640
1797940 638
1797950 636
1797960 636
1797970 634
1797980 633
1797990 633
1798000 631
1798010 629
1798020 629
1798030 627
1798040 625
1798050 625
1798060 623
1798070 621
1798080 621
1798090 618
1798100 616
1798110 614
1798120 614
1798130 611
1798140 608
1798150 608
1798160 606
1798170 603
1798180 603
1798190 600
1798200 598
1798210 598
1798220 595
1798230 593
1798240 593
1798250 591
1798260 588
1798270 588
1798280 587
1798290 586
1798300 586
1798310 585
1798320 582
1798330 582
1798340 578
1798350 574
1798360 574
1798370 571
1798380 568
1798390 568
1798400 561
1798410 559
1798420 558
1798430 558
1798440 559
1798450 559
1798460 559
1798470 560
1798480 562
1798490 562
1798500 567
1798510 572
1798520 572
1798530 574
1798540 576
1798550 576
1798560 578
1798570 580
1798580 580
1798590 581
1798600 583
1798610 583
1798620 585
1798630 587
1798640 587
1798650 590
1798660 592
1798670 592
1798680 594
1798690 592
1798700 593
1798710 593
1798720 597
1798730 601
1798740 601
1798750 604
1798760 606
1798770 606
1798780 608
1798790 611
1798800 611
1798810 613
1798820 615
1798830 615
1798840 618
1798850 620
1798860 620
1798870 622
1798880 624
1798890 624
1798900 626
1798910 627
1798920 627
1798930 629
1798940 631
1798950 631
1798960 632
1798970 633
1798980 633
1798990 633
1799000 634
1799010 635
1799020 635
1799030 636
1799040 636
1799050 636
1799060 636
1799070 636
1799080 636
1799090 635
1799100 635
1799110 635
1799120 634
1799130 633
1799140 633
1799150 631
1799160 630
1799170 630
1799180 628
1799190 627
1799200 627
1799210 625
1799220 624
1799230 624
1799240 624
1799250 623
1799260 623
1799270 623
1799280 622
1799290 622
1799300 621
1799310 619
1799320 617
1799330 617
1799340 615
1799350 613
1799360 613
1799370 611
1799380 609
1799390 609
1799400 607
1799410 608
1799420 608
1799430 609
1799440 609
1799450 609
1799460 608
1799470 607
1799480 607
1799490 608
1799500 607
1799510 607
1799520 606
1799530 605
1799540 605
1799550 604
1799560 601
1799570 601
1799580 599
1799590 597
1799600 597
1799610 596
1799620 595
1799630 593
1799640 593
1799650 590
1799660 588
1799670 588
1799680 584
1799690 580
1799700 580
1799710 577
1799720 574
1799730 574
1799740 566
1799750 562
1799760 562
1799770 558
1799780 554
1799790 554
1799800 550
1799810 547
1799820 547
1799830 544
1799840 541
1799850 541
1799860 539
1799870 535
1799880 535
1799890 533
1799900 530
1799910 530
1799920 527
1799930 527
1799940 525
1799950 525
1799960 522
1799970 520
1799980 520
1799990 518
