1780000 611
1780010 611
1780020 610
1780030 609
1780040 609
1780050 608
1780060 607
1780070 607
1780080 605
1780090 604
1780100 604
1780110 602
1780120 600
1780130 600
1780140 597
1780150 596
1780160 596
1780170 594
1780180 593
1780190 593
1780200 591
1780210 588
1780220 588
1780230 586
1780240 582
1780250 582
1780260 581
1780270 581
1780280 581
1780290 582
1780300 581
1780310 581
1780320 581
1780330 581
1780340 582
1780350 582
1780360 583
1780370 584
1780380 584
1780390 584
1780400 584
1780410 584
1780420 584
1780430 584
1780440 584
1780450 584
1780460 584
1780470 584
1780480 585
1780490 586
1780500 586
1780510 585
1780520 585
1780530 585
1780540 585
1780550 584
1780560 584
1780570 584
1780580 583
1780590 583
1780600 582
1780610 580
1780620 578
1780630 579
1780640 577
1780650 576
1780660 576
1780670 575
1780680 574
1780690 574
1780700 571
1780710 569
1780720 569
1780730 568
1780740 566
1780750 566
1780760 569
1780770 571
1780780 571
1780790 574
1780800 575
1780810 575
1780820 577
1780830 579
1780840 579
1780850 580
1780860 581
1780870 581
1780880 582
1780890 582
1780900 582
1780910 584
1780920 585
1780930 586
1780940 586
1780950 587
1780960 588
1780970 588
1780980 589
1780990 589
1781000 589
1781010 590
1781020 589
1781030 589
1781040 589
1781050 588
1781060 588
1781070 586
1781080 585
1781090 585
1781100 583
1781110 582
1781120 582
1781130 578
1781140 574
1781150 574
1781160 579
1781170 581
1781180 581
1781190 583
1781200 584
1781210 584
1781220 585
1781230 586
1781240 587
1781250 587
1781260 588
1781270 589
1781280 589
1781290 590
1781300 591
1781310 591
1781320 592
1781330 592
1781340 592
1781350 592
1781360 592
1781370 592
1781380 591
1781390 590
1781400 590
1781410 590
1781420 590
1781430 590
1781440 590
1781450 589
1781460 589
1781470 589
1781480 589
1781490 589
1781500 589
1781510 588
1781520 589
1781530 589
1781540 589
1781550 589
1781560 589
1781570 586
1781580 585
1781590 585
1781600 584
1781610 587
1781620 587
1781630 590
1781640 590
1781650 590
1781660 590
1781670 591
1781680 591
1781690 591
1781700 591
1781710 591
1781720 591
1781730 591
1781740 591
1781750 591
1781760 591
1781770 591
1781780 592
1781790 592
1781800 592
1781810 593
1781820 593
1781830 593
1781840 593
1781850 593
1781860 593
1781870 593
1781880 593
1781890 593
1781900 593
1781910 593
1781920 592
1781930 592
1781940 592
1781950 592
1781960 592
1781970 592
1781980 589
1781990 589
1782000 588
1782010 588
1782020 588
1782030 586
1782040 585
1782050 585
1782060 584
1782070 583
1782080 583
1782090 584
1782100 587
1782110 587
1782120 586
1782130 584
1782140 583
1782150 583
1782160 581
1782170 579
1782180 579
1782190 577
1782200 575
1782210 575
1782220 573
1782230 572
1782240 572
1782250 570
1782260 569
1782270 569
1782280 569
1782290 569
1782300 569
1782310 569
1782320 569
1782330 569
1782340 575
1782350 581
1782360 581
1782370 585
1782380 589
1782390 589
1782400 591
1782410 593
1782420 593
1782430 594
1782440 594
1782450 595
1782460 595
1782470 594
1782480 594
1782490 594
1782500 594
1782510 593
1782520 593
1782530 593
1782540 593
1782550 593
1782560 592
1782570 592
1782580 592
1782590 592
1782600 591
1782610 591
1782620 590
1782630 590
1782640 590
1782650 589
1782660 589
1782670 589
1782680 589
1782690 589
1782700 589
1782710 589
1782720 589
1782730 589
1782740 589
1782750 589
1782760 589
1782770 589
1782780 589
1782790 590
1782800 590
1782810 590
1782820 591
1782830 591
1782840 591
1782850 592
1782860 592
1782870 592
1782880 593
1782890 593
1782900 594
1782910 595
1782920 596
1782930 597
1782940 598
1782950 598
1782960 598
1782970 598
1782980 598
1782990 598
1783000 597
1783010 597
1783020 596
1783030 595
1783040 595
1783050 593
1783060 591
1783070 589
1783080 589
1783090 588
1783100 586
1783110 586
1783120 581
1783130 576
1783140 576
1783150 583
1783160 586
1783170 586
1783180 586
1783190 587
1783200 587
1783210 588
1783220 589
1783230 589
1783240 590
1783250 590
1783260 590
1783270 591
1783280 591
1783290 591
1783300 591
1783310 591
1783320 591
1783330 591
1783340 591
1783350 591
1783360 591
1783370 590
1783380 590
1783390 590
1783400 589
1783410 588
1783420 588
1783430 588
1783440 587
1783450 587
1783460 586
1783470 586
1783480 586
1783490 585
1783500 584
1783510 584
1783520 582
1783530 581
1783540 581
1783550 580
1783560 579
1783570 579
1783580 577
1783590 575
1783600 575
1783610 574
1783620 573
1783630 573
1783640 572
1783650 571
1783660 571
1783670 571
1783680 570
1783690 570
1783700 570
1783710 570
1783720 569
1783730 569
1783740 569
1783750 568
1783760 568
1783770 567
1783780 567
1783790 567
1783800 566
1783810 565
1783820 565
1783830 564
1783840 563
1783850 563
1783860 562
1783870 561
1783880 561
1783890 560
1783900 560
1783910 560
1783920 560
1783930 558
1783940 558
1783950 557
1783960 555
1783970 555
1783980 554
1783990 553
1784000 552
1784010 552
1784020 552
1784030 551
1784040 551
1784050 551
1784060 551
1784070 551
1784080 550
1784090 550
1784100 550
1784110 549
1784120 547
1784130 547
1784140 544
1784150 540
1784160 540
1784170 543
1784180 547
1784190 547
1784200 548
1784210 549
1784220 549
1784230 550
1784240 550
1784250 550
1784260 550
1784270 551
1784280 551
1784290 550
1784300 551
1784310 551
1784320 551
1784330 551
1784340 551
1784350 551
1784360 550
1784370 549
1784380 549
1784390 548
1784400 546
1784410 546
1784420 544
1784430 544
1784440 544
1784450 543
1784460 543
1784470 543
1784480 542
1784490 542
1784500 542
1784510 542
1784520 542
1784530 542
1784540 541
1784550 540
1784560 540
1784570 539
1784580 539
1784590 539
1784600 536
1784610 536
1784620 536
1784630 536
1784640 536
1784650 536
1784660 536
1784670 536
1784680 536
1784690 536
1784700 536
1784710 538
1784720 538
1784730 541
1784740 542
1784750 542
1784760 543
1784770 544
1784780 544
1784790 547
1784800 547
1784810 547
1784820 548
1784830 549
1784840 549
1784850 550
1784860 550
1784870 550
1784880 550
1784890 551
1784900 551
1784910 551
1784920 551
1784930 551
1784940 551
1784950 551
1784960 551
1784970 551
1784980 551
1784990 551
1785000 551
1785010 551
1785020 551
1785030 551
1785040 551
1785050 551
1785060 551
1785070 552
1785080 552
1785090 552
1785100 552
1785110 552
1785120 552
1785130 552
1785140 552
1785150 553
1785160 553
1785170 553
1785180 553
1785190 553
1785200 553
1785210 553
1785220 553
1785230 553
1785240 552
1785250 552
1785260 553
1785270 554
1785280 554
1785290 554
1785300 554
1785310 554
1785320 554
1785330 554
1785340 554
1785350 554
1785360 554
1785370 554
1785380 554
1785390 554
1785400 554
1785410 554
1785420 554
1785430 554
1785440 554
1785450 553
1785460 553
1785470 553
1785480 553
1785490 553
1785500 552
1785510 552
1785520 552
1785530 551
1785540 550
1785550 550
1785560 550
1785570 549
1785580 549
1785590 549
1785600 548
1785610 548
1785620 548
1785630 547
1785640 547
1785650 547
1785660 546
1785670 546
1785680 546
1785690 545
1785700 545
1785710 545
1785720 545
1785730 545
1785740 545
1785750 545
1785760 545
1785770 545
1785780 545
1785790 545
1785800 545
1785810 545
1785820 545
1785830 545
1785840 545
1785850 545
1785860 546
1785870 546
1785880 546
1785890 546
1785900 546
1785910 546
1785920 546
1785930 546
1785940 542
1785950 547
1785960 547
1785970 547
1785980 547
1785990 547
1786000 547
1786010 548
1786020 548
1786030 547
1786040 547
1786050 547
1786060 547
1786070 546
1786080 546
1786090 545
1786100 545
1786110 545
1786120 544
1786130 543
1786140 543
1786150 541
1786160 539
1786170 538
1786180 538
1786190 536
1786200 530
1786210 530
1786220 529
1786230 529
1786240 529
1786250 529
1786260 530
1786270 530
1786280 529
1786290 530
1786300 530
1786310 530
1786320 529
1786330 529
1786340 530
1786350 530
1786360 530
1786370 531
1786380 531
1786390 531
1786400 531
1786410 532
1786420 532
1786430 532
1786440 533
1786450 533
1786460 533
1786470 535
1786480 535
1786490 535
1786500 535
1786510 535
1786520 535
1786530 536
1786540 536
1786550 536
1786560 536
1786570 535
1786580 535
1786590 535
1786600 535
1786610 535
1786620 534
1786630 534
1786640 534
1786650 534
1786660 534
1786670 534
1786680 534
1786690 534
1786700 534
1786710 534
1786720 534
1786730 534
1786740 534
1786750 533
1786760 533
1786770 534
1786780 534
1786790 534
1786800 534
1786810 533
1786820 533
1786830 533
1786840 532
1786850 532
1786860 532
1786870 532
1786880 532
1786890 532
1786900 531
1786910 531
1786920 531
1786930 530
1786940 529
1786950 529
1786960 528
1786970 528
1786980 528
1786990 529
1787000 531
1787010 531
1787020 533
1787030 534
1787040 534
1787050 534
1787060 533
1787070 533
1787080 529
1787090 527
1787100 527
1787110 527
1787120 527
1787130 528
1787140 528
1787150 529
1787160 532
1787170 532
1787180 533
1787190 533
1787200 533
1787210 533
1787220 533
1787230 533
1787240 533
1787250 533
1787260 533
1787270 533
1787280 536
1787290 536
1787300 536
1787310 537
1787320 537
1787330 538
1787340 539
1787350 539
1787360 540
1787370 541
1787380 541
1787390 542
1787400 542
1787410 544
1787420 544
1787430 544
1787440 545
1787450 545
1787460 546
1787470 547
1787480 547
1787490 548
1787500 549
1787510 549
1787520 550
1787530 551
1787540 551
1787550 552
1787560 552
1787570 552
1787580 553
1787590 555
1787600 555
1787610 555
1787620 556
1787630 556
1787640 557
1787650 558
1787660 558
1787670 559
1787680 560
1787690 560
1787700 562
1787710 564
1787720 566
1787730 566
1787740 566
1787750 566
1787760 566
1787770 566
1787780 566
1787790 566
1787800 566
1787810 566
1787820 566
1787830 566
1787840 565
1787850 565
1787860 565
1787870 565
1787880 565
1787890 564
1787900 566
1787910 566
1787920 570
1787930 572
1787940 572
1787950 571
1787960 570
1787970 570
1787980 570
1787990 569
1788000 569
1788010 568
1788020 567
1788030 567
1788040 567
1788050 565
1788060 564
1788070 564
1788080 563
1788090 562
1788100 562
1788110 561
1788120 559
1788130 559
1788140 559
1788150 558
1788160 558
1788170 555
1788180 554
1788190 554
1788200 552
1788210 551
1788220 551
1788230 549
1788240 548
1788250 548
1788260 547
1788270 545
1788280 545
1788290 544
1788300 543
1788310 543
1788320 542
1788330 541
1788340 539
1788350 539
1788360 538
1788370 537
1788380 537
1788390 536
1788400 535
1788410 535
1788420 534
1788430 532
1788440 532
1788450 531
1788460 530
1788470 530
1788480 529
1788490 528
1788500 528
1788510 527
1788520 526
1788530 526
1788540 524
1788550 523
1788560 523
1788570 522
1788580 522
1788590 522
1788600 517
1788610 516
1788620 516
1788630 514
1788640 512
1788650 511
1788660 511
1788670 511
1788680 511
1788690 511
1788700 509
1788710 508
1788720 508
1788730 507
1788740 507
1788750 507
1788760 507
1788770 507
1788780 507
1788790 508
1788800 508
1788810 508
1788820 507
1788830 508
1788840 508
1788850 509
1788860 509
1788870 509
1788880 510
1788890 512
1788900 512
1788910 514
1788920 514
1788930 514
1788940 514
1788950 514
1788960 513
1788970 513
1788980 513
1788990 512
1789000 512
1789010 512
1789020 511
1789030 511
1789040 510
1789050 509
1789060 509
1789070 508
1789080 504
1789090 504
1789100 504
1789110 506
1789120 506
1789130 509
1789140 512
1789150 512
1789160 513
1789170 513
1789180 513
1789190 513
1789200 513
1789210 513
1789220 513
1789230 513
1789240 513
1789250 513
1789260 513
1789270 512
1789280 512
1789290 512
1789300 512
1789310 512
1789320 511
1789330 511
1789340 511
1789350 510
1789360 509
1789370 509
1789380 508
1789390 508
1789400 508
1789410 507
1789420 506
1789430 506
1789440 505
1789450 504
1789460 504
1789470 503
1789480 502
1789490 502
1789500 502
1789510 500
1789520 500
1789530 499
1789540 498
1789550 498
1789560 497
1789570 496
1789580 495
1789590 495
1789600 494
1789610 493
1789620 493
1789630 492
1789640 492
1789650 492
1789660 491
1789670 490
1789680 490
1789690 490
1789700 489
1789710 489
1789720 489
1789730 487
1789740 487
1789750 487
1789760 486
1789770 486
1789780 485
1789790 484
1789800 484
1789810 483
1789820 483
1789830 483
1789840 483
1789850 481
1789860 481
1789870 481
1789880 480
1789890 480
1789900 480
1789910 480
1789920 479
1789930 479
1789940 478
1789950 477
1789960 477
1789970 477
1789980 477
1789990 477
1790000 476
1790010 476
1790020 476
1790030 476
1790040 476
1790050 476
1790060 473
1790070 475
1790080 475
1790090 474
1790100 474
1790110 474
1790120 474
1790130 474
1790140 474
1790150 474
1790160 473
1790170 473
1790180 473
1790190 470
1790200 470
1790210 470
1790220 470
1790230 471
1790240 471
1790250 471
1790260 472
1790270 472
1790280 471
1790290 473
1790300 473
1790310 478
1790320 475
1790330 475
1790340 471
1790350 471
1790360 471
1790370 470
1790380 470
1790390 470
1790400 470
1790410 470
1790420 470
1790430 469
1790440 469
1790450 469
1790460 469
1790470 469
1790480 469
1790490 468
1790500 467
1790510 469
1790520 469
1790530 470
1790540 470
1790550 470
1790560 470
1790570 472
1790580 472
1790590 471
1790600 470
1790610 470
1790620 468
1790630 469
1790640 469
1790650 469
1790660 469
1790670 469
1790680 469
1790690 469
1790700 469
1790710 469
1790720 469
1790730 469
1790740 469
1790750 468
1790760 468
1790770 469
1790780 469
1790790 469
1790800 469
1790810 469
1790820 469
1790830 469
1790840 470
1790850 470
1790860 470
1790870 470
1790880 469
1790890 469
1790900 471
1790910 471
1790920 471
1790930 472
1790940 473
1790950 473
1790960 475
1790970 478
1790980 478
1790990 482
1791000 484
1791010 484
1791020 486
1791030 491
1791040 491
1791050 494
1791060 497
1791070 497
1791080 501
1791090 504
1791100 504
1791110 507
1791120 509
1791130 511
1791140 511
1791150 513
1791160 516
1791170 516
1791180 519
1791190 522
1791200 522
1791210 525
1791220 526
1791230 526
1791240 529
1791250 531
1791260 531
1791270 533
1791280 537
1791290 537
1791300 541
1791310 543
1791320 543
1791330 546
1791340 548
1791350 548
1791360 553
1791370 555
1791380 555
1791390 557
1791400 560
1791410 560
1791420 563
1791430 566
1791440 569
1791450 569
1791460 573
1791470 577
1791480 577
1791490 580
1791500 583
1791510 583
1791520 586
1791530 590
1791540 590
1791550 593
1791560 597
1791570 597
1791580 600
1791590 603
1791600 603
1791610 604
1791620 606
1791630 606
1791640 604
1791650 600
1791660 600
1791670 596
1791680 592
1791690 592
1791700 589
1791710 585
1791720 585
1791730 581
1791740 576
1791750 570
1791760 570
1791770 565
1791780 561
1791790 561
1791800 557
1791810 552
1791820 552
1791830 548
1791840 542
1791850 542
1791860 535
1791870 529
1791880 529
1791890 523
1791900 520
1791910 520
1791920 520
1791930 519
1791940 519
1791950 516
1791960 510
1791970 510
1791980 504
1791990 500
1792000 500
1792010 496
1792020 492
1792030 492
1792040 490
1792050 486
1792060 483
1792070 483
1792080 479
1792090 475
1792100 475
1792110 469
1792120 466
1792130 466
1792140 464
1792150 464
1792160 464
1792170 465
1792180 465
1792190 465
1792200 466
1792210 466
1792220 466
1792230 466
1792240 466
1792250 466
1792260 466
1792270 466
1792280 466
1792290 472
1792300 476
1792310 476
1792320 479
1792330 480
1792340 480
1792350 483
1792360 484
1792370 482
1792380 482
1792390 483
1792400 486
1792410 486
1792420 492
1792430 496
1792440 496
1792450 500
1792460 503
1792470 503
1792480 505
1792490 505
1792500 505
1792510 506
1792520 506
1792530 506
1792540 507
1792550 507
1792560 507
1792570 506
1792580 507
1792590 507
1792600 508
1792610 511
1792620 511
1792630 515
1792640 518
1792650 518
1792660 521
1792670 523
1792680 526
1792690 526
1792700 528
1792710 531
1792720 531
1792730 533
1792740 534
1792750 534
1792760 535
1792770 536
1792780 536
1792790 534
1792800 535
1792810 535
1792820 537
1792830 536
1792840 536
1792850 539
1792860 544
1792870 544
1792880 548
1792890 550
1792900 550
1792910 552
1792920 553
1792930 553
1792940 554
1792950 556
1792960 559
1792970 559
1792980 561
1792990 563
1793000 563
1793010 565
1793020 567
1793030 567
1793040 569
1793050 571
1793060 571
1793070 573
1793080 575
1793090 575
1793100 578
1793110 580
1793120 580
1793130 581
1793140 582
1793150 582
1793160 587
1793170 591
1793180 591
1793190 593
1793200 596
1793210 596
1793220 599
1793230 598
1793240 598
1793250 598
1793260 601
1793270 607
1793280 607
1793290 611
1793300 613
1793310 613
1793320 616
1793330 619
1793340 619
1793350 623
1793360 626
1793370 626
1793380 628
1793390 632
1793400 632
1793410 636
1793420 639
1793430 639
1793440 644
1793450 648
1793460 648
1793470 652
1793480 656
1793490 656
1793500 660
1793510 662
1793520 662
1793530 660
1793540 658
1793550 658
1793560 655
1793570 652
1793580 650
1793590 650
1793600 648
1793610 645
1793620 645
1793630 643
1793640 642
1793650 642
1793660 641
1793670 639
1793680 639
1793690 638
1793700 634
1793710 634
1793720 633
1793730 632
1793740 632
1793750 631
1793760 630
1793770 630
1793780 628
1793790 625
1793800 625
1793810 625
1793820 626
1793830 626
1793840 628
1793850 630
1793860 630
1793870 630
1793880 629
1793890 629
1793900 629
1793910 630
1793920 628
1793930 628
1793940 629
1793950 630
1793960 630
1793970 631
1793980 632
1793990 632
1794000 631
1794010 631
1794020 631
1794030 627
1794040 629
1794050 629
1794060 637
1794070 642
1794080 642
1794090 645
1794100 648
1794110 648
1794120 652
1794130 655
1794140 655
1794150 658
1794160 661
1794170 661
1794180 663
1794190 665
1794200 668
1794210 668
1794220 672
1794230 674
1794240 674
1794250 676
1794260 678
1794270 678
1794280 680
1794290 681
1794300 681
1794310 681
1794320 681
1794330 681
1794340 680
1794350 679
1794360 679
1794370 678
1794380 677
1794390 677
1794400 676
1794410 675
1794420 675
1794430 674
1794440 673
1794450 673
1794460 672
1794470 672
1794480 672
1794490 672
1794500 672
1794510 672
1794520 672
1794530 673
1794540 674
1794550 674
1794560 674
1794570 673
1794580 673
1794590 671
1794600 669
1794610 669
1794620 666
1794630 664
1794640 664
1794650 663
1794660 661
1794670 661
1794680 660
1794690 657
1794700 657
1794710 655
1794720 653
1794730 650
1794740 648
1794750 646
1794760 646
1794770 643
1794780 642
1794790 642
1794800 641
1794810 638
1794820 637
1794830 637
1794840 635
1794850 630
1794860 630
1794870 628
1794880 639
1794890 639
1794900 646
1794910 649
1794920 649
1794930 653
1794940 658
1794950 658
1794960 665
1794970 669
1794980 669
1794990 673
1795000 675
1795010 675
1795020 677
1795030 679
1795040 679
1795050 681
1795060 683
1795070 683
1795080 685
1795090 687
1795100 687
1795110 690
1795120 692
1795130 695
1795140 695
1795150 698
1795160 700
1795170 700
1795180 702
1795190 706
1795200 706
1795210 709
1795220 713
1795230 713
1795240 716
1795250 720
1795260 720
1795270 723
1795280 727
1795290 727
1795300 730
1795310 733
1795320 733
1795330 735
1795340 737
1795350 737
1795360 739
1795370 741
1795380 741
1795390 743
1795400 745
1795410 745
1795420 746
1795430 749
1795440 751
1795450 751
1795460 753
1795470 755
1795480 755
1795490 754
1795500 754
1795510 754
1795520 752
1795530 752
1795540 752
1795550 751
1795560 751
1795570 751
1795580 750
1795590 749
1795600 749
1795610 748
1795620 747
1795630 747
1795640 745
1795650 744
1795660 744
1795670 743
1795680 742
1795690 742
1795700 741
1795710 739
1795720 739
1795730 737
1795740 735
1795750 733
1795760 733
1795770 732
1795780 731
1795790 731
1795800 730
1795810 730
1795820 730
1795830 729
1795840 730
1795850 730
1795860 730
1795870 729
1795880 729
1795890 727
1795900 726
1795910 726
1795920 725
1795930 726
1795940 726
1795950 725
1795960 725
1795970 725
1795980 724
1795990 724
1796000 724
1796010 724
1796020 724
1796030 724
1796040 721
1796050 719
1796060 717
1796070 717
1796080 715
1796090 714
1796100 714
1796110 712
1796120 710
1796130 710
1796140 707
1796150 706
1796160 706
1796170 704
1796180 702
1796190 702
1796200 700
1796210 698
1796220 698
1796230 696
1796240 695
1796250 695
1796260 693
1796270 691
1796280 691
1796290 688
1796300 685
1796310 685
1796320 682
1796330 681
1796340 681
1796350 680
1796360 678
1796370 675
1796380 675
1796390 671
1796400 675
1796410 675
1796420 677
1796430 680
1796440 680
1796450 682
1796460 684
1796470 684
1796480 687
1796490 689
1796500 689
1796510 691
1796520 694
1796530 694
1796540 696
1796550 699
1796560 699
1796570 701
1796580 703
1796590 703
1796600 705
1796610 707
1796620 707
1796630 710
1796640 712
1796650 712
1796660 714
1796670 717
1796680 719
1796690 719
1796700 721
1796710 723
1796720 723
1796730 725
1796740 728
1796750 728
1796760 729
1796770 731
1796780 731
1796790 732
1796800 733
1796810 733
1796820 735
1796830 737
1796840 737
1796850 738
1796860 739
1796870 739
1796880 740
1796890 739
1796900 739
1796910 738
1796920 737
1796930 737
1796940 735
1796950 734
1796960 734
1796970 733
1796980 732
1796990 730
1797000 730
1797010 729
1797020 727
1797030 727
1797040 725
1797050 723
1797060 723
1797070 721
1797080 719
1797090 719
1797100 717
1797110 715
1797120 715
1797130 713
1797140 711
1797150 711
1797160 709
1797170 708
1797180 708
1797190 706
1797200 704
1797210 704
1797220 700
1797230 696
1797240 696
1797250 695
1797260 693
1797270 693
1797280 688
1797290 685
1797300 682
1797310 682
1797320 680
1797330 677
1797340 677
1797350 675
1797360 673
1797370 673
1797380 671
1797390 669
1797400 669
1797410 667
1797420 664
1797430 664
1797440 661
1797450 659
1797460 659
1797470 657
1797480 655
1797490 655
1797500 653
1797510 650
1797520 650
1797530 648
1797540 644
1797550 644
1797560 642
1797570 639
1797580 639
1797590 637
1797600 634
1797610 631
1797620 631
1797630 628
1797640 625
1797650 625
1797660 622
1797670 619
1797680 619
1797690 616
1797700 611
1797710 611
1797720 611
1797730 611
1797740 611
1797750 614
1797760 620
1797770 620
1797780 623
1797790 624
1797800 624
1797810 625
1797820 627
1797830 627
1797840 628
1797850 629
1797860 629
1797870 630
1797880 630
1797890 630
1797900 630
1797910 630
1797920 626
1797930 626
1797940 633
1797950 634
1797960 634
1797970 635
1797980 637
1797990 637
1798000 637
1798010 639
1798020 639
1798030 641
1798040 643
1798050 643
1798060 645
1798070 647
1798080 647
1798090 649
1798100 651
1798110 651
1798120 653
1798130 655
1798140 655
1798150 657
1798160 659
1798170 659
1798180 660
1798190 662
1798200 662
1798210 664
1798220 665
1798230 666
1798240 666
1798250 668
1798260 669
1798270 669
1798280 671
1798290 673
1798300 673
1798310 674
1798320 675
1798330 675
1798340 676
1798350 676
1798360 676
1798370 676
1798380 677
1798390 677
1798400 677
1798410 677
1798420 677
1798430 676
1798440 676
1798450 676
1798460 675
1798470 675
1798480 675
1798490 674
1798500 674
1798510 674
1798520 674
1798530 674
1798540 674
1798550 674
1798560 674
1798570 674
1798580 674
1798590 674
1798600 674
1798610 674
1798620 674
1798630 675
1798640 675
1798650 675
1798660 676
1798670 676
1798680 676
1798690 676
1798700 676
1798710 676
1798720 676
1798730 676
1798740 674
1798750 672
1798760 671
1798770 669
1798780 668
1798790 668
1798800 667
1798810 664
1798820 664
1798830 662
1798840 660
1798850 658
1798860 658
1798870 655
1798880 654
1798890 654
1798900 652
1798910 651
1798920 651
1798930 650
1798940 650
1798950 650
1798960 648
1798970 646
1798980 646
1798990 643
1799000 640
1799010 640
1799020 636
1799030 633
1799040 633
1799050 630
1799060 627
1799070 627
1799080 624
1799090 622
1799100 622
1799110 619
1799120 617
1799130 617
1799140 615
1799150 613
1799160 611
1799170 611
1799180 608
1799190 606
1799200 606
1799210 603
1799220 599
1799230 599
1799240 595
1799250 592
1799260 592
1799270 588
1799280 585
1799290 585
1799300 581
1799310 578
1799320 578
1799330 574
1799340 571
1799350 571
1799360 567
1799370 563
1799380 563
1799390 560
1799400 556
1799410 556
1799420 553
1799430 549
1799440 549
1799450 548
1799460 546
1799470 544
1799480 544
1799490 541
1799500 539
1799510 539
1799520 536
1799530 532
1799540 532
1799550 528
1799560 524
1799570 524
1799580 521
1799590 517
1799600 517
1799610 512
1799620 511
1799630 511
1799640 512
1799650 511
1799660 511
1799670 511
1799680 511
1799690 511
1799700 511
1799710 510
1799720 510
1799730 510
1799740 510
1799750 510
1799760 510
1799770 510
1799780 509
1799790 509
1799800 510
1799810 513
1799820 513
1799830 518
1799840 523
1799850 523
1799860 527
1799870 532
1799880 532
1799890 536
1799900 541
1799910 541
1799920 546
1799930 551
1799940 551
1799950 556
1799960 561
1799970 561
1799980 565
1799990 570
