1780000 883
1780010 883
1780020 882
1780030 881
1780040 879
1780050 879
1780060 876
1780070 873
1780080 873
1780090 871
1780100 869
1780110 869
1780120 866
1780130 864
1780140 864
1780150 862
1780160 860
1780170 860
1780180 858
1780190 856
1780200 856
1780210 854
1780220 852
1780230 852
1780240 851
1780250 849
1780260 849
1780270 847
1780280 845
1780290 845
1780300 843
1780310 841
1780320 841
1780330 839
1780340 837
1780350 835
1780360 835
1780370 832
1780380 830
1780390 830
1780400 829
1780410 828
1780420 828
1780430 827
1780440 825
1780450 825
1780460 825
1780470 825
1780480 825
1780490 826
1780500 827
1780510 827
1780520 827
1780530 828
1780540 828
1780550 828
1780560 828
1780570 830
1780580 830
1780590 830
1780600 830
1780610 830
1780620 830
1780630 830
1780640 830
1780650 830
1780660 830
1780670 830
1780680 830
1780690 829
1780700 829
1780710 828
1780720 826
1780730 826
1780740 824
1780750 822
1780760 822
1780770 820
1780780 819
1780790 819
1780800 817
1780810 816
1780820 816
1780830 813
1780840 810
1780850 810
1780860 806
1780870 801
1780880 801
1780890 797
1780900 794
1780910 794
1780920 789
1780930 783
1780940 783
1780950 782
1780960 784
1780970 784
1780980 787
1780990 791
1781000 794
1781010 794
1781020 797
1781030 800
1781040 800
1781050 803
1781060 806
1781070 806
1781080 808
1781090 809
1781100 809
1781110 810
1781120 811
1781130 811
1781140 812
1781150 813
1781160 813
1781170 814
1781180 816
1781190 816
1781200 816
1781210 818
1781220 818
1781230 819
1781240 820
1781250 820
1781260 821
1781270 821
1781280 821
1781290 822
1781300 822
1781310 823
1781320 823
1781330 823
1781340 823
1781350 823
1781360 823
1781370 822
1781380 822
1781390 821
1781400 819
1781410 819
1781420 816
1781430 813
1781440 813
1781450 810
1781460 806
1781470 806
1781480 803
1781490 803
1781500 803
1781510 805
1781520 807
1781530 807
1781540 808
1781550 809
1781560 809
1781570 811
1781580 813
1781590 813
1781600 815
1781610 817
1781620 819
1781630 819
1781640 820
1781650 821
1781660 821
1781670 821
1781680 820
1781690 820
1781700 819
1781710 818
1781720 821
1781730 820
1781740 820
1781750 820
1781760 819
1781770 817
1781780 817
1781790 819
1781800 819
1781810 819
1781820 817
1781830 816
1781840 816
1781850 812
1781860 807
1781870 807
1781880 801
1781890 797
1781900 797
1781910 799
1781920 801
1781930 804
1781940 804
1781950 806
1781960 808
1781970 808
1781980 811
1781990 812
1782000 812
1782010 812
1782020 812
1782030 812
1782040 812
1782050 812
1782060 812
1782070 812
1782080 812
1782090 812
1782100 812
1782110 812
1782120 812
1782130 812
1782140 812
1782150 812
1782160 812
1782170 813
1782180 813
1782190 813
1782200 814
1782210 814
1782220 814
1782230 815
1782240 815
1782250 816
1782260 817
1782270 818
1782280 818
1782290 818
1782300 819
1782310 819
1782320 821
1782330 823
1782340 823
1782350 825
1782360 826
1782370 826
1782380 827
1782390 827
1782400 827
1782410 827
1782420 827
1782430 827
1782440 827
1782450 827
1782460 827
1782470 826
1782480 826
1782490 826
1782500 825
1782510 824
1782520 824
1782530 824
1782540 822
1782550 822
1782560 822
1782570 821
1782580 819
1782590 819
1782600 818
1782610 816
1782620 816
1782630 815
1782640 814
1782650 814
1782660 813
1782670 812
1782680 812
1782690 809
1782700 807
1782710 807
1782720 805
1782730 802
1782740 802
1782750 800
1782760 797
1782770 797
1782780 794
1782790 794
1782800 794
1782810 796
1782820 797
1782830 797
1782840 798
1782850 798
1782860 799
1782870 799
1782880 798
1782890 796
1782900 796
1782910 791
1782920 791
1782930 791
1782940 792
1782950 794
1782960 794
1782970 795
1782980 797
1782990 797
1783000 798
1783010 798
1783020 798
1783030 797
1783040 797
1783050 797
1783060 797
1783070 796
1783080 796
1783090 796
1783100 796
1783110 796
1783120 796
1783130 796
1783140 796
1783150 796
1783160 796
1783170 796
1783180 796
1783190 797
1783200 797
1783210 797
1783220 796
1783230 794
1783240 794
1783250 792
1783260 791
1783270 791
1783280 790
1783290 789
1783300 789
1783310 787
1783320 786
1783330 786
1783340 783
1783350 781
1783360 781
1783370 780
1783380 775
1783390 775
1783400 772
1783410 769
1783420 769
1783430 766
1783440 763
1783450 763
1783460 759
1783470 755
1783480 755
1783490 749
1783500 750
1783510 751
1783520 751
1783530 752
1783540 756
1783550 756
1783560 761
1783570 766
1783580 766
1783590 771
1783600 775
1783610 775
1783620 779
1783630 782
1783640 782
1783650 784
1783660 786
1783670 786
1783680 789
1783690 791
1783700 791
1783710 791
1783720 790
1783730 790
1783740 789
1783750 788
1783760 788
1783770 788
1783780 787
1783790 787
1783800 787
1783810 787
1783820 787
1783830 786
1783840 786
1783850 786
1783860 786
1783870 785
1783880 784
1783890 784
1783900 783
1783910 783
1783920 783
1783930 781
1783940 780
1783950 780
1783960 780
1783970 777
1783980 779
1783990 776
1784000 774
1784010 774
1784020 775
1784030 776
1784040 776
1784050 777
1784060 777
1784070 777
1784080 778
1784090 778
1784100 778
1784110 780
1784120 781
1784130 781
1784140 782
1784150 783
1784160 784
1784170 784
1784180 786
1784190 787
1784200 787
1784210 788
1784220 789
1784230 789
1784240 790
1784250 791
1784260 791
1784270 791
1784280 792
1784290 792
1784300 792
1784310 792
1784320 792
1784330 794
1784340 794
1784350 794
1784360 794
1784370 795
1784380 795
1784390 796
1784400 798
1784410 798
1784420 798
1784430 799
1784440 799
1784450 800
1784460 800
1784470 800
1784480 800
1784490 799
1784500 799
1784510 799
1784520 798
1784530 798
1784540 798
1784550 798
1784560 798
1784570 798
1784580 798
1784590 798
1784600 798
1784610 799
1784620 799
1784630 799
1784640 798
1784650 800
1784660 800
1784670 800
1784680 800
1784690 800
1784700 800
1784710 799
1784720 799
1784730 798
1784740 798
1784750 798
1784760 797
1784770 798
1784780 797
1784790 797
1784800 796
1784810 796
1784820 796
1784830 796
1784840 796
1784850 796
1784860 796
1784870 795
1784880 795
1784890 794
1784900 793
1784910 793
1784920 792
1784930 791
1784940 791
1784950 790
1784960 789
1784970 789
1784980 788
1784990 786
1785000 786
1785010 785
1785020 783
1785030 783
1785040 782
1785050 779
1785060 779
1785070 772
1785080 774
1785090 774
1785100 777
1785110 777
1785120 776
1785130 776
1785140 776
1785150 776
1785160 776
1785170 776
1785180 776
1785190 776
1785200 776
1785210 776
1785220 776
1785230 775
1785240 775
1785250 775
1785260 775
1785270 774
1785280 774
1785290 774
1785300 773
1785310 773
1785320 774
1785330 772
1785340 772
1785350 773
1785360 772
1785370 772
1785380 772
1785390 773
1785400 773
1785410 772
1785420 772
1785430 772
1785440 772
1785450 772
1785460 773
1785470 773
1785480 773
1785490 772
1785500 772
1785510 771
1785520 771
1785530 771
1785540 768
1785550 766
1785560 766
1785570 766
1785580 766
1785590 766
1785600 762
1785610 762
1785620 762
1785630 760
1785640 754
1785650 754
1785660 750
1785670 755
1785680 755
1785690 754
1785700 753
1785710 753
1785720 752
1785730 750
1785740 749
1785750 749
1785760 747
1785770 746
1785780 746
1785790 744
1785800 742
1785810 742
1785820 741
1785830 739
1785840 739
1785850 737
1785860 734
1785870 734
1785880 732
1785890 729
1785900 729
1785910 727
1785920 724
1785930 724
1785940 722
1785950 719
1785960 719
1785970 717
1785980 714
1785990 714
1786000 712
1786010 709
1786020 709
1786030 706
1786040 703
1786050 699
1786060 699
1786070 693
1786080 688
1786090 688
1786100 692
1786110 702
1786120 702
1786130 705
1786140 712
1786150 712
1786160 717
1786170 721
1786180 721
1786190 726
1786200 733
1786210 733
1786220 736
1786230 739
1786240 739
1786250 741
1786260 743
1786270 743
1786280 743
1786290 742
1786300 742
1786310 740
1786320 738
1786330 738
1786340 736
1786350 735
1786360 734
1786370 734
1786380 733
1786390 733
1786400 733
1786410 732
1786420 731
1786430 731
1786440 731
1786450 730
1786460 730
1786470 730
1786480 730
1786490 730
1786500 729
1786510 729
1786520 729
1786530 729
1786540 728
1786550 728
1786560 728
1786570 728
1786580 728
1786590 728
1786600 727
1786610 727
1786620 726
1786630 729
1786640 729
1786650 728
1786660 728
1786670 728
1786680 728
1786690 727
1786700 725
1786710 725
1786720 724
1786730 722
1786740 722
1786750 721
1786760 719
1786770 719
1786780 718
1786790 716
1786800 716
1786810 714
1786820 713
1786830 713
1786840 710
1786850 708
1786860 708
1786870 706
1786880 705
1786890 705
1786900 704
1786910 702
1786920 702
1786930 702
1786940 700
1786950 700
1786960 699
1786970 697
1786980 697
1786990 696
1787000 695
1787010 694
1787020 694
1787030 694
1787040 693
1787050 693
1787060 693
1787070 692
1787080 692
1787090 691
1787100 690
1787110 690
1787120 689
1787130 688
1787140 688
1787150 687
1787160 685
1787170 685
1787180 684
1787190 682
1787200 682
1787210 681
1787220 679
1787230 679
1787240 678
1787250 677
1787260 677
1787270 676
1787280 674
1787290 673
1787300 671
1787310 667
1787320 662
1787330 662
1787340 659
1787350 655
1787360 655
1787370 653
1787380 651
1787390 651
1787400 650
1787410 650
1787420 650
1787430 648
1787440 645
1787450 645
1787460 642
1787470 637
1787480 637
1787490 633
1787500 629
1787510 629
1787520 626
1787530 622
1787540 622
1787550 619
1787560 616
1787570 616
1787580 612
1787590 608
1787600 608
1787610 604
1787620 601
1787630 597
1787640 597
1787650 591
1787660 586
1787670 586
1787680 580
1787690 574
1787700 574
1787710 572
1787720 565
1787730 565
1787740 558
1787750 550
1787760 550
1787770 543
1787780 537
1787790 537
1787800 536
1787810 535
1787820 535
1787830 535
1787840 535
1787850 535
1787860 534
1787870 534
1787880 534
1787890 535
1787900 535
1787910 535
1787920 534
1787930 534
1787940 532
1787950 532
1787960 534
1787970 535
1787980 535
1787990 534
1788000 534
1788010 534
1788020 534
1788030 534
1788040 534
1788050 535
1788060 536
1788070 536
1788080 537
1788090 539
1788100 539
1788110 541
1788120 543
1788130 543
1788140 546
1788150 549
1788160 549
1788170 552
1788180 558
1788190 558
1788200 560
1788210 561
1788220 561
1788230 563
1788240 565
1788250 565
1788260 567
1788270 568
1788280 570
1788290 570
1788300 571
1788310 572
1788320 572
1788330 573
1788340 575
1788350 575
1788360 576
1788370 577
1788380 578
1788390 580
1788400 581
1788410 581
1788420 583
1788430 584
1788440 584
1788450 585
1788460 586
1788470 586
1788480 585
1788490 587
1788500 587
1788510 587
1788520 586
1788530 586
1788540 587
1788550 587
1788560 587
1788570 586
1788580 585
1788590 584
1788600 584
1788610 584
1788620 584
1788630 584
1788640 583
1788650 582
1788660 582
1788670 581
1788680 579
1788690 579
1788700 578
1788710 577
1788720 577
1788730 575
1788740 574
1788750 574
1788760 573
1788770 572
1788780 572
1788790 571
1788800 570
1788810 570
1788820 562
1788830 556
1788840 556
1788850 556
1788860 559
1788870 559
1788880 563
1788890 565
1788900 569
1788910 569
1788920 571
1788930 574
1788940 574
1788950 577
1788960 577
1788970 577
1788980 580
1788990 583
1789000 583
1789010 585
1789020 587
1789030 587
1789040 584
1789050 583
1789060 583
1789070 583
1789080 584
1789090 584
1789100 585
1789110 587
1789120 587
1789130 589
1789140 593
1789150 593
1789160 597
1789170 602
1789180 602
1789190 605
1789200 608
1789210 612
1789220 612
1789230 613
1789240 616
1789250 616
1789260 619
1789270 620
1789280 620
1789290 622
1789300 624
1789310 624
1789320 626
1789330 629
1789340 629
1789350 632
1789360 631
1789370 631
1789380 628
1789390 631
1789400 631
1789410 635
1789420 637
1789430 637
1789440 638
1789450 640
1789460 640
1789470 641
1789480 642
1789490 642
1789500 643
1789510 644
1789520 644
1789530 645
1789540 646
1789550 647
1789560 647
1789570 647
1789580 647
1789590 647
1789600 647
1789610 647
1789620 647
1789630 647
1789640 648
1789650 648
1789660 648
1789670 647
1789680 647
1789690 646
1789700 645
1789710 645
1789720 643
1789730 642
1789740 642
1789750 640
1789760 638
1789770 638
1789780 636
1789790 634
1789800 634
1789810 632
1789820 631
1789830 631
1789840 630
1789850 629
1789860 628
1789870 628
1789880 626
1789890 625
1789900 625
1789910 624
1789920 623
1789930 623
1789940 622
1789950 621
1789960 621
1789970 620
1789980 619
1789990 619
1790000 618
1790010 617
1790020 617
1790030 616
1790040 615
1790050 615
1790060 614
1790070 613
1790080 613
1790090 612
1790100 611
1790110 611
1790120 609
1790130 608
1790140 608
1790150 607
1790160 604
1790170 599
1790180 599
1790190 592
1790200 593
1790210 593
1790220 590
1790230 588
1790240 588
1790250 587
1790260 586
1790270 586
1790280 586
1790290 585
1790300 585
1790310 581
1790320 577
1790330 577
1790340 571
1790350 565
1790360 565
1790370 561
1790380 555
1790390 555
1790400 550
1790410 546
1790420 546
1790430 542
1790440 539
1790450 539
1790460 535
1790470 530
1790480 525
1790490 525
1790500 520
1790510 519
1790520 519
1790530 518
1790540 518
1790550 518
1790560 517
1790570 516
1790580 516
1790590 520
1790600 530
1790610 530
1790620 534
1790630 539
1790640 539
1790650 544
1790660 547
1790670 547
1790680 553
1790690 557
1790700 557
1790710 560
1790720 565
1790730 565
1790740 570
1790750 575
1790760 575
1790770 579
1790780 582
1790790 584
1790800 584
1790810 587
1790820 589
1790830 589
1790840 591
1790850 593
1790860 593
1790870 593
1790880 595
1790890 595
1790900 598
1790910 602
1790920 602
1790930 605
1790940 607
1790950 607
1790960 610
1790970 612
1790980 612
1790990 615
1791000 618
1791010 618
1791020 621
1791030 624
1791040 624
1791050 627
1791060 629
1791070 629
1791080 630
1791090 630
1791100 630
1791110 634
1791120 636
1791130 639
1791140 639
1791150 639
1791160 640
1791170 640
1791180 641
1791190 642
1791200 642
1791210 643
1791220 644
1791230 644
1791240 646
1791250 647
1791260 647
1791270 648
1791280 650
1791290 650
1791300 653
1791310 654
1791320 654
1791330 656
1791340 657
1791350 657
1791360 659
1791370 660
1791380 660
1791390 662
1791400 663
1791410 663
1791420 664
1791430 665
1791440 664
1791450 664
1791460 662
1791470 660
1791480 660
1791490 657
1791500 653
1791510 653
1791520 650
1791530 647
1791540 647
1791550 643
1791560 640
1791570 640
1791580 637
1791590 634
1791600 634
1791610 630
1791620 627
1791630 627
1791640 625
1791650 623
1791660 623
1791670 621
1791680 619
1791690 619
1791700 617
1791710 614
1791720 614
1791730 613
1791740 610
1791750 607
1791760 607
1791770 606
1791780 605
1791790 605
1791800 603
1791810 600
1791820 600
1791830 598
1791840 596
1791850 596
1791860 593
1791870 591
1791880 591
1791890 590
1791900 588
1791910 588
1791920 587
1791930 585
1791940 585
1791950 583
1791960 581
1791970 581
1791980 579
1791990 577
1792000 577
1792010 576
1792020 573
1792030 573
1792040 573
1792050 574
1792060 574
1792070 574
1792080 570
1792090 567
1792100 567
1792110 560
1792120 558
1792130 558
1792140 556
1792150 551
1792160 551
1792170 554
1792180 558
1792190 558
1792200 560
1792210 561
1792220 561
1792230 562
1792240 562
1792250 562
1792260 561
1792270 560
1792280 560
1792290 558
1792300 556
1792310 556
1792320 555
1792330 553
1792340 553
1792350 551
1792360 548
1792370 546
1792380 546
1792390 545
1792400 543
1792410 543
1792420 542
1792430 540
1792440 540
1792450 539
1792460 537
1792470 537
1792480 534
1792490 529
1792500 529
1792510 527
1792520 524
1792530 524
1792540 524
1792550 523
1792560 523
1792570 523
1792580 525
1792590 525
1792600 525
1792610 525
1792620 525
1792630 526
1792640 528
1792650 528
1792660 531
1792670 535
1792680 535
1792690 537
1792700 540
1792710 541
1792720 541
1792730 544
1792740 547
1792750 547
1792760 549
1792770 552
1792780 552
1792790 554
1792800 557
1792810 557
1792820 560
1792830 563
1792840 563
1792850 565
1792860 568
1792870 568
1792880 571
1792890 574
1792900 574
1792910 577
1792920 581
1792930 581
1792940 584
1792950 587
1792960 587
1792970 590
1792980 594
1792990 594
1793000 597
1793010 600
1793020 603
1793030 603
1793040 604
1793050 604
1793060 604
1793070 602
1793080 599
1793090 599
1793100 597
1793110 595
1793120 595
1793130 594
1793140 593
1793150 593
1793160 592
1793170 591
1793180 591
1793190 586
1793200 577
1793210 577
1793220 577
1793230 586
1793240 586
1793250 590
1793260 594
1793270 594
1793280 597
1793290 600
1793300 600
1793310 603
1793320 606
1793330 609
1793340 609
1793350 612
1793360 615
1793370 615
1793380 617
1793390 619
1793400 619
1793410 622
1793420 625
1793430 625
1793440 627
1793450 629
1793460 629
1793470 632
1793480 634
1793490 634
1793500 636
1793510 639
1793520 639
1793530 641
1793540 644
1793550 644
1793560 646
1793570 648
1793580 648
1793590 650
1793600 654
1793610 654
1793620 659
1793630 660
1793640 662
1793650 663
1793660 666
1793670 668
1793680 668
1793690 671
1793700 673
1793710 673
1793720 676
1793730 678
1793740 678
1793750 681
1793760 683
1793770 683
1793780 685
1793790 687
1793800 687
1793810 688
1793820 690
1793830 690
1793840 691
1793850 692
1793860 692
1793870 693
1793880 694
1793890 694
1793900 695
1793910 696
1793920 696
1793930 698
1793940 699
1793950 699
1793960 700
1793970 701
1793980 701
1793990 701
1794000 702
1794010 703
1794020 703
1794030 702
1794040 702
1794050 702
1794060 701
1794070 699
1794080 699
1794090 698
1794100 696
1794110 696
1794120 694
1794130 691
1794140 691
1794150 688
1794160 684
1794170 684
1794180 681
1794190 678
1794200 678
1794210 675
1794220 672
1794230 672
1794240 669
1794250 667
1794260 667
1794270 666
1794280 664
1794290 662
1794300 662
1794310 660
1794320 658
1794330 658
1794340 656
1794350 654
1794360 654
1794370 652
1794380 650
1794390 650
1794400 648
1794410 647
1794420 647
1794430 646
1794440 645
1794450 645
1794460 643
1794470 642
1794480 642
1794490 641
1794500 638
1794510 638
1794520 637
1794530 635
1794540 635
1794550 635
1794560 635
1794570 635
1794580 635
1794590 635
1794600 634
1794610 634
1794620 634
1794630 633
1794640 633
1794650 632
1794660 632
1794670 632
1794680 633
1794690 632
1794700 632
1794710 628
1794720 624
1794730 624
1794740 621
1794750 618
1794760 618
1794770 615
1794780 612
1794790 612
1794800 609
1794810 607
1794820 607
1794830 604
1794840 601
1794850 601
1794860 598
1794870 594
1794880 594
1794890 591
1794900 586
1794910 582
1794920 582
1794930 578
1794940 574
1794950 574
1794960 571
1794970 568
1794980 568
1794990 566
1795000 564
1795010 564
1795020 562
1795030 560
1795040 560
1795050 558
1795060 556
1795070 556
1795080 553
1795090 549
1795100 549
1795110 546
1795120 542
1795130 542
1795140 539
1795150 535
1795160 535
1795170 531
1795180 528
1795190 528
1795200 526
1795210 523
1795220 518
1795230 518
1795240 514
1795250 512
1795260 512
1795270 512
1795280 512
1795290 512
1795300 511
1795310 511
1795320 511
1795330 511
1795340 510
1795350 510
1795360 510
1795370 510
1795380 510
1795390 510
1795400 510
1795410 510
1795420 510
1795430 510
1795440 510
1795450 510
1795460 512
1795470 512
1795480 513
1795490 516
1795500 516
1795510 522
1795520 528
1795530 528
1795540 531
1795550 535
1795560 541
1795570 541
1795580 546
1795590 548
1795600 548
1795610 550
1795620 553
1795630 553
1795640 556
1795650 559
1795660 559
1795670 564
1795680 568
1795690 568
1795700 569
1795710 573
1795720 573
1795730 577
1795740 581
1795750 581
1795760 584
1795770 586
1795780 586
1795790 588
1795800 591
1795810 591
1795820 594
1795830 596
1795840 596
1795850 600
1795860 603
1795870 607
1795880 607
1795890 610
1795900 614
1795910 614
1795920 618
1795930 621
1795940 621
1795950 624
1795960 628
1795970 628
1795980 631
1795990 636
1796000 636
1796010 640
1796020 644
1796030 644
1796040 648
1796050 652
1796060 652
1796070 655
1796080 658
1796090 658
1796100 661
1796110 663
1796120 663
1796130 664
1796140 665
1796150 665
1796160 665
1796170 665
1796180 663
1796190 663
1796200 662
1796210 662
1796220 662
1796230 663
1796240 665
1796250 665
1796260 667
1796270 669
1796280 669
1796290 673
1796300 677
1796310 677
1796320 680
1796330 683
1796340 683
1796350 684
1796360 683
1796370 683
1796380 680
1796390 678
1796400 678
1796410 677
1796420 677
1796430 677
1796440 676
1796450 675
1796460 675
1796470 674
1796480 672
1796490 670
1796500 670
1796510 669
1796520 670
1796530 670
1796540 666
1796550 663
1796560 663
1796570 662
1796580 662
1796590 662
1796600 666
1796610 669
1796620 669
1796630 672
1796640 676
1796650 676
1796660 680
1796670 686
1796680 686
1796690 690
1796700 694
1796710 693
1796720 698
1796730 702
1796740 702
1796750 705
1796760 707
1796770 707
1796780 710
1796790 712
1796800 715
1796810 715
1796820 717
1796830 719
1796840 719
1796850 720
1796860 720
1796870 720
1796880 721
1796890 721
1796900 721
1796910 721
1796920 721
1796930 721
1796940 722
1796950 723
1796960 723
1796970 725
1796980 726
1796990 726
1797000 726
1797010 732
1797020 732
1797030 735
1797040 738
1797050 738
1797060 741
1797070 743
1797080 743
1797090 746
1797100 745
1797110 745
1797120 742
1797130 738
1797140 734
1797150 734
1797160 730
1797170 725
1797180 725
1797190 722
1797200 714
1797210 714
1797220 711
1797230 708
1797240 708
1797250 705
1797260 700
1797270 700
1797280 697
1797290 693
1797300 693
1797310 690
1797320 687
1797330 687
1797340 683
1797350 680
1797360 680
1797370 677
1797380 673
1797390 673
1797400 670
1797410 667
1797420 667
1797430 664
1797440 661
1797450 658
1797460 658
1797470 655
1797480 653
1797490 653
1797500 642
1797510 645
1797520 645
1797530 651
1797540 658
1797550 658
1797560 661
1797570 665
1797580 665
1797590 669
1797600 673
1797610 673
1797620 677
1797630 681
1797640 681
1797650 685
1797660 688
1797670 688
1797680 691
1797690 695
1797700 695
1797710 701
1797720 704
1797730 704
1797740 707
1797750 709
1797760 711
1797770 711
1797780 710
1797790 710
1797800 710
1797810 710
1797820 709
1797830 709
1797840 709
1797850 709
1797860 709
1797870 708
1797880 707
1797890 707
1797900 705
1797910 704
1797920 704
1797930 702
1797940 700
1797950 700
1797960 698
1797970 695
1797980 695
1797990 693
1798000 690
1798010 690
1798020 688
1798030 685
1798040 685
1798050 683
1798060 681
1798070 680
1798080 680
1798090 677
1798100 676
1798110 676
1798120 674
1798130 673
1798140 673
1798150 673
1798160 674
1798170 674
1798180 673
1798190 670
1798200 670
1798210 665
1798220 662
1798230 662
1798240 659
1798250 657
1798260 657
1798270 653
1798280 648
1798290 648
1798300 647
1798310 645
1798320 645
1798330 641
1798340 638
1798350 638
1798360 637
1798370 635
1798380 635
1798390 632
1798400 627
1798410 624
1798420 624
1798430 620
1798440 616
1798450 616
1798460 609
1798470 603
1798480 603
1798490 599
1798500 599
1798510 599
1798520 598
1798530 597
1798540 597
1798550 596
1798560 599
1798570 599
1798580 601
1798590 603
1798600 603
1798610 603
1798620 602
1798630 602
1798640 599
1798650 594
1798660 594
1798670 591
1798680 591
1798690 591
1798700 592
1798710 598
1798720 604
1798730 604
1798740 607
1798750 612
1798760 612
1798770 617
1798780 621
1798790 621
1798800 624
1798810 628
1798820 628
1798830 632
1798840 635
1798850 635
1798860 638
1798870 641
1798880 641
1798890 643
1798900 645
1798910 645
1798920 647
