1780000 923
1780010 922
1780020 922
1780030 922
1780040 922
1780050 922
1780060 921
1780070 921
1780080 921
1780090 920
1780100 920
1780110 920
1780120 920
1780130 919
1780140 919
1780150 919
1780160 918
1780170 918
1780180 919
1780190 919
1780200 919
1780210 919
1780220 919
1780230 919
1780240 919
1780250 918
1780260 918
1780270 918
1780280 918
1780290 918
1780300 918
1780310 918
1780320 919
1780330 919
1780340 919
1780350 920
1780360 920
1780370 921
1780380 922
1780390 922
1780400 924
1780410 926
1780420 926
1780430 927
1780440 929
1780450 929
1780460 930
1780470 930
1780480 930
1780490 932
1780500 934
1780510 935
1780520 935
1780530 937
1780540 937
1780550 937
1780560 937
1780570 937
1780580 937
1780590 937
1780600 938
1780610 938
1780620 938
1780630 938
1780640 938
1780650 937
1780660 937
1780670 937
1780680 937
1780690 937
1780700 937
1780710 937
1780720 937
1780730 937
1780740 938
1780750 936
1780760 936
1780770 936
1780780 935
1780790 936
1780800 935
1780810 934
1780820 933
1780830 933
1780840 931
1780850 928
1780860 928
1780870 924
1780880 923
1780890 923
1780900 924
1780910 925
1780920 925
1780930 928
1780940 930
1780950 930
1780960 933
1780970 934
1780980 934
1780990 937
1781000 939
1781010 939
1781020 940
1781030 941
1781040 941
1781050 942
1781060 944
1781070 944
1781080 945
1781090 947
1781100 947
1781110 948
1781120 950
1781130 950
1781140 952
1781150 953
1781160 955
1781170 955
1781180 956
1781190 957
1781200 957
1781210 957
1781220 958
1781230 958
1781240 957
1781250 958
1781260 958
1781270 957
1781280 957
1781290 957
1781300 957
1781310 957
1781320 957
1781330 958
1781340 958
1781350 958
1781360 959
1781370 959
1781380 959
1781390 960
1781400 960
1781410 960
1781420 960
1781430 959
1781440 959
1781450 958
1781460 958
1781470 957
1781480 957
1781490 956
1781500 956
1781510 956
1781520 956
1781530 955
1781540 955
1781550 955
1781560 955
1781570 955
1781580 955
1781590 954
1781600 954
1781610 954
1781620 954
1781630 954
1781640 954
1781650 955
1781660 955
1781670 956
1781680 956
1781690 956
1781700 956
1781710 955
1781720 955
1781730 955
1781740 954
1781750 954
1781760 953
1781770 953
1781780 952
1781790 952
1781800 951
1781810 950
1781820 950
1781830 948
1781840 948
1781850 948
1781860 948
1781870 948
1781880 948
1781890 949
1781900 949
1781910 949
1781920 949
1781930 949
1781940 950
1781950 950
1781960 951
1781970 951
1781980 951
1781990 951
1782000 951
1782010 951
1782020 951
1782030 951
1782040 951
1782050 952
1782060 952
1782070 951
1782080 951
1782090 951
1782100 951
1782110 950
1782120 951
1782130 951
1782140 949
1782150 948
1782160 948
1782170 947
1782180 946
1782190 946
1782200 944
1782210 942
1782220 942
1782230 941
1782240 939
1782250 939
1782260 938
1782270 937
1782280 937
1782290 936
1782300 935
1782310 935
1782320 934
1782330 934
1782340 934
1782350 933
1782360 932
1782370 932
1782380 930
1782390 929
1782400 929
1782410 928
1782420 926
1782430 925
1782440 925
1782450 923
1782460 922
1782470 922
1782480 920
1782490 918
1782500 918
1782510 918
1782520 917
1782530 917
1782540 916
1782550 914
1782560 914
1782570 914
1782580 912
1782590 912
1782600 911
1782610 909
1782620 909
1782630 908
1782640 906
1782650 906
1782660 905
1782670 903
1782680 903
1782690 901
1782700 899
1782710 899
1782720 896
1782730 894
1782740 891
1782750 891
1782760 888
1782770 886
1782780 886
1782790 883
1782800 881
1782810 881
1782820 880
1782830 883
1782840 883
1782850 886
1782860 888
1782870 888
1782880 891
1782890 893
1782900 893
1782910 895
1782920 897
1782930 897
1782940 898
1782950 897
1782960 897
1782970 896
1782980 895
1782990 895
1783000 895
1783010 895
1783020 895
1783030 894
1783040 894
1783050 894
1783060 894
1783070 894
1783080 895
1783090 895
1783100 895
1783110 895
1783120 895
1783130 895
1783140 896
1783150 896
1783160 895
1783170 894
1783180 894
1783190 893
1783200 893
1783210 893
1783220 893
1783230 892
1783240 892
1783250 892
1783260 892
1783270 892
1783280 893
1783290 894
1783300 894
1783310 894
1783320 895
1783330 895
1783340 894
1783350 893
1783360 893
1783370 890
1783380 886
1783390 884
1783400 884
1783410 885
1783420 886
1783430 886
1783440 887
1783450 888
1783460 888
1783470 888
1783480 888
1783490 888
1783500 887
1783510 887
1783520 887
1783530 886
1783540 887
1783550 887
1783560 887
1783570 887
1783580 887
1783590 887
1783600 887
1783610 887
1783620 888
1783630 888
1783640 888
1783650 888
1783660 888
1783670 888
1783680 888
1783690 887
1783700 884
1783710 884
1783720 884
1783730 885
1783740 885
1783750 886
1783760 886
1783770 886
1783780 887
1783790 889
1783800 889
1783810 890
1783820 891
1783830 891
1783840 892
1783850 892
1783860 892
1783870 893
1783880 893
1783890 893
1783900 893
1783910 893
1783920 893
1783930 893
1783940 893
1783950 893
1783960 893
1783970 892
1783980 892
1783990 888
1784000 890
1784010 890
1784020 890
1784030 889
1784040 888
1784050 888
1784060 888
1784070 887
1784080 887
1784090 887
1784100 886
1784110 886
1784120 886
1784130 884
1784140 884
1784150 884
1784160 883
1784170 883
1784180 883
1784190 884
1784200 885
1784210 885
1784220 885
1784230 885
1784240 885
1784250 885
1784260 885
1784270 885
1784280 885
1784290 885
1784300 885
1784310 885
1784320 885
1784330 885
1784340 884
1784350 884
1784360 884
1784370 885
1784380 885
1784390 885
1784400 885
1784410 885
1784420 885
1784430 885
1784440 884
1784450 884
1784460 884
1784470 884
1784480 884
1784490 883
1784500 882
1784510 882
1784520 882
1784530 881
1784540 881
1784550 880
1784560 880
1784570 880
1784580 879
1784590 878
1784600 878
1784610 877
1784620 875
1784630 875
1784640 873
1784650 870
1784660 867
1784670 867
1784680 867
1784690 865
1784700 865
1784710 864
1784720 863
1784730 863
1784740 862
1784750 860
1784760 860
1784770 858
1784780 856
1784790 856
1784800 855
1784810 854
1784820 854
1784830 852
1784840 851
1784850 851
1784860 850
1784870 850
1784880 850
1784890 848
1784900 848
1784910 848
1784920 846
1784930 845
1784940 845
1784950 843
1784960 842
1784970 840
1784980 840
1784990 839
1785000 838
1785010 838
1785020 837
1785030 836
1785040 836
1785050 835
1785060 834
1785070 834
1785080 833
1785090 832
1785100 832
1785110 831
1785120 830
1785130 830
1785140 829
1785150 827
1785160 827
1785170 826
1785180 825
1785190 825
1785200 823
1785210 822
1785220 822
1785230 820
1785240 817
1785250 817
1785260 815
1785270 813
1785280 811
1785290 811
1785300 808
1785310 804
1785320 804
1785330 801
1785340 798
1785350 798
1785360 796
1785370 793
1785380 793
1785390 790
1785400 788
1785410 788
1785420 786
1785430 784
1785440 784
1785450 782
1785460 780
1785470 780
1785480 777
1785490 777
1785500 777
1785510 775
1785520 774
1785530 774
1785540 773
1785550 771
1785560 771
1785570 771
1785580 775
1785590 775
1785600 776
1785610 776
1785620 777
1785630 777
1785640 778
1785650 779
1785660 779
1785670 779
1785680 780
1785690 780
1785700 782
1785710 783
1785720 783
1785730 785
1785740 787
1785750 787
1785760 788
1785770 789
1785780 789
1785790 792
1785800 795
1785810 795
1785820 797
1785830 799
1785840 799
1785850 800
1785860 801
1785870 801
1785880 801
1785890 804
1785900 804
1785910 804
1785920 802
1785930 798
1785940 798
1785950 795
1785960 793
1785970 793
1785980 792
1785990 791
1786000 791
1786010 790
1786020 788
1786030 788
1786040 786
1786050 785
1786060 785
1786070 783
1786080 781
1786090 781
1786100 778
1786110 776
1786120 776
1786130 775
1786140 774
1786150 774
1786160 773
1786170 771
1786180 771
1786190 769
1786200 768
1786210 768
1786220 767
1786230 766
1786240 765
1786250 765
1786260 765
1786270 765
1786280 765
1786290 765
1786300 766
1786310 766
1786320 766
1786330 767
1786340 767
1786350 767
1786360 768
1786370 768
1786380 769
1786390 769
1786400 769
1786410 767
1786420 766
1786430 766
1786440 766
1786450 764
1786460 764
1786470 762
1786480 760
1786490 760
1786500 758
1786510 756
1786520 756
1786530 754
1786540 752
1786550 752
1786560 750
1786570 749
1786580 747
1786590 747
1786600 745
1786610 742
1786620 742
1786630 740
1786640 738
1786650 738
1786660 736
1786670 734
1786680 734
1786690 732
1786700 730
1786710 730
1786720 726
1786730 724
1786740 724
1786750 720
1786760 717
1786770 717
1786780 714
1786790 711
1786800 711
1786810 707
1786820 705
1786830 705
1786840 702
1786850 699
1786860 699
1786870 696
1786880 693
1786890 689
1786900 689
1786910 684
1786920 678
1786930 678
1786940 671
1786950 663
1786960 663
1786970 656
1786980 647
1786990 647
1787000 639
1787010 631
1787020 631
1787030 625
1787040 618
1787050 618
1787060 613
1787070 609
1787080 609
1787090 606
1787100 601
1787110 601
1787120 595
1787130 591
1787140 591
1787150 590
1787160 587
1787170 587
1787180 582
1787190 579
1787200 578
1787210 578
1787220 583
1787230 579
1787240 579
1787250 573
1787260 566
1787270 566
1787280 562
1787290 560
1787300 560
1787310 556
1787320 556
1787330 556
1787340 555
1787350 554
1787360 554
1787370 553
1787380 555
1787390 555
1787400 555
1787410 555
1787420 555
1787430 555
1787440 556
1787450 556
1787460 561
1787470 566
1787480 566
1787490 571
1787500 580
1787510 584
1787520 584
1787530 589
1787540 592
1787550 592
1787560 594
1787570 598
1787580 598
1787590 602
1787600 605
1787610 605
1787620 608
1787630 612
1787640 612
1787650 614
1787660 617
1787670 617
1787680 619
1787690 621
1787700 621
1787710 623
1787720 625
1787730 625
1787740 626
1787750 628
1787760 628
1787770 630
1787780 632
1787790 632
1787800 634
1787810 638
1787820 638
1787830 641
1787840 644
1787850 644
1787860 644
1787870 643
1787880 643
1787890 643
1787900 643
1787910 644
1787920 644
1787930 644
1787940 645
1787950 645
1787960 646
1787970 643
1787980 643
1787990 635
1788000 629
1788010 629
1788020 633
1788030 638
1788040 638
1788050 642
1788060 645
1788070 645
1788080 648
1788090 651
1788100 651
1788110 655
1788120 660
1788130 660
1788140 664
1788150 666
1788160 667
1788170 667
1788180 667
1788190 667
1788200 667
1788210 668
1788220 668
1788230 668
1788240 667
1788250 667
1788260 667
1788270 666
1788280 665
1788290 665
1788300 665
1788310 664
1788320 664
1788330 664
1788340 663
1788350 663
1788360 662
1788370 662
1788380 662
1788390 661
1788400 660
1788410 660
1788420 659
1788430 658
1788440 658
1788450 657
1788460 657
1788470 656
1788480 656
1788490 656
1788500 656
1788510 656
1788520 655
1788530 655
1788540 655
1788550 655
1788560 654
1788570 654
1788580 654
1788590 655
1788600 655
1788610 656
1788620 656
1788630 656
1788640 656
1788650 657
1788660 657
1788670 657
1788680 657
1788690 657
1788700 658
1788710 658
1788720 658
1788730 658
1788740 659
1788750 659
1788760 659
1788770 659
1788780 659
1788790 659
1788800 659
1788810 659
1788820 659
1788830 659
1788840 660
1788850 660
1788860 660
1788870 660
1788880 660
1788890 660
1788900 661
1788910 661
1788920 661
1788930 661
1788940 661
1788950 662
1788960 662
1788970 662
1788980 663
1788990 664
1789000 664
1789010 665
1789020 666
1789030 666
1789040 668
1789050 669
1789060 669
1789070 671
1789080 671
1789090 671
1789100 671
1789110 675
1789120 675
1789130 675
1789140 676
1789150 677
1789160 677
1789170 678
1789180 679
1789190 679
1789200 679
1789210 679
1789220 679
1789230 679
1789240 678
1789250 678
1789260 676
1789270 675
1789280 675
1789290 673
1789300 672
1789310 672
1789320 671
1789330 669
1789340 669
1789350 664
1789360 659
1789370 659
1789380 656
1789390 652
1789400 652
1789410 652
1789420 651
1789430 650
1789440 650
1789450 647
1789460 645
1789470 645
1789480 644
1789490 643
1789500 643
1789510 642
1789520 641
1789530 641
1789540 640
1789550 639
1789560 639
1789570 638
1789580 637
1789590 637
1789600 638
1789610 637
1789620 637
1789630 635
1789640 632
1789650 636
1789660 632
1789670 630
1789680 630
1789690 628
1789700 628
1789710 628
1789720 627
1789730 625
1789740 625
1789750 623
1789760 623
1789770 625
1789780 625
1789790 627
1789800 629
1789810 629
1789820 631
1789830 631
1789840 631
1789850 630
1789860 628
1789870 628
1789880 627
1789890 625
1789900 625
1789910 623
1789920 622
1789930 622
1789940 618
1789950 613
1789960 613
1789970 606
1789980 603
1789990 603
1790000 600
1790010 596
1790020 596
1790030 594
1790040 593
1790050 593
1790060 594
1790070 597
1790080 600
1790090 600
1790100 601
1790110 598
1790120 598
1790130 594
1790140 592
1790150 592
1790160 591
1790170 589
1790180 589
1790190 586
1790200 584
1790210 584
1790220 583
1790230 582
1790240 582
1790250 582
1790260 582
1790270 582
1790280 583
1790290 585
1790300 585
1790310 587
1790320 588
1790330 588
1790340 587
1790350 581
1790360 581
1790370 575
1790380 569
1790390 564
1790400 564
1790410 559
1790420 553
1790430 553
1790440 550
1790450 545
1790460 545
1790470 536
1790480 530
1790490 530
1790500 530
1790510 530
1790520 530
1790530 530
1790540 530
1790550 530
1790560 530
1790570 530
1790580 530
1790590 530
1790600 530
1790610 530
1790620 530
1790630 530
1790640 530
1790650 529
1790660 527
1790670 527
1790680 527
1790690 528
1790700 530
1790710 530
1790720 530
1790730 532
1790740 532
1790750 534
1790760 536
1790770 536
1790780 540
1790790 542
1790800 542
1790810 545
1790820 548
1790830 548
1790840 551
1790850 557
1790860 557
1790870 561
1790880 565
1790890 565
1790900 570
1790910 575
1790920 575
1790930 579
1790940 583
1790950 583
1790960 584
1790970 585
1790980 585
1790990 585
1791000 588
1791010 588
1791020 590
1791030 592
1791040 595
1791050 595
1791060 597
1791070 598
1791080 598
1791090 599
1791100 598
1791110 598
1791120 596
1791130 595
1791140 595
1791150 594
1791160 594
1791170 594
1791180 593
1791190 593
1791200 593
1791210 592
1791220 592
1791230 592
1791240 592
1791250 591
1791260 591
1791270 592
1791280 592
1791290 592
1791300 592
1791310 593
1791320 593
1791330 593
1791340 593
1791350 594
1791360 594
1791370 594
1791380 595
1791390 595
1791400 595
1791410 595
1791420 595
1791430 595
1791440 595
1791450 595
1791460 596
1791470 595
1791480 595
1791490 595
1791500 595
1791510 595
1791520 595
1791530 595
1791540 595
1791550 594
1791560 594
1791570 594
1791580 593
1791590 593
1791600 593
1791610 592
1791620 592
1791630 592
1791640 592
1791650 592
1791660 592
1791670 592
1791680 592
1791690 592
1791700 592
1791710 592
1791720 591
1791730 591
1791740 591
1791750 591
1791760 591
1791770 596
1791780 595
1791790 595
1791800 595
1791810 593
1791820 593
1791830 593
1791840 594
1791850 594
1791860 594
1791870 596
1791880 596
1791890 597
1791900 598
1791910 598
1791920 598
1791930 596
1791940 596
1791950 594
1791960 594
1791970 594
1791980 594
1791990 589
1792000 586
1792010 586
1792020 585
1792030 584
1792040 584
1792050 584
1792060 583
1792070 583
1792080 583
1792090 582
1792100 582
1792110 582
1792120 581
1792130 581
1792140 581
1792150 580
1792160 580
1792170 578
1792180 576
1792190 576
1792200 574
1792210 571
1792220 571
1792230 568
1792240 566
1792250 566
1792260 559
1792270 551
1792280 551
1792290 547
1792300 548
1792310 549
1792320 549
1792330 549
1792340 550
1792350 550
1792360 550
1792370 550
1792380 550
1792390 550
1792400 553
1792410 553
1792420 558
1792430 564
1792440 564
1792450 568
1792460 572
1792470 572
1792480 576
1792490 580
1792500 580
1792510 584
1792520 587
1792530 587
1792540 590
1792550 589
1792560 589
1792570 585
1792580 581
1792590 581
1792600 576
1792610 572
1792620 576
1792630 576
1792640 584
1792650 585
1792660 585
1792670 582
1792680 586
1792690 586
1792700 592
1792710 594
1792720 594
1792730 595
1792740 596
1792750 596
1792760 597
1792770 595
1792780 595
1792790 595
1792800 601
1792810 600
1792820 601
1792830 608
1792840 608
1792850 611
1792860 617
1792870 617
1792880 619
1792890 624
1792900 624
1792910 628
1792920 631
1792930 634
1792940 634
1792950 638
1792960 641
1792970 641
1792980 645
1792990 648
1793000 648
1793010 651
1793020 653
1793030 653
1793040 655
1793050 658
1793060 658
1793070 661
1793080 663
1793090 663
1793100 666
1793110 668
1793120 668
1793130 671
1793140 673
1793150 673
1793160 676
1793170 679
1793180 679
1793190 682
1793200 684
1793210 684
1793220 687
1793230 690
1793240 690
1793250 693
1793260 695
1793270 697
1793280 697
1793290 701
1793300 707
1793310 707
1793320 709
1793330 711
1793340 711
1793350 713
1793360 715
1793370 715
1793380 718
1793390 720
1793400 720
1793410 722
1793420 724
1793430 724
1793440 726
1793450 728
1793460 728
1793470 729
1793480 731
1793490 731
1793500 733
1793510 734
1793520 734
1793530 734
1793540 734
1793550 734
1793560 733
1793570 732
1793580 730
1793590 730
1793600 727
1793610 724
1793620 724
1793630 721
1793640 718
1793650 718
1793660 716
1793670 714
1793680 714
1793690 713
1793700 711
1793710 711
1793720 708
1793730 706
1793740 706
1793750 704
1793760 702
1793770 702
1793780 700
1793790 698
1793800 698
1793810 696
1793820 692
1793830 692
1793840 689
1793850 685
1793860 685
1793870 680
1793880 675
1793890 669
1793900 669
1793910 664
1793920 661
1793930 661
1793940 655
1793950 652
1793960 652
1793970 653
1793980 655
1793990 655
1794000 655
1794010 655
1794020 655
1794030 654
1794040 654
1794050 654
1794060 654
1794070 652
1794080 652
1794090 652
1794100 654
1794110 654
1794120 657
1794130 659
1794140 659
1794150 660
1794160 662
1794170 662
1794180 664
1794190 665
1794200 665
1794210 665
1794220 663
1794230 659
1794240 659
1794250 655
1794260 650
1794270 650
1794280 646
1794290 644
1794300 644
1794310 642
1794320 639
1794330 639
1794340 636
1794350 631
1794360 631
1794370 626
1794380 620
1794390 620
1794400 614
1794410 609
1794420 609
1794430 603
1794440 597
1794450 597
1794460 591
1794470 584
1794480 584
1794490 584
1794500 592
1794510 592
1794520 593
1794530 595
1794540 597
1794550 597
1794560 599
1794570 602
1794580 602
1794590 605
1794600 608
1794610 608
1794620 613
1794630 618
1794640 618
1794650 623
1794660 629
1794670 629
1794680 634
1794690 639
1794700 639
1794710 643
1794720 646
1794730 646
1794740 649
1794750 652
1794760 652
1794770 655
1794780 659
1794790 659
1794800 663
1794810 666
1794820 666
1794830 670
1794840 673
1794850 673
1794860 673
1794870 672
1794880 669
1794890 669
1794900 666
1794910 663
1794920 663
1794930 659
1794940 655
1794950 655
1794960 651
1794970 646
1794980 646
1794990 642
1795000 638
1795010 638
1795020 633
1795030 629
1795040 629
1795050 625
1795060 622
1795070 622
1795080 616
1795090 611
1795100 611
1795110 605
1795120 600
1795130 600
1795140 594
1795150 589
1795160 584
1795170 584
1795180 579
1795190 573
1795200 573
1795210 570
1795220 568
1795230 568
1795240 563
1795250 560
1795260 560
1795270 558
1795280 554
1795290 554
1795300 551
1795310 547
1795320 547
1795330 544
1795340 541
1795350 541
1795360 538
1795370 534
1795380 534
1795390 530
1795400 528
1795410 528
1795420 525
1795430 522
1795440 522
1795450 520
1795460 518
1795470 518
1795480 519
1795490 519
1795500 518
1795510 518
1795520 518
1795530 518
1795540 518
1795550 518
1795560 518
1795570 518
1795580 518
1795590 518
1795600 518
1795610 518
1795620 518
1795630 518
1795640 518
1795650 524
1795660 524
1795670 530
1795680 536
1795690 536
1795700 540
1795710 544
1795720 544
1795730 550
1795740 552
1795750 552
1795760 556
1795770 560
1795780 560
1795790 562
1795800 564
1795810 566
1795820 566
1795830 567
1795840 569
1795850 569
1795860 571
1795870 573
1795880 573
1795890 575
1795900 578
1795910 578
1795920 581
1795930 583
1795940 583
1795950 586
1795960 588
1795970 588
1795980 591
1795990 593
1796000 593
1796010 595
1796020 600
1796030 600
1796040 604
1796050 608
1796060 608
1796070 609
1796080 611
1796090 611
1796100 613
1796110 615
1796120 617
1796130 617
1796140 620
1796150 623
1796160 623
1796170 626
1796180 630
1796190 630
1796200 633
1796210 636
1796220 636
1796230 640
1796240 644
1796250 644
1796260 647
1796270 649
1796280 649
1796290 651
1796300 654
1796310 654
1796320 657
1796330 658
1796340 658
1796350 661
1796360 664
1796370 664
1796380 667
1796390 670
1796400 670
1796410 672
1796420 676
1796430 676
1796440 679
1796450 682
1796460 684
1796470 684
1796480 687
1796490 689
1796500 689
1796510 692
1796520 694
1796530 694
1796540 696
1796550 698
1796560 698
1796570 700
1796580 701
1796590 701
1796600 703
1796610 705
1796620 705
1796630 708
1796640 710
1796650 710
1796660 714
1796670 716
1796680 716
1796690 718
1796700 720
1796710 720
1796720 722
1796730 723
1796740 723
1796750 725
1796760 727
1796770 730
1796780 730
1796790 732
1796800 733
1796810 733
1796820 735
1796830 736
1796840 736
1796850 739
1796860 740
1796870 740
1796880 742
1796890 744
1796900 743
1796910 745
1796920 746
1796930 746
1796940 746
1796950 747
1796960 747
1796970 748
1796980 750
1796990 750
1797000 751
1797010 752
1797020 752
1797030 753
1797040 755
1797050 755
1797060 757
1797070 758
1797080 759
1797090 759
1797100 760
1797110 761
1797120 761
1797130 762
1797140 763
1797150 763
1797160 764
1797170 764
1797180 764
1797190 765
1797200 766
1797210 766
1797220 767
1797230 767
1797240 767
1797250 766
1797260 766
1797270 766
1797280 766
1797290 765
1797300 765
1797310 764
1797320 763
1797330 763
1797340 762
1797350 761
1797360 761
1797370 760
1797380 758
1797390 758
1797400 757
1797410 755
1797420 754
1797430 754
1797440 752
1797450 751
1797460 751
1797470 750
1797480 749
1797490 749
1797500 748
1797510 746
1797520 746
1797530 745
1797540 744
1797550 744
1797560 743
1797570 744
1797580 744
1797590 746
1797600 748
1797610 748
1797620 750
1797630 752
1797640 752
1797650 753
1797660 755
1797670 755
1797680 758
1797690 760
1797700 760
1797710 763
1797720 765
1797730 767
1797740 767
1797750 768
1797760 768
1797770 768
1797780 768
1797790 768
1797800 768
1797810 769
1797820 769
1797830 769
1797840 770
1797850 770
1797860 770
1797870 770
1797880 769
1797890 769
1797900 769
1797910 768
1797920 768
1797930 768
1797940 767
1797950 767
1797960 767
1797970 766
1797980 766
1797990 766
1798000 766
1798010 766
1798020 765
1798030 764
1798040 763
1798050 763
1798060 761
1798070 760
1798080 760
1798090 759
1798100 757
1798110 757
1798120 755
1798130 753
1798140 753
1798150 751
1798160 749
1798170 749
1798180 746
1798190 744
1798200 744
1798210 742
1798220 741
1798230 741
1798240 740
1798250 737
1798260 737
1798270 736
1798280 734
1798290 734
1798300 732
1798310 731
1798320 731
1798330 730
1798340 729
1798350 728
1798360 728
1798370 727
1798380 725
1798390 725
1798400 724
1798410 721
1798420 721
1798430 718
1798440 715
1798450 715
1798460 712
1798470 708
1798480 708
1798490 705
1798500 701
1798510 701
1798520 697
1798530 693
1798540 693
1798550 689
1798560 686
1798570 686
1798580 680
1798590 671
1798600 671
1798610 679
1798620 682
1798630 682
1798640 683
1798650 686
1798660 686
1798670 690
1798680 692
1798690 694
1798700 694
1798710 691
1798720 687
1798730 687
1798740 683
1798750 677
1798760 677
1798770 670
1798780 665
1798790 665
1798800 676
1798810 677
1798820 677
1798830 678
1798840 680
1798850 680
1798860 682
1798870 684
1798880 684
1798890 686
1798900 692
1798910 692
1798920 693
