1780000 1130
1780010 1130
1780020 1128
1780030 1127
1780040 1127
1780050 1125
1780060 1121
1780070 1119
1780080 1119
1780090 1118
1780100 1116
1780110 1116
1780120 1115
1780130 1114
1780140 1114
1780150 1114
1780160 1112
1780170 1112
1780180 1111
1780190 1110
1780200 1110
1780210 1109
1780220 1106
1780230 1106
1780240 1105
1780250 1104
1780260 1104
1780270 1101
1780280 1099
1780290 1099
1780300 1095
1780310 1091
1780320 1091
1780330 1090
1780340 1087
1780350 1087
1780360 1086
1780370 1085
1780380 1083
1780390 1083
1780400 1082
1780410 1080
1780420 1080
1780430 1079
1780440 1077
1780450 1077
1780460 1074
1780470 1072
1780480 1072
1780490 1070
1780500 1068
1780510 1068
1780520 1067
1780530 1064
1780540 1064
1780550 1062
1780560 1060
1780570 1060
1780580 1057
1780590 1054
1780600 1054
1780610 1051
1780620 1047
1780630 1047
1780640 1044
1780650 1042
1780660 1042
1780670 1040
1780680 1038
1780690 1038
1780700 1035
1780710 1035
1780720 1032
1780730 1032
1780740 1029
1780750 1028
1780760 1028
1780770 1026
1780780 1024
1780790 1024
1780800 1021
1780810 1019
1780820 1019
1780830 1018
1780840 1015
1780850 1015
1780860 1012
1780870 1007
1780880 1007
1780890 1004
1780900 1002
1780910 1002
1780920 1001
1780930 1000
1780940 1000
1780950 998
1780960 997
1780970 997
1780980 995
1780990 994
1781000 994
1781010 993
1781020 991
1781030 990
1781040 990
1781050 989
1781060 986
1781070 986
1781080 984
1781090 982
1781100 982
1781110 980
1781120 978
1781130 978
1781140 976
1781150 974
1781160 974
1781170 971
1781180 969
1781190 969
1781200 965
1781210 961
1781220 961
1781230 960
1781240 957
1781250 957
1781260 955
1781270 952
1781280 952
1781290 949
1781300 946
1781310 946
1781320 944
1781330 940
1781340 937
1781350 937
1781360 934
1781370 933
1781380 933
1781390 932
1781400 932
1781410 932
1781420 933
1781430 934
1781440 934
1781450 934
1781460 935
1781470 935
1781480 936
1781490 937
1781500 937
1781510 938
1781520 939
1781530 939
1781540 940
1781550 942
1781560 942
1781570 943
1781580 945
1781590 945
1781600 946
1781610 947
1781620 947
1781630 949
1781640 950
1781650 950
1781660 951
1781670 952
1781680 954
1781690 954
1781700 955
1781710 957
1781720 957
1781730 958
1781740 960
1781750 960
1781760 961
1781770 962
1781780 962
1781790 964
1781800 965
1781810 965
1781820 966
1781830 968
1781840 968
1781850 969
1781860 970
1781870 970
1781880 971
1781890 972
1781900 972
1781910 972
1781920 973
1781930 973
1781940 973
1781950 972
1781960 972
1781970 971
1781980 970
1781990 969
1782000 969
1782010 967
1782020 965
1782030 965
1782040 964
1782050 962
1782060 962
1782070 962
1782080 962
1782090 962
1782100 962
1782110 961
1782120 961
1782130 961
1782140 959
1782150 959
1782160 959
1782170 959
1782180 959
1782190 959
1782200 959
1782210 959
1782220 959
1782230 959
1782240 959
1782250 959
1782260 959
1782270 959
1782280 959
1782290 960
1782300 960
1782310 960
1782320 960
1782330 960
1782340 960
1782350 961
1782360 962
1782370 962
1782380 963
1782390 964
1782400 964
1782410 964
1782420 964
1782430 964
1782440 965
1782450 965
1782460 965
1782470 967
1782480 968
1782490 968
1782500 969
1782510 971
1782520 971
1782530 972
1782540 972
1782550 972
1782560 972
1782570 972
1782580 972
1782590 972
1782600 972
1782610 972
1782620 971
1782630 970
1782640 970
1782650 970
1782660 969
1782670 969
1782680 969
1782690 968
1782700 966
1782710 966
1782720 965
1782730 963
1782740 963
1782750 961
1782760 959
1782770 959
1782780 958
1782790 958
1782800 958
1782810 957
1782820 957
1782830 957
1782840 956
1782850 956
1782860 956
1782870 955
1782880 955
1782890 955
1782900 953
1782910 952
1782920 952
1782930 950
1782940 949
1782950 947
1782960 947
1782970 946
1782980 944
1782990 944
1783000 943
1783010 942
1783020 942
1783030 941
1783040 939
1783050 939
1783060 939
1783070 938
1783080 938
1783090 936
1783100 935
1783110 935
1783120 934
1783130 934
1783140 934
1783150 933
1783160 932
1783170 932
1783180 931
1783190 931
1783200 931
1783210 930
1783220 929
1783230 929
1783240 928
1783250 928
1783260 928
1783270 926
1783280 925
1783290 923
1783300 923
1783310 922
1783320 921
1783330 921
1783340 920
1783350 918
1783360 918
1783370 917
1783380 915
1783390 915
1783400 914
1783410 912
1783420 912
1783430 910
1783440 907
1783450 907
1783460 901
1783470 897
1783480 897
1783490 893
1783500 892
1783510 892
1783520 890
1783530 890
1783540 890
1783550 889
1783560 889
1783570 889
1783580 888
1783590 887
1783600 887
1783610 887
1783620 887
1783630 886
1783640 886
1783650 885
1783660 884
1783670 884
1783680 882
1783690 880
1783700 880
1783710 879
1783720 876
1783730 876
1783740 875
1783750 872
1783760 872
1783770 871
1783780 869
1783790 869
1783800 867
1783810 866
1783820 866
1783830 865
1783840 863
1783850 863
1783860 862
1783870 860
1783880 860
1783890 858
1783900 856
1783910 856
1783920 854
1783930 853
1783940 852
1783950 852
1783960 850
1783970 849
1783980 849
1783990 847
1784000 844
1784010 844
1784020 841
1784030 838
1784040 838
1784050 835
1784060 833
1784070 833
1784080 832
1784090 830
1784100 830
1784110 827
1784120 825
1784130 825
1784140 822
1784150 821
1784160 821
1784170 819
1784180 817
1784190 817
1784200 814
1784210 811
1784220 811
1784230 809
1784240 807
1784250 805
1784260 805
1784270 804
1784280 803
1784290 803
1784300 802
1784310 801
1784320 801
1784330 801
1784340 800
1784350 800
1784360 800
1784370 799
1784380 799
1784390 797
1784400 796
1784410 796
1784420 795
1784430 795
1784440 795
1784450 794
1784460 793
1784470 793
1784480 792
1784490 791
1784500 791
1784510 790
1784520 787
1784530 787
1784540 784
1784550 779
1784560 776
1784570 776
1784580 774
1784590 772
1784600 772
1784610 770
1784620 767
1784630 767
1784640 765
1784650 762
1784660 762
1784670 759
1784680 755
1784690 755
1784700 751
1784710 747
1784720 747
1784730 742
1784740 740
1784750 740
1784760 734
1784770 729
1784780 729
1784790 724
1784800 718
1784810 718
1784820 716
1784830 717
1784840 717
1784850 718
1784860 720
1784870 720
1784880 722
1784890 724
1784900 726
1784910 726
1784920 727
1784930 729
1784940 729
1784950 730
1784960 732
1784970 732
1784980 733
1784990 734
1785000 734
1785010 736
1785020 738
1785030 738
1785040 740
1785050 742
1785060 742
1785070 744
1785080 746
1785090 746
1785100 746
1785110 747
1785120 747
1785130 747
1785140 748
1785150 748
1785160 748
1785170 749
1785180 749
1785190 748
1785200 748
1785210 747
1785220 747
1785230 747
1785240 746
1785250 746
1785260 746
1785270 745
1785280 745
1785290 744
1785300 743
1785310 743
1785320 740
1785330 737
1785340 737
1785350 735
1785360 731
1785370 731
1785380 729
1785390 728
1785400 728
1785410 726
1785420 724
1785430 724
1785440 723
1785450 721
1785460 721
1785470 720
1785480 718
1785490 718
1785500 716
1785510 714
1785520 714
1785530 712
1785540 709
1785550 706
1785560 706
1785570 701
1785580 695
1785590 695
1785600 690
1785610 684
1785620 684
1785630 680
1785640 676
1785650 676
1785660 673
1785670 671
1785680 671
1785690 667
1785700 661
1785710 661
1785720 666
1785730 668
1785740 668
1785750 670
1785760 671
1785770 671
1785780 673
1785790 674
1785800 674
1785810 675
1785820 675
1785830 675
1785840 675
1785850 674
1785860 671
1785870 671
1785880 668
1785890 665
1785900 665
1785910 662
1785920 658
1785930 658
1785940 664
1785950 669
1785960 669
1785970 673
1785980 676
1785990 676
1786000 679
1786010 681
1786020 681
1786030 681
1786040 680
1786050 680
1786060 679
1786070 679
1786080 679
1786090 677
1786100 676
1786110 676
1786120 675
1786130 670
1786140 670
1786150 665
1786160 658
1786170 652
1786180 652
1786190 648
1786200 644
1786210 644
1786220 637
1786230 632
1786240 632
1786250 629
1786260 624
1786270 624
1786280 621
1786290 616
1786300 616
1786310 613
1786320 610
1786330 610
1786340 608
1786350 607
1786360 607
1786370 606
1786380 608
1786390 608
1786400 612
1786410 619
1786420 619
1786430 620
1786440 622
1786450 622
1786460 625
1786470 628
1786480 628
1786490 632
1786500 638
1786510 643
1786520 643
1786530 645
1786540 647
1786550 647
1786560 650
1786570 652
1786580 652
1786590 653
1786600 654
1786610 654
1786620 654
1786630 654
1786640 654
1786650 654
1786660 654
1786670 654
1786680 654
1786690 655
1786700 655
1786710 655
1786720 659
1786730 659
1786740 661
1786750 662
1786760 662
1786770 664
1786780 666
1786790 666
1786800 669
1786810 671
1786820 674
1786830 674
1786840 676
1786850 678
1786860 678
1786870 680
1786880 681
1786890 681
1786900 683
1786910 684
1786920 684
1786930 684
1786940 685
1786950 685
1786960 684
1786970 684
1786980 684
1786990 684
1787000 686
1787010 686
1787020 687
1787030 688
1787040 688
1787050 687
1787060 686
1787070 686
1787080 684
1787090 683
1787100 683
1787110 682
1787120 679
1787130 679
1787140 675
1787150 670
1787160 666
1787170 666
1787180 662
1787190 656
1787200 656
1787210 651
1787220 647
1787230 647
1787240 641
1787250 636
1787260 636
1787270 630
1787280 625
1787290 625
1787300 619
1787310 611
1787320 611
1787330 606
1787340 600
1787350 600
1787360 600
1787370 603
1787380 603
1787390 611
1787400 619
1787410 619
1787420 624
1787430 628
1787440 628
1787450 633
1787460 638
1787470 645
1787480 645
1787490 651
1787500 657
1787510 657
1787520 662
1787530 668
1787540 668
1787550 673
1787560 678
1787570 678
1787580 683
1787590 686
1787600 686
1787610 689
1787620 694
1787630 694
1787640 696
1787650 702
1787660 702
1787670 706
1787680 708
1787690 710
1787700 713
1787710 716
1787720 716
1787730 719
1787740 721
1787750 721
1787760 723
1787770 724
1787780 725
1787790 725
1787800 726
1787810 728
1787820 728
1787830 728
1787840 728
1787850 728
1787860 728
1787870 728
1787880 728
1787890 728
1787900 728
1787910 728
1787920 724
1787930 721
1787940 721
1787950 720
1787960 722
1787970 722
1787980 724
1787990 722
1788000 722
1788010 722
1788020 720
1788030 720
1788040 719
1788050 717
1788060 717
1788070 715
1788080 713
1788090 713
1788100 711
1788110 708
1788120 706
1788130 706
1788140 704
1788150 700
1788160 700
1788170 698
1788180 696
1788190 696
1788200 694
1788210 691
1788220 691
1788230 690
1788240 688
1788250 688
1788260 684
1788270 682
1788280 682
1788290 681
1788300 679
1788310 679
1788320 675
1788330 674
1788340 674
1788350 672
1788360 670
1788370 670
1788380 669
1788390 666
1788400 666
1788410 666
1788420 664
1788430 662
1788440 662
1788450 661
1788460 659
1788470 659
1788480 658
1788490 657
1788500 657
1788510 656
1788520 656
1788530 656
1788540 655
1788550 654
1788560 654
1788570 653
1788580 652
1788590 652
1788600 651
1788610 650
1788620 650
1788630 649
1788640 648
1788650 648
1788660 647
1788670 645
1788680 645
1788690 644
1788700 642
1788710 642
1788720 640
1788730 638
1788740 638
1788750 637
1788760 635
1788770 634
1788780 634
1788790 633
1788800 632
1788810 632
1788820 631
1788830 631
1788840 631
1788850 629
1788860 626
1788870 626
1788880 623
1788890 620
1788900 620
1788910 618
1788920 616
1788930 616
1788940 613
1788950 613
1788960 613
1788970 613
1788980 611
1788990 611
1789000 606
1789010 605
1789020 605
1789030 602
1789040 599
1789050 599
1789060 598
1789070 601
1789080 603
1789090 603
1789100 609
1789110 614
1789120 614
1789130 617
1789140 619
1789150 619
1789160 622
1789170 623
1789180 623
1789190 623
1789200 621
1789210 621
1789220 620
1789230 619
1789240 619
1789250 618
1789260 617
1789270 617
1789280 616
1789290 615
1789300 615
1789310 614
1789320 614
1789330 614
1789340 613
1789350 612
1789360 612
1789370 611
1789380 610
1789390 608
1789400 608
1789410 607
1789420 606
1789430 606
1789440 605
1789450 604
1789460 604
1789470 603
1789480 601
1789490 601
1789500 600
1789510 599
1789520 599
1789530 597
1789540 594
1789550 594
1789560 591
1789570 589
1789580 589
1789590 586
1789600 586
1789610 586
1789620 585
1789630 584
1789640 584
1789650 583
1789660 583
1789670 583
1789680 582
1789690 579
1789700 579
1789710 577
1789720 576
1789730 576
1789740 576
1789750 577
1789760 575
1789770 575
1789780 573
1789790 572
1789800 572
1789810 569
1789820 571
1789830 571
1789840 570
1789850 569
1789860 569
1789870 565
1789880 566
1789890 566
1789900 570
1789910 570
1789920 570
1789930 570
1789940 570
1789950 570
1789960 569
1789970 569
1789980 569
1789990 569
1790000 568
1790010 568
1790020 568
1790030 567
1790040 567
1790050 567
1790060 565
1790070 564
1790080 564
1790090 563
1790100 563
1790110 563
1790120 562
1790130 561
1790140 561
1790150 560
1790160 558
1790170 558
1790180 556
1790190 554
1790200 554
1790210 552
1790220 550
1790230 550
1790240 549
1790250 549
1790260 549
1790270 549
1790280 549
1790290 549
1790300 548
1790310 546
1790320 546
1790330 548
1790340 548
1790350 548
1790360 547
1790370 548
1790380 548
1790390 548
1790400 548
1790410 548
1790420 548
1790430 548
1790440 548
1790450 548
1790460 548
1790470 548
1790480 548
1790490 548
1790500 548
1790510 548
1790520 548
1790530 549
1790540 549
1790550 551
1790560 553
1790570 553
1790580 555
1790590 556
1790600 556
1790610 557
1790620 559
1790630 559
1790640 560
1790650 561
1790660 561
1790670 562
1790680 564
1790690 566
1790700 566
1790710 567
1790720 569
1790730 569
1790740 570
1790750 571
1790760 571
1790770 572
1790780 574
1790790 574
1790800 575
1790810 578
1790820 578
1790830 581
1790840 582
1790850 582
1790860 584
1790870 586
1790880 586
1790890 588
1790900 591
1790910 591
1790920 593
1790930 595
1790940 595
1790950 597
1790960 599
1790970 599
1790980 600
1790990 602
1791000 604
1791010 604
1791020 607
1791030 607
1791040 607
1791050 609
1791060 610
1791070 610
1791080 611
1791090 613
1791100 613
1791110 615
1791120 618
1791130 618
1791140 621
1791150 622
1791160 622
1791170 623
1791180 627
1791190 627
1791200 629
1791210 631
1791220 631
1791230 633
1791240 636
1791250 636
1791260 639
1791270 642
1791280 642
1791290 646
1791300 649
1791310 649
1791320 652
1791330 656
1791340 659
1791350 659
1791360 662
1791370 666
1791380 666
1791390 670
1791400 674
1791410 674
1791420 678
1791430 680
1791440 680
1791450 683
1791460 686
1791470 686
1791480 687
1791490 689
1791500 689
1791510 690
1791520 691
1791530 691
1791540 691
1791550 691
1791560 691
1791570 691
1791580 690
1791590 690
1791600 690
1791610 688
1791620 688
1791630 686
1791640 684
1791650 682
1791660 682
1791670 678
1791680 675
1791690 675
1791700 672
1791710 669
1791720 669
1791730 663
1791740 658
1791750 658
1791760 653
1791770 648
1791780 648
1791790 643
1791800 638
1791810 638
1791820 634
1791830 628
1791840 628
1791850 624
1791860 622
1791870 622
1791880 622
1791890 622
1791900 622
1791910 616
1791920 610
1791930 610
1791940 603
1791950 597
1791960 597
1791970 595
1791980 594
1791990 594
1792000 594
1792010 593
1792020 593
1792030 593
1792040 594
1792050 595
1792060 595
1792070 603
1792080 605
1792090 605
1792100 608
1792110 611
1792120 611
1792130 614
1792140 617
1792150 617
1792160 620
1792170 624
1792180 624
1792190 628
1792200 632
1792210 632
1792220 635
1792230 640
1792240 640
1792250 644
1792260 647
1792270 647
1792280 650
1792290 650
1792300 648
1792310 648
1792320 646
1792330 645
1792340 645
1792350 644
1792360 643
1792370 643
1792380 642
1792390 640
1792400 640
1792410 637
1792420 635
1792430 635
1792440 639
1792450 640
1792460 640
1792470 640
1792480 640
1792490 640
1792500 639
1792510 637
1792520 637
1792530 633
1792540 632
1792550 632
1792560 631
1792570 639
1792580 639
1792590 646
1792600 649
1792610 648
1792620 648
1792630 649
1792640 650
1792650 650
1792660 654
1792670 659
1792680 659
1792690 661
1792700 663
1792710 663
1792720 665
1792730 666
1792740 666
1792750 670
1792760 672
1792770 672
1792780 670
1792790 670
1792800 670
1792810 672
1792820 676
1792830 676
1792840 678
1792850 683
1792860 683
1792870 686
1792880 685
1792890 685
1792900 684
1792910 689
1792920 689
1792930 694
1792940 695
1792950 698
1792960 698
1792970 704
1792980 707
1792990 707
1793000 710
1793010 712
1793020 712
1793030 716
1793040 718
1793050 718
1793060 721
1793070 723
1793080 723
1793090 726
1793100 731
1793110 731
1793120 733
1793130 734
1793140 734
1793150 734
1793160 737
1793170 737
1793180 740
1793190 743
1793200 743
1793210 745
1793220 747
1793230 747
1793240 749
1793250 751
1793260 752
1793270 752
1793280 754
1793290 756
1793300 756
1793310 755
1793320 752
1793330 752
1793340 750
1793350 748
1793360 748
1793370 746
1793380 744
1793390 744
1793400 741
1793410 739
1793420 739
1793430 736
1793440 734
1793450 734
1793460 729
1793470 724
1793480 724
1793490 720
1793500 716
1793510 716
1793520 712
1793530 709
1793540 709
1793550 707
1793560 705
1793570 705
1793580 702
1793590 701
1793600 697
1793610 697
1793620 697
1793630 695
1793640 695
1793650 692
1793660 690
1793670 690
1793680 689
1793690 688
1793700 688
1793710 687
1793720 687
1793730 687
1793740 686
1793750 686
1793760 686
1793770 687
1793780 687
1793790 687
1793800 689
1793810 692
1793820 692
1793830 694
1793840 697
1793850 697
1793860 698
1793870 699
1793880 699
1793890 700
1793900 699
1793910 696
1793920 696
1793930 694
1793940 692
1793950 692
1793960 691
1793970 691
1793980 691
1793990 690
1794000 689
1794010 689
1794020 688
1794030 685
1794040 685
1794050 683
1794060 679
1794070 679
1794080 676
1794090 673
1794100 673
1794110 670
1794120 666
1794130 666
1794140 665
1794150 664
1794160 664
1794170 663
1794180 663
1794190 663
1794200 662
1794210 664
1794220 665
1794230 665
1794240 664
1794250 662
1794260 662
1794270 660
1794280 658
1794290 658
1794300 655
1794310 652
1794320 652
1794330 650
1794340 646
1794350 646
1794360 642
1794370 638
1794380 638
1794390 634
1794400 631
1794410 631
1794420 628
1794430 625
1794440 625
1794450 620
1794460 617
1794470 617
1794480 611
1794490 607
1794500 607
1794510 603
1794520 600
1794530 600
1794540 596
1794550 593
1794560 590
1794570 590
1794580 587
1794590 584
1794600 584
1794610 581
1794620 578
1794630 578
1794640 576
1794650 574
1794660 574
1794670 571
1794680 568
1794690 568
1794700 566
1794710 568
1794720 568
1794730 567
1794740 565
1794750 565
1794760 564
1794770 563
1794780 563
1794790 557
1794800 554
1794810 554
1794820 551
1794830 544
1794840 544
1794850 538
1794860 539
1794870 539
1794880 539
1794890 542
1794900 541
1794910 541
1794920 541
1794930 543
1794940 543
1794950 544
1794960 546
1794970 546
1794980 547
1794990 550
1795000 550
1795010 550
1795020 554
1795030 554
1795040 559
1795050 559
1795060 559
1795070 561
1795080 564
1795090 564
1795100 568
1795110 571
1795120 571
1795130 576
1795140 580
1795150 580
1795160 585
1795170 589
1795180 589
1795190 594
1795200 599
1795210 603
1795220 603
1795230 606
1795240 610
1795250 610
1795260 613
1795270 618
1795280 618
1795290 623
1795300 628
1795310 628
1795320 631
1795330 635
1795340 635
1795350 639
1795360 644
1795370 644
1795380 649
1795390 653
1795400 653
1795410 656
1795420 658
1795430 658
1795440 659
1795450 661
1795460 661
1795470 663
1795480 665
1795490 665
1795500 667
1795510 669
1795520 671
1795530 671
1795540 673
1795550 675
1795560 675
1795570 678
1795580 680
1795590 680
1795600 682
1795610 683
1795620 683
1795630 683
1795640 681
1795650 681
1795660 678
1795670 675
1795680 675
1795690 672
1795700 672
1795710 672
1795720 668
1795730 667
1795740 667
1795750 665
1795760 663
1795770 663
1795780 661
1795790 657
1795800 657
1795810 655
1795820 651
1795830 646
1795840 646
1795850 642
1795860 636
1795870 636
1795880 631
1795890 627
1795900 627
1795910 623
1795920 620
1795930 620
1795940 617
1795950 615
1795960 615
1795970 613
1795980 611
1795990 611
1796000 609
1796010 608
1796020 608
1796030 607
1796040 606
1796050 606
1796060 606
1796070 614
1796080 614
1796090 616
1796100 616
1796110 616
1796120 615
1796130 611
1796140 611
1796150 606
1796160 602
1796170 597
1796180 597
1796190 592
1796200 586
1796210 586
1796220 581
1796230 575
1796240 575
1796250 569
1796260 560
1796270 560
1796280 557
1796290 557
1796300 557
1796310 559
1796320 563
1796330 563
1796340 565
1796350 568
1796360 568
1796370 570
1796380 573
1796390 573
1796400 577
1796410 583
1796420 583
1796430 582
1796440 581
1796450 581
1796460 581
1796470 581
1796480 579
1796490 579
1796500 576
1796510 575
1796520 575
1796530 575
1796540 580
1796550 580
1796560 580
1796570 581
1796580 581
1796590 582
1796600 583
1796610 583
1796620 584
1796630 584
1796640 584
1796650 584
1796660 583
1796670 583
1796680 583
1796690 582
1796700 582
1796710 581
1796720 579
1796730 579
1796740 576
1796750 573
1796760 573
1796770 571
1796780 568
1796790 568
1796800 565
1796810 562
1796820 560
1796830 560
1796840 557
1796850 555
1796860 555
1796870 554
1796880 553
1796890 553
1796900 553
1796910 553
1796920 553
1796930 553
1796940 552
1796950 552
1796960 550
1796970 548
1796980 548
1796990 547
1797000 547
1797010 547
1797020 547
1797030 548
1797040 548
1797050 549
1797060 550
1797070 550
1797080 552
1797090 551
1797100 551
1797110 551
1797120 550
1797130 549
1797140 549
1797150 548
1797160 548
1797170 548
1797180 548
1797190 548
1797200 548
1797210 548
1797220 548
1797230 548
1797240 548
1797250 548
1797260 548
1797270 549
1797280 549
1797290 549
1797300 549
1797310 549
1797320 549
1797330 550
1797340 549
1797350 549
1797360 550
1797370 551
1797380 551
1797390 552
1797400 554
1797410 554
1797420 554
1797430 555
1797440 559
1797450 559
1797460 561
1797470 564
1797480 564
1797490 566
1797500 568
1797510 568
1797520 569
1797530 570
1797540 570
1797550 572
1797560 574
1797570 574
1797580 575
1797590 576
1797600 576
1797610 578
1797620 579
1797630 579
1797640 580
1797650 581
1797660 581
1797670 580
1797680 580
1797690 580
1797700 580
1797710 578
1797720 578
1797730 577
1797740 575
1797750 575
1797760 576
1797770 578
1797780 585
1797790 585
1797800 587
1797810 588
1797820 588
1797830 589
1797840 591
1797850 591
1797860 593
1797870 594
1797880 594
1797890 597
1797900 598
1797910 598
1797920 600
1797930 601
1797940 601
1797950 603
1797960 606
1797970 606
1797980 609
1797990 611
1798000 611
1798010 612
1798020 611
1798030 611
1798040 609
1798050 608
1798060 608
1798070 608
1798080 603
1798090 608
1798100 608
1798110 612
1798120 614
1798130 614
1798140 617
1798150 619
1798160 619
1798170 622
1798180 624
1798190 624
1798200 625
1798210 627
1798220 627
1798230 629
1798240 630
1798250 630
1798260 632
1798270 633
1798280 633
1798290 634
1798300 636
1798310 636
1798320 637
1798330 638
1798340 638
1798350 638
1798360 639
1798370 639
1798380 640
1798390 640
1798400 640
1798410 641
1798420 641
1798430 640
1798440 640
1798450 639
1798460 639
1798470 639
1798480 638
1798490 634
1798500 634
1798510 639
1798520 643
1798530 643
1798540 646
1798550 649
1798560 649
1798570 652
1798580 656
1798590 656
1798600 659
1798610 661
1798620 661
1798630 664
1798640 666
1798650 666
1798660 667
1798670 668
1798680 668
1798690 668
1798700 670
1798710 670
1798720 670
1798730 672
1798740 673
1798750 673
1798760 674
1798770 674
1798780 674
1798790 674
1798800 674
1798810 674
1798820 673
1798830 673
1798840 673
1798850 673
1798860 672
1798870 672
1798880 671
1798890 669
1798900 669
1798910 664
