1780000 1153
1780010 1153
1780020 1152
1780030 1151
1780040 1151
1780050 1149
1780060 1147
1780070 1147
1780080 1144
1780090 1141
1780100 1141
1780110 1139
1780120 1136
1780130 1136
1780140 1134
1780150 1132
1780160 1132
1780170 1131
1780180 1129
1780190 1127
1780200 1127
1780210 1127
1780220 1126
1780230 1126
1780240 1124
1780250 1122
1780260 1122
1780270 1121
1780280 1119
1780290 1119
1780300 1117
1780310 1115
1780320 1115
1780330 1113
1780340 1111
1780350 1111
1780360 1108
1780370 1107
1780380 1107
1780390 1105
1780400 1102
1780410 1102
1780420 1100
1780430 1098
1780440 1098
1780450 1096
1780460 1094
1780470 1094
1780480 1094
1780490 1093
1780500 1090
1780510 1090
1780520 1088
1780530 1086
1780540 1086
1780550 1083
1780560 1081
1780570 1081
1780580 1078
1780590 1075
1780600 1075
1780610 1071
1780620 1069
1780630 1069
1780640 1065
1780650 1063
1780660 1063
1780670 1060
1780680 1058
1780690 1058
1780700 1055
1780710 1052
1780720 1052
1780730 1050
1780740 1047
1780750 1047
1780760 1045
1780770 1041
1780780 1041
1780790 1038
1780800 1034
1780810 1031
1780820 1031
1780830 1028
1780840 1025
1780850 1025
1780860 1023
1780870 1021
1780880 1021
1780890 1018
1780900 1016
1780910 1016
1780920 1013
1780930 1010
1780940 1010
1780950 1008
1780960 1005
1780970 1005
1780980 1003
1780990 1000
1781000 1000
1781010 999
1781020 997
1781030 997
1781040 995
1781050 993
1781060 993
1781070 991
1781080 989
1781090 989
1781100 987
1781110 985
1781120 985
1781130 982
1781140 980
1781150 978
1781160 978
1781170 975
1781180 973
1781190 973
1781200 971
1781210 968
1781220 968
1781230 965
1781240 962
1781250 962
1781260 960
1781270 956
1781280 956
1781290 953
1781300 948
1781310 948
1781320 943
1781330 938
1781340 938
1781350 935
1781360 932
1781370 932
1781380 930
1781390 929
1781400 929
1781410 926
1781420 922
1781430 922
1781440 920
1781450 919
1781460 917
1781470 917
1781480 920
1781490 921
1781500 921
1781510 922
1781520 923
1781530 923
1781540 924
1781550 926
1781560 926
1781570 928
1781580 929
1781590 929
1781600 930
1781610 931
1781620 931
1781630 929
1781640 930
1781650 930
1781660 931
1781670 932
1781680 932
1781690 933
1781700 934
1781710 934
1781720 936
1781730 938
1781740 938
1781750 941
1781760 943
1781770 943
1781780 945
1781790 946
1781800 949
1781810 949
1781820 953
1781830 955
1781840 955
1781850 957
1781860 961
1781870 961
1781880 963
1781890 965
1781900 965
1781910 967
1781920 963
1781930 963
1781940 959
1781950 956
1781960 956
1781970 953
1781980 950
1781990 950
1782000 948
1782010 948
1782020 948
1782030 947
1782040 947
1782050 947
1782060 946
1782070 946
1782080 946
1782090 945
1782100 945
1782110 945
1782120 945
1782130 944
1782140 943
1782150 943
1782160 943
1782170 943
1782180 943
1782190 943
1782200 943
1782210 943
1782220 943
1782230 943
1782240 943
1782250 943
1782260 943
1782270 943
1782280 944
1782290 944
1782300 944
1782310 945
1782320 945
1782330 945
1782340 946
1782350 946
1782360 946
1782370 947
1782380 947
1782390 947
1782400 947
1782410 948
1782420 948
1782430 949
1782440 949
1782450 949
1782460 949
1782470 950
1782480 950
1782490 950
1782500 951
1782510 952
1782520 952
1782530 952
1782540 952
1782550 952
1782560 952
1782570 951
1782580 951
1782590 951
1782600 951
1782610 951
1782620 950
1782630 950
1782640 950
1782650 949
1782660 948
1782670 948
1782680 947
1782690 946
1782700 946
1782710 945
1782720 943
1782730 943
1782740 943
1782750 943
1782760 942
1782770 941
1782780 941
1782790 941
1782800 941
1782810 941
1782820 941
1782830 941
1782840 940
1782850 940
1782860 940
1782870 940
1782880 939
1782890 939
1782900 939
1782910 938
1782920 938
1782930 937
1782940 936
1782950 936
1782960 935
1782970 934
1782980 934
1782990 933
1783000 931
1783010 931
1783020 930
1783030 929
1783040 929
1783050 928
1783060 927
1783070 926
1783080 926
1783090 925
1783100 925
1783110 925
1783120 924
1783130 923
1783140 923
1783150 922
1783160 920
1783170 920
1783180 919
1783190 917
1783200 917
1783210 915
1783220 913
1783230 913
1783240 912
1783250 911
1783260 911
1783270 910
1783280 908
1783290 908
1783300 906
1783310 904
1783320 904
1783330 902
1783340 901
1783350 901
1783360 899
1783370 896
1783380 896
1783390 892
1783400 889
1783410 885
1783420 885
1783430 882
1783440 880
1783450 880
1783460 877
1783470 875
1783480 875
1783490 873
1783500 871
1783510 871
1783520 869
1783530 868
1783540 868
1783550 866
1783560 866
1783570 866
1783580 864
1783590 863
1783600 863
1783610 862
1783620 861
1783630 861
1783640 860
1783650 858
1783660 858
1783670 857
1783680 857
1783690 857
1783700 857
1783710 856
1783720 856
1783730 856
1783740 855
1783750 853
1783760 853
1783770 853
1783780 852
1783790 852
1783800 852
1783810 851
1783820 851
1783830 850
1783840 849
1783850 849
1783860 848
1783870 847
1783880 847
1783890 846
1783900 845
1783910 845
1783920 843
1783930 842
1783940 842
1783950 840
1783960 839
1783970 839
1783980 837
1783990 835
1784000 835
1784010 833
1784020 831
1784030 831
1784040 829
1784050 827
1784060 825
1784070 825
1784080 823
1784090 821
1784100 821
1784110 818
1784120 816
1784130 816
1784140 812
1784150 808
1784160 808
1784170 803
1784180 800
1784190 800
1784200 797
1784210 794
1784220 794
1784230 791
1784240 788
1784250 788
1784260 784
1784270 779
1784280 779
1784290 777
1784300 777
1784310 777
1784320 775
1784330 773
1784340 773
1784350 771
1784360 769
1784370 771
1784380 771
1784390 771
1784400 771
1784410 771
1784420 771
1784430 770
1784440 770
1784450 769
1784460 769
1784470 769
1784480 768
1784490 768
1784500 768
1784510 767
1784520 766
1784530 766
1784540 765
1784550 763
1784560 763
1784570 760
1784580 757
1784590 757
1784600 754
1784610 750
1784620 750
1784630 746
1784640 742
1784650 742
1784660 738
1784670 733
1784680 727
1784690 727
1784700 724
1784710 721
1784720 721
1784730 718
1784740 714
1784750 714
1784760 714
1784770 713
1784780 713
1784790 714
1784800 716
1784810 716
1784820 716
1784830 714
1784840 714
1784850 712
1784860 710
1784870 710
1784880 707
1784890 703
1784900 703
1784910 700
1784920 697
1784930 697
1784940 699
1784950 699
1784960 699
1784970 699
1784980 700
1784990 700
1785000 702
1785010 696
1785020 697
1785030 697
1785040 699
1785050 701
1785060 701
1785070 702
1785080 703
1785090 703
1785100 703
1785110 705
1785120 705
1785130 706
1785140 708
1785150 708
1785160 709
1785170 709
1785180 709
1785190 709
1785200 709
1785210 709
1785220 709
1785230 709
1785240 709
1785250 709
1785260 710
1785270 710
1785280 712
1785290 713
1785300 713
1785310 712
1785320 711
1785330 711
1785340 711
1785350 710
1785360 708
1785370 708
1785380 706
1785390 705
1785400 705
1785410 705
1785420 707
1785430 707
1785440 708
1785450 708
1785460 708
1785470 707
1785480 706
1785490 706
1785500 705
1785510 704
1785520 704
1785530 703
1785540 701
1785550 701
1785560 698
1785570 696
1785580 696
1785590 693
1785600 690
1785610 690
1785620 687
1785630 683
1785640 683
1785650 679
1785660 675
1785670 672
1785680 672
1785690 668
1785700 664
1785710 664
1785720 660
1785730 655
1785740 655
1785750 649
1785760 643
1785770 643
1785780 637
1785790 638
1785800 638
1785810 638
1785820 638
1785830 638
1785840 636
1785850 633
1785860 633
1785870 630
1785880 626
1785890 626
1785900 624
1785910 624
1785920 624
1785930 623
1785940 621
1785950 621
1785960 620
1785970 620
1785980 619
1785990 619
1786000 619
1786010 619
1786020 619
1786030 618
1786040 618
1786050 618
1786060 617
1786070 616
1786080 616
1786090 616
1786100 617
1786110 617
1786120 617
1786130 617
1786140 617
1786150 619
1786160 625
1786170 625
1786180 628
1786190 631
1786200 631
1786210 634
1786220 638
1786230 638
1786240 642
1786250 643
1786260 643
1786270 642
1786280 641
1786290 641
1786300 641
1786310 639
1786320 634
1786330 634
1786340 638
1786350 644
1786360 644
1786370 645
1786380 646
1786390 646
1786400 648
1786410 650
1786420 650
1786430 652
1786440 653
1786450 653
1786460 654
1786470 655
1786480 655
1786490 656
1786500 657
1786510 657
1786520 658
1786530 658
1786540 658
1786550 659
1786560 659
1786570 659
1786580 659
1786590 659
1786600 659
1786610 660
1786620 661
1786630 662
1786640 662
1786650 664
1786660 666
1786670 666
1786680 669
1786690 672
1786700 672
1786710 675
1786720 678
1786730 678
1786740 681
1786750 684
1786760 684
1786770 686
1786780 688
1786790 688
1786800 689
1786810 691
1786820 691
1786830 692
1786840 693
1786850 693
1786860 694
1786870 695
1786880 695
1786890 696
1786900 697
1786910 697
1786920 698
1786930 700
1786940 703
1786950 703
1786960 706
1786970 707
1786980 707
1786990 705
1787000 702
1787010 702
1787020 697
1787030 691
1787040 691
1787050 685
1787060 678
1787070 678
1787080 672
1787090 665
1787100 665
1787110 659
1787120 653
1787130 653
1787140 646
1787150 640
1787160 640
1787170 635
1787180 629
1787190 629
1787200 624
1787210 615
1787220 615
1787230 610
1787240 606
1787250 606
1787260 604
1787270 604
1787280 603
1787290 603
1787300 606
1787310 611
1787320 611
1787330 614
1787340 618
1787350 618
1787360 623
1787370 627
1787380 627
1787390 633
1787400 638
1787410 638
1787420 642
1787430 647
1787440 647
1787450 652
1787460 658
1787470 658
1787480 663
1787490 668
1787500 668
1787510 673
1787520 679
1787530 679
1787540 684
1787550 690
1787560 690
1787570 696
1787580 702
1787590 707
1787600 707
1787610 712
1787620 716
1787630 716
1787640 720
1787650 723
1787660 723
1787670 725
1787680 727
1787690 727
1787700 729
1787710 730
1787720 730
1787730 732
1787740 733
1787750 733
1787760 733
1787770 734
1787780 734
1787790 734
1787800 733
1787810 733
1787820 733
1787830 732
1787840 732
1787850 731
1787860 730
1787870 730
1787880 725
1787890 724
1787900 724
1787910 724
1787920 724
1787930 724
1787940 724
1787950 722
1787960 720
1787970 720
1787980 718
1787990 717
1788000 717
1788010 714
1788020 713
1788030 713
1788040 711
1788050 708
1788060 708
1788070 706
1788080 703
1788090 703
1788100 700
1788110 696
1788120 696
1788130 692
1788140 689
1788150 689
1788160 686
1788170 683
1788180 683
1788190 681
1788200 679
1788210 679
1788220 677
1788230 675
1788240 673
1788250 673
1788260 671
1788270 669
1788280 669
1788290 667
1788300 665
1788310 665
1788320 663
1788330 662
1788340 662
1788350 660
1788360 659
1788370 659
1788380 658
1788390 656
1788400 656
1788410 655
1788420 654
1788430 654
1788440 653
1788450 650
1788460 650
1788470 648
1788480 646
1788490 646
1788500 646
1788510 646
1788520 646
1788530 648
1788540 648
1788550 648
1788560 648
1788570 647
1788580 647
1788590 647
1788600 646
1788610 645
1788620 645
1788630 644
1788640 642
1788650 642
1788660 641
1788670 640
1788680 640
1788690 639
1788700 637
1788710 637
1788720 636
1788730 635
1788740 635
1788750 633
1788760 631
1788770 631
1788780 629
1788790 628
1788800 628
1788810 626
1788820 624
1788830 624
1788840 623
1788850 622
1788860 622
1788870 621
1788880 619
1788890 617
1788900 617
1788910 615
1788920 614
1788930 614
1788940 609
1788950 607
1788960 607
1788970 605
1788980 604
1788990 604
1789000 603
1789010 603
1789020 603
1789030 602
1789040 600
1789050 600
1789060 598
1789070 594
1789080 594
1789090 592
1789100 594
1789110 594
1789120 599
1789130 602
1789140 602
1789150 604
1789160 606
1789170 606
1789180 610
1789190 613
1789200 616
1789210 616
1789220 618
1789230 619
1789240 619
1789250 620
1789260 619
1789270 619
1789280 618
1789290 617
1789300 617
1789310 616
1789320 615
1789330 615
1789340 615
1789350 614
1789360 614
1789370 613
1789380 611
1789390 611
1789400 609
1789410 607
1789420 607
1789430 605
1789440 604
1789450 604
1789460 603
1789470 600
1789480 600
1789490 599
1789500 599
1789510 599
1789520 598
1789530 597
1789540 596
1789550 596
1789560 595
1789570 593
1789580 593
1789590 592
1789600 591
1789610 591
1789620 590
1789630 588
1789640 588
1789650 587
1789660 586
1789670 586
1789680 585
1789690 584
1789700 584
1789710 583
1789720 582
1789730 582
1789740 581
1789750 580
1789760 580
1789770 579
1789780 578
1789790 578
1789800 577
1789810 576
1789820 576
1789830 575
1789840 573
1789850 572
1789860 572
1789870 570
1789880 569
1789890 569
1789900 567
1789910 566
1789920 566
1789930 564
1789940 563
1789950 563
1789960 562
1789970 554
1789980 554
1789990 555
1790000 559
1790010 559
1790020 557
1790030 552
1790040 552
1790050 551
1790060 551
1790070 551
1790080 552
1790090 551
1790100 551
1790110 551
1790120 551
1790130 551
1790140 551
1790150 551
1790160 550
1790170 550
1790180 550
1790190 550
1790200 550
1790210 549
1790220 548
1790230 548
1790240 549
1790250 550
1790260 550
1790270 549
1790280 549
1790290 549
1790300 549
1790310 549
1790320 549
1790330 549
1790340 549
1790350 549
1790360 549
1790370 550
1790380 550
1790390 550
1790400 551
1790410 551
1790420 552
1790430 553
1790440 553
1790450 554
1790460 554
1790470 554
1790480 556
1790490 556
1790500 556
1790510 556
1790520 556
1790530 557
1790540 557
1790550 557
1790560 559
1790570 559
1790580 560
1790590 562
1790600 562
1790610 564
1790620 565
1790630 565
1790640 566
1790650 568
1790660 568
1790670 571
1790680 573
1790690 573
1790700 574
1790710 576
1790720 576
1790730 578
1790740 580
1790750 580
1790760 582
1790770 584
1790780 584
1790790 586
1790800 588
1790810 590
1790820 590
1790830 592
1790840 594
1790850 594
1790860 596
1790870 597
1790880 597
1790890 599
1790900 601
1790910 601
1790920 603
1790930 605
1790940 605
1790950 608
1790960 610
1790970 610
1790980 612
1790990 614
1791000 614
1791010 617
1791020 619
1791030 619
1791040 621
1791050 623
1791060 623
1791070 625
1791080 627
1791090 627
1791100 628
1791110 630
1791120 630
1791130 632
1791140 635
1791150 638
1791160 638
1791170 641
1791180 642
1791190 642
1791200 644
1791210 647
1791220 647
1791230 650
1791240 653
1791250 653
1791260 656
1791270 660
1791280 660
1791290 663
1791300 667
1791310 667
1791320 670
1791330 673
1791340 673
1791350 675
1791360 677
1791370 677
1791380 681
1791390 684
1791400 684
1791410 688
1791420 691
1791430 691
1791440 694
1791450 696
1791460 698
1791470 698
1791480 700
1791490 700
1791500 700
1791510 699
1791520 698
1791530 698
1791540 696
1791550 695
1791560 695
1791570 693
1791580 692
1791590 692
1791600 691
1791610 689
1791620 689
1791630 687
1791640 685
1791650 685
1791660 682
1791670 679
1791680 679
1791690 677
1791700 672
1791710 672
1791720 668
1791730 663
1791740 663
1791750 659
1791760 654
1791770 649
1791780 649
1791790 644
1791800 639
1791810 639
1791820 636
1791830 630
1791840 630
1791850 625
1791860 625
1791870 625
1791880 625
1791890 622
1791900 622
1791910 615
1791920 609
1791930 609
1791940 602
1791950 600
1791960 600
1791970 598
1791980 598
1791990 598
1792000 599
1792010 599
1792020 599
1792030 602
1792040 608
1792050 608
1792060 610
1792070 613
1792080 613
1792090 617
1792100 620
1792110 623
1792120 623
1792130 626
1792140 629
1792150 629
1792160 633
1792170 635
1792180 635
1792190 640
1792200 643
1792210 643
1792220 646
1792230 648
1792240 648
1792250 651
1792260 654
1792270 654
1792280 656
1792290 659
1792300 659
1792310 662
1792320 666
1792330 666
1792340 667
1792350 666
1792360 666
1792370 664
1792380 662
1792390 662
1792400 661
1792410 661
1792420 662
1792430 662
1792440 665
1792450 668
1792460 668
1792470 671
1792480 674
1792490 674
1792500 677
1792510 679
1792520 679
1792530 683
1792540 684
1792550 684
1792560 685
1792570 684
1792580 684
1792590 684
1792600 682
1792610 682
1792620 679
1792630 677
1792640 677
1792650 677
1792660 680
1792670 680
1792680 682
1792690 683
1792700 683
1792710 682
1792720 681
1792730 681
1792740 681
1792750 683
1792760 684
1792770 684
1792780 684
1792790 684
1792800 684
1792810 682
1792820 688
1792830 688
1792840 691
1792850 694
1792860 694
1792870 696
1792880 698
1792890 698
1792900 700
1792910 701
1792920 701
1792930 704
1792940 707
1792950 707
1792960 709
1792970 712
1792980 712
1792990 714
1793000 717
1793010 717
1793020 720
1793030 723
1793040 723
1793050 725
1793060 727
1793070 730
1793080 730
1793090 732
1793100 734
1793110 734
1793120 736
1793130 738
1793140 738
1793150 740
1793160 742
1793170 742
1793180 744
1793190 747
1793200 747
1793210 748
1793220 750
1793230 750
1793240 751
1793250 753
1793260 753
1793270 754
1793280 754
1793290 754
1793300 752
1793310 750
1793320 750
1793330 749
1793340 748
1793350 748
1793360 746
1793370 744
1793380 744
1793390 741
1793400 739
1793410 732
1793420 732
1793430 727
1793440 722
1793450 722
1793460 716
1793470 711
1793480 711
1793490 705
1793500 701
1793510 701
1793520 698
1793530 695
1793540 695
1793550 693
1793560 690
1793570 689
1793580 687
1793590 684
1793600 684
1793610 682
1793620 679
1793630 679
1793640 676
1793650 673
1793660 673
1793670 668
1793680 662
1793690 662
1793700 656
1793710 655
1793720 652
1793730 652
1793740 650
1793750 642
1793760 642
1793770 640
1793780 646
1793790 646
1793800 650
1793810 651
1793820 651
1793830 652
1793840 651
1793850 651
1793860 651
1793870 653
1793880 653
1793890 654
1793900 655
1793910 655
1793920 656
1793930 656
1793940 656
1793950 656
1793960 657
1793970 657
1793980 658
1793990 657
1794000 657
1794010 655
1794020 654
1794030 654
1794040 654
1794050 653
1794060 651
1794070 651
1794080 648
1794090 646
1794100 646
1794110 644
1794120 642
1794130 642
1794140 639
1794150 637
1794160 637
1794170 635
1794180 633
1794190 633
1794200 632
1794210 631
1794220 631
1794230 630
1794240 630
1794250 630
1794260 631
1794270 628
1794280 628
1794290 626
1794300 622
1794310 622
1794320 619
1794330 616
1794340 616
1794350 614
1794360 612
1794370 610
1794380 610
1794390 609
1794400 607
1794410 607
1794420 606
1794430 605
1794440 605
1794450 601
1794460 598
1794470 598
1794480 593
1794490 589
1794500 589
1794510 584
1794520 579
1794530 579
1794540 575
1794550 571
1794560 571
1794570 569
1794580 566
1794590 563
1794600 558
1794610 557
1794620 557
1794630 552
1794640 550
1794650 550
1794660 546
1794670 542
1794680 542
1794690 542
1794700 541
1794710 542
1794720 542
1794730 542
1794740 542
1794750 542
1794760 542
1794770 542
1794780 542
1794790 544
1794800 543
1794810 543
1794820 543
1794830 543
1794840 543
1794850 543
1794860 543
1794870 543
1794880 544
1794890 546
1794900 546
1794910 550
1794920 554
1794930 554
1794940 558
1794950 560
1794960 560
1794970 562
1794980 564
1794990 564
1795000 566
1795010 569
1795020 571
1795030 571
1795040 574
1795050 577
1795060 577
1795070 580
1795080 583
1795090 583
1795100 586
1795110 589
1795120 589
1795130 592
1795140 594
1795150 594
1795160 591
1795170 590
1795180 590
1795190 587
1795200 582
1795210 582
1795220 584
1795230 590
1795240 590
1795250 596
1795260 601
1795270 601
1795280 605
1795290 608
1795300 608
1795310 611
1795320 614
1795330 618
1795340 618
1795350 623
1795360 626
1795370 626
1795380 629
1795390 632
1795400 632
1795410 635
1795420 638
1795430 638
1795440 644
1795450 648
1795460 648
1795470 651
1795480 654
1795490 654
1795500 656
1795510 658
1795520 658
1795530 660
1795540 663
1795550 663
1795560 666
1795570 669
1795580 669
1795590 673
1795600 677
1795610 677
1795620 684
1795630 689
1795640 695
1795650 695
1795660 698
1795670 702
1795680 702
1795690 705
1795700 707
1795710 707
1795720 708
1795730 706
1795740 706
1795750 704
1795760 701
1795770 701
1795780 698
1795790 695
1795800 695
1795810 693
1795820 690
1795830 690
1795840 688
1795850 685
1795860 685
1795870 682
1795880 678
1795890 678
1795900 675
1795910 672
1795920 672
1795930 668
1795940 666
1795950 666
1795960 663
1795970 660
1795980 658
1795990 658
1796000 655
1796010 649
1796020 649
1796030 645
1796040 641
1796050 641
1796060 636
1796070 630
1796080 630
1796090 624
1796100 620
1796110 620
1796120 615
1796130 611
1796140 611
1796150 607
1796160 603
1796170 603
1796180 597
1796190 592
1796200 592
1796210 588
1796220 584
1796230 584
1796240 580
1796250 572
1796260 572
1796270 566
1796280 567
1796290 568
1796300 568
1796310 570
1796320 575
1796330 575
1796340 578
1796350 580
1796360 580
1796370 583
1796380 587
1796390 587
1796400 591
1796410 594
1796420 594
1796430 601
1796440 604
1796450 604
1796460 609
1796470 613
1796480 613
1796490 618
1796500 622
1796510 622
1796520 626
1796530 630
1796540 630
1796550 634
1796560 638
1796570 638
1796580 640
1796590 641
1796600 641
1796610 641
1796620 641
1796630 648
1796640 648
1796650 649
1796660 649
1796670 649
1796680 650
1796690 649
1796700 649
1796710 648
1796720 646
1796730 646
1796740 642
1796750 638
1796760 638
1796770 632
1796780 626
1796790 626
1796800 622
1796810 620
1796820 620
1796830 619
1796840 617
1796850 617
1796860 617
1796870 615
1796880 615
1796890 612
1796900 610
1796910 610
1796920 608
1796930 607
1796940 606
1796950 606
1796960 606
1796970 605
1796980 605
1796990 602
1797000 597
1797010 597
1797020 592
1797030 586
1797040 586
1797050 580
1797060 573
1797070 573
1797080 569
1797090 572
1797100 572
1797110 575
1797120 580
1797130 580
1797140 586
1797150 593
1797160 593
1797170 597
1797180 595
1797190 595
1797200 592
1797210 589
1797220 589
1797230 586
1797240 583
1797250 583
1797260 580
1797270 577
1797280 576
1797290 576
1797300 575
1797310 575
1797320 575
1797330 575
1797340 575
1797350 575
1797360 573
1797370 570
1797380 570
1797390 568
1797400 566
1797410 566
1797420 564
1797430 562
1797440 562
1797450 560
1797460 559
1797470 559
1797480 558
1797490 558
1797500 558
1797510 557
1797520 556
1797530 556
1797540 557
1797550 557
1797560 557
1797570 555
1797580 554
1797590 555
1797600 555
1797610 554
1797620 554
1797630 555
1797640 554
1797650 554
1797660 554
1797670 553
1797680 555
1797690 555
1797700 555
1797710 555
1797720 555
1797730 555
1797740 555
1797750 555
1797760 558
1797770 563
1797780 563
1797790 566
1797800 570
1797810 570
1797820 573
1797830 575
1797840 575
1797850 577
1797860 579
1797870 579
1797880 580
1797890 582
1797900 584
1797910 584
1797920 585
1797930 586
1797940 586
1797950 586
1797960 582
1797970 582
1797980 581
1797990 583
1798000 583
1798010 588
1798020 591
1798030 591
1798040 594
1798050 596
1798060 596
1798070 598
1798080 600
1798090 600
1798100 601
1798110 602
1798120 602
1798130 604
1798140 605
1798150 605
1798160 607
1798170 609
1798180 609
1798190 610
1798200 612
1798210 612
1798220 614
1798230 615
1798240 616
1798250 616
1798260 617
1798270 616
1798280 616
1798290 615
1798300 614
1798310 614
1798320 613
1798330 613
1798340 613
1798350 613
1798360 612
1798370 612
1798380 608
1798390 611
1798400 611
1798410 619
1798420 623
1798430 623
1798440 626
1798450 628
1798460 628
1798470 630
1798480 633
1798490 633
1798500 636
1798510 636
1798520 636
1798530 637
1798540 637
1798550 639
1798560 639
1798570 640
1798580 640
1798590 640
1798600 641
1798610 642
1798620 642
1798630 639
1798640 640
1798650 640
1798660 641
1798670 642
1798680 642
1798690 642
1798700 643
1798710 643
1798720 644
1798730 645
1798740 645
1798750 647
1798760 648
1798770 648
1798780 649
1798790 649
1798800 649
1798810 649
1798820 649
1798830 649
1798840 649
1798850 649
1798860 649
1798870 648
1798880 644
1798890 644
1798900 644
1798910 645
1796420 597
1796430 601
1796440 604
1796450 607
1796460 611
1796470 614
1796480 617
1796490 620
1796500 622
1796510 625
1796520 628
1796530 631
1796540 634
1796550 637
1796560 640
1796570 642
1796580 644
1796590 646
1796600 647
1796610 647
1796620 647
1796630 647
1796640 648
1796650 648
1796660 648
1796670 649
1796680 649
1796690 649
1796700 648
1796710 648
1796720 647
1796730 645
1796740 643
1796750 641
1796760 638
1796770 634
1796780 630
1796790 627
1796800 624
1796810 622
1796820 621
1796830 620
1796840 619
1796850 618
1796860 617
1796870 617
1796880 615
1796890 613
1796900 612
1796910 611
1796920 610
1796930 609
1796940 608
1796950 608
1796960 607
1796970 606
1796980 605
1796990 603
1797000 600
1797010 598
1797020 594
1797030 591
1797040 587
1797050 583
1797060 579
1797070 574
1797080 571
1797090 570
1797100 572
1797110 575
1797120 578
1797130 582
1797140 586
1797150 590
1797160 594
1797170 596
1797180 598
1797190 597
1797200 595
1797210 593
1797220 592
1797230 590
1797240 587
1797250 585
1797260 583
1797270 581
1797280 580
1797290 579
1797300 578
1797310 578
1797320 578
1797330 578
1797340 578
1797350 577
1797360 576
1797370 574
1797380 573
1797390 572
1797400 571
1797410 570
1797420 568
1797430 566
1797440 565
1797450 564
1797460 563
1797470 561
1797480 560
1797490 560
1797500 560
1797510 560
1797520 560
1797530 560
1797540 560
1797550 560
1797560 560
1797570 559
1797580 558
1797590 557
1797600 556
1797610 555
1797620 555
1797630 554
1797640 554
1797650 553
1797660 553
1797670 554
1797680 554
1797690 555
1797700 555
1797710 555
1797720 555
1797730 555
1797740 555
1797750 556
1797760 558
1797770 560
1797780 563
1797790 565
1797800 567
1797810 569
1797820 571
1797830 572
1797840 574
1797850 576
1797860 577
1797870 578
1797880 580
1797890 581
1797900 582
1797910 583
1797920 584
1797930 585
1797940 585
1797950 586
1797960 584
1797970 582
1797980 581
1797990 582
1798000 584
1798010 586
1798020 588
1798030 590
1798040 592
1798050 594
1798060 595
1798070 597
1798080 598
1798090 599
1798100 600
1798110 601
1798120 602
1798130 602
1798140 603
1798150 604
1798160 605
1798170 607
1798180 608
1798190 609
1798200 610
1798210 611
1798220 612
1798230 614
1798240 614
1798250 615
1798260 615
1798270 615
1798280 615
1798290 614
1798300 613
1798310 613
1798320 612
1798330 611
1798340 611
1798350 611
1798360 610
1798370 609
1798380 607
1798390 609
1798400 613
1798410 617
1798420 620
1798430 622
1798440 625
1798450 627
1798460 628
1798470 629
1798480 631
1798490 632
1798500 633
1798510 634
1798520 635
1798530 635
1798540 635
1798550 636
1798560 636
1798570 637
1798580 637
1798590 638
1798600 638
1798610 638
1798620 639
1798630 639
1798640 639
1798650 640
1798660 640
1798670 641
1798680 642
1798690 642
1798700 643
1798710 643
1798720 644
1798730 644
1798740 645
1798750 646
1798760 647
1798770 648
1798780 648
1798790 649
1798800 649
1798810 649
1798820 649
1798830 649
1798840 649
1798850 649
1798860 648
1798870 647
1798880 646
1798890 644
1798900 644
1798910 644
1798920 645
1798930 646
1798940 647
1798950 648
1798960 648
1798970 649
1798980 650
1798990 651
1799000 652
1799010 653
1799020 654
1799030 655
1799040 656
1799050 657
1799060 658
1799070 659
1799080 660
1799090 661
1799100 662
1799110 663
1799120 665
1799130 666
1799140 667
1799150 667
1799160 667
1799170 668
1799180 668
1799190 668
1799200 669
1799210 668
1799220 668
1799230 667
1799240 666
1799250 665
1799260 665
1799270 665
1799280 665
1799290 665
1799300 664
1799310 663
1799320 662
1799330 661
1799340 660
1799350 659
1799360 658
1799370 656
1799380 655
1799390 653
1799400 652
1799410 650
1799420 648
1799430 646
1799440 645
1799450 643
1799460 642
1799470 641
1799480 640
1799490 639
1799500 639
1799510 638
1799520 637
1799530 636
1799540 635
1799550 635
1799560 634
1799570 634
1799580 634
1799590 634
1799600 633
1799610 633
1799620 633
1799630 633
1799640 632
1799650 632
1799660 631
1799670 631
1799680 631
1799690 630
1799700 629
1799710 628
1799720 629
1799730 630
1799740 631
1799750 631
1799760 632
1799770 632
1799780 631
1799790 629
1799800 628
1799810 626
1799820 625
1799830 623
1799840 622
1799850 621
1799860 621
1799870 620
1799880 619
1799890 618
1799900 618
1799910 617
1799920 616
1799930 615
1799940 615
1799950 616
1799960 618
1799970 619
1799980 620
1799990 622
