1780000 1207
1780010 1204
1780020 1201
1780030 1201
1780040 1198
1780050 1195
1780060 1195
1780070 1192
1780080 1189
1780090 1189
1780100 1187
1780110 1185
1780120 1183
1780130 1183
1780140 1180
1780150 1177
1780160 1177
1780170 1174
1780180 1172
1780190 1172
1780200 1169
1780210 1167
1780220 1167
1780230 1165
1780240 1163
1780250 1163
1780260 1161
1780270 1159
1780280 1159
1780290 1157
1780300 1157
1780310 1157
1780320 1156
1780330 1156
1780340 1156
1780350 1154
1780360 1152
1780370 1152
1780380 1149
1780390 1146
1780400 1146
1780410 1142
1780420 1138
1780430 1138
1780440 1135
1780450 1132
1780460 1129
1780470 1129
1780480 1126
1780490 1123
1780500 1123
1780510 1120
1780520 1115
1780530 1115
1780540 1111
1780550 1108
1780560 1108
1780570 1104
1780580 1100
1780590 1100
1780600 1096
1780610 1090
1780620 1090
1780630 1085
1780640 1081
1780650 1081
1780660 1077
1780670 1072
1780680 1072
1780690 1068
1780700 1064
1780710 1064
1780720 1061
1780730 1056
1780740 1056
1780750 1053
1780760 1049
1780770 1046
1780780 1046
1780790 1042
1780800 1039
1780810 1039
1780820 1036
1780830 1033
1780840 1033
1780850 1031
1780860 1028
1780870 1028
1780880 1026
1780890 1024
1780900 1024
1780910 1022
1780920 1020
1780930 1020
1780940 1018
1780950 1017
1780960 1017
1780970 1015
1780980 1012
1780990 1009
1781000 1007
1781010 1004
1781020 1004
1781030 1002
1781040 999
1781050 999
1781060 997
1781070 996
1781080 996
1781090 995
1781100 994
1781110 993
1781120 993
1781130 993
1781140 992
1781150 992
1781160 992
1781170 991
1781180 991
1781190 989
1781200 988
1781210 988
1781220 986
1781230 985
1781240 985
1781250 983
1781260 982
1781270 982
1781280 981
1781290 980
1781300 980
1781310 978
1781320 978
1781330 978
1781340 976
1781350 975
1781360 975
1781370 974
1781380 973
1781390 973
1781400 972
1781410 972
1781420 971
1781430 971
1781440 969
1781450 968
1781460 968
1781470 968
1781480 968
1781490 968
1781500 966
1781510 965
1781520 965
1781530 964
1781540 963
1781550 963
1781560 963
1781570 962
1781580 962
1781590 962
1781600 962
1781610 962
1781620 962
1781630 961
1781640 961
1781650 960
1781660 959
1781670 959
1781680 959
1781690 957
1781700 957
1781710 956
1781720 954
1781730 954
1781740 953
1781750 952
1781760 951
1781770 951
1781780 950
1781790 950
1781800 950
1781810 951
1781820 950
1781830 950
1781840 950
1781850 947
1781860 947
1781870 944
1781880 942
1781890 942
1781900 939
1781910 938
1781920 938
1781930 936
1781940 934
1781950 934
1781960 931
1781970 927
1781980 927
1781990 924
1782000 920
1782010 920
1782020 916
1782030 913
1782040 913
1782050 910
1782060 908
1782070 908
1782080 905
1782090 903
1782100 901
1782110 901
1782120 899
1782130 898
1782140 897
1782150 894
1782160 888
1782170 888
1782180 884
1782190 879
1782200 879
1782210 875
1782220 872
1782230 872
1782240 868
1782250 864
1782260 864
1782270 861
1782280 859
1782290 859
1782300 856
1782310 854
1782320 854
1782330 851
1782340 848
1782350 848
1782360 846
1782370 843
1782380 843
1782390 840
1782400 838
1782410 835
1782420 835
1782430 832
1782440 829
1782450 829
1782460 826
1782470 823
1782480 823
1782490 820
1782500 817
1782510 817
1782520 813
1782530 810
1782540 810
1782550 807
1782560 804
1782570 804
1782580 800
1782590 797
1782600 797
1782610 793
1782620 788
1782630 788
1782640 786
1782650 783
1782660 783
1782670 780
1782680 777
1782690 777
1782700 774
1782710 769
1782720 769
1782730 767
1782740 766
1782750 765
1782760 765
1782770 764
1782780 763
1782790 763
1782800 762
1782810 762
1782820 762
1782830 761
1782840 761
1782850 761
1782860 761
1782870 762
1782880 762
1782890 762
1782900 764
1782910 764
1782920 766
1782930 774
1782940 774
1782950 780
1782960 785
1782970 785
1782980 792
1782990 793
1783000 793
1783010 796
1783020 800
1783030 800
1783040 805
1783050 810
1783060 813
1783070 813
1783080 815
1783090 817
1783100 817
1783110 819
1783120 820
1783130 820
1783140 822
1783150 824
1783160 824
1783170 824
1783180 827
1783190 827
1783200 826
1783210 825
1783220 825
1783230 824
1783240 823
1783250 823
1783260 821
1783270 821
1783280 821
1783290 820
1783300 819
1783310 819
1783320 818
1783330 817
1783340 817
1783350 816
1783360 815
1783370 815
1783380 815
1783390 814
1783400 814
1783410 814
1783420 813
1783430 813
1783440 813
1783450 812
1783460 812
1783470 812
1783480 813
1783490 813
1783500 813
1783510 814
1783520 814
1783530 814
1783540 815
1783550 816
1783560 816
1783570 817
1783580 819
1783590 819
1783600 820
1783610 822
1783620 822
1783630 823
1783640 825
1783650 825
1783660 828
1783670 829
1783680 829
1783690 830
1783700 831
1783710 832
1783720 832
1783730 833
1783740 833
1783750 833
1783760 833
1783770 833
1783780 833
1783790 833
1783800 834
1783810 834
1783820 834
1783830 834
1783840 834
1783850 834
1783860 835
1783870 835
1783880 835
1783890 834
1783900 834
1783910 834
1783920 834
1783930 834
1783940 833
1783950 832
1783960 832
1783970 832
1783980 832
1783990 832
1784000 829
1784010 828
1784020 828
1784030 827
1784040 825
1784050 823
1784060 823
1784070 820
1784080 817
1784090 817
1784100 816
1784110 813
1784120 813
1784130 811
1784140 809
1784150 809
1784160 808
1784170 804
1784180 804
1784190 802
1784200 800
1784210 800
1784220 797
1784230 794
1784240 794
1784250 792
1784260 790
1784270 790
1784280 788
1784290 785
1784300 785
1784310 781
1784320 776
1784330 776
1784340 771
1784350 765
1784360 760
1784370 760
1784380 754
1784390 748
1784400 748
1784410 744
1784420 738
1784430 738
1784440 736
1784450 739
1784460 739
1784470 744
1784480 749
1784490 749
1784500 752
1784510 754
1784520 754
1784530 757
1784540 758
1784550 758
1784560 761
1784570 765
1784580 765
1784590 767
1784600 769
1784610 769
1784620 771
1784630 773
1784640 773
1784650 777
1784660 778
1784670 778
1784680 779
1784690 779
1784700 780
1784710 780
1784720 777
1784730 781
1784740 781
1784750 781
1784760 782
1784770 782
1784780 783
1784790 783
1784800 783
1784810 783
1784820 784
1784830 784
1784840 784
1784850 784
1784860 784
1784870 785
1784880 785
1784890 785
1784900 786
1784910 786
1784920 786
1784930 787
1784940 788
1784950 788
1784960 788
1784970 790
1784980 790
1784990 792
1785000 793
1785010 795
1785020 795
1785030 797
1785040 798
1785050 798
1785060 799
1785070 798
1785080 798
1785090 800
1785100 798
1785110 798
1785120 798
1785130 798
1785140 798
1785150 798
1785160 797
1785170 797
1785180 796
1785190 796
1785200 796
1785210 795
1785220 795
1785230 795
1785240 795
1785250 794
1785260 794
1785270 793
1785280 791
1785290 791
1785300 791
1785310 790
1785320 790
1785330 790
1785340 789
1785350 789
1785360 789
1785370 788
1785380 788
1785390 788
1785400 787
1785410 787
1785420 787
1785430 786
1785440 786
1785450 786
1785460 785
1785470 785
1785480 785
1785490 785
1785500 784
1785510 784
1785520 783
1785530 783
1785540 783
1785550 783
1785560 782
1785570 782
1785580 781
1785590 781
1785600 781
1785610 780
1785620 779
1785630 779
1785640 778
1785650 777
1785660 776
1785670 776
1785680 775
1785690 773
1785700 773
1785710 771
1785720 770
1785730 770
1785740 768
1785750 767
1785760 767
1785770 765
1785780 763
1785790 763
1785800 762
1785810 760
1785820 760
1785830 759
1785840 757
1785850 757
1785860 756
1785870 755
1785880 755
1785890 753
1785900 753
1785910 753
1785920 752
1785930 750
1785940 750
1785950 750
1785960 749
1785970 749
1785980 748
1785990 746
1786000 745
1786010 745
1786020 744
1786030 743
1786040 743
1786050 742
1786060 740
1786070 740
1786080 739
1786090 737
1786100 737
1786110 735
1786120 732
1786130 732
1786140 729
1786150 728
1786160 728
1786170 727
1786180 726
1786190 726
1786200 725
1786210 721
1786220 721
1786230 720
1786240 720
1786250 720
1786260 723
1786270 725
1786280 725
1786290 727
1786300 726
1786310 726
1786320 726
1786330 726
1786340 726
1786350 726
1786360 727
1786370 728
1786380 728
1786390 728
1786400 727
1786410 727
1786420 725
1786430 722
1786440 722
1786450 720
1786460 717
1786470 717
1786480 714
1786490 712
1786500 712
1786510 708
1786520 703
1786530 703
1786540 698
1786550 692
1786560 692
1786570 686
1786580 680
1786590 680
1786600 672
1786610 665
1786620 665
1786630 660
1786640 655
1786650 648
1786660 648
1786670 648
1786680 649
1786690 649
1786700 655
1786710 662
1786720 662
1786730 671
1786740 678
1786750 678
1786760 684
1786770 690
1786780 690
1786790 695
1786800 700
1786810 700
1786820 703
1786830 705
1786840 705
1786850 708
1786860 711
1786870 711
1786880 713
1786890 714
1786900 714
1786910 717
1786920 719
1786930 719
1786940 721
1786950 722
1786960 722
1786970 723
1786980 723
1786990 724
1787000 724
1787010 724
1787020 725
1787030 725
1787040 725
1787050 726
1787060 726
1787070 726
1787080 730
1787090 730
1787100 734
1787110 734
1787120 734
1787130 731
1787140 727
1787150 727
1787160 725
1787170 722
1787180 722
1787190 721
1787200 720
1787210 720
1787220 719
1787230 718
1787240 718
1787250 717
1787260 717
1787270 717
1787280 715
1787290 714
1787300 713
1787310 713
1787320 711
1787330 709
1787340 709
1787350 707
1787360 705
1787370 705
1787380 702
1787390 699
1787400 699
1787410 695
1787420 692
1787430 692
1787440 689
1787450 687
1787460 687
1787470 685
1787480 682
1787490 682
1787500 681
1787510 679
1787520 679
1787530 677
1787540 675
1787550 675
1787560 673
1787570 671
1787580 671
1787590 670
1787600 668
1787610 668
1787620 664
1787630 664
1787640 657
1787650 657
1787660 653
1787670 654
1787680 654
1787690 648
1787700 645
1787710 645
1787720 642
1787730 639
1787740 639
1787750 636
1787760 633
1787770 633
1787780 631
1787790 628
1787800 628
1787810 626
1787820 631
1787830 631
1787840 632
1787850 631
1787860 631
1787870 628
1787880 623
1787890 623
1787900 619
1787910 618
1787920 618
1787930 617
1787940 616
1787950 613
1787960 613
1787970 611
1787980 611
1787990 611
1788000 613
1788010 613
1788020 613
1788030 613
1788040 612
1788050 612
1788060 611
1788070 610
1788080 610
1788090 608
1788100 605
1788110 605
1788120 603
1788130 600
1788140 600
1788150 596
1788160 593
1788170 593
1788180 592
1788190 592
1788200 592
1788210 593
1788220 593
1788230 593
1788240 593
1788250 591
1788260 591
1788270 591
1788280 591
1788290 590
1788300 590
1788310 588
1788320 588
1788330 588
1788340 590
1788350 593
1788360 593
1788370 594
1788380 594
1788390 594
1788400 595
1788410 597
1788420 597
1788430 598
1788440 599
1788450 599
1788460 600
1788470 601
1788480 601
1788490 602
1788500 602
1788510 602
1788520 603
1788530 603
1788540 603
1788550 605
1788560 606
1788570 606
1788580 606
1788590 606
1788600 607
1788610 607
1788620 608
1788630 609
1788640 609
1788650 608
1788660 609
1788670 609
1788680 611
1788690 611
1788700 611
1788710 611
1788720 611
1788730 611
1788740 616
1788750 619
1788760 619
1788770 622
1788780 623
1788790 623
1788800 625
1788810 626
1788820 626
1788830 627
1788840 627
1788850 627
1788860 627
1788870 626
1788880 626
1788890 624
1788900 623
1788910 623
1788920 622
1788930 620
1788940 619
1788950 619
1788960 617
1788970 616
1788980 616
1788990 614
1789000 612
1789010 612
1789020 611
1789030 609
1789040 609
1789050 607
1789060 606
1789070 606
1789080 604
1789090 603
1789100 603
1789110 600
1789120 599
1789130 599
1789140 597
1789150 596
1789160 596
1789170 594
1789180 593
1789190 593
1789200 591
1789210 589
1789220 589
1789230 588
1789240 586
1789250 585
1789260 585
1789270 583
1789280 582
1789290 582
1789300 581
1789310 580
1789320 580
1789330 577
1789340 575
1789350 575
1789360 574
1789370 574
1789380 574
1789390 572
1789400 573
1789410 573
1789420 574
1789430 573
1789440 573
1789450 573
1789460 574
1789470 574
1789480 574
1789490 574
1789500 574
1789510 577
1789520 583
1789530 583
1789540 585
1789550 586
1789560 586
1789570 586
1789580 582
1789590 587
1789600 587
1789610 586
1789620 587
1789630 587
1789640 586
1789650 585
1789660 585
1789670 585
1789680 584
1789690 584
1789700 583
1789710 582
1789720 582
1789730 581
1789740 582
1789750 582
1789760 582
1789770 582
1789780 582
1789790 582
1789800 582
1789810 582
1789820 583
1789830 583
1789840 582
1789850 585
1789860 594
1789870 594
1789880 598
1789890 602
1789900 603
1789910 603
1789920 605
1789930 607
1789940 607
1789950 609
1789960 610
1789970 610
1789980 611
1789990 612
1790000 612
1790010 614
1790020 616
1790030 616
1790040 618
1790050 621
1790060 621
1790070 623
1790080 626
1790090 626
1790100 630
1790110 632
1790120 632
1790130 634
1790140 636
1790150 636
1790160 638
1790170 640
1790180 640
1790190 641
1790200 643
1790210 643
1790220 645
1790230 646
1790240 646
1790250 646
1790260 647
1790270 647
1790280 647
1790290 647
1790300 648
1790310 648
1790320 648
1790330 648
1790340 648
1790350 648
1790360 649
1790370 649
1790380 650
1790390 650
1790400 650
1790410 651
1790420 652
1790430 652
1790440 653
1790450 654
1790460 654
1790470 655
1790480 655
1790490 655
1790500 656
1790510 656
1790520 656
1790530 655
1790540 654
1790550 655
1790560 655
1790570 654
1790580 654
1790590 654
1790600 654
1790610 653
1790620 653
1790630 653
1790640 652
1790650 652
1790660 651
1790670 649
1790680 649
1790690 647
1790700 645
1790710 645
1790720 644
1790730 643
1790740 643
1790750 641
1790760 640
1790770 640
1790780 632
1790790 632
1790800 632
1790810 636
1790820 642
1790830 642
1790840 646
1790850 647
1790860 647
1790870 650
1790880 653
1790890 655
1790900 654
1790910 656
1790920 658
1790930 658
1790940 660
1790950 662
1790960 662
1790970 663
1790980 665
1790990 665
1791000 668
1791010 669
1791020 669
1791030 672
1791040 675
1791050 675
1791060 677
1791070 679
1791080 679
1791090 681
1791100 683
1791110 683
1791120 684
1791130 686
1791140 686
1791150 687
1791160 688
1791170 688
1791180 690
1791190 691
1791200 693
1791210 693
1791220 695
1791230 696
1791240 696
1791250 696
1791260 697
1791270 697
1791280 697
1791290 697
1791300 697
1791310 697
1791320 697
1791330 697
1791340 697
1791350 696
1791360 696
1791370 696
1791380 695
1791390 695
1791400 694
1791410 692
1791420 692
1791430 692
1791440 690
1791450 690
1791460 689
1791470 688
1791480 688
1791490 687
1791500 687
1791510 687
1791520 686
1791530 685
1791540 685
1791550 685
1791560 684
1791570 684
1791580 684
1791590 683
1791600 682
1791610 682
1791620 680
1791630 679
1791640 679
1791650 678
1791660 678
1791670 678
1791680 677
1791690 675
1791700 675
1791710 674
1791720 672
1791730 672
1791740 671
1791750 669
1791760 669
1791770 668
1791780 666
1791790 666
1791800 665
1791810 663
1791820 663
1791830 663
1791840 661
1791850 661
1791860 659
1791870 656
1791880 655
1791890 655
1791900 655
1791910 655
1791920 655
1791930 648
1791940 646
1791950 646
1791960 645
1791970 645
1791980 645
1791990 643
1792000 643
1792010 643
1792020 646
1792030 652
1792040 652
1792050 654
1792060 655
1792070 655
1792080 657
1792090 658
1792100 658
1792110 658
1792120 660
1792130 660
1792140 662
1792150 664
1792160 664
1792170 665
1792180 666
1792190 668
1792200 668
1792210 669
1792220 670
1792230 670
1792240 671
1792250 672
1792260 672
1792270 673
1792280 674
1792290 674
1792300 674
1792310 674
1792320 674
1792330 676
1792340 679
1792350 679
1792360 681
1792370 683
1792380 683
1792390 685
1792400 687
1792410 687
1792420 689
1792430 690
1792440 690
1792450 692
1792460 693
1792470 693
1792480 695
1792490 697
1792500 697
1792510 700
1792520 704
1792530 706
1792540 706
1792550 710
1792560 713
1792570 713
1792580 717
1792590 720
1792600 720
1792610 722
1792620 724
1792630 724
1792640 726
1792650 727
1792660 727
1792670 728
1792680 728
1792690 728
1792700 728
1792710 728
1792720 728
1792730 728
1792740 728
1792750 728
1792760 728
1792770 727
1792780 727
1792790 726
1792800 724
1792810 724
1792820 723
1792830 722
1792840 722
1792850 722
1792860 721
1792870 721
1792880 721
1792890 720
1792900 720
1792910 720
1792920 720
1792930 720
1792940 720
1792950 720
1792960 721
1792970 721
1792980 724
1792990 730
1793000 730
1793010 730
1793020 727
1793030 727
1793040 721
1793050 715
1793060 715
1793070 709
1793080 704
1793090 704
1793100 700
1793110 697
1793120 697
1793130 695
1793140 692
1793150 692
1793160 689
1793170 687
1793180 685
1793190 685
1793200 684
1793210 682
1793220 682
1793230 681
1793240 680
1793250 680
1793260 679
1793270 678
1793280 678
1793290 676
1793300 674
1793310 674
1793320 671
1793330 669
1793340 669
1793350 667
1793360 665
1793370 665
1793380 663
1793390 661
1793400 661
1793410 659
1793420 658
1793430 658
1793440 657
1793450 656
1793460 656
1793470 658
1793480 658
1793490 659
1793500 659
1793510 660
1793520 660
1793530 660
1793540 660
1793550 659
1793560 659
1793570 658
1793580 656
1793590 656
1793600 655
1793610 653
1793620 653
1793630 650
1793640 648
1793650 648
1793660 645
1793670 642
1793680 642
1793690 637
1793700 632
1793710 632
1793720 630
1793730 622
1793740 622
1793750 614
1793760 607
1793770 607
1793780 601
1793790 595
1793800 595
1793810 590
1793820 586
1793830 582
1793840 582
1793850 578
1793860 572
1793870 572
1793880 567
1793890 568
1793900 568
1793910 565
1793920 567
1793930 567
1793940 567
1793950 567
1793960 567
1793970 567
1793980 570
1793990 570
1794000 577
1794010 583
1794020 589
1794030 592
1794040 597
1794050 597
1794060 600
1794070 603
1794080 603
1794090 607
1794100 610
1794110 610
1794120 614
1794130 618
1794140 624
1794150 624
1794160 628
1794170 632
1794180 632
1794190 637
1794200 641
1794210 641
1794220 644
1794230 648
1794240 648
1794250 651
1794260 654
1794270 654
1794280 656
1794290 659
1794300 659
1794310 661
1794320 664
1794330 664
1794340 668
1794350 669
1794360 669
1794370 670
1794380 672
1794390 672
1794400 674
1794410 676
1794420 676
1794430 677
1794440 678
1794450 678
1794460 678
1794470 679
1794480 680
1794490 680
1794500 682
1794510 686
1794520 686
1794530 689
1794540 692
1794550 692
1794560 694
1794570 697
1794580 697
1794590 699
1794600 701
1794610 701
1794620 704
1794630 707
1794640 707
1794650 709
1794660 712
1794670 712
1794680 715
1794690 717
1794700 717
1794710 719
1794720 721
1794730 721
1794740 723
1794750 724
1794760 724
1794770 725
1794780 728
1794790 731
1794800 731
1794810 732
1794820 735
1794830 735
1794840 737
1794850 740
1794860 740
1794870 742
1794880 745
1794890 745
1794900 746
1794910 748
1794920 748
1794930 750
1794940 752
1794950 752
1794960 754
1794970 756
1794980 756
1794990 757
1795000 758
1795010 758
1795020 759
1795030 760
1795040 760
1795050 757
1795060 760
1795070 760
1795080 762
1795090 765
1795100 765
1795110 767
1795120 770
1795130 772
1795140 772
1795150 776
1795160 777
1795170 777
1795180 779
1795190 781
1795200 781
1795210 782
1795220 784
1795230 784
1795240 785
1795250 786
1795260 786
1795270 787
1795280 788
1795290 788
1795300 788
1795310 788
1795320 788
1795330 787
1795340 787
1795350 787
1795360 786
1795370 784
1795380 784
1795390 782
1795400 780
1795410 780
1795420 778
1795430 775
1795440 773
1795450 773
1795460 770
1795470 768
1795480 768
1795490 766
1795500 764
1795510 764
1795520 762
1795530 760
1795540 760
1795550 758
1795560 756
1795570 756
1795580 754
1795590 753
1795600 753
1795610 751
1795620 749
1795630 749
1795640 747
1795650 745
1795660 745
1795670 743
1795680 741
1795690 741
1795700 738
1795710 736
1795720 736
1795730 733
1795740 731
1795750 731
1795760 728
1795770 725
1795780 723
1795790 723
1795800 720
1795810 717
1795820 717
1795830 715
1795840 710
1795850 710
1795860 705
1795870 710
1795880 710
1795890 713
1795900 716
1795910 716
1795920 718
1795930 721
1795940 721
1795950 722
1795960 724
1795970 724
1795980 727
1795990 729
1796000 729
1796010 731
1796020 733
1796030 733
1796040 735
1796050 737
1796060 737
1796070 739
1796080 741
1796090 741
1796100 743
1796110 745
1796120 747
1796130 747
1796140 749
1796150 750
1796160 750
1796170 752
1796180 754
1796190 754
1796200 756
1796210 758
1796220 758
1796230 759
1796240 761
1796250 761
1796260 762
1796270 763
1796280 763
1796290 764
1796300 765
1796310 765
1796320 766
1796330 767
1796340 767
1796350 768
1796360 768
1796370 768
1796380 768
1796390 768
1796400 768
1796410 767
1796420 766
1796430 765
1796440 765
1796450 764
1796460 763
1796470 763
1796480 762
1796490 762
1796500 762
1796510 760
1796520 758
1796530 758
1796540 756
1796550 753
1796560 753
1796570 751
1796580 746
1796590 746
1796600 743
1796610 739
1796620 739
1796630 734
1796640 730
1796650 730
1796660 727
1796670 724
1796680 724
1796690 722
1796700 720
1796710 720
1796720 718
1796730 717
1796740 717
1796750 716
1796760 714
1796770 714
1796780 714
1796790 713
1796800 714
1796810 714
1796820 713
1796830 712
1796840 712
1796850 709
1796860 703
1796870 703
1796880 699
1796890 697
1796900 697
1796910 694
1796920 693
1796930 693
1796940 693
1796950 693
1796960 693
1796970 692
1796980 690
1796990 690
1797000 687
1797010 684
1797020 684
1797030 682
1797040 679
1797050 679
1797060 677
1797070 673
1797080 671
1797090 671
1797100 668
1797110 666
1797120 666
1797130 664
1797140 662
1797150 662
1797160 660
1797170 657
1797180 657
1797190 655
1797200 652
1797210 652
1797220 650
1797230 648
1797240 648
1797250 644
1797260 640
1797270 640
1797280 636
1797290 632
1797300 632
1797310 627
1797320 622
1797330 622
1797340 616
1797350 608
1797360 608
1797370 608
1797380 602
1797390 602
1797400 597
1797410 591
1797420 590
1797430 590
1797440 591
1797450 592
1797460 592
1797470 592
1797480 591
1797490 591
1797500 591
1797510 592
1797520 592
1797530 593
1797540 597
1797550 597
1797560 599
1797570 601
1797580 601
1797590 604
1797600 605
1797610 605
1797620 608
1797630 612
1797640 612
1797650 615
1797660 618
1797670 618
1797680 621
1797690 623
1797700 623
1797710 626
1797720 632
1797730 637
1797740 637
1797750 642
1797760 645
1797770 645
1797780 649
1797790 652
1797800 652
1797810 656
1797820 659
1797830 659
1797840 662
1797850 667
1797860 667
1797870 671
1797880 672
1797890 672
1797900 674
1797910 677
1797920 677
1797930 680
1797940 683
1797950 683
1797960 686
1797970 686
1797980 686
1797990 686
1798000 686
1798010 686
1798020 687
1798030 689
1798040 689
1798050 691
1798060 693
1798070 696
1798080 702
1798090 704
1798100 706
1798110 706
1798120 708
1798130 710
1798140 710
1798150 713
1798160 718
1798170 718
1798180 718
1798190 720
1798200 720
1798210 722
1798220 724
1798230 724
1798240 726
1798250 728
1798260 728
1798270 729
1798280 730
1798290 730
1798300 731
1798310 732
1798320 732
1798330 732
1798340 733
1798350 733
1798360 732
1798370 731
1798380 729
1798390 729
1798400 728
1798410 726
1798420 726
1798430 724
1798440 722
1798450 722
1798460 720
1798470 718
1798480 718
1798490 717
1798500 716
1798510 716
1798520 712
1798530 711
1798540 711
1798550 709
1798560 707
1798570 707
1798580 705
1798590 703
1798600 703
1798610 700
1798620 698
1798630 698
1798640 695
1798650 692
1798660 692
1798670 689
1798680 686
1798690 686
1798700 683
1798710 681
1798720 678
1798730 678
1798740 676
1798750 674
1798760 674
1798770 671
1798780 669
1798790 669
1798800 667
1798810 664
1798820 664
1798830 662
1798840 657
1798850 657
1798860 654
1798870 649
1798880 649
1798890 649
1798900 646
1798910 646
1798920 642
