1780000 1221
1780010 1219
1780020 1217
1780030 1217
1780040 1214
1780050 1211
1780060 1208
1780070 1208
1780080 1205
1780090 1203
1780100 1203
1780110 1201
1780120 1199
1780130 1199
1780140 1198
1780150 1196
1780160 1196
1780170 1194
1780180 1192
1780190 1192
1780200 1189
1780210 1186
1780220 1186
1780230 1184
1780240 1182
1780250 1182
1780260 1181
1780270 1178
1780280 1178
1780290 1173
1780300 1170
1780310 1170
1780320 1168
1780330 1166
1780340 1166
1780350 1164
1780360 1163
1780370 1162
1780380 1162
1780390 1160
1780400 1158
1780410 1158
1780420 1155
1780430 1153
1780440 1153
1780450 1151
1780460 1148
1780470 1148
1780480 1147
1780490 1145
1780500 1145
1780510 1141
1780520 1138
1780530 1138
1780540 1134
1780550 1130
1780560 1130
1780570 1125
1780580 1121
1780590 1121
1780600 1117
1780610 1113
1780620 1113
1780630 1108
1780640 1104
1780650 1104
1780660 1099
1780670 1094
1780680 1094
1780690 1090
1780700 1085
1780710 1083
1780720 1083
1780730 1078
1780740 1075
1780750 1075
1780760 1072
1780770 1069
1780780 1069
1780790 1066
1780800 1063
1780810 1063
1780820 1061
1780830 1058
1780840 1058
1780850 1056
1780860 1054
1780870 1054
1780880 1051
1780890 1048
1780900 1048
1780910 1046
1780920 1043
1780930 1043
1780940 1040
1780950 1038
1780960 1038
1780970 1036
1780980 1034
1780990 1034
1781000 1032
1781010 1030
1781020 1028
1781030 1028
1781040 1025
1781050 1022
1781060 1022
1781070 1019
1781080 1012
1781090 1012
1781100 1011
1781110 1009
1781120 1009
1781130 1007
1781140 1005
1781150 1005
1781160 1004
1781170 1003
1781180 1003
1781190 1001
1781200 1000
1781210 1000
1781220 998
1781230 997
1781240 997
1781250 995
1781260 994
1781270 994
1781280 993
1781290 992
1781300 992
1781310 990
1781320 989
1781330 989
1781340 987
1781350 986
1781360 985
1781370 985
1781380 984
1781390 983
1781400 983
1781410 982
1781420 981
1781430 981
1781440 980
1781450 979
1781460 979
1781470 978
1781480 977
1781490 977
1781500 976
1781510 975
1781520 975
1781530 975
1781540 974
1781550 974
1781560 973
1781570 973
1781580 973
1781590 972
1781600 972
1781610 972
1781620 971
1781630 971
1781640 971
1781650 971
1781660 970
1781670 970
1781680 970
1781690 969
1781700 968
1781710 968
1781720 967
1781730 966
1781740 966
1781750 965
1781760 964
1781770 964
1781780 963
1781790 962
1781800 962
1781810 961
1781820 959
1781830 959
1781840 958
1781850 957
1781860 957
1781870 955
1781880 954
1781890 954
1781900 952
1781910 949
1781920 949
1781930 945
1781940 941
1781950 941
1781960 938
1781970 934
1781980 934
1781990 931
1782000 928
1782010 924
1782020 924
1782030 919
1782040 914
1782050 914
1782060 909
1782070 906
1782080 906
1782090 903
1782100 900
1782110 900
1782120 897
1782130 895
1782140 895
1782150 893
1782160 890
1782170 890
1782180 888
1782190 885
1782200 885
1782210 882
1782220 879
1782230 879
1782240 875
1782250 873
1782260 873
1782270 869
1782280 867
1782290 867
1782300 864
1782310 862
1782320 859
1782330 859
1782340 855
1782350 852
1782360 852
1782370 849
1782380 847
1782390 847
1782400 844
1782410 841
1782420 841
1782430 838
1782440 835
1782450 835
1782460 833
1782470 830
1782480 830
1782490 826
1782500 822
1782510 822
1782520 818
1782530 812
1782540 812
1782550 808
1782560 805
1782570 805
1782580 803
1782590 801
1782600 801
1782610 799
1782620 798
1782630 798
1782640 795
1782650 793
1782660 789
1782670 789
1782680 787
1782690 784
1782700 784
1782710 781
1782720 779
1782730 779
1782740 775
1782750 771
1782760 771
1782770 768
1782780 766
1782790 766
1782800 764
1782810 761
1782820 761
1782830 758
1782840 756
1782850 756
1782860 756
1782870 755
1782880 755
1782890 755
1782900 754
1782910 754
1782920 754
1782930 754
1782940 754
1782950 759
1782960 764
1782970 764
1782980 770
1782990 776
1783000 781
1783010 781
1783020 787
1783030 792
1783040 792
1783050 798
1783060 801
1783070 801
1783080 802
1783090 806
1783100 806
1783110 808
1783120 811
1783130 811
1783140 813
1783150 814
1783160 814
1783170 815
1783180 817
1783190 817
1783200 818
1783210 818
1783220 818
1783230 817
1783240 816
1783250 816
1783260 815
1783270 813
1783280 813
1783290 811
1783300 809
1783310 808
1783320 808
1783330 804
1783340 798
1783350 800
1783360 796
1783370 792
1783380 792
1783390 794
1783400 794
1783410 794
1783420 795
1783430 795
1783440 795
1783450 795
1783460 795
1783470 795
1783480 797
1783490 798
1783500 798
1783510 799
1783520 800
1783530 800
1783540 801
1783550 803
1783560 803
1783570 805
1783580 808
1783590 808
1783600 811
1783610 814
1783620 814
1783630 815
1783640 818
1783650 819
1783660 819
1783670 821
1783680 822
1783690 822
1783700 824
1783710 824
1783720 824
1783730 825
1783740 825
1783750 825
1783760 826
1783770 827
1783780 827
1783790 826
1783800 826
1783810 826
1783820 827
1783830 827
1783840 827
1783850 828
1783860 828
1783870 828
1783880 828
1783890 829
1783900 829
1783910 830
1783920 831
1783930 831
1783940 831
1783950 831
1783960 830
1783970 830
1783980 830
1783990 829
1784000 829
1784010 829
1784020 828
1784030 828
1784040 827
1784050 826
1784060 826
1784070 824
1784080 823
1784090 823
1784100 822
1784110 822
1784120 822
1784130 819
1784140 818
1784150 818
1784160 816
1784170 814
1784180 814
1784190 813
1784200 808
1784210 808
1784220 806
1784230 803
1784240 803
1784250 801
1784260 798
1784270 798
1784280 796
1784290 793
1784300 789
1784310 789
1784320 785
1784330 781
1784340 781
1784350 777
1784360 772
1784370 772
1784380 768
1784390 763
1784400 763
1784410 758
1784420 752
1784430 752
1784440 747
1784450 743
1784460 743
1784470 735
1784480 728
1784490 728
1784500 724
1784510 725
1784520 725
1784530 725
1784540 725
1784550 725
1784560 726
1784570 730
1784580 730
1784590 733
1784600 736
1784610 738
1784620 738
1784630 741
1784640 742
1784650 742
1784660 744
1784670 748
1784680 748
1784690 748
1784700 745
1784710 745
1784720 753
1784730 757
1784740 757
1784750 758
1784760 761
1784770 761
1784780 763
1784790 765
1784800 765
1784810 767
1784820 768
1784830 768
1784840 768
1784850 769
1784860 769
1784870 770
1784880 772
1784890 772
1784900 772
1784910 774
1784920 774
1784930 776
1784940 777
1784950 778
1784960 778
1784970 780
1784980 781
1784990 781
1785000 782
1785010 783
1785020 783
1785030 784
1785040 786
1785050 786
1785060 786
1785070 787
1785080 787
1785090 788
1785100 788
1785110 788
1785120 787
1785130 789
1785140 789
1785150 790
1785160 790
1785170 790
1785180 791
1785190 791
1785200 791
1785210 792
1785220 792
1785230 792
1785240 793
1785250 793
1785260 794
1785270 794
1785280 795
1785290 795
1785300 795
1785310 794
1785320 794
1785330 794
1785340 793
1785350 792
1785360 792
1785370 791
1785380 790
1785390 790
1785400 790
1785410 790
1785420 790
1785430 789
1785440 789
1785450 789
1785460 789
1785470 789
1785480 789
1785490 788
1785500 788
1785510 788
1785520 788
1785530 788
1785540 788
1785550 787
1785560 787
1785570 787
1785580 786
1785590 786
1785600 786
1785610 786
1785620 785
1785630 785
1785640 785
1785650 784
1785660 784
1785670 784
1785680 783
1785690 782
1785700 782
1785710 780
1785720 779
1785730 779
1785740 778
1785750 777
1785760 777
1785770 776
1785780 775
1785790 775
1785800 773
1785810 772
1785820 772
1785830 770
1785840 769
1785850 769
1785860 767
1785870 764
1785880 764
1785890 761
1785900 760
1785910 759
1785920 759
1785930 759
1785940 757
1785950 757
1785960 756
1785970 755
1785980 755
1785990 754
1786000 753
1786010 753
1786020 752
1786030 752
1786040 752
1786050 751
1786060 749
1786070 749
1786080 748
1786090 746
1786100 746
1786110 745
1786120 743
1786130 743
1786140 742
1786150 740
1786160 740
1786170 738
1786180 736
1786190 736
1786200 734
1786210 733
1786220 733
1786230 732
1786240 730
1786250 729
1786260 729
1786270 726
1786280 723
1786290 723
1786300 717
1786310 712
1786320 712
1786330 706
1786340 707
1786350 707
1786360 708
1786370 711
1786380 711
1786390 711
1786400 714
1786410 714
1786420 715
1786430 715
1786440 715
1786450 715
1786460 714
1786470 714
1786480 713
1786490 712
1786500 712
1786510 711
1786520 709
1786530 709
1786540 705
1786550 699
1786560 693
1786570 693
1786580 687
1786590 680
1786600 680
1786610 674
1786620 667
1786630 667
1786640 660
1786650 652
1786660 652
1786670 647
1786680 646
1786690 646
1786700 651
1786710 659
1786720 659
1786730 668
1786740 675
1786750 675
1786760 680
1786770 686
1786780 686
1786790 692
1786800 697
1786810 697
1786820 703
1786830 707
1786840 707
1786850 711
1786860 715
1786870 715
1786880 718
1786890 721
1786900 723
1786910 723
1786920 724
1786930 725
1786940 725
1786950 725
1786960 725
1786970 725
1786980 725
1786990 725
1787000 725
1787010 725
1787020 725
1787030 725
1787040 725
1787050 724
1787060 724
1787070 724
1787080 724
1787090 724
1787100 724
1787110 725
1787120 725
1787130 725
1787140 727
1787150 727
1787160 731
1787170 733
1787180 733
1787190 733
1787200 729
1787210 726
1787220 726
1787230 723
1787240 722
1787250 722
1787260 722
1787270 721
1787280 721
1787290 720
1787300 720
1787310 720
1787320 719
1787330 717
1787340 717
1787350 715
1787360 714
1787370 714
1787380 712
1787390 710
1787400 710
1787410 707
1787420 705
1787430 705
1787440 703
1787450 700
1787460 700
1787470 697
1787480 694
1787490 694
1787500 692
1787510 690
1787520 690
1787530 688
1787540 686
1787550 684
1787560 684
1787570 682
1787580 680
1787590 680
1787600 679
1787610 677
1787620 677
1787630 675
1787640 674
1787650 674
1787660 670
1787670 667
1787680 667
1787690 665
1787700 663
1787710 663
1787720 660
1787730 658
1787740 658
1787750 654
1787760 651
1787770 650
1787780 647
1787790 644
1787800 644
1787810 641
1787820 638
1787830 638
1787840 635
1787850 633
1787860 631
1787870 631
1787880 630
1787890 629
1787900 629
1787910 626
1787920 623
1787930 623
1787940 619
1787950 619
1787960 619
1787970 625
1787980 626
1787990 626
1788000 627
1788010 628
1788020 628
1788030 628
1788040 628
1788050 628
1788060 627
1788070 627
1788080 627
1788090 625
1788100 623
1788110 623
1788120 623
1788130 619
1788140 619
1788150 617
1788160 613
1788170 613
1788180 610
1788190 606
1788200 604
1788210 604
1788220 600
1788230 597
1788240 597
1788250 595
1788260 593
1788270 593
1788280 590
1788290 588
1788300 588
1788310 589
1788320 589
1788330 589
1788340 589
1788350 589
1788360 589
1788370 585
1788380 587
1788390 587
1788400 587
1788410 587
1788420 587
1788430 588
1788440 591
1788450 591
1788460 592
1788470 593
1788480 593
1788490 594
1788500 595
1788510 596
1788520 596
1788530 596
1788540 596
1788550 596
1788560 596
1788570 597
1788580 597
1788590 598
1788600 598
1788610 598
1788620 598
1788630 599
1788640 599
1788650 600
1788660 601
1788670 601
1788680 605
1788690 605
1788700 605
1788710 604
1788720 604
1788730 604
1788740 606
1788750 606
1788760 606
1788770 607
1788780 610
1788790 610
1788800 611
1788810 613
1788820 613
1788830 618
1788840 620
1788850 621
1788860 621
1788870 621
1788880 621
1788890 621
1788900 621
1788910 621
1788920 621
1788930 619
1788940 618
1788950 618
1788960 617
1788970 616
1788980 616
1788990 615
1789000 613
1789010 613
1789020 612
1789030 610
1789040 610
1789050 609
1789060 607
1789070 607
1789080 606
1789090 604
1789100 604
1789110 603
1789120 602
1789130 602
1789140 600
1789150 598
1789160 598
1789170 597
1789180 595
1789190 593
1789200 593
1789210 591
1789220 589
1789230 589
1789240 587
1789250 585
1789260 585
1789270 584
1789280 583
1789290 583
1789300 582
1789310 581
1789320 581
1789330 579
1789340 575
1789350 575
1789360 573
1789370 572
1789380 572
1789390 572
1789400 573
1789410 573
1789420 571
1789430 572
1789440 572
1789450 573
1789460 573
1789470 573
1789480 573
1789490 573
1789500 573
1789510 573
1789520 574
1789530 575
1789540 575
1789550 576
1789560 576
1789570 576
1789580 576
1789590 576
1789600 576
1789610 576
1789620 577
1789630 577
1789640 577
1789650 577
1789660 577
1789670 578
1789680 579
1789690 579
1789700 579
1789710 580
1789720 580
1789730 580
1789740 580
1789750 580
1789760 580
1789770 580
1789780 580
1789790 584
1789800 589
1789810 589
1789820 597
1789830 603
1789840 607
1789850 607
1789860 611
1789870 614
1789880 614
1789890 617
1789900 618
1789910 618
1789920 619
1789930 620
1789940 620
1789950 621
1789960 622
1789970 622
1789980 623
1789990 624
1790000 624
1790010 625
1790020 626
1790030 626
1790040 628
1790050 629
1790060 629
1790070 630
1790080 631
1790090 631
1790100 632
1790110 632
1790120 632
1790130 634
1790140 636
1790150 635
1790160 635
1790170 635
1790180 634
1790190 634
1790200 634
1790210 635
1790220 635
1790230 635
1790240 635
1790250 635
1790260 636
1790270 636
1790280 636
1790290 637
1790300 637
1790310 637
1790320 638
1790330 638
1790340 638
1790350 639
1790360 639
1790370 639
1790380 640
1790390 641
1790400 641
1790410 642
1790420 642
1790430 642
1790440 642
1790450 643
1790460 643
1790470 643
1790480 643
1790490 643
1790500 643
1790510 643
1790520 643
1790530 643
1790540 643
1790550 643
1790560 643
1790570 643
1790580 643
1790590 643
1790600 643
1790610 642
1790620 642
1790630 642
1790640 642
1790650 642
1790660 638
1790670 638
1790680 638
1790690 636
1790700 634
1790710 634
1790720 631
1790730 625
1790740 625
1790750 628
1790760 634
1790770 634
1790780 639
1790790 643
1790800 646
1790810 646
1790820 648
1790830 651
1790840 651
1790850 654
1790860 658
1790870 658
1790880 660
1790890 663
1790900 663
1790910 666
1790920 668
1790930 668
1790940 670
1790950 672
1790960 672
1790970 674
1790980 676
1790990 676
1791000 678
1791010 679
1791020 679
1791030 681
1791040 683
1791050 683
1791060 685
1791070 687
1791080 687
1791090 688
1791100 688
1791110 688
1791120 691
1791130 692
1791140 693
1791150 693
1791160 694
1791170 696
1791180 696
1791190 697
1791200 699
1791210 699
1791220 700
1791230 700
1791240 700
1791250 701
1791260 701
1791270 701
1791280 700
1791290 699
1791300 699
1791310 699
1791320 698
1791330 698
1791340 697
1791350 695
1791360 695
1791370 694
1791380 693
1791390 693
1791400 692
1791410 690
1791420 690
1791430 689
1791440 687
1791450 686
1791460 686
1791470 684
1791480 682
1791490 682
1791500 679
1791510 677
1791520 677
1791530 678
1791540 678
1791550 678
1791560 673
1791570 672
1791580 672
1791590 670
1791600 670
1791610 670
1791620 672
1791630 672
1791640 672
1791650 670
1791660 669
1791670 669
1791680 668
1791690 667
1791700 667
1791710 665
1791720 661
1791730 661
1791740 664
1791750 666
1791760 666
1791770 666
1791780 665
1791790 663
1791800 663
1791810 662
1791820 660
1791830 660
1791840 659
1791850 657
1791860 657
1791870 655
1791880 654
1791890 654
1791900 654
1791910 654
1791920 654
1791930 652
1791940 649
1791950 649
1791960 644
1791970 640
1791980 640
1791990 641
1792000 642
1792010 642
1792020 642
1792030 644
1792040 644
1792050 647
1792060 650
1792070 650
1792080 651
1792090 652
1792100 653
1792110 653
1792120 654
1792130 655
1792140 655
1792150 657
1792160 658
1792170 658
1792180 658
1792190 659
1792200 659
1792210 658
1792220 654
1792230 654
1792240 655
1792250 661
1792260 661
1792270 664
1792280 666
1792290 666
1792300 668
1792310 669
1792320 669
1792330 671
1792340 673
1792350 673
1792360 674
1792370 675
1792380 675
1792390 675
1792400 679
1792410 679
1792420 682
1792430 683
1792440 685
1792450 685
1792460 686
1792470 688
1792480 688
1792490 690
1792500 691
1792510 691
1792520 693
1792530 694
1792540 694
1792550 695
1792560 697
1792570 697
1792580 699
1792590 703
1792600 703
1792610 703
1792620 704
1792630 704
1792640 707
1792650 709
1792660 709
1792670 712
1792680 714
1792690 714
1792700 715
1792710 717
1792720 717
1792730 717
1792740 717
1792750 715
1792760 715
1792770 711
1792780 707
1792790 707
1792800 704
1792810 702
1792820 702
1792830 701
1792840 700
1792850 700
1792860 699
1792870 699
1792880 699
1792890 697
1792900 697
1792910 697
1792920 697
1792930 698
1792940 698
1792950 699
1792960 701
1792970 701
1792980 703
1792990 704
1793000 704
1793010 704
1793020 704
1793030 704
1793040 704
1793050 703
1793060 703
1793070 705
1793080 703
1793090 700
1793100 700
1793110 696
1793120 692
1793130 692
1793140 688
1793150 684
1793160 684
1793170 681
1793180 677
1793190 677
1793200 674
1793210 672
1793220 672
1793230 670
1793240 665
1793250 665
1793260 663
1793270 658
1793280 658
1793290 654
1793300 658
1793310 658
1793320 659
1793330 660
1793340 660
1793350 660
1793360 660
1793370 660
1793380 659
1793390 658
1793400 657
1793410 657
1793420 652
1793430 650
1793440 650
1793450 646
1793460 642
1793470 642
1793480 638
1793490 636
1793500 636
1793510 634
1793520 633
1793530 633
1793540 633
1793550 634
1793560 634
1793570 636
1793580 637
1793590 637
1793600 641
1793610 645
1793620 645
1793630 646
1793640 647
1793650 647
1793660 647
1793670 645
1793680 645
1793690 642
1793700 637
1793710 637
1793720 632
1793730 630
1793740 622
1793750 622
1793760 616
1793770 611
1793780 611
1793790 606
1793800 602
1793810 602
1793820 599
1793830 596
1793840 596
1793850 593
1793860 588
1793870 588
1793880 584
1793890 580
1793900 580
1793910 576
1793920 570
1793930 570
1793940 567
1793950 566
1793960 566
1793970 564
1793980 566
1793990 566
1794000 566
1794010 566
1794020 566
1794030 566
1794040 571
1794050 576
1794060 576
1794070 581
1794080 587
1794090 587
1794100 594
1794110 599
1794120 599
1794130 603
1794140 608
1794150 608
1794160 613
1794170 618
1794180 618
1794190 623
1794200 628
1794210 628
1794220 632
1794230 636
1794240 636
1794250 639
1794260 642
1794270 642
1794280 645
1794290 648
1794300 648
1794310 652
1794320 655
1794330 655
1794340 659
1794350 664
1794360 664
1794370 670
1794380 673
1794390 677
1794400 677
1794410 681
1794420 685
1794430 685
1794440 689
1794450 692
1794460 692
1794470 694
1794480 696
1794490 696
1794500 698
1794510 700
1794520 700
1794530 702
1794540 703
1794550 703
1794560 705
1794570 707
1794580 707
1794590 710
1794600 712
1794610 712
1794620 714
1794630 716
1794640 716
1794650 718
1794660 721
1794670 721
1794680 724
1794690 726
1794700 726
1794710 729
1794720 732
1794730 734
1794740 734
1794750 736
1794760 739
1794770 739
1794780 742
1794790 745
1794800 745
1794810 748
1794820 750
1794830 750
1794840 753
1794850 756
1794860 756
1794870 758
1794880 760
1794890 760
1794900 762
1794910 764
1794920 764
1794930 766
1794940 767
1794950 767
1794960 768
1794970 770
1794980 770
1794990 770
1795000 771
1795010 771
1795020 772
1795030 773
1795040 774
1795050 774
1795060 775
1795070 776
1795080 776
1795090 777
1795100 777
1795110 777
1795120 777
1795130 778
1795140 778
1795150 779
1795160 781
1795170 781
1795180 783
1795190 784
1795200 784
1795210 785
1795220 786
1795230 786
1795240 787
1795250 787
1795260 787
1795270 787
1795280 787
1795290 787
1795300 787
1795310 786
1795320 786
1795330 785
1795340 784
1795350 784
1795360 782
1795370 781
1795380 779
1795390 779
1795400 777
1795410 775
1795420 775
1795430 773
1795440 769
1795450 769
1795460 766
1795470 762
1795480 762
1795490 759
1795500 756
1795510 756
1795520 753
1795530 750
1795540 750
1795550 748
1795560 745
1795570 745
1795580 742
1795590 739
1795600 739
1795610 736
1795620 733
1795630 733
1795640 731
1795650 729
1795660 729
1795670 726
1795680 724
1795690 722
1795700 722
1795710 720
1795720 717
1795730 717
1795740 715
1795750 713
1795760 713
1795770 711
1795780 711
1795790 711
1795800 711
1795810 710
1795820 710
1795830 709
1795840 704
1795850 704
1795860 695
1795870 702
1795880 702
1795890 705
1795900 708
1795910 708
1795920 711
1795930 713
1795940 713
1795950 716
1795960 719
1795970 719
1795980 721
1795990 724
1796000 724
1796010 726
1796020 727
1796030 729
1796040 729
1796050 730
1796060 732
1796070 732
1796080 733
1796090 735
1796100 735
1796110 737
1796120 739
1796130 739
1796140 742
1796150 744
1796160 744
1796170 746
1796180 748
1796190 748
1796200 751
1796210 753
1796220 753
1796230 755
1796240 757
1796250 757
1796260 759
1796270 761
1796280 761
1796290 763
1796300 765
1796310 765
1796320 767
1796330 768
1796340 770
1796350 770
1796360 771
1796370 773
1796380 773
1796390 775
1796400 777
1796410 777
1796420 776
1796430 776
1796440 776
1796450 775
1796460 773
1796470 773
1796480 771
1796490 770
1796500 770
1796510 769
1796520 769
1796530 769
1796540 766
1796550 763
1796560 763
1796570 761
1796580 760
1796590 760
1796600 757
1796610 752
1796620 752
1796630 747
1796640 745
1796650 745
1796660 742
1796670 739
1796680 737
1796690 737
1796700 735
1796710 734
1796720 734
1796730 732
1796740 730
1796750 730
1796760 729
1796770 726
1796780 726
1796790 725
1796800 724
1796810 724
1796820 724
1796830 721
1796840 721
1796850 718
1796860 715
1796870 715
1796880 713
1796890 710
1796900 710
1796910 710
1796920 709
1796930 709
1796940 707
1796950 704
1796960 704
1796970 702
1796980 699
1796990 697
1797000 697
1797010 694
1797020 692
1797030 692
1797040 690
1797050 687
1797060 687
1797070 684
1797080 681
1797090 681
1797100 678
1797110 675
1797120 675
1797130 672
1797140 668
1797150 669
1797160 666
1797170 661
1797180 661
1797190 657
1797200 653
1797210 653
1797220 649
1797230 646
1797240 646
1797250 642
1797260 638
1797270 638
1797280 634
1797290 631
1797300 631
1797310 628
1797320 624
1797330 620
1797340 620
1797350 616
1797360 609
1797370 609
1797380 609
1797390 604
1797400 604
1797410 593
1797420 588
1797430 588
1797440 588
1797450 588
1797460 588
1797470 588
1797480 589
1797490 589
1797500 589
1797510 589
1797520 589
1797530 594
1797540 600
1797550 600
1797560 607
1797570 612
1797580 612
1797590 618
1797600 623
1797610 623
1797620 624
1797630 625
1797640 625
1797650 625
1797660 626
1797670 627
1797680 627
1797690 628
1797700 629
1797710 629
1797720 631
1797730 633
1797740 633
1797750 634
1797760 634
1797770 634
1797780 631
1797790 635
1797800 635
1797810 641
1797820 641
1797830 641
1797840 641
1797850 641
1797860 641
1797870 644
1797880 646
1797890 646
1797900 649
1797910 655
1797920 655
1797930 660
1797940 663
1797950 663
1797960 666
1797970 668
1797980 671
1797990 671
1798000 674
1798010 679
1798020 679
1798030 681
1798040 683
1798050 683
1798060 686
1798070 690
1798080 690
1798090 694
1798100 697
1798110 697
1798120 701
1798130 704
1798140 704
1798150 709
1798160 714
1798170 714
1798180 718
1798190 721
1798200 721
1798210 723
1798220 725
1798230 725
1798240 725
1798250 726
1798260 726
1798270 726
1798280 727
1798290 727
1798300 727
1798310 727
1798320 727
1798330 727
1798340 727
1798350 727
1798360 727
1798370 727
1798380 726
1798390 726
1798400 725
1798410 724
1798420 724
1798430 722
1798440 720
1798450 720
1798460 719
1798470 717
1798480 717
1798490 715
1798500 714
1798510 714
1798520 709
1798530 707
1798540 707
1798550 704
1798560 701
1798570 701
1798580 698
1798590 696
1798600 696
1798610 694
1798620 691
1798630 689
1798640 689
1798650 686
1798660 682
1798670 682
1798680 679
1798690 677
1798700 677
1798710 676
1798720 676
1798730 676
1798740 675
1798750 674
1798760 674
1798770 672
1798780 669
1798790 669
1798800 665
1798810 662
1798820 662
1798830 656
1798840 652
1798850 652
1798860 648
1798870 645
1798880 645
1798890 640
1798900 637
1798910 637
1798920 630
1794870 756
1794880 757
1794890 759
1794900 760
1794910 761
1794920 762
1794930 763
1794940 764
1794950 765
1794960 766
1794970 767
1794980 768
1794990 768
1795000 769
1795010 769
1795020 770
1795030 770
1795040 771
1795050 772
1795060 773
1795070 773
1795080 774
1795090 774
1795100 775
1795110 775
1795120 776
1795130 777
1795140 778
1795150 779
1795160 780
1795170 781
1795180 782
1795190 783
1795200 784
1795210 784
1795220 785
1795230 786
1795240 786
1795250 787
1795260 787
1795270 787
1795280 787
1795290 787
1795300 787
1795310 786
1795320 786
1795330 785
1795340 784
1795350 783
1795360 782
1795370 782
1795380 780
1795390 779
1795400 778
1795410 777
1795420 775
1795430 774
1795440 772
1795450 769
1795460 767
1795470 764
1795480 762
1795490 760
1795500 758
1795510 756
1795520 754
1795530 752
1795540 750
1795550 749
1795560 747
1795570 745
1795580 743
1795590 741
1795600 739
1795610 737
1795620 736
1795630 734
1795640 732
1795650 731
1795660 729
1795670 728
1795680 727
1795690 725
1795700 724
1795710 723
1795720 721
1795730 719
1795740 717
1795750 716
1795760 715
1795770 714
1795780 712
1795790 712
1795800 712
1795810 712
1795820 711
1795830 710
1795840 708
1795850 704
1795860 700
1795870 698
1795880 701
1795890 705
1795900 706
1795910 709
1795920 711
1795930 712
1795940 714
1795950 716
1795960 718
1795970 720
1795980 722
1795990 723
1796000 725
1796010 726
1796020 727
1796030 728
1796040 730
1796050 731
1796060 731
1796070 732
1796080 733
1796090 735
1796100 736
1796110 737
1796120 738
1796130 740
1796140 741
1796150 742
1796160 744
1796170 745
1796180 747
1796190 749
1796200 750
1796210 752
1796220 753
1796230 754
1796240 756
1796250 757
1796260 758
1796270 760
1796280 761
1796290 762
1796300 764
1796310 765
1796320 766
1796330 767
1796340 768
1796350 769
1796360 770
1796370 772
1796380 773
1796390 774
1796400 775
1796410 776
1796420 776
1796430 776
1796440 775
1796450 775
1796460 774
1796470 773
1796480 772
1796490 771
1796500 770
1796510 769
1796520 769
1796530 768
1796540 766
1796550 764
1796560 762
1796570 761
1796580 760
1796590 758
1796600 756
1796610 753
1796620 750
1796630 748
1796640 745
1796650 743
1796660 741
1796670 739
1796680 738
1796690 736
1796700 735
1796710 734
1796720 733
1796730 731
1796740 730
1796750 729
1796760 728
1796770 727
1796780 726
1796790 724
1796800 724
1796810 723
1796820 723
1796830 722
1796840 720
1796850 718
1796860 716
1796870 714
1796880 712
1796890 711
1796900 710
1796910 709
1796920 708
1796930 707
1796940 706
1796950 704
1796960 703
1796970 701
1796980 699
1796990 698
1797000 696
1797010 694
1797020 693
1797030 691
1797040 690
1797050 688
1797060 687
1797070 685
1797080 683
1797090 681
1797100 679
1797110 677
1797120 675
1797130 674
1797140 671
1797150 669
1797160 666
1797170 664
1797180 661
1797190 658
1797200 655
1797210 653
1797220 650
1797230 648
1797240 645
1797250 643
1797260 640
1797270 637
1797280 634
1797290 632
1797300 630
1797310 628
1797320 626
1797330 623
1797340 621
1797350 618
1797360 614
1797370 611
1797380 609
1797390 607
1797400 603
1797410 597
1797420 592
1797430 589
1797440 588
1797450 588
1797460 588
1797470 588
1797480 589
1797490 589
1797500 589
1797510 589
1797520 590
1797530 592
1797540 596
1797550 600
1797560 604
1797570 608
1797580 612
1797590 616
1797600 619
1797610 621
1797620 622
1797630 623
1797640 623
1797650 624
1797660 624
1797670 625
1797680 625
1797690 626
1797700 627
1797710 628
1797720 629
1797730 630
1797740 631
1797750 631
1797760 632
1797770 632
1797780 633
1797790 636
1797800 638
1797810 641
1797820 643
1797830 644
1797840 645
1797850 645
1797860 646
1797870 647
1797880 648
1797890 649
1797900 651
1797910 653
1797920 655
1797930 657
1797940 658
1797950 661
1797960 663
1797970 666
1797980 668
1797990 670
1798000 673
1798010 675
1798020 677
1798030 680
1798040 681
1798050 683
1798060 685
1798070 687
1798080 690
1798090 692
1798100 694
1798110 697
1798120 699
1798130 702
1798140 705
1798150 708
1798160 711
1798170 714
1798180 716
1798190 719
1798200 721
1798210 723
1798220 724
1798230 724
1798240 725
1798250 725
1798260 726
1798270 726
1798280 726
1798290 727
1798300 727
1798310 727
1798320 727
1798330 727
1798340 727
1798350 727
1798360 727
1798370 727
1798380 726
1798390 726
1798400 725
1798410 724
1798420 724
1798430 723
1798440 721
1798450 720
1798460 719
1798470 718
1798480 717
1798490 715
1798500 714
1798510 712
1798520 710
1798530 708
1798540 706
1798550 705
1798560 703
1798570 701
1798580 699
1798590 697
1798600 696
1798610 694
1798620 693
1798630 691
1798640 690
1798650 688
1798660 686
1798670 684
1798680 682
1798690 680
1798700 679
1798710 678
1798720 677
1798730 677
1798740 676
1798750 675
1798760 674
1798770 673
1798780 671
1798790 669
1798800 667
1798810 665
1798820 662
1798830 659
1798840 655
1798850 653
1798860 650
1798870 648
1798880 645
1798890 642
1798900 639
1798910 636
1798920 632
1798930 628
1798940 626
1798950 626
1798960 630
1798970 634
1798980 638
1798990 641
1799000 645
1799010 648
1799020 652
1799030 655
1799040 658
1799050 661
1799060 665
1799070 668
1799080 672
1799090 675
1799100 678
1799110 680
1799120 682
1799130 684
1799140 686
1799150 688
1799160 690
1799170 691
1799180 693
1799190 695
1799200 697
1799210 699
1799220 701
1799230 702
1799240 703
1799250 703
1799260 703
1799270 703
1799280 703
1799290 703
1799300 703
1799310 703
1799320 703
1799330 703
1799340 704
1799350 705
1799360 705
1799370 706
1799380 708
1799390 709
1799400 710
1799410 712
1799420 714
1799430 716
1799440 718
1799450 721
1799460 723
1799470 725
1799480 727
1799490 729
1799500 732
1799510 734
1799520 737
1799530 739
1799540 741
1799550 744
1799560 745
1799570 747
1799580 747
1799590 747
1799600 746
1799610 745
1799620 745
1799630 744
1799640 744
1799650 743
1799660 743
1799670 743
1799680 742
1799690 742
1799700 741
1799710 741
1799720 740
1799730 740
1799740 739
1799750 739
1799760 739
1799770 738
1799780 737
1799790 736
1799800 735
1799810 734
1799820 732
1799830 730
1799840 727
1799850 723
1799860 722
1799870 718
1799880 715
1799890 712
1799900 710
1799910 708
1799920 706
1799930 705
1799940 703
1799950 702
1799960 701
1799970 700
1799980 698
1799990 697
