1780000 1082
1780010 1081
1780020 1081
1780030 1081
1780040 1080
1780050 1080
1780060 1079
1780070 1076
1780080 1076
1780090 1076
1780100 1074
1780110 1074
1780120 1072
1780130 1071
1780140 1071
1780150 1068
1780160 1065
1780170 1065
1780180 1062
1780190 1059
1780200 1059
1780210 1056
1780220 1053
1780230 1053
1780240 1051
1780250 1047
1780260 1047
1780270 1043
1780280 1039
1780290 1039
1780300 1036
1780310 1032
1780320 1029
1780330 1029
1780340 1025
1780350 1020
1780360 1020
1780370 1016
1780380 1013
1780390 1013
1780400 1006
1780410 1002
1780420 1002
1780430 999
1780440 996
1780450 996
1780460 993
1780470 990
1780480 990
1780490 988
1780500 985
1780510 985
1780520 983
1780530 980
1780540 980
1780550 976
1780560 973
1780570 973
1780580 971
1780590 968
1780600 968
1780610 965
1780620 963
1780630 963
1780640 958
1780650 956
1780660 953
1780670 953
1780680 950
1780690 945
1780700 945
1780710 940
1780720 935
1780730 935
1780740 930
1780750 926
1780760 926
1780770 922
1780780 919
1780790 919
1780800 917
1780810 914
1780820 914
1780830 912
1780840 911
1780850 911
1780860 909
1780870 908
1780880 908
1780890 907
1780900 908
1780910 908
1780920 909
1780930 908
1780940 908
1780950 907
1780960 906
1780970 906
1780980 904
1780990 901
1781000 901
1781010 901
1781020 899
1781030 898
1781040 898
1781050 896
1781060 893
1781070 893
1781080 891
1781090 889
1781100 889
1781110 887
1781120 886
1781130 886
1781140 885
1781150 884
1781160 884
1781170 883
1781180 882
1781190 882
1781200 880
1781210 879
1781220 879
1781230 878
1781240 877
1781250 877
1781260 876
1781270 874
1781280 874
1781290 874
1781300 873
1781310 872
1781320 872
1781330 873
1781340 872
1781350 872
1781360 871
1781370 870
1781380 870
1781390 869
1781400 869
1781410 869
1781420 869
1781430 866
1781440 866
1781450 863
1781460 861
1781470 861
1781480 862
1781490 863
1781500 863
1781510 862
1781520 865
1781530 865
1781540 866
1781550 875
1781560 875
1781570 878
1781580 877
1781590 877
1781600 877
1781610 878
1781620 878
1781630 878
1781640 876
1781650 874
1781660 874
1781670 872
1781680 873
1781690 873
1781700 873
1781710 873
1781720 873
1781730 874
1781740 875
1781750 875
1781760 877
1781770 878
1781780 878
1781790 880
1781800 882
1781810 882
1781820 883
1781830 884
1781840 884
1781850 885
1781860 887
1781870 887
1781880 889
1781890 890
1781900 890
1781910 891
1781920 891
1781930 891
1781940 890
1781950 889
1781960 889
1781970 889
1781980 890
1781990 890
1782000 890
1782010 890
1782020 889
1782030 889
1782040 887
1782050 885
1782060 885
1782070 883
1782080 884
1782090 884
1782100 883
1782110 882
1782120 882
1782130 882
1782140 883
1782150 883
1782160 885
1782170 886
1782180 886
1782190 887
1782200 887
1782210 887
1782220 887
1782230 888
1782240 888
1782250 888
1782260 888
1782270 888
1782280 887
1782290 886
1782300 883
1782310 883
1782320 878
1782330 873
1782340 873
1782350 867
1782360 862
1782370 862
1782380 857
1782390 851
1782400 851
1782410 848
1782420 848
1782430 848
1782440 848
1782450 849
1782460 849
1782470 852
1782480 856
1782490 856
1782500 860
1782510 864
1782520 864
1782530 868
1782540 871
1782550 871
1782560 874
1782570 877
1782580 877
1782590 880
1782600 883
1782610 883
1782620 887
1782630 890
1782640 893
1782650 893
1782660 896
1782670 898
1782680 898
1782690 902
1782700 902
1782710 902
1782720 903
1782730 904
1782740 904
1782750 906
1782760 907
1782770 907
1782780 909
1782790 910
1782800 910
1782810 911
1782820 912
1782830 912
1782840 912
1782850 913
1782860 913
1782870 914
1782880 915
1782890 915
1782900 915
1782910 916
1782920 916
1782930 916
1782940 916
1782950 917
1782960 917
1782970 916
1782980 915
1782990 915
1783000 914
1783010 912
1783020 912
1783030 911
1783040 909
1783050 909
1783060 908
1783070 907
1783080 907
1783090 906
1783100 906
1783110 906
1783120 905
1783130 904
1783140 904
1783150 903
1783160 902
1783170 902
1783180 902
1783190 901
1783200 901
1783210 900
1783220 900
1783230 900
1783240 900
1783250 899
1783260 899
1783270 898
1783280 897
1783290 897
1783300 897
1783310 895
1783320 893
1783330 893
1783340 893
1783350 892
1783360 892
1783370 890
1783380 889
1783390 889
1783400 888
1783410 887
1783420 887
1783430 885
1783440 884
1783450 884
1783460 883
1783470 882
1783480 882
1783490 881
1783500 881
1783510 881
1783520 881
1783530 880
1783540 880
1783550 879
1783560 879
1783570 879
1783580 878
1783590 877
1783600 876
1783610 876
1783620 875
1783630 875
1783640 875
1783650 874
1783660 873
1783670 873
1783680 872
1783690 871
1783700 871
1783710 871
1783720 871
1783730 871
1783740 871
1783750 870
1783760 870
1783770 870
1783780 869
1783790 869
1783800 869
1783810 869
1783820 871
1783830 871
1783840 870
1783850 870
1783860 870
1783870 869
1783880 869
1783890 869
1783900 868
1783910 868
1783920 867
1783930 867
1783940 866
1783950 866
1783960 865
1783970 864
1783980 864
1783990 864
1784000 863
1784010 863
1784020 862
1784030 861
1784040 861
1784050 859
1784060 857
1784070 857
1784080 854
1784090 850
1784100 850
1784110 846
1784120 847
1784130 847
1784140 854
1784150 855
1784160 855
1784170 856
1784180 856
1784190 856
1784200 856
1784210 856
1784220 856
1784230 855
1784240 855
1784250 855
1784260 855
1784270 855
1784280 855
1784290 855
1784300 855
1784310 856
1784320 856
1784330 857
1784340 858
1784350 858
1784360 859
1784370 861
1784380 861
1784390 862
1784400 863
1784410 863
1784420 863
1784430 864
1784440 864
1784450 864
1784460 865
1784470 865
1784480 865
1784490 866
1784500 866
1784510 866
1784520 866
1784530 866
1784540 866
1784550 867
1784560 867
1784570 867
1784580 868
1784590 867
1784600 867
1784610 867
1784620 866
1784630 866
1784640 865
1784650 863
1784660 863
1784670 861
1784680 859
1784690 859
1784700 858
1784710 856
1784720 856
1784730 854
1784740 852
1784750 852
1784760 851
1784770 849
1784780 849
1784790 848
1784800 846
1784810 846
1784820 845
1784830 845
1784840 845
1784850 844
1784860 844
1784870 844
1784880 843
1784890 842
1784900 842
1784910 842
1784920 841
1784930 840
1784940 840
1784950 839
1784960 838
1784970 838
1784980 837
1784990 836
1785000 836
1785010 834
1785020 833
1785030 833
1785040 833
1785050 832
1785060 832
1785070 831
1785080 830
1785090 830
1785100 830
1785110 830
1785120 830
1785130 829
1785140 829
1785150 829
1785160 829
1785170 829
1785180 829
1785190 829
1785200 827
1785210 827
1785220 827
1785230 826
1785240 825
1785250 825
1785260 825
1785270 824
1785280 824
1785290 823
1785300 823
1785310 823
1785320 822
1785330 821
1785340 821
1785350 819
1785360 818
1785370 818
1785380 816
1785390 815
1785400 815
1785410 814
1785420 812
1785430 812
1785440 810
1785450 808
1785460 808
1785470 806
1785480 804
1785490 804
1785500 802
1785510 801
1785520 801
1785530 799
1785540 798
1785550 798
1785560 797
1785570 795
1785580 794
1785590 794
1785600 792
1785610 791
1785620 791
1785630 789
1785640 787
1785650 787
1785660 782
1785670 778
1785680 778
1785690 773
1785700 769
1785710 769
1785720 763
1785730 763
1785740 763
1785750 765
1785760 770
1785770 770
1785780 773
1785790 774
1785800 774
1785810 776
1785820 776
1785830 776
1785840 776
1785850 774
1785860 774
1785870 772
1785880 770
1785890 768
1785900 768
1785910 766
1785920 763
1785930 763
1785940 760
1785950 756
1785960 756
1785970 753
1785980 749
1785990 749
1786000 746
1786010 742
1786020 742
1786030 738
1786040 732
1786050 732
1786060 728
1786070 722
1786080 722
1786090 718
1786100 714
1786110 714
1786120 712
1786130 710
1786140 710
1786150 710
1786160 710
1786170 710
1786180 710
1786190 710
1786200 710
1786210 709
1786220 709
1786230 709
1786240 709
1786250 708
1786260 708
1786270 708
1786280 706
1786290 703
1786300 703
1786310 700
1786320 696
1786330 696
1786340 690
1786350 683
1786360 683
1786370 676
1786380 670
1786390 670
1786400 663
1786410 662
1786420 662
1786430 663
1786440 662
1786450 662
1786460 663
1786470 662
1786480 662
1786490 668
1786500 675
1786510 675
1786520 680
1786530 686
1786540 686
1786550 691
1786560 697
1786570 701
1786580 701
1786590 707
1786600 711
1786610 711
1786620 714
1786630 717
1786640 717
1786650 720
1786660 723
1786670 723
1786680 726
1786690 729
1786700 729
1786710 731
1786720 732
1786730 732
1786740 734
1786750 735
1786760 735
1786770 735
1786780 736
1786790 736
1786800 737
1786810 736
1786820 736
1786830 735
1786840 734
1786850 734
1786860 732
1786870 731
1786880 729
1786890 729
1786900 728
1786910 726
1786920 726
1786930 724
1786940 723
1786950 723
1786960 721
1786970 719
1786980 719
1786990 717
1787000 714
1787010 714
1787020 712
1787030 709
1787040 709
1787050 707
1787060 704
1787070 704
1787080 701
1787090 699
1787100 699
1787110 696
1787120 692
1787130 692
1787140 689
1787150 687
1787160 687
1787170 685
1787180 683
1787190 683
1787200 680
1787210 678
1787220 675
1787230 675
1787240 672
1787250 669
1787260 669
1787270 666
1787280 664
1787290 664
1787300 663
1787310 661
1787320 661
1787330 657
1787340 654
1787350 654
1787360 651
1787370 648
1787380 648
1787390 646
1787400 644
1787410 644
1787420 641
1787430 637
1787440 637
1787450 636
1787460 639
1787470 639
1787480 638
1787490 634
1787500 634
1787510 631
1787520 632
1787530 631
1787540 631
1787550 629
1787560 627
1787570 627
1787580 625
1787590 622
1787600 622
1787610 620
1787620 617
1787630 617
1787640 614
1787650 611
1787660 611
1787670 609
1787680 607
1787690 607
1787700 606
1787710 606
1787720 606
1787730 605
1787740 604
1787750 604
1787760 605
1787770 606
1787780 606
1787790 606
1787800 606
1787810 606
1787820 607
1787830 609
1787840 609
1787850 612
1787860 613
1787870 615
1787880 615
1787890 617
1787900 617
1787910 617
1787920 619
1787930 622
1787940 622
1787950 625
1787960 629
1787970 629
1787980 630
1787990 632
1788000 632
1788010 633
1788020 635
1788030 635
1788040 637
1788050 639
1788060 639
1788070 642
1788080 644
1788090 644
1788100 646
1788110 648
1788120 648
1788130 650
1788140 652
1788150 652
1788160 655
1788170 657
1788180 657
1788190 658
1788200 660
1788210 662
1788220 663
1788230 665
1788240 667
1788250 667
1788260 669
1788270 671
1788280 671
1788290 674
1788300 676
1788310 676
1788320 677
1788330 679
1788340 679
1788350 679
1788360 677
1788370 677
1788380 675
1788390 674
1788400 674
1788410 672
1788420 670
1788430 670
1788440 668
1788450 665
1788460 665
1788470 663
1788480 661
1788490 661
1788500 659
1788510 657
1788520 655
1788530 655
1788540 652
1788550 650
1788560 650
1788570 647
1788580 644
1788590 644
1788600 642
1788610 639
1788620 639
1788630 638
1788640 636
1788650 636
1788660 633
1788670 631
1788680 631
1788690 630
1788700 627
1788710 627
1788720 625
1788730 623
1788740 623
1788750 622
1788760 620
1788770 620
1788780 618
1788790 617
1788800 617
1788810 615
1788820 613
1788830 613
1788840 611
1788850 610
1788860 609
1788870 609
1788880 608
1788890 606
1788900 606
1788910 604
1788920 602
1788930 602
1788940 601
1788950 599
1788960 599
1788970 596
1788980 591
1788990 591
1789000 585
1789010 583
1789020 583
1789030 584
1789040 584
1789050 584
1789060 585
1789070 585
1789080 585
1789090 585
1789100 585
1789110 585
1789120 585
1789130 585
1789140 585
1789150 585
1789160 584
1789170 584
1789180 584
1789190 584
1789200 584
1789210 584
1789220 585
1789230 586
1789240 586
1789250 587
1789260 592
1789270 592
1789280 593
1789290 596
1789300 596
1789310 598
1789320 601
1789330 601
1789340 604
1789350 606
1789360 606
1789370 609
1789380 611
1789390 611
1789400 614
1789410 615
1789420 615
1789430 616
1789440 617
1789450 617
1789460 617
1789470 618
1789480 618
1789490 618
1789500 618
1789510 618
1789520 618
1789530 618
1789540 617
1789550 617
1789560 617
1789570 617
1789580 617
1789590 617
1789600 617
1789610 617
1789620 617
1789630 616
1789640 616
1789650 616
1789660 615
1789670 615
1789680 614
1789690 613
1789700 613
1789710 611
1789720 610
1789730 610
1789740 609
1789750 608
1789760 608
1789770 606
1789780 603
1789790 603
1789800 603
1789810 600
1789820 600
1789830 597
1789840 601
1789850 607
1789860 607
1789870 608
1789880 609
1789890 609
1789900 611
1789910 612
1789920 612
1789930 613
1789940 614
1789950 614
1789960 615
1789970 616
1789980 616
1789990 617
1790000 619
1790010 619
1790020 620
1790030 621
1790040 621
1790050 622
1790060 624
1790070 624
1790080 625
1790090 625
1790100 625
1790110 626
1790120 626
1790130 626
1790140 628
1790150 629
1790160 629
1790170 629
1790180 630
1790190 629
1790200 629
1790210 629
1790220 627
1790230 627
1790240 623
1790250 624
1790260 624
1790270 631
1790280 634
1790290 634
1790300 637
1790310 640
1790320 640
1790330 640
1790340 643
1790350 643
1790360 643
1790370 646
1790380 646
1790390 649
1790400 651
1790410 651
1790420 653
1790430 654
1790440 654
1790450 654
1790460 654
1790470 654
1790480 653
1790490 654
1790500 654
1790510 654
1790520 653
1790530 657
1790540 657
1790550 664
1790560 666
1790570 666
1790580 670
1790590 673
1790600 673
1790610 675
1790620 677
1790630 677
1790640 681
1790650 682
1790660 682
1790670 685
1790680 687
1790690 687
1790700 688
1790710 689
1790720 689
1790730 691
1790740 692
1790750 692
1790760 694
1790770 696
1790780 696
1790790 697
1790800 698
1790810 699
1790820 699
1790830 700
1790840 702
1790850 702
1790860 703
1790870 704
1790880 704
1790890 705
1790900 706
1790910 706
1790920 708
1790930 709
1790940 709
1790950 710
1790960 712
1790970 712
1790980 713
1790990 714
1791000 714
1791010 716
1791020 717
1791030 717
1791040 718
1791050 720
1791060 720
1791070 721
1791080 722
1791090 722
1791100 724
1791110 725
1791120 725
1791130 726
1791140 727
1791150 728
1791160 728
1791170 726
1791180 725
1791190 725
1791200 725
1791210 723
1791220 723
1791230 722
1791240 721
1791250 721
1791260 720
1791270 719
1791280 719
1791290 717
1791300 716
1791310 716
1791320 715
1791330 713
1791340 713
1791350 711
1791360 710
1791370 710
1791380 708
1791390 707
1791400 707
1791410 705
1791420 703
1791430 703
1791440 702
1791450 700
1791460 699
1791470 699
1791480 697
1791490 696
1791500 696
1791510 694
1791520 692
1791530 692
1791540 691
1791550 689
1791560 689
1791570 688
1791580 687
1791590 687
1791600 685
1791610 683
1791620 683
1791630 682
1791640 680
1791650 680
1791660 675
1791670 670
1791680 670
1791690 669
1791700 669
1791710 669
1791720 669
1791730 670
1791740 670
1791750 669
1791760 668
1791770 668
1791780 666
1791790 660
1791800 662
1791810 662
1791820 662
1791830 662
1791840 662
1791850 664
1791860 671
1791870 671
1791880 674
1791890 677
1791900 677
1791910 679
1791920 682
1791930 682
1791940 684
1791950 687
1791960 687
1791970 690
1791980 693
1791990 693
1792000 696
1792010 699
1792020 699
1792030 701
1792040 704
1792050 704
1792060 706
1792070 709
1792080 709
1792090 712
1792100 714
1792110 714
1792120 718
1792130 718
1792140 720
1792150 720
1792160 718
1792170 718
1792180 718
1792190 718
1792200 719
1792210 719
1792220 719
1792230 719
1792240 719
1792250 719
1792260 717
1792270 717
1792280 716
1792290 714
1792300 714
1792310 711
1792320 708
1792330 708
1792340 705
1792350 704
1792360 704
1792370 702
1792380 701
1792390 701
1792400 701
1792410 701
1792420 701
1792430 702
1792440 703
1792450 704
1792460 701
1792470 702
1792480 702
1792490 702
1792500 701
1792510 701
1792520 701
1792530 700
1792540 700
1792550 700
1792560 701
1792570 701
1792580 701
1792590 699
1792600 695
1792610 695
1792620 690
1792630 685
1792640 685
1792650 681
1792660 678
1792670 678
1792680 675
1792690 672
1792700 672
1792710 668
1792720 662
1792730 662
1792740 658
1792750 657
1792760 657
1792770 656
1792780 655
1792790 652
1792800 652
1792810 650
1792820 647
1792830 647
1792840 643
1792850 640
1792860 640
1792870 637
1792880 634
1792890 634
1792900 633
1792910 632
1792920 632
1792930 633
1792940 632
1792950 632
1792960 631
1792970 630
1792980 630
1792990 629
1793000 628
1793010 628
1793020 627
1793030 623
1793040 623
1793050 621
1793060 616
1793070 616
1793080 611
1793090 610
1793100 612
1793110 612
1793120 613
1793130 613
1793140 613
1793150 610
1793160 609
1793170 609
1793180 610
1793190 611
1793200 611
1793210 609
1793220 606
1793230 606
1793240 606
1793250 604
1793260 604
1793270 604
1793280 601
1793290 601
1793300 596
1793310 595
1793320 595
1793330 594
1793340 593
1793350 593
1793360 590
1793370 588
1793380 588
1793390 589
1793400 588
1793410 588
1793420 588
1793430 588
1793440 588
1793450 588
1793460 589
1793470 588
1793480 588
1793490 588
1793500 590
1793510 590
1793520 590
1793530 590
1793540 590
1793550 588
1793560 588
1793570 588
1793580 589
1793590 589
1793600 589
1793610 588
1793620 588
1793630 588
1793640 587
1793650 586
1793660 586
1793670 585
1793680 584
1793690 584
1793700 583
1793710 581
1793720 581
1793730 579
1793740 578
1793750 578
1793760 577
1793770 577
1793780 577
1793790 577
1793800 577
1793810 576
1793820 576
1793830 574
1793840 576
1793850 576
1793860 576
1793870 577
1793880 577
1793890 579
1793900 584
1793910 584
1793920 591
1793930 592
1793940 592
1793950 593
1793960 595
1793970 595
1793980 597
1793990 600
1794000 600
1794010 602
1794020 603
1794030 603
1794040 603
1794050 602
1794060 602
1794070 597
1794080 594
1794090 592
1794100 592
1794110 590
1794120 589
1794130 589
1794140 588
1794150 586
1794160 586
1794170 585
1794180 585
1794190 585
1794200 585
1794210 586
1794220 586
1794230 586
1794240 587
1794250 587
1794260 587
1794270 587
1794280 587
1794290 589
1794300 590
1794310 590
1794320 591
1794330 591
1794340 591
1794350 591
1794360 592
1794370 592
1794380 593
1794390 596
1794400 596
1794410 598
1794420 598
1794430 602
1794440 602
1794450 606
1794460 611
1794470 611
1794480 615
1794490 620
1794500 620
1794510 625
1794520 630
1794530 628
1794540 634
1794550 637
1794560 637
1794570 641
1794580 644
1794590 644
1794600 647
1794610 649
1794620 649
1794630 652
1794640 656
1794650 656
1794660 660
1794670 663
1794680 663
1794690 663
1794700 662
1794710 662
1794720 661
1794730 661
1794740 662
1794750 662
1794760 662
1794770 664
1794780 664
1794790 666
1794800 667
1794810 667
1794820 667
1794830 668
1794840 668
1794850 667
1794860 668
1794870 668
1794880 667
1794890 667
1794900 667
1794910 664
1794920 658
1794930 658
1794940 663
1794950 670
1794960 670
1794970 674
1794980 677
1794990 677
1795000 681
1795010 684
1795020 684
1795030 687
1795040 691
1795050 691
1795060 695
1795070 699
1795080 703
1795090 703
1795100 707
1795110 710
1795120 710
1795130 713
1795140 717
1795150 717
1795160 719
1795170 723
1795180 723
1795190 727
1795200 731
1795210 731
1795220 735
1795230 738
1795240 738
1795250 741
1795260 744
1795270 744
1795280 747
1795290 750
1795300 750
1795310 752
1795320 754
1795330 754
1795340 755
1795350 756
1795360 756
1795370 756
1795380 757
1795390 757
1795400 756
1795410 757
1795420 755
1795430 755
1795440 754
1795450 754
1795460 754
1795470 752
1795480 751
1795490 751
1795500 749
1795510 747
1795520 747
1795530 745
1795540 742
1795550 741
1795560 738
1795570 736
1795580 736
1795590 730
1795600 727
1795610 727
1795620 725
1795630 723
1795640 723
1795650 721
1795660 720
1795670 720
1795680 721
1795690 721
1795700 721
1795710 723
1795720 724
1795730 726
1795740 726
1795750 727
1795760 727
1795770 727
1795780 725
1795790 725
1795800 725
1795810 724
1795820 723
1795830 723
1795840 721
1795850 719
1795860 719
1795870 715
1795880 712
1795890 712
1795900 710
1795910 708
1795920 708
1795930 707
1795940 706
1795950 706
1795960 706
1795970 706
1795980 706
1795990 704
1796000 704
1796010 704
1796020 704
1796030 704
1796040 704
1796050 704
1796060 703
1796070 702
1796080 702
1796090 700
1796100 699
1796110 699
1796120 694
1796130 691
1796140 691
1796150 688
1796160 685
1796170 685
1796180 683
1796190 682
1796200 682
1796210 680
1796220 679
1796230 679
1796240 678
1796250 677
1796260 677
1796270 675
1796280 673
1796290 673
1796300 671
1796310 669
1796320 669
1796330 668
1796340 664
1796350 664
1796360 663
1796370 660
1796380 657
1796390 657
1796400 654
1796410 652
1796420 652
1796430 650
1796440 647
1796450 647
1796460 645
1796470 643
1796480 643
1796490 641
1796500 638
1796510 638
1796520 636
1796530 631
1796540 631
1796550 627
1796560 625
1796570 625
1796580 624
1796590 622
1796600 622
1796610 620
1796620 622
1796630 622
1796640 628
1796650 630
1796660 630
1796670 632
1796680 635
1796690 635
1796700 638
1796710 641
1796720 643
1796730 643
1796740 646
1796750 649
1796760 649
1796770 653
1796780 657
1796790 657
1796800 661
1796810 663
1796820 663
1796830 665
1796840 667
1796850 667
1796860 668
1796870 669
1796880 669
1796890 671
1796900 672
1796910 672
1796920 675
1796930 676
1796940 676
1796950 678
1796960 677
1796970 677
1796980 676
1796990 676
1797000 676
1797010 677
1797020 679
1797030 681
1797040 681
1797050 684
1797060 686
1797070 686
1797080 688
1797090 691
1797100 691
1797110 694
1797120 697
1797130 697
1797140 699
1797150 699
1797160 699
1797170 698
1797180 698
1797190 698
1797200 699
1797210 701
1797220 701
1797230 704
1797240 707
1797250 707
1797260 709
1797270 711
1797280 711
1797290 712
1797300 710
1797310 710
1797320 708
1797330 705
1797340 705
1797350 700
1797360 696
1797370 693
1797380 693
1797390 690
1797400 686
1797410 686
1797420 683
1797430 679
1797440 679
1797450 676
1797460 673
1797470 673
1797480 670
1797490 666
1797500 666
1797510 663
1797520 659
1797530 659
1797540 654
1797550 650
1797560 651
1797570 645
1797580 638
1797590 638
1797600 637
1797610 630
1797620 630
1797630 624
1797640 616
1797650 616
1797660 612
1797670 612
1797680 612
1797690 612
1797700 615
1797710 620
1797720 620
1797730 624
1797740 628
1797750 628
1797760 631
1797770 635
1797780 635
1797790 637
1797800 638
1797810 638
1797820 639
1797830 641
1797840 641
1797850 644
1797860 646
1797870 646
1797880 649
1797890 652
1797900 652
1797910 655
1797920 656
1797930 656
1797940 658
1797950 659
1797960 659
1797970 661
1797980 663
1797990 663
1798000 665
1798010 668
1798020 671
1798030 671
1798040 674
1798050 675
1798060 675
1798070 677
1798080 678
1798090 678
1798100 680
1798110 682
1798120 682
1798130 684
1798140 684
1798150 684
1798160 680
1798170 685
1798180 685
1798190 689
1798200 693
1798210 693
1798220 696
1798230 697
1798240 697
1798250 700
1798260 702
1798270 702
1798280 705
1798290 707
1798300 707
1798310 710
1798320 712
1798330 712
1798340 714
1798350 716
1798360 718
1798370 718
1798380 720
1798390 722
1798400 722
1798410 723
1798420 725
1798430 725
1798440 728
1798450 730
1798460 730
1798470 731
1798480 732
1798490 732
1798500 733
1798510 734
1798520 734
1798530 734
1798540 735
1798550 735
1798560 737
1798570 734
1798580 734
1798590 733
1798600 729
1798610 729
1798620 726
1798630 724
1798640 724
1798650 721
1798660 718
1798670 716
1798680 716
1798690 714
1798700 713
1798710 713
1798720 712
1798730 711
1798740 711
1798750 710
1798760 709
1798770 709
1798780 708
1798790 707
1798800 707
1798810 705
1798820 704
1798830 704
1798840 701
1798850 699
1798860 699
1798870 695
1798880 691
1798890 691
1798900 688
1798910 687
1798920 687
