1780000 1104
1780010 1102
1780020 1099
1780030 1099
1780040 1098
1780050 1094
1780060 1094
1780070 1092
1780080 1090
1780090 1090
1780100 1087
1780110 1084
1780120 1084
1780130 1078
1780140 1075
1780150 1075
1780160 1072
1780170 1069
1780180 1069
1780190 1067
1780200 1065
1780210 1065
1780220 1064
1780230 1060
1780240 1060
1780250 1057
1780260 1054
1780270 1054
1780280 1051
1780290 1049
1780300 1049
1780310 1047
1780320 1045
1780330 1045
1780340 1044
1780350 1041
1780360 1040
1780370 1040
1780380 1038
1780390 1037
1780400 1037
1780410 1035
1780420 1033
1780430 1033
1780440 1030
1780450 1027
1780460 1027
1780470 1025
1780480 1024
1780490 1024
1780500 1024
1780510 1022
1780520 1022
1780530 1020
1780540 1018
1780550 1018
1780560 1017
1780570 1017
1780580 1017
1780590 1015
1780600 1015
1780610 1015
1780620 1015
1780630 1015
1780640 1015
1780650 1015
1780660 1014
1780670 1014
1780680 1014
1780690 1014
1780700 1013
1780710 1013
1780720 1013
1780730 1012
1780740 1012
1780750 1011
1780760 1011
1780770 1011
1780780 1011
1780790 1011
1780800 1011
1780810 1011
1780820 1011
1780830 1011
1780840 1011
1780850 1012
1780860 1012
1780870 1014
1780880 1014
1780890 1014
1780900 1015
1780910 1017
1780920 1017
1780930 1018
1780940 1019
1780950 1019
1780960 1021
1780970 1023
1780980 1023
1780990 1025
1781000 1026
1781010 1028
1781020 1028
1781030 1029
1781040 1031
1781050 1031
1781060 1032
1781070 1033
1781080 1033
1781090 1034
1781100 1035
1781110 1035
1781120 1035
1781130 1036
1781140 1036
1781150 1037
1781160 1038
1781170 1038
1781180 1039
1781190 1040
1781200 1040
1781210 1041
1781220 1042
1781230 1042
1781240 1043
1781250 1045
1781260 1045
1781270 1046
1781280 1044
1781290 1044
1781300 1046
1781310 1048
1781320 1048
1781330 1049
1781340 1051
1781350 1054
1781360 1054
1781370 1056
1781380 1058
1781390 1058
1781400 1060
1781410 1061
1781420 1061
1781430 1063
1781440 1064
1781450 1064
1781460 1066
1781470 1068
1781480 1068
1781490 1069
1781500 1071
1781510 1071
1781520 1073
1781530 1074
1781540 1074
1781550 1077
1781560 1079
1781570 1079
1781580 1080
1781590 1082
1781600 1082
1781610 1083
1781620 1084
1781630 1084
1781640 1086
1781650 1087
1781660 1087
1781670 1088
1781680 1089
1781690 1090
1781700 1090
1781710 1091
1781720 1092
1781730 1092
1781740 1092
1781750 1093
1781760 1093
1781770 1094
1781780 1095
1781790 1095
1781800 1095
1781810 1095
1781820 1095
1781830 1095
1781840 1094
1781850 1094
1781860 1094
1781870 1093
1781880 1093
1781890 1092
1781900 1091
1781910 1091
1781920 1090
1781930 1088
1781940 1088
1781950 1087
1781960 1086
1781970 1086
1781980 1084
1781990 1081
1782000 1081
1782010 1078
1782020 1075
1782030 1072
1782040 1072
1782050 1069
1782060 1068
1782070 1068
1782080 1066
1782090 1064
1782100 1064
1782110 1063
1782120 1062
1782130 1062
1782140 1061
1782150 1060
1782160 1060
1782170 1059
1782180 1056
1782190 1056
1782200 1054
1782210 1052
1782220 1052
1782230 1050
1782240 1047
1782250 1047
1782260 1046
1782270 1044
1782280 1044
1782290 1043
1782300 1042
1782310 1042
1782320 1040
1782330 1039
1782340 1038
1782350 1038
1782360 1037
1782370 1036
1782380 1036
1782390 1035
1782400 1033
1782410 1033
1782420 1029
1782430 1028
1782440 1028
1782450 1026
1782460 1026
1782470 1026
1782480 1026
1782490 1025
1782500 1025
1782510 1025
1782520 1024
1782530 1024
1782540 1022
1782550 1020
1782560 1020
1782570 1020
1782580 1019
1782590 1019
1782600 1018
1782610 1017
1782620 1017
1782630 1016
1782640 1015
1782650 1015
1782660 1014
1782670 1012
1782680 1011
1782690 1011
1782700 1009
1782710 1006
1782720 1006
1782730 1004
1782740 1001
1782750 1001
1782760 999
1782770 998
1782780 998
1782790 996
1782800 994
1782810 994
1782820 992
1782830 990
1782840 990
1782850 988
1782860 987
1782870 987
1782880 986
1782890 984
1782900 984
1782910 980
1782920 978
1782930 978
1782940 977
1782950 976
1782960 976
1782970 975
1782980 974
1782990 974
1783000 974
1783010 973
1783020 972
1783030 972
1783040 971
1783050 969
1783060 969
1783070 969
1783080 967
1783090 967
1783100 966
1783110 964
1783120 964
1783130 963
1783140 962
1783150 962
1783160 962
1783170 961
1783180 961
1783190 959
1783200 957
1783210 957
1783220 955
1783230 953
1783240 953
1783250 951
1783260 949
1783270 949
1783280 946
1783290 944
1783300 944
1783310 942
1783320 941
1783330 941
1783340 939
1783350 938
1783360 935
1783370 935
1783380 933
1783390 931
1783400 931
1783410 930
1783420 927
1783430 927
1783440 925
1783450 923
1783460 923
1783470 921
1783480 920
1783490 920
1783500 918
1783510 916
1783520 916
1783530 916
1783540 915
1783550 913
1783560 913
1783570 912
1783580 912
1783590 910
1783600 908
1783610 908
1783620 905
1783630 902
1783640 902
1783650 899
1783660 898
1783670 896
1783680 896
1783690 894
1783700 893
1783710 893
1783720 890
1783730 888
1783740 888
1783750 886
1783760 883
1783770 883
1783780 882
1783790 880
1783800 880
1783810 878
1783820 875
1783830 875
1783840 873
1783850 871
1783860 871
1783870 869
1783880 868
1783890 868
1783900 865
1783910 863
1783920 863
1783930 861
1783940 859
1783950 859
1783960 858
1783970 857
1783980 857
1783990 856
1784000 853
1784010 852
1784020 852
1784030 847
1784040 845
1784050 845
1784060 843
1784070 842
1784080 842
1784090 839
1784100 836
1784110 836
1784120 833
1784130 830
1784140 830
1784150 826
1784160 823
1784170 823
1784180 821
1784190 818
1784200 818
1784210 816
1784220 813
1784230 813
1784240 809
1784250 806
1784260 806
1784270 803
1784280 802
1784290 802
1784300 800
1784310 798
1784320 798
1784330 797
1784340 796
1784350 796
1784360 796
1784370 795
1784380 795
1784390 795
1784400 794
1784410 793
1784420 793
1784430 791
1784440 788
1784450 788
1784460 785
1784470 783
1784480 783
1784490 781
1784500 779
1784510 779
1784520 777
1784530 776
1784540 776
1784550 773
1784560 772
1784570 772
1784580 770
1784590 768
1784600 768
1784610 766
1784620 764
1784630 764
1784640 762
1784650 760
1784660 760
1784670 754
1784680 751
1784690 748
1784700 748
1784710 747
1784720 745
1784730 745
1784740 742
1784750 740
1784760 740
1784770 737
1784780 732
1784790 732
1784800 730
1784810 730
1784820 730
1784830 730
1784840 729
1784850 729
1784860 728
1784870 728
1784880 728
1784890 728
1784900 727
1784910 727
1784920 726
1784930 726
1784940 726
1784950 727
1784960 728
1784970 728
1784980 732
1784990 738
1785000 742
1785010 742
1785020 746
1785030 747
1785040 747
1785050 746
1785060 746
1785070 746
1785080 750
1785090 753
1785100 753
1785110 758
1785120 761
1785130 761
1785140 764
1785150 766
1785160 766
1785170 767
1785180 768
1785190 768
1785200 770
1785210 772
1785220 772
1785230 774
1785240 776
1785250 776
1785260 778
1785270 781
1785280 781
1785290 783
1785300 785
1785310 785
1785320 788
1785330 792
1785340 793
1785350 793
1785360 794
1785370 795
1785380 795
1785390 796
1785400 796
1785410 796
1785420 796
1785430 796
1785440 796
1785450 797
1785460 798
1785470 798
1785480 797
1785490 797
1785500 797
1785510 797
1785520 796
1785530 796
1785540 795
1785550 794
1785560 794
1785570 792
1785580 791
1785590 791
1785600 790
1785610 789
1785620 789
1785630 789
1785640 793
1785650 793
1785660 793
1785670 790
1785680 784
1785690 784
1785700 782
1785710 781
1785720 781
1785730 780
1785740 777
1785750 777
1785760 775
1785770 774
1785780 774
1785790 771
1785800 768
1785810 768
1785820 765
1785830 763
1785840 763
1785850 761
1785860 759
1785870 759
1785880 758
1785890 757
1785900 757
1785910 757
1785920 757
1785930 757
1785940 758
1785950 757
1785960 757
1785970 757
1785980 756
1785990 756
1786000 755
1786010 753
1786020 752
1786030 752
1786040 750
1786050 748
1786060 748
1786070 746
1786080 743
1786090 743
1786100 741
1786110 739
1786120 739
1786130 738
1786140 736
1786150 736
1786160 735
1786170 735
1786180 735
1786190 735
1786200 735
1786210 735
1786220 734
1786230 733
1786240 733
1786250 730
1786260 728
1786270 728
1786280 727
1786290 726
1786300 726
1786310 725
1786320 722
1786330 718
1786340 718
1786350 715
1786360 713
1786370 713
1786380 710
1786390 708
1786400 708
1786410 705
1786420 703
1786430 703
1786440 700
1786450 697
1786460 697
1786470 696
1786480 693
1786490 693
1786500 691
1786510 688
1786520 688
1786530 686
1786540 684
1786550 684
1786560 682
1786570 680
1786580 680
1786590 679
1786600 677
1786610 677
1786620 676
1786630 675
1786640 675
1786650 674
1786660 673
1786670 671
1786680 671
1786690 669
1786700 667
1786710 667
1786720 667
1786730 667
1786740 667
1786750 666
1786760 666
1786770 666
1786780 664
1786790 663
1786800 663
1786810 662
1786820 661
1786830 661
1786840 659
1786850 658
1786860 658
1786870 660
1786880 660
1786890 660
1786900 660
1786910 661
1786920 661
1786930 661
1786940 664
1786950 664
1786960 664
1786970 665
1786980 665
1786990 666
1787000 666
1787010 667
1787020 667
1787030 667
1787040 669
1787050 669
1787060 670
1787070 670
1787080 670
1787090 671
1787100 672
1787110 672
1787120 671
1787130 671
1787140 671
1787150 670
1787160 664
1787170 664
1787180 663
1787190 662
1787200 662
1787210 657
1787220 658
1787230 658
1787240 657
1787250 658
1787260 658
1787270 662
1787280 669
1787290 669
1787300 673
1787310 674
1787320 674
1787330 676
1787340 679
1787350 682
1787360 682
1787370 684
1787380 687
1787390 687
1787400 689
1787410 691
1787420 691
1787430 693
1787440 695
1787450 695
1787460 696
1787470 698
1787480 698
1787490 700
1787500 701
1787510 701
1787520 702
1787530 703
1787540 703
1787550 704
1787560 704
1787570 704
1787580 703
1787590 703
1787600 703
1787610 702
1787620 701
1787630 701
1787640 700
1787650 699
1787660 697
1787670 697
1787680 695
1787690 693
1787700 693
1787710 691
1787720 690
1787730 690
1787740 688
1787750 687
1787760 687
1787770 685
1787780 684
1787790 684
1787800 683
1787810 682
1787820 682
1787830 679
1787840 678
1787850 678
1787860 676
1787870 673
1787880 673
1787890 670
1787900 668
1787910 668
1787920 665
1787930 663
1787940 663
1787950 661
1787960 658
1787970 658
1787980 655
1787990 652
1788000 650
1788010 650
1788020 653
1788030 656
1788040 656
1788050 650
1788060 643
1788070 643
1788080 641
1788090 639
1788100 639
1788110 636
1788120 632
1788130 632
1788140 629
1788150 629
1788160 629
1788170 627
1788180 628
1788190 628
1788200 628
1788210 627
1788220 627
1788230 627
1788240 627
1788250 627
1788260 628
1788270 630
1788280 630
1788290 631
1788300 632
1788310 632
1788320 632
1788330 633
1788340 634
1788350 634
1788360 635
1788370 635
1788380 635
1788390 636
1788400 637
1788410 637
1788420 638
1788430 639
1788440 639
1788450 641
1788460 643
1788470 643
1788480 644
1788490 645
1788500 645
1788510 646
1788520 648
1788530 648
1788540 649
1788550 650
1788560 650
1788570 651
1788580 652
1788590 652
1788600 654
1788610 655
1788620 655
1788630 656
1788640 657
1788650 657
1788660 658
1788670 659
1788680 660
1788690 660
1788700 661
1788710 662
1788720 662
1788730 662
1788740 663
1788750 663
1788760 664
1788770 664
1788780 664
1788790 664
1788800 664
1788810 664
1788820 664
1788830 664
1788840 664
1788850 663
1788860 663
1788870 663
1788880 662
1788890 661
1788900 661
1788910 660
1788920 658
1788930 658
1788940 655
1788950 651
1788960 651
1788970 649
1788980 645
1788990 645
1789000 645
1789010 639
1789020 640
1789030 640
1789040 642
1789050 648
1789060 648
1789070 652
1789080 656
1789090 656
1789100 657
1789110 658
1789120 658
1789130 660
1789140 662
1789150 662
1789160 664
1789170 666
1789180 666
1789190 668
1789200 671
1789210 671
1789220 672
1789230 674
1789240 674
1789250 677
1789260 679
1789270 679
1789280 682
1789290 684
1789300 684
1789310 687
1789320 690
1789330 692
1789340 692
1789350 695
1789360 697
1789370 697
1789380 700
1789390 702
1789400 702
1789410 705
1789420 707
1789430 707
1789440 710
1789450 713
1789460 713
1789470 717
1789480 720
1789490 720
1789500 721
1789510 724
1789520 724
1789530 726
1789540 729
1789550 729
1789560 731
1789570 734
1789580 734
1789590 736
1789600 737
1789610 737
1789620 739
1789630 741
1789640 741
1789650 742
1789660 744
1789670 745
1789680 745
1789690 747
1789700 748
1789710 748
1789720 750
1789730 751
1789740 751
1789750 752
1789760 753
1789770 753
1789780 753
1789790 754
1789800 754
1789810 754
1789820 755
1789830 755
1789840 756
1789850 755
1789860 755
1789870 755
1789880 755
1789890 755
1789900 755
1789910 754
1789920 754
1789930 753
1789940 751
1789950 751
1789960 750
1789970 749
1789980 749
1789990 748
1790000 747
1790010 746
1790020 746
1790030 745
1790040 743
1790050 743
1790060 742
1790070 741
1790080 741
1790090 740
1790100 740
1790110 740
1790120 739
1790130 738
1790140 738
1790150 737
1790160 736
1790170 736
1790180 734
1790190 732
1790200 732
1790210 730
1790220 725
1790230 725
1790240 722
1790250 727
1790260 727
1790270 723
1790280 721
1790290 721
1790300 730
1790310 735
1790320 735
1790330 736
1790340 738
1790350 740
1790360 740
1790370 742
1790380 745
1790390 745
1790400 748
1790410 751
1790420 751
1790430 754
1790440 756
1790450 756
1790460 758
1790470 760
1790480 760
1790490 762
1790500 764
1790510 764
1790520 766
1790530 767
1790540 767
1790550 769
1790560 770
1790570 770
1790580 771
1790590 771
1790600 771
1790610 772
1790620 773
1790630 773
1790640 774
1790650 775
1790660 775
1790670 775
1790680 776
1790690 777
1790700 777
1790710 778
1790720 779
1790730 779
1790740 780
1790750 781
1790760 781
1790770 782
1790780 783
1790790 783
1790800 785
1790810 786
1790820 786
1790830 787
1790840 788
1790850 788
1790860 788
1790870 789
1790880 789
1790890 791
1790900 793
1790910 793
1790920 795
1790930 795
1790940 795
1790950 795
1790960 794
1790970 794
1790980 795
1790990 795
1791000 797
1791010 797
1791020 797
1791030 797
1791040 797
1791050 797
1791060 797
1791070 797
1791080 797
1791090 797
1791100 797
1791110 797
1791120 797
1791130 797
1791140 796
1791150 796
1791160 797
1791170 797
1791180 796
1791190 796
1791200 796
1791210 795
1791220 795
1791230 794
1791240 794
1791250 794
1791260 793
1791270 792
1791280 792
1791290 791
1791300 790
1791310 790
1791320 789
1791330 788
1791340 787
1791350 787
1791360 786
1791370 785
1791380 785
1791390 784
1791400 783
1791410 783
1791420 782
1791430 781
1791440 781
1791450 780
1791460 778
1791470 778
1791480 776
1791490 774
1791500 774
1791510 772
1791520 770
1791530 770
1791540 768
1791550 767
1791560 767
1791570 766
1791580 765
1791590 765
1791600 764
1791610 763
1791620 763
1791630 761
1791640 760
1791650 760
1791660 759
1791670 757
1791680 755
1791690 755
1791700 753
1791710 750
1791720 750
1791730 748
1791740 747
1791750 747
1791760 745
1791770 743
1791780 743
1791790 740
1791800 737
1791810 737
1791820 734
1791830 731
1791840 731
1791850 728
1791860 726
1791870 726
1791880 723
1791890 720
1791900 720
1791910 718
1791920 715
1791930 715
1791940 712
1791950 710
1791960 710
1791970 708
1791980 705
1791990 703
1792000 703
1792010 701
1792020 698
1792030 698
1792040 695
1792050 689
1792060 689
1792070 687
1792080 687
1792090 687
1792100 688
1792110 689
1792120 689
1792130 689
1792140 686
1792150 686
1792160 680
1792170 674
1792180 674
1792190 671
1792200 670
1792210 669
1792220 668
1792230 666
1792240 666
1792250 660
1792260 654
1792270 654
1792280 657
1792290 660
1792300 660
1792310 660
1792320 660
1792330 661
1792340 661
1792350 659
1792360 658
1792370 658
1792380 656
1792390 656
1792400 656
1792410 656
1792420 656
1792430 656
1792440 655
1792450 655
1792460 655
1792470 655
1792480 654
1792490 654
1792500 653
1792510 653
1792520 653
1792530 654
1792540 655
1792550 655
1792560 656
1792570 655
1792580 655
1792590 654
1792600 653
1792610 653
1792620 652
1792630 653
1792640 653
1792650 653
1792660 651
1792670 649
1792680 649
1792690 646
1792700 643
1792710 643
1792720 641
1792730 638
1792740 638
1792750 635
1792760 633
1792770 633
1792780 631
1792790 628
1792800 628
1792810 626
1792820 624
1792830 624
1792840 622
1792850 620
1792860 620
1792870 617
1792880 615
1792890 615
1792900 615
1792910 615
1792920 615
1792930 613
1792940 612
1792950 612
1792960 609
1792970 610
1792980 610
1792990 611
1793000 612
1793010 612
1793020 612
1793030 612
1793040 612
1793050 612
1793060 614
1793070 619
1793080 619
1793090 620
1793100 618
1793110 618
1793120 619
1793130 627
1793140 627
1793150 632
1793160 638
1793170 638
1793180 643
1793190 647
1793200 647
1793210 652
1793220 657
1793230 657
1793240 660
1793250 666
1793260 666
1793270 669
1793280 668
1793290 668
1793300 673
1793310 677
1793320 680
1793330 680
1793340 684
1793350 686
1793360 686
1793370 692
1793380 695
1793390 695
1793400 698
1793410 700
1793420 700
1793430 702
1793440 704
1793450 704
1793460 706
1793470 709
1793480 709
1793490 711
1793500 714
1793510 714
1793520 717
1793530 723
1793540 723
1793550 729
1793560 731
1793570 731
1793580 734
1793590 737
1793600 737
1793610 739
1793620 741
1793630 741
1793640 742
1793650 744
1793660 745
1793670 745
1793680 746
1793690 748
1793700 748
1793710 749
1793720 750
1793730 750
1793740 751
1793750 752
1793760 752
1793770 754
1793780 755
1793790 755
1793800 756
1793810 757
1793820 757
1793830 759
1793840 760
1793850 760
1793860 760
1793870 760
1793880 760
1793890 759
1793900 758
1793910 758
1793920 757
1793930 756
1793940 756
1793950 755
1793960 755
1793970 755
1793980 755
1793990 755
1794000 755
1794010 755
1794020 755
1794030 755
1794040 755
1794050 756
1794060 756
1794070 756
1794080 757
1794090 758
1794100 758
1794110 759
1794120 759
1794130 759
1794140 760
1794150 761
1794160 761
1794170 762
1794180 763
1794190 763
1794200 764
1794210 764
1794220 764
1794230 765
1794240 767
1794250 767
1794260 767
1794270 767
1794280 769
1794290 769
1794300 770
1794310 770
1794320 770
1794330 770
1794340 770
1794350 770
1794360 770
1794370 770
1794380 770
1794390 770
1794400 770
1794410 770
1794420 769
1794430 769
1794440 769
1794450 768
1794460 768
1794470 768
1794480 767
1794490 766
1794500 766
1794510 766
1794520 765
1794530 765
1794540 765
1794550 765
1794560 765
1794570 764
1794580 764
1794590 764
1794600 763
1794610 763
1794620 763
1794630 763
1794640 763
1794650 762
1794660 762
1794670 761
1794680 760
1794690 760
1794700 759
1794710 758
1794720 758
1794730 757
1794740 756
1794750 756
1794760 755
1794770 754
1794780 754
1794790 752
1794800 749
1794810 749
1794820 747
1794830 744
1794840 744
1794850 741
1794860 739
1794870 739
1794880 737
1794890 737
1794900 737
1794910 736
1794920 733
1794930 733
1794940 731
1794950 729
1794960 729
1794970 728
1794980 726
1794990 724
1795000 724
1795010 723
1795020 721
1795030 721
1795040 718
1795050 714
1795060 714
1795070 711
1795080 709
1795090 709
1795100 706
1795110 704
1795120 704
1795130 703
1795140 702
1795150 702
1795160 703
1795170 706
1795180 706
1795190 710
1795200 713
1795210 713
1795220 716
1795230 717
1795240 717
1795250 717
1795260 716
1795270 716
1795280 715
1795290 713
1795300 714
1795310 712
1795320 708
1795330 707
1795340 707
1795350 704
1795360 699
1795370 699
1795380 697
1795390 698
1795400 698
1795410 699
1795420 701
1795430 701
1795440 708
1795450 712
1795460 712
1795470 717
1795480 723
1795490 723
1795500 728
1795510 734
1795520 734
1795530 739
1795540 743
1795550 743
1795560 747
1795570 751
1795580 751
1795590 754
1795600 756
1795610 756
1795620 758
1795630 759
1795640 759
1795650 760
1795660 760
1795670 761
1795680 761
1795690 760
1795700 760
1795710 760
1795720 760
1795730 760
1795740 760
1795750 759
1795760 759
1795770 759
1795780 759
1795790 759
1795800 759
1795810 758
1795820 758
1795830 758
1795840 758
1795850 758
1795860 758
1795870 758
1795880 757
1795890 757
1795900 757
1795910 757
1795920 757
1795930 757
1795940 756
1795950 756
1795960 755
1787060 669
1787070 670
1787080 670
1787090 671
1787100 671
1787110 672
1787120 671
1787130 671
1787140 671
1787150 670
1787160 668
1787170 665
1787180 664
1787190 662
1787200 661
1787210 659
1787220 658
1787230 658
1787240 658
1787250 658
1787260 658
1787270 661
1787280 665
1787290 669
1787300 672
1787310 673
1787320 674
1787330 676
1787340 678
1787350 679
1787360 681
1787370 683
1787380 684
1787390 686
1787400 687
1787410 689
1787420 690
1787430 692
1787440 693
1787450 694
1787460 695
1787470 697
1787480 698
1787490 699
1787500 700
1787510 701
1787520 702
1787530 703
1787540 703
1787550 703
1787560 704
1787570 704
1787580 704
1787590 704
1787600 703
1787610 703
1787620 702
1787630 702
1787640 701
1787650 700
1787660 699
1787670 697
1787680 696
1787690 695
1787700 694
1787710 692
1787720 691
1787730 690
1787740 689
1787750 688
1787760 687
1787770 686
1787780 685
1787790 685
1787800 684
1787810 683
1787820 682
1787830 680
1787840 679
1787850 677
1787860 676
1787870 674
1787880 672
1787890 670
1787900 669
1787910 667
1787920 665
1787930 664
1787940 663
1787950 661
1787960 659
1787970 657
1787980 655
1787990 653
1788000 652
1788010 650
1788020 651
1788030 653
1788040 655
1788050 652
1788060 648
1788070 644
1788080 642
1788090 640
1788100 639
1788110 637
1788120 634
1788130 632
1788140 630
1788150 629
1788160 628
1788170 628
1788180 628
1788190 628
1788200 628
1788210 628
1788220 627
1788230 627
1788240 627
1788250 627
1788260 628
1788270 629
1788280 630
1788290 631
1788300 631
1788310 632
1788320 633
1788330 633
1788340 633
1788400 636
1788410 637
1794450 768
1794460 768
1794470 768
1794480 767
1794490 767
1794500 766
1794510 766
1794520 766
1794530 765
1794540 765
1794550 765
1794560 765
1794570 765
1794580 764
1794590 764
1794600 764
1794610 763
1794620 763
1794630 763
1794640 763
1794650 763
1794660 762
1794670 762
1794680 761
1794690 760
1794700 759
1794710 758
1794720 757
1794730 757
1794740 756
1794750 755
1794760 755
1794770 753
1794780 752
1794790 751
1794800 749
1794810 747
1794820 746
1794830 744
1794840 742
1794850 741
1794860 739
1794870 737
1794880 736
1794890 735
1794900 735
1794910 734
1794920 732
1794930 731
1794940 730
1794950 728
1794960 727
1794970 726
1794980 725
1794990 724
1795000 723
1795010 722
1795020 721
1795030 719
1795040 717
1795050 715
1795060 713
1795070 711
1795080 709
1795090 707
1795100 706
1795110 704
1795120 703
1795130 703
1795140 703
1795150 704
1795160 705
1795170 707
1795180 709
1795190 712
1795200 714
1795210 716
1795220 717
1795230 718
1795240 718
1795250 718
1795260 717
1795270 717
1795280 716
1795290 715
1795300 714
1795310 711
1795320 709
1795330 708
1795340 707
1795350 705
1795360 702
1795370 699
1795380 698
1795390 698
1795400 698
1795410 698
1795420 699
1795430 702
1795440 705
1795450 709
1795460 712
1795470 715
1795480 719
1795490 723
1795500 726
1795510 730
1795520 734
1795530 737
1795540 740
1795550 743
1795560 746
1795570 749
1795580 751
1795590 753
1795600 755
1795610 757
1795620 758
1795630 759
1795640 759
1795650 760
1795660 760
1795670 760
1795680 760
1795690 760
1795700 760
1795710 760
1795720 760
1795730 760
1795740 760
1795750 759
1795760 759
1795770 759
1795780 759
1795790 759
1795800 758
1795810 758
1795820 758
1795830 758
1795840 758
1795850 758
1795860 757
1795870 757
1795880 757
1795890 757
1795900 757
1795910 757
1795920 756
1795930 756
1795940 756
1795950 755
1795960 755
1795970 755
1795980 754
1795990 754
1796000 754
1796010 753
1796020 753
1796030 752
1796040 752
1796050 750
1796060 749
1796070 748
1796080 747
1796090 746
1796100 745
1796110 744
1796120 743
1796130 742
1796140 741
1796150 740
1796160 738
1796170 736
1796180 735
1796190 734
1796200 736
1796210 737
1796220 737
1796230 738
1796240 739
1796250 740
1796260 741
1796270 742
1796280 742
1796290 743
1796300 744
1796310 745
1796320 746
1796330 747
1796340 748
1796350 749
1796360 751
1796370 752
1796380 754
1796390 755
1796400 757
1796410 758
1796420 759
1796430 761
1796440 762
1796450 763
1796460 765
1796470 766
1796480 767
1796490 769
1796500 770
1796510 770
1796520 771
1796530 771
1796540 772
1796550 772
1796560 773
1796570 773
1796580 774
1796590 775
1796600 775
1796610 775
1796620 776
1796630 776
1796640 777
1796650 778
1796660 779
1796670 779
1796680 780
1796690 780
1796700 780
1796710 781
1796720 781
1796730 781
1796740 781
1796750 781
1796760 782
1796770 782
1796780 782
1796790 781
1796800 781
1796810 781
1796820 780
1796830 780
1796840 779
1796850 778
1796860 778
1796870 777
1796880 776
1796890 775
1796900 773
1796910 772
1796920 770
1796930 769
1796940 767
1796950 764
1796960 762
1796970 760
1796980 758
1796990 756
1797000 753
1797010 751
1797020 749
1797030 746
1797040 744
1797050 741
1797060 740
1797070 737
1797080 735
1797090 734
1797100 731
1797110 729
1797120 726
1797130 724
1797140 722
1797150 719
1797160 717
1797170 717
1797180 719
1797190 720
1797200 721
1797210 723
1797220 724
1797230 726
1797240 727
1797250 729
1797260 731
1797270 733
1797280 735
1797290 738
1797300 740
1797310 741
1797320 742
1797330 741
1797340 741
1797350 740
1797360 738
1797370 736
1797380 734
1797390 732
1797400 730
1797410 728
1797420 726
1797430 723
1797440 721
1797450 719
1797460 716
1797470 716
1797480 716
1797490 719
1797500 720
1797510 722
1797520 724
1797530 725
1797540 726
1797550 727
1797560 729
1797570 732
1797580 735
1797590 736
1797600 738
1797610 739
1797620 741
1797630 743
1797640 744
1797650 746
1797660 747
1797670 749
1797680 751
1797690 753
1797700 755
1797710 756
1797720 759
1797730 761
1797740 763
1797750 764
1797760 766
1797770 767
1797780 768
1797790 769
1797800 770
1797810 771
1797820 773
1797830 774
1797840 775
1797850 776
1797860 778
1797870 779
1797880 780
1797890 781
1797900 782
1797910 783
1797920 784
1797930 785
1797940 786
1797950 787
1797960 788
1797970 789
1797980 789
1797990 790
1798000 791
1798010 791
1798020 792
1798030 793
1798040 794
1798050 795
1798060 796
1798070 797
1798080 798
1798090 799
1798100 800
1798110 801
1798120 802
1798130 802
1798140 803
1798150 804
1798160 805
1798170 805
1798180 806
1798190 807
1798200 807
1798210 808
1798220 808
1798230 809
1798240 809
1798250 809
1798260 809
1798270 809
1798280 808
1798290 808
1798300 808
1798310 807
1798320 807
1798330 807
1798340 806
1798350 806
1798360 805
1798370 805
1798380 805
1798390 804
1798400 804
1798410 803
1798420 802
1798430 802
1798440 801
1798450 801
1798460 800
1798470 800
1798480 800
1798490 799
1798500 799
1798510 798
1798520 797
1798530 796
1798540 795
1798550 794
1798560 794
1798570 793
1798580 792
1798590 791
1798600 790
1798610 788
1798620 786
1798630 784
1798640 783
1798650 781
1798660 779
1798670 778
1798680 776
1798690 775
1798700 773
1798710 772
1798720 771
1798730 770
1798740 769
1798750 768
1798760 767
1798770 766
1798780 765
1798790 764
1798800 763
1798810 762
1798820 761
1798830 760
1798840 760
1798850 759
1798860 758
1798870 757
1798880 757
1798890 757
1798900 757
1798910 757
1798920 757
1798930 757
1798940 757
1798950 758
1798960 758
1798970 758
1798980 759
1798990 759
1799000 760
1799010 760
1799020 761
1799030 762
1799040 762
1799050 762
1799060 763
1799070 762
1799080 762
1799090 761
1799100 761
1799110 760
1799120 759
1799130 757
1799140 755
1799150 754
1799160 752
1799170 749
1799180 747
1799190 745
1799200 742
1799210 739
1799220 736
1799230 733
1799240 730
1799250 727
1799260 723
1799270 720
1799280 717
1799290 713
1799300 710
1799310 706
1799320 703
1799330 699
1799340 695
1799350 695
1799360 697
1799370 700
1799380 703
1799390 706
1799400 708
1799410 710
1799420 710
1799430 711
1799440 710
1799450 708
1799460 705
1799470 704
1799480 706
1799490 709
1799500 710
1799510 712
1799520 714
1799530 715
1799540 717
1799550 719
1799560 721
1799570 723
1799580 725
1799590 728
1799600 730
1799610 732
1799620 735
1799630 736
1799640 738
1799650 740
1799660 742
1799670 744
1799680 746
1799690 748
1799700 749
1799710 751
1799720 752
1799730 754
1799740 756
1799750 758
1799760 760
1799770 762
1799780 763
1799790 764
1799800 766
1799810 767
1799820 769
1799830 771
1799840 773
1799850 774
1799860 776
1799870 777
1799880 779
1799890 780
1799900 781
1799910 781
1799920 782
1799930 782
1799940 783
1799950 784
1799960 784
1799970 785
1799980 785
1799990 785
