1780000 1212
1780010 1209
1780020 1206
1780030 1206
1780040 1204
1780050 1202
1780060 1202
1780070 1200
1780080 1196
1780090 1196
1780100 1195
1780110 1191
1780120 1189
1780130 1189
1780140 1185
1780150 1180
1780160 1180
1780170 1177
1780180 1173
1780190 1173
1780200 1169
1780210 1165
1780220 1165
1780230 1161
1780240 1158
1780250 1158
1780260 1155
1780270 1151
1780280 1151
1780290 1148
1780300 1145
1780310 1145
1780320 1142
1780330 1139
1780340 1139
1780350 1137
1780360 1135
1780370 1135
1780380 1133
1780390 1132
1780400 1132
1780410 1130
1780420 1128
1780430 1128
1780440 1125
1780450 1121
1780460 1119
1780470 1119
1780480 1116
1780490 1113
1780500 1113
1780510 1109
1780520 1106
1780530 1106
1780540 1102
1780550 1100
1780560 1100
1780570 1097
1780580 1092
1780590 1092
1780600 1090
1780610 1088
1780620 1088
1780630 1086
1780640 1083
1780650 1083
1780660 1079
1780670 1076
1780680 1076
1780690 1073
1780700 1070
1780710 1070
1780720 1067
1780730 1064
1780740 1064
1780750 1061
1780760 1058
1780770 1058
1780780 1055
1780790 1053
1780800 1049
1780810 1049
1780820 1046
1780830 1042
1780840 1042
1780850 1038
1780860 1033
1780870 1033
1780880 1029
1780890 1025
1780900 1025
1780910 1022
1780920 1018
1780930 1018
1780940 1013
1780950 1010
1780960 1010
1780970 1005
1780980 1002
1780990 1002
1781000 998
1781010 994
1781020 994
1781030 989
1781040 986
1781050 986
1781060 982
1781070 979
1781080 979
1781090 972
1781100 970
1781110 970
1781120 965
1781130 960
1781140 958
1781150 958
1781160 957
1781170 955
1781180 955
1781190 959
1781200 962
1781210 962
1781220 964
1781230 966
1781240 966
1781250 967
1781260 970
1781270 970
1781280 972
1781290 974
1781300 974
1781310 975
1781320 976
1781330 976
1781340 976
1781350 977
1781360 977
1781370 979
1781380 981
1781390 981
1781400 981
1781410 982
1781420 982
1781430 983
1781440 984
1781450 983
1781460 983
1781470 983
1781480 984
1781490 984
1781500 983
1781510 981
1781520 981
1781530 979
1781540 977
1781550 977
1781560 975
1781570 974
1781580 974
1781590 971
1781600 970
1781610 970
1781620 968
1781630 967
1781640 967
1781650 967
1781660 967
1781670 967
1781680 967
1781690 967
1781700 967
1781710 967
1781720 967
1781730 968
1781740 967
1781750 967
1781760 967
1781770 966
1781780 966
1781790 966
1781800 966
1781810 965
1781820 965
1781830 965
1781840 964
1781850 964
1781860 964
1781870 963
1781880 963
1781890 963
1781900 962
1781910 961
1781920 961
1781930 959
1781940 957
1781950 957
1781960 956
1781970 954
1781980 954
1781990 950
1782000 948
1782010 948
1782020 943
1782030 938
1782040 938
1782050 931
1782060 926
1782070 926
1782080 922
1782090 928
1782100 928
1782110 931
1782120 931
1782130 928
1782140 928
1782150 924
1782160 929
1782170 929
1782180 931
1782190 934
1782200 934
1782210 937
1782220 941
1782230 941
1782240 944
1782250 944
1782260 944
1782270 947
1782280 949
1782290 949
1782300 952
1782310 954
1782320 954
1782330 955
1782340 955
1782350 955
1782360 954
1782370 956
1782380 956
1782390 958
1782400 961
1782410 961
1782420 964
1782430 969
1782440 969
1782450 971
1782460 971
1782470 972
1782480 972
1782490 972
1782500 973
1782510 973
1782520 974
1782530 975
1782540 975
1782550 975
1782560 976
1782570 976
1782580 976
1782590 977
1782600 977
1782610 977
1782620 976
1782630 976
1782640 976
1782650 976
1782660 976
1782670 976
1782680 977
1782690 977
1782700 977
1782710 979
1782720 979
1782730 979
1782740 980
1782750 980
1782760 980
1782770 981
1782780 981
1782790 983
1782800 983
1782810 983
1782820 983
1782830 984
1782840 984
1782850 984
1782860 984
1782870 987
1782880 987
1782890 988
1782900 989
1782910 989
1782920 992
1782930 993
1782940 993
1782950 993
1782960 993
1782970 993
1782980 994
1782990 994
1783000 994
1783010 994
1783020 995
1783030 995
1783040 995
1783050 995
1783060 995
1783070 995
1783080 998
1783090 998
1783100 999
1783110 1000
1783120 1000
1783130 1002
1783140 1004
1783150 1005
1783160 1005
1783170 1007
1783180 1008
1783190 1008
1783200 1008
1783210 1009
1783220 1009
1783230 1009
1783240 1010
1783250 1010
1783260 1010
1783270 1010
1783280 1010
1783290 1009
1783300 1009
1783310 1009
1783320 1010
1783330 1010
1783340 1010
1783350 1011
1783360 1012
1783370 1012
1783380 1012
1783390 1012
1783400 1012
1783410 1013
1783420 1013
1783430 1013
1783440 1014
1783450 1014
1783460 1014
1783470 1015
1783480 1015
1783490 1015
1783500 1015
1783510 1014
1783520 1014
1783530 1014
1783540 1013
1783550 1013
1783560 1013
1783570 1013
1783580 1012
1783590 1012
1783600 1011
1783610 1010
1783620 1010
1783630 1009
1783640 1009
1783650 1009
1783660 1007
1783670 1008
1783680 1008
1783690 1007
1783700 1008
1783710 1008
1783720 1007
1783730 1004
1783740 1004
1783750 1005
1783760 1003
1783770 1003
1783780 1001
1783790 999
1783800 999
1783810 998
1783820 998
1783830 997
1783840 997
1783850 997
1783860 996
1783870 996
1783880 996
1783890 995
1783900 995
1783910 995
1783920 995
1783930 995
1783940 994
1783950 994
1783960 994
1783970 993
1783980 994
1783990 996
1784000 998
1784010 1000
1784020 1000
1784030 1001
1784040 1003
1784050 1003
1784060 1003
1784070 1004
1784080 1004
1784090 1006
1784100 1007
1784110 1007
1784120 1006
1784130 1005
1784140 1005
1784150 1004
1784160 1002
1784170 1001
1784180 1001
1784190 1000
1784200 998
1784210 998
1784220 996
1784230 994
1784240 994
1784250 992
1784260 990
1784270 990
1784280 989
1784290 986
1784300 986
1784310 983
1784320 980
1784330 980
1784340 977
1784350 973
1784360 973
1784370 970
1784380 966
1784390 966
1784400 963
1784410 961
1784420 961
1784430 959
1784440 956
1784450 956
1784460 952
1784470 948
1784480 948
1784490 945
1784500 943
1784510 940
1784520 940
1784530 937
1784540 933
1784550 933
1784560 931
1784570 928
1784580 928
1784590 927
1784600 925
1784610 925
1784620 923
1784630 919
1784640 919
1784650 918
1784660 916
1784670 916
1784680 913
1784690 911
1784700 911
1784710 908
1784720 905
1784730 905
1784740 902
1784750 899
1784760 899
1784770 897
1784780 894
1784790 894
1784800 892
1784810 890
1784820 890
1784830 888
1784840 887
1784850 885
1784860 885
1784870 884
1784880 882
1784890 882
1784900 881
1784910 878
1784920 878
1784930 878
1784940 876
1784950 876
1784960 874
1784970 871
1784980 871
1784990 869
1785000 867
1785010 867
1785020 865
1785030 863
1785040 863
1785050 861
1785060 860
1785070 860
1785080 857
1785090 856
1785100 856
1785110 853
1785120 852
1785130 852
1785140 850
1785150 848
1785160 848
1785170 845
1785180 843
1785190 841
1785200 841
1785210 839
1785220 837
1785230 837
1785240 834
1785250 830
1785260 830
1785270 827
1785280 824
1785290 824
1785300 821
1785310 819
1785320 819
1785330 816
1785340 813
1785350 813
1785360 811
1785370 809
1785380 809
1785390 806
1785400 803
1785410 803
1785420 801
1785430 799
1785440 799
1785450 796
1785460 794
1785470 794
1785480 792
1785490 790
1785500 790
1785510 788
1785520 786
1785530 784
1785540 784
1785550 782
1785560 779
1785570 779
1785580 777
1785590 776
1785600 776
1785610 773
1785620 769
1785630 769
1785640 771
1785650 771
1785660 771
1785670 771
1785680 773
1785690 773
1785700 776
1785710 779
1785720 779
1785730 782
1785740 786
1785750 786
1785760 788
1785770 790
1785780 790
1785790 793
1785800 795
1785810 795
1785820 797
1785830 800
1785840 800
1785850 802
1785860 803
1785870 805
1785880 805
1785890 806
1785900 807
1785910 807
1785920 808
1785930 808
1785940 808
1785950 808
1785960 808
1785970 808
1785980 806
1785990 808
1786000 808
1786010 811
1786020 813
1786030 813
1786040 815
1786050 818
1786060 818
1786070 820
1786080 822
1786090 822
1786100 825
1786110 827
1786120 827
1786130 829
1786140 831
1786150 831
1786160 834
1786170 836
1786180 836
1786190 839
1786200 841
1786210 843
1786220 843
1786230 844
1786240 846
1786250 846
1786260 848
1786270 849
1786280 849
1786290 850
1786300 852
1786310 852
1786320 854
1786330 855
1786340 855
1786350 856
1786360 858
1786370 858
1786380 859
1786390 860
1786400 860
1786410 862
1786420 864
1786430 864
1786440 866
1786450 868
1786460 868
1786470 869
1786480 871
1786490 871
1786500 872
1786510 875
1786520 879
1786530 879
1786540 878
1786550 881
1786560 881
1786570 881
1786580 881
1786590 881
1786600 881
1786610 881
1786620 881
1786630 881
1786640 881
1786650 881
1786660 881
1786670 881
1786680 881
1786690 881
1786700 882
1786710 882
1786720 886
1786730 887
1786740 887
1786750 888
1786760 889
1786770 889
1786780 889
1786790 888
1786800 888
1786810 887
1786820 886
1786830 886
1786840 885
1786850 884
1786860 882
1786870 882
1786880 880
1786890 878
1786900 878
1786910 876
1786920 875
1786930 875
1786940 873
1786950 872
1786960 872
1786970 871
1786980 870
1786990 870
1787000 868
1787010 866
1787020 866
1787030 865
1787040 864
1787050 864
1787060 862
1787070 861
1787080 861
1787090 860
1787100 859
1787110 859
1787120 857
1787130 856
1787140 856
1787150 854
1787160 853
1787170 853
1787180 851
1787190 849
1787200 847
1787210 847
1787220 846
1787230 844
1787240 844
1787250 843
1787260 841
1787270 841
1787280 840
1787290 838
1787300 840
1787310 838
1787320 836
1787330 836
1787340 835
1787350 833
1787360 833
1787370 831
1787380 829
1787390 829
1787400 827
1787410 826
1787420 826
1787430 824
1787440 823
1787450 823
1787460 821
1787470 820
1787480 820
1787490 818
1787500 817
1787510 817
1787520 816
1787530 815
1787540 813
1787550 813
1787560 811
1787570 809
1787580 809
1787590 807
1787600 806
1787610 806
1787620 804
1787630 803
1787640 803
1787650 801
1787660 799
1787670 799
1787680 798
1787690 796
1787700 796
1787710 794
1787720 792
1787730 792
1787740 790
1787750 789
1787760 789
1787770 786
1787780 785
1787790 785
1787800 783
1787810 781
1787820 781
1787830 779
1787840 777
1787850 777
1787860 775
1787870 774
1787880 772
1787890 772
1787900 770
1787910 768
1787920 768
1787930 766
1787940 764
1787950 764
1787960 762
1787970 760
1787980 760
1787990 757
1788000 756
1788010 756
1788020 754
1788030 752
1788040 752
1788050 749
1788060 747
1788070 747
1788080 744
1788090 742
1788100 742
1788110 740
1788120 738
1788130 738
1788140 735
1788150 733
1788160 733
1788170 731
1788180 728
1788190 728
1788200 726
1788210 723
1788220 720
1788230 720
1788240 717
1788250 715
1788260 715
1788270 713
1788280 706
1788290 706
1788300 701
1788310 696
1788320 696
1788330 698
1788340 704
1788350 704
1788360 705
1788370 706
1788380 706
1788390 709
1788400 711
1788410 711
1788420 712
1788430 715
1788440 715
1788450 719
1788460 721
1788470 721
1788480 725
1788490 728
1788500 728
1788510 730
1788520 732
1788530 732
1788540 734
1788550 737
1788560 740
1788570 740
1788580 743
1788590 746
1788600 746
1788610 749
1788620 752
1788630 752
1788640 754
1788650 757
1788660 757
1788670 759
1788680 762
1788690 762
1788700 764
1788710 767
1788720 767
1788730 770
1788740 772
1788750 772
1788760 775
1788770 777
1788780 777
1788790 779
1788800 782
1788810 782
1788820 784
1788830 787
1788840 787
1788850 790
1788860 792
1788870 792
1788880 795
1788890 797
1788900 799
1788910 799
1788920 801
1788930 804
1788940 804
1788950 806
1788960 809
1788970 809
1788980 810
1788990 812
1789000 812
1789010 815
1789020 819
1789030 819
1789040 821
1789050 823
1789060 823
1789070 824
1789080 826
1789090 826
1789100 828
1789110 830
1789120 830
1789130 833
1789140 836
1789150 836
1789160 839
1789170 841
1789180 841
1789190 842
1789200 844
1789210 844
1789220 846
1789230 848
1789240 849
1789250 849
1789260 850
1789270 851
1789280 851
1789290 852
1789300 854
1789310 854
1789320 855
1789330 856
1789340 856
1789350 857
1789360 858
1789370 858
1789380 859
1789390 860
1789400 860
1789410 861
1789420 862
1789430 862
1789440 862
1789450 863
1789460 864
1789470 865
1789480 867
1789490 867
1789500 867
1789510 868
1789520 868
1789530 868
1789540 869
1789550 869
1789560 871
1789570 872
1789580 873
1789590 873
1789600 873
1789610 874
1789620 874
1789630 875
1789640 876
1789650 876
1789660 876
1789670 877
1789680 877
1789690 878
1789700 879
1789710 879
1789720 880
1789730 881
1789740 881
1789750 881
1789760 882
1789770 882
1789780 882
1789790 883
1789800 883
1789810 883
1789820 883
1789830 883
1789840 884
1789850 884
1789860 884
1789870 884
1789880 884
1789890 884
1789900 884
1789910 884
1789920 884
1789930 884
1789940 884
1789950 884
1789960 884
1789970 884
1789980 884
1789990 884
1790000 883
1790010 883
1790020 883
1790030 882
1790040 881
1790050 881
1790060 879
1790070 878
1790080 878
1790090 876
1790100 875
1790110 875
1790120 874
1790130 873
1790140 873
1790150 870
1790160 870
1790170 870
1790180 868
1790190 866
1790200 866
1790210 863
1790220 861
1790230 861
1790240 858
1790250 854
1790260 851
1790270 851
1790280 849
1790290 847
1790300 847
1790310 846
1790320 845
1790330 845
1790340 844
1790350 844
1790360 844
1790370 842
1790380 843
1790390 843
1790400 844
1790410 844
1790420 844
1790430 843
1790440 842
1790450 842
1790460 841
1790470 841
1790480 841
1790490 841
1790500 841
1790510 841
1790520 843
1790530 842
1790540 842
1790550 841
1790560 841
1790570 841
1790580 841
1790590 841
1790600 841
1790610 841
1790620 842
1790630 842
1790640 842
1790650 843
1790660 842
1790670 842
1790680 840
1790690 838
1790700 838
1790710 836
1790720 835
1790730 835
1790740 833
1790750 832
1790760 832
1790770 830
1790780 828
1790790 828
1790800 826
1790810 823
1790820 823
1790830 821
1790840 819
1790850 819
1790860 816
1790870 813
1790880 813
1790890 810
1790900 807
1790910 807
1790920 804
1790930 800
1790940 795
1790950 795
1790960 793
1790970 789
1790980 789
1790990 786
1791000 783
1791010 783
1791020 782
1791030 779
1791040 779
1791050 777
1791060 774
1791070 774
1791080 773
1791090 771
1791100 771
1791110 769
1791120 767
1791130 767
1791140 765
1791150 763
1791160 763
1791170 762
1791180 759
1791190 759
1791200 757
1791210 755
1791220 755
1791230 753
1791240 751
1791250 751
1791260 748
1791270 746
1791280 743
1791290 743
1791300 740
1791310 737
1791320 737
1791330 735
1791340 729
1791350 729
1791360 723
1791370 714
1791380 714
1791390 714
1791400 717
1791410 717
1791420 717
1791430 715
1791440 715
1791450 715
1791460 717
1791470 717
1791480 721
1791490 723
1791500 723
1791510 723
1791520 725
1791530 725
1791540 728
1791550 729
1791560 729
1791570 731
1791580 735
1791590 737
1791600 737
1791610 739
1791620 741
1791630 741
1791640 742
1791650 745
1791660 745
1791670 747
1791680 750
1791690 750
1791700 753
1791710 755
1791720 755
1791730 757
1791740 759
1791750 759
1791760 761
1791770 763
1791780 763
1791790 765
1791800 766
1791810 766
1791820 768
1791830 769
1791840 769
1791850 770
1791860 771
1791870 771
1791880 772
1791890 773
1791900 773
1791910 773
1791920 774
1791930 775
1791940 775
1791950 775
1791960 776
1791970 776
1791980 777
1791990 778
1792000 778
1792010 779
1792020 779
1792030 779
1792040 780
1792050 780
1792060 780
1792070 780
1792080 780
1792090 780
1792100 779
1792110 778
1792120 778
1792130 777
1792140 775
1792150 775
1792160 773
1792170 772
1792180 772
1792190 771
1792200 765
1792210 765
1792220 762
1792230 758
1792240 758
1792250 754
1792260 750
1792270 746
1792280 746
1792290 743
1792300 738
1792310 738
1792320 731
1792330 724
1792340 724
1792350 719
1792360 715
1792370 715
1792380 721
1792390 722
1792400 722
1792410 722
1792420 718
1792430 718
1792440 721
1792450 723
1792460 723
1792470 723
1792480 723
1792490 723
1792500 722
1792510 722
1792520 722
1792530 723
1792540 724
1792550 724
1792560 725
1792570 726
1792580 726
1792590 727
1792600 727
1792610 727
1792620 730
1792630 729
1792640 729
1792650 729
1792660 729
1792670 728
1792680 728
1792690 729
1792700 728
1792710 728
1792720 728
1792730 728
1792740 728
1792750 728
1792760 727
1792770 727
1792780 727
1792790 727
1792800 727
1792810 727
1792820 726
1792830 726
1792840 726
1792850 726
1792860 726
1792870 726
1792880 726
1792890 726
1792900 726
1792910 725
1792920 725
1792930 724
1792940 722
1792950 720
1792960 720
1792970 712
1792980 709
1792990 709
1793000 716
1793010 723
1793020 723
1793030 728
1793040 730
1793050 730
1793060 732
1793070 735
1793080 735
1793090 738
1793100 739
1793110 739
1793120 740
1793130 741
1793140 741
1793150 741
1793160 744
1793170 744
1793180 746
1793190 747
1793200 747
1793210 748
1793220 749
1793230 749
1793240 749
1793250 750
1793260 750
1793270 750
1793280 751
1793290 751
1793300 751
1793310 751
1793320 752
1793330 752
1793340 751
1793350 750
1793360 750
1793370 749
1793380 748
1793390 748
1793400 747
1793410 746
1793420 746
1793430 745
1793440 743
1793450 743
1793460 741
1793470 738
1793480 738
1793490 735
1793500 735
1793510 735
1793520 732
1793530 728
1793540 728
1793550 723
1793560 723
1793570 723
1793580 724
1793590 724
1793600 724
1793610 726
1793620 727
1793630 720
1793640 720
1793650 718
1793660 721
1793670 721
1793680 723
1793690 723
1793700 723
1793710 724
1793720 725
1793730 725
1793740 726
1793750 728
1793760 728
1793770 728
1793780 729
1793790 729
1793800 729
1793810 729
1793820 729
1793830 729
1793840 728
1793850 728
1793860 726
1793870 724
1793880 724
1793890 717
1793900 719
1793910 719
1793920 725
1793930 726
1793940 726
1793950 727
1793960 730
1793970 732
1793980 732
1793990 735
1794000 737
1794010 737
1794020 740
1794030 743
1794040 743
1794050 745
1794060 747
1794070 747
1794080 749
1794090 751
1794100 751
1794110 753
1794120 755
1794130 755
1794140 757
1794150 759
1794160 759
1794170 761
1794180 763
1794190 763
1794200 765
1794210 767
1794220 767
1794230 769
1794240 771
1794250 771
1794260 771
1794270 772
1794280 772
1794290 773
1794300 774
1794310 776
1794320 776
1794330 777
1794340 778
1794350 778
1794360 779
1794370 779
1794380 779
1794390 779
1794400 779
1794410 779
1794420 779
1794430 779
1794440 779
1794450 778
1794460 777
1794470 777
1794480 776
1794490 775
1794500 775
1794510 773
1794520 772
1794530 772
1794540 770
1794550 768
1794560 768
1794570 765
1794580 763
1794590 763
1794600 761
1794610 759
1794620 759
1794630 757
1794640 755
1794650 753
1794660 753
1794670 752
1794680 751
1794690 749
1794700 747
1794710 747
1794720 747
1794730 746
1794740 745
1794750 745
1794760 745
1794770 745
1794780 745
1794790 745
1794800 744
1794810 744
1794820 744
1794830 744
1794840 744
1794850 745
1794860 745
1794870 745
1794880 745
1794890 743
1794900 743
1794910 741
1794920 738
1794930 738
1794940 734
1794950 732
1794960 732
1794970 728
1794980 724
1794990 719
1795000 719
1795010 716
1795020 713
1795030 713
1795040 710
1795050 706
1795060 706
1795070 702
1795080 698
1795090 698
1795100 693
1795110 689
1795120 689
1795130 683
1795140 675
1795150 675
1795160 669
1795170 676
1795180 676
1795190 682
1795200 684
1795210 684
1795220 686
1795230 688
1795240 688
1795250 691
1795260 694
1795270 694
1795280 698
1795290 701
1795300 701
1795310 704
1795320 706
1795330 707
1795340 707
1795350 708
1795360 710
1795370 710
1795380 712
1795390 714
1795400 714
1795410 717
1795420 720
1795430 720
1795440 723
1795450 726
1795460 726
1795470 730
1795480 734
1795490 734
1795500 736
1795510 740
1795520 740
1795530 743
1795540 746
1795550 746
1795560 751
1795570 755
1795580 755
1795590 760
1795600 763
1795610 763
1795620 763
1795630 762
1795640 762
1795650 760
1795660 759
1795670 756
1795680 756
1795690 754
1795700 751
1795710 747
1795720 744
1795730 741
1795740 741
1795750 738
1795760 735
1795770 735
1795780 732
1795790 729
1795800 729
1795810 728
1795820 727
1795830 727
1795840 728
1795850 729
1795860 729
1795870 729
1795880 730
1795890 730
1795900 730
1795910 728
1795920 728
1795930 726
1795940 725
1795950 725
