1780000 1239
1780010 1239
1780020 1240
1780030 1240
1780040 1241
1780050 1241
1780060 1241
1780070 1241
1780080 1241
1780090 1241
1780100 1241
1780110 1239
1780120 1239
1780130 1237
1780140 1235
1780150 1235
1780160 1234
1780170 1232
1780180 1232
1780190 1230
1780200 1230
1780210 1230
1780220 1229
1780230 1229
1780240 1229
1780250 1229
1780260 1228
1780270 1228
1780280 1228
1780290 1227
1780300 1227
1780310 1226
1780320 1225
1780330 1225
1780340 1225
1780350 1224
1780360 1224
1780370 1224
1780380 1224
1780390 1223
1780400 1223
1780410 1222
1780420 1221
1780430 1221
1780440 1221
1780450 1221
1780460 1221
1780470 1220
1780480 1219
1780490 1219
1780500 1219
1780510 1219
1780520 1219
1780530 1218
1780540 1217
1780550 1217
1780560 1218
1780570 1219
1780580 1219
1780590 1219
1780600 1219
1780610 1219
1780620 1218
1780630 1218
1780640 1218
1780650 1217
1780660 1216
1780670 1217
1780680 1217
1780690 1217
1780700 1218
1780710 1218
1780720 1218
1780730 1218
1780740 1218
1780750 1218
1780760 1217
1780770 1217
1780780 1217
1780790 1217
1780800 1217
1780810 1216
1780820 1216
1780830 1216
1780840 1216
1780850 1216
1780860 1216
1780870 1215
1780880 1215
1780890 1215
1780900 1215
1780910 1215
1780920 1215
1780930 1214
1780940 1213
1780950 1213
1780960 1213
1780970 1212
1780980 1212
1780990 1211
1781000 1210
1781010 1209
1781020 1209
1781030 1207
1781040 1206
1781050 1206
1781060 1205
1781070 1203
1781080 1203
1781090 1202
1781100 1202
1781110 1202
1781120 1201
1781130 1200
1781140 1200
1781150 1199
1781160 1199
1781170 1199
1781180 1197
1781190 1196
1781200 1196
1781210 1195
1781220 1193
1781230 1193
1781240 1191
1781250 1188
1781260 1188
1781270 1187
1781280 1188
1781290 1188
1781300 1189
1781310 1188
1781320 1188
1781330 1187
1781340 1185
1781350 1184
1781360 1184
1781370 1184
1781380 1182
1781390 1182
1781400 1181
1781410 1180
1781420 1180
1781430 1179
1781440 1178
1781450 1178
1781460 1178
1781470 1177
1781480 1177
1781490 1177
1781500 1176
1781510 1176
1781520 1176
1781530 1176
1781540 1176
1781550 1175
1781560 1175
1781570 1175
1781580 1175
1781590 1174
1781600 1174
1781610 1173
1781620 1173
1781630 1173
1781640 1172
1781650 1172
1781660 1172
1781670 1171
1781680 1170
1781690 1169
1781700 1169
1781710 1168
1781720 1167
1781730 1167
1781740 1166
1781750 1166
1781760 1166
1781770 1165
1781780 1164
1781790 1164
1781800 1163
1781810 1162
1781820 1162
1781830 1161
1781840 1159
1781850 1159
1781860 1158
1781870 1156
1781880 1156
1781890 1156
1781900 1154
1781910 1154
1781920 1154
1781930 1153
1781940 1153
1781950 1151
1781960 1148
1781970 1148
1781980 1145
1781990 1144
1782000 1144
1782010 1142
1782020 1141
1782030 1141
1782040 1141
1782050 1142
1782060 1142
1782070 1142
1782080 1142
1782090 1143
1782100 1143
1782110 1143
1782120 1142
1782130 1142
1782140 1140
1782150 1139
1782160 1139
1782170 1139
1782180 1139
1782190 1139
1782200 1139
1782210 1138
1782220 1138
1782230 1136
1782240 1134
1782250 1134
1782260 1135
1782270 1135
1782280 1135
1782290 1136
1782300 1137
1782310 1137
1782320 1139
1782330 1141
1782340 1141
1782350 1142
1782360 1142
1782370 1143
1782380 1143
1782390 1143
1782400 1147
1782410 1147
1782420 1146
1782430 1145
1782440 1145
1782450 1144
1782460 1143
1782470 1143
1782480 1141
1782490 1141
1782500 1141
1782510 1142
1782520 1143
1782530 1143
1782540 1142
1782550 1142
1782560 1142
1782570 1143
1782580 1143
1782590 1143
1782600 1143
1782610 1143
1782620 1143
1782630 1144
1782640 1145
1782650 1145
1782660 1143
1782670 1144
1782680 1144
1782690 1144
1782700 1144
1782710 1144
1782720 1144
1782730 1144
1782740 1144
1782750 1144
1782760 1145
1782770 1145
1782780 1145
1782790 1146
1782800 1146
1782810 1146
1782820 1147
1782830 1147
1782840 1147
1782850 1147
1782860 1147
1782870 1147
1782880 1147
1782890 1148
1782900 1148
1782910 1148
1782920 1148
1782930 1148
1782940 1148
1782950 1147
1782960 1147
1782970 1146
1782980 1145
1782990 1145
1783000 1144
1783010 1143
1783020 1143
1783030 1143
1783040 1141
1783050 1139
1783060 1139
1783070 1138
1783080 1136
1783090 1136
1783100 1134
1783110 1133
1783120 1133
1783130 1131
1783140 1129
1783150 1129
1783160 1128
1783170 1127
1783180 1127
1783190 1126
1783200 1124
1783210 1124
1783220 1122
1783230 1121
1783240 1121
1783250 1120
1783260 1118
1783270 1118
1783280 1116
1783290 1115
1783300 1115
1783310 1113
1783320 1111
1783330 1111
1783340 1109
1783350 1107
1783360 1107
1783370 1106
1783380 1103
1783390 1101
1783400 1101
1783410 1099
1783420 1097
1783430 1097
1783440 1096
1783450 1094
1783460 1094
1783470 1092
1783480 1090
1783490 1090
1783500 1088
1783510 1087
1783520 1088
1783530 1086
1783540 1084
1783550 1084
1783560 1082
1783570 1080
1783580 1080
1783590 1078
1783600 1075
1783610 1075
1783620 1073
1783630 1070
1783640 1070
1783650 1068
1783660 1066
1783670 1066
1783680 1064
1783690 1061
1783700 1061
1783710 1059
1783720 1055
1783730 1053
1783740 1053
1783750 1050
1783760 1046
1783770 1046
1783780 1043
1783790 1040
1783800 1040
1783810 1037
1783820 1033
1783830 1033
1783840 1029
1783850 1026
1783860 1026
1783870 1024
1783880 1020
1783890 1020
1783900 1016
1783910 1014
1783920 1014
1783930 1013
1783940 1011
1783950 1011
1783960 1010
1783970 1008
1783980 1008
1783990 1006
1784000 1003
1784010 1003
1784020 1000
1784030 997
1784040 997
1784050 995
1784060 993
1784070 990
1784080 990
1784090 987
1784100 984
1784110 984
1784120 981
1784130 976
1784140 976
1784150 973
1784160 969
1784170 969
1784180 966
1784190 961
1784200 961
1784210 955
1784220 949
1784230 949
1784240 945
1784250 940
1784260 940
1784270 934
1784280 929
1784290 929
1784300 929
1784310 924
1784320 924
1784330 929
1784340 930
1784350 930
1784360 931
1784370 934
1784380 934
1784390 938
1784400 938
1784410 936
1784420 936
1784430 938
1784440 945
1784450 945
1784460 952
1784470 961
1784480 961
1784490 961
1784500 962
1784510 962
1784520 962
1784530 960
1784540 960
1784550 959
1784560 958
1784570 958
1784580 957
1784590 957
1784600 957
1784610 957
1784620 956
1784630 956
1784640 957
1784650 957
1784660 957
1784670 957
1784680 957
1784690 957
1784700 957
1784710 958
1784720 958
1784730 958
1784740 959
1784750 961
1784760 961
1784770 961
1784780 960
1784790 960
1784800 960
1784810 961
1784820 961
1784830 961
1784840 961
1784850 961
1784860 961
1784870 961
1784880 961
1784890 961
1784900 963
1784910 963
1784920 963
1784930 962
1784940 962
1784950 962
1784960 961
1784970 961
1784980 960
1784990 959
1785000 959
1785010 959
1785020 959
1785030 959
1785040 959
1785050 959
1785060 959
1785070 959
1785080 959
1785090 959
1785100 959
1785110 959
1785120 958
1785130 958
1785140 956
1785150 955
1785160 955
1785170 955
1785180 954
1785190 954
1785200 952
1785210 952
1785220 952
1785230 951
1785240 950
1785250 950
1785260 949
1785270 947
1785280 947
1785290 945
1785300 944
1785310 944
1785320 943
1785330 942
1785340 942
1785350 939
1785360 938
1785370 938
1785380 933
1785390 932
1785400 932
1785410 932
1785420 927
1785430 927
1785440 923
1785450 920
1785460 917
1785470 917
1785480 914
1785490 911
1785500 911
1785510 908
1785520 906
1785530 906
1785540 903
1785550 902
1785560 902
1785570 900
1785580 898
1785590 898
1785600 897
1785610 895
1785620 895
1785630 890
1785640 887
1785650 887
1785660 891
1785670 894
1785680 894
1785690 895
1785700 897
1785710 897
1785720 899
1785730 900
1785740 900
1785750 904
1785760 906
1785770 906
1785780 907
1785790 907
1785800 907
1785810 907
1785820 907
1785830 907
1785840 907
1785850 907
1785860 907
1785870 907
1785880 907
1785890 907
1785900 907
1785910 907
1785920 908
1785930 908
1785940 908
1785950 909
1785960 909
1785970 909
1785980 910
1785990 910
1786000 910
1786010 911
1786020 911
1786030 912
1786040 913
1786050 913
1786060 914
1786070 915
1786080 915
1786090 917
1786100 918
1786110 918
1786120 920
1786130 921
1786140 922
1786150 922
1786160 923
1786170 923
1786180 923
1786190 924
1786200 925
1786210 925
1786220 928
1786230 928
1786240 928
1786250 928
1786260 928
1786270 928
1786280 928
1786290 928
1786300 928
1786310 928
1786320 928
1786330 928
1786340 927
1786350 927
1786360 927
1786370 927
1786380 926
1786390 926
1786400 926
1786410 925
1786420 925
1786430 925
1786440 925
1786450 925
1786460 925
1786470 925
1786480 925
1786490 925
1786500 924
1786510 924
1786520 924
1786530 923
1786540 923
1786550 923
1786560 922
1786570 922
1786580 922
1786590 922
1786600 921
1786610 921
1786620 921
1786630 920
1786640 920
1786650 919
1786660 918
1786670 918
1786680 918
1786690 917
1786700 917
1786710 916
1786720 915
1786730 915
1786740 915
1786750 914
1786760 914
1786770 913
1786780 912
1786790 912
1786800 910
1786810 909
1786820 908
1786830 908
1786840 907
1786850 908
1786860 908
1786870 906
1786880 905
1786890 905
1786900 904
1786910 903
1786920 903
1786930 902
1786940 900
1786950 900
1786960 898
1786970 896
1786980 896
1786990 895
1787000 893
1787010 893
1787020 892
1787030 892
1787040 892
1787050 890
1787060 889
1787070 889
1787080 887
1787090 886
1787100 886
1787110 885
1787120 884
1787130 884
1787140 883
1787150 883
1787160 879
1787170 879
1787180 878
1787190 877
1787200 877
1787210 875
1787220 873
1787230 873
1787240 874
1787250 873
1787260 873
1787270 873
1787280 872
1787290 872
1787300 872
1787310 872
1787320 872
1787330 871
1787340 871
1787350 871
1787360 871
1787370 870
1787380 870
1787390 871
1787400 870
1787410 870
1787420 870
1787430 870
1787440 870
1787450 870
1787460 871
1787470 871
1787480 871
1787490 871
1787500 872
1787510 872
1787520 872
1787530 872
1787540 872
1787550 872
1787560 872
1787570 872
1787580 872
1787590 872
1787600 872
1787610 872
1787620 872
1787630 872
1787640 872
1787650 871
1787660 871
1787670 870
1787680 869
1787690 869
1787700 869
1787710 868
1787720 868
1787730 867
1787740 867
1787750 867
1787760 866
1787770 864
1787780 864
1787790 863
1787800 862
1787810 862
1787820 861
1787830 860
1787840 859
1787850 859
1787860 858
1787870 857
1787880 857
1787890 856
1787900 855
1787910 855
1787920 854
1787930 853
1787940 854
1787950 854
1787960 853
1787970 853
1787980 852
1787990 851
1788000 851
1788010 851
1788020 850
1788030 850
1788040 849
1788050 849
1788060 849
1788070 848
1788080 848
1788090 848
1788100 847
1788110 847
1788120 847
1788130 847
1788140 846
1788150 846
1788160 846
1788170 846
1788180 846
1788190 846
1788200 846
1788210 846
1788220 846
1788230 846
1788240 846
1788250 846
1788260 847
1788270 847
1788280 847
1788290 847
1788300 848
1788310 848
1788320 848
1788330 849
1788340 849
1788350 850
1788360 850
1788370 850
1788380 851
1788390 851
1788400 851
1788410 852
1788420 853
1788430 853
1788440 853
1788450 854
1788460 854
1788470 855
1788480 855
1788490 855
1788500 856
1788510 856
1788520 857
1788530 857
1788540 858
1788550 858
1788560 858
1788570 858
1788580 859
1788590 859
1788600 859
1788610 860
1788620 860
1788630 860
1788640 860
1788650 860
1788660 861
1788670 861
1788680 861
1788690 861
1788700 861
1788710 861
1788720 861
1788730 861
1788740 861
1788750 861
1788760 861
1788770 861
1788780 861
1788790 860
1788800 860
1788810 860
1788820 859
1788830 859
1788840 859
1788850 859
1788860 858
1788870 858
1788880 857
1788890 857
1788900 857
1788910 856
1788920 855
1788930 855
1788940 855
1788950 855
1788960 855
1788970 854
1788980 853
1788990 853
1789000 852
1789010 848
1789020 848
1789030 847
1789040 846
1789050 846
1789060 846
1789070 844
1789080 844
1789090 844
1789100 842
1789110 842
1789120 842
1789130 841
1789140 841
1789150 840
1789160 839
1789170 839
1789180 839
1789190 837
1789200 837
1789210 837
1789220 836
1789230 835
1789240 835
1789250 836
1789260 835
1789270 835
1789280 835
1789290 835
1789300 835
1789310 834
1789320 834
1789330 834
1789340 833
1789350 833
1789360 833
1789370 833
1789380 833
1789390 833
1789400 832
1789410 833
1789420 833
1789430 833
1789440 832
1789450 832
1789460 832
1789470 832
1789480 832
1789490 832
1789500 832
1789510 832
1789520 832
1789530 832
1789540 832
1789550 832
1789560 832
1789570 832
1789580 832
1789590 833
1789600 833
1789610 833
1789620 832
1789630 832
1789640 832
1789650 833
1789660 832
1789670 832
1789680 832
1789690 832
1789700 832
1789710 831
1789720 831
1789730 831
1789740 831
1789750 830
1789760 830
1789770 830
1789780 829
1789790 829
1789800 829
1789810 828
1789820 828
1789830 827
1789840 827
1789850 827
1789860 826
1789870 825
1789880 823
1789890 823
1789900 822
1789910 821
1789920 821
1789930 819
1789940 815
1789950 815
1789960 818
1789970 817
1789980 817
1789990 817
1790000 816
1790010 816
1790020 814
1790030 814
1790040 814
1790050 814
1790060 812
1790070 812
1790080 808
1790090 809
1790100 809
1790110 811
1790120 811
1790130 811
1790140 812
1790150 812
1790160 812
1790170 813
1790180 814
1790190 814
1790200 814
1790210 815
1790220 815
1790230 815
1790240 816
1790250 817
1790260 817
1790270 818
1790280 819
1790290 819
1790300 820
1790310 821
1790320 821
1790330 823
1790340 824
1790350 824
1790360 825
1790370 826
1790380 826
1790390 827
1790400 828
1790410 828
1790420 829
1790430 830
1790440 830
1790450 830
1790460 831
1790470 831
1790480 831
1790490 832
1790500 832
1790510 832
1790520 832
1790530 832
1790540 832
1790550 832
1790560 832
1790570 832
1790580 832
1790590 832
1790600 832
1790610 832
1790620 832
1790630 832
1790640 832
1790650 832
1790660 832
1790670 832
1790680 832
1790690 832
1790700 832
1790710 832
1790720 832
1790730 832
1790740 832
1790750 832
1790760 832
1790770 831
1790780 831
1790790 832
1790800 832
1790810 832
1790820 832
1790830 832
1790840 832
1790850 833
1790860 833
1790870 833
1790880 833
1790890 833
1790900 833
1790910 835
1790920 835
1790930 836
1790940 836
1790950 837
1790960 838
1790970 838
1790980 838
1790990 839
1791000 839
1791010 840
1791020 841
1791030 841
1791040 843
1791050 844
1791060 844
1791070 845
1791080 846
1791090 846
1791100 848
1791110 849
1791120 849
1791130 850
1791140 849
1791150 849
1791160 851
1791170 852
1791180 852
1791190 853
1791200 853
1791210 853
1791220 852
1791230 851
1791240 851
1791250 850
1791260 848
1791270 847
1791280 847
1791290 846
1791300 845
1791310 845
1791320 842
1791330 840
1791340 840
1791350 839
1791360 837
1791370 837
1791380 835
1791390 833
1791400 833
1791410 831
1791420 830
1791430 830
1791440 828
1791450 827
1791460 827
1791470 825
1791480 823
1791490 823
1791500 821
1791510 817
1791520 817
1791530 814
1791540 813
1791550 813
1791560 810
1791570 808
1791580 808
1791590 806
1791600 804
1791610 802
1791620 802
1791630 800
1791640 796
1791650 796
1791660 792
1791670 789
1791680 789
1791690 784
1791700 781
1791710 781
1791720 777
1791730 775
1791740 775
1791750 769
1791760 766
1791770 766
1791780 765
1791790 761
1791800 761
1791810 760
1791820 758
1791830 758
1791840 758
1791850 758
1791860 758
1791870 754
1791880 750
1791890 750
1791900 752
1791910 752
1791920 752
1791930 750
1791940 748
1791950 747
1791960 747
1791970 745
1791980 741
1791990 741
1792000 737
1792010 733
1792020 733
1792030 732
1792040 731
1792050 731
1792060 730
1792070 730
1792080 730
1792090 729
1792100 729
1792110 729
1792120 729
1792130 729
1792140 729
1792150 728
1792160 725
1792170 725
1792180 724
1792190 727
1792200 727
1792210 728
1792220 728
1792230 728
1792240 727
1792250 724
1792260 724
1792270 722
1792280 720
1792290 720
1792300 720
1792310 719
1792320 716
1792330 716
1792340 716
1792350 712
1792360 712
1792370 709
1792380 708
1792390 708
1792400 707
1792410 705
1792420 705
1792430 700
1792440 698
1792450 698
1792460 697
1792470 697
1792480 697
1792490 696
1792500 696
1792510 696
1792520 695
1792530 694
1792540 694
1792550 691
1792560 694
1792570 694
1792580 696
1792590 694
1792600 694
1792610 695
1792620 698
1792630 701
1792640 701
1792650 701
1792660 702
1792670 702
1792680 702
1792690 702
1792700 702
1792710 702
1792720 703
1792730 703
1792740 704
1792750 705
1792760 705
1792770 705
1792780 705
1792790 705
1792800 704
1792810 702
1792820 702
1792830 701
1792840 700
1792850 700
1792860 700
1792870 695
1792880 695
1792890 690
1792900 688
1792910 688
1792920 697
1792930 702
1792940 702
1792950 706
1792960 709
1792970 712
1792980 712
1792990 713
1793000 714
1793010 714
1793020 715
1793030 716
1793040 716
1793050 715
1793060 714
1793070 714
1793080 714
1793090 713
1793100 713
1793110 712
1793120 710
1793130 710
1793140 709
1793150 707
1793160 707
1793170 705
1793180 703
1793190 703
1793200 702
1793210 700
1793220 700
1793230 698
1793240 696
1793250 696
1793260 694
1793270 693
1793280 693
1793290 692
1793300 689
1793310 685
1793320 685
1793330 681
1793340 673
1793350 673
1793360 669
1793370 675
1793380 675
1793390 676
1793400 681
1793410 681
1793420 683
1793430 683
1793440 683
1793450 682
1793460 677
1793470 677
1793480 673
1793490 676
1793500 676
1793510 683
1793520 685
1793530 685
1793540 687
1793550 691
1793560 691
1793570 695
1793580 698
1793590 698
1793600 702
1793610 706
1793620 706
1793630 710
1793640 714
1793650 717
1793660 717
1793670 720
1793680 722
1793690 722
1793700 723
1793710 723
1793720 723
1793730 721
1793740 718
1793750 718
1793760 715
1793770 711
1793780 711
1793790 708
1793800 705
1793810 705
1793820 701
1793830 698
1793840 698
1793850 696
1793860 693
1793870 693
1793880 691
1793890 689
1793900 689
1793910 687
1793920 685
1793930 685
1793940 683
1793950 681
1793960 681
1793970 678
1793980 675
1793990 671
1794000 671
1794010 667
1794020 663
1794030 663
1794040 661
1794050 655
1794060 655
1794070 652
1794080 650
1794090 650
1794100 645
1794110 640
1794120 640
1794130 642
1794140 647
1794150 647
1794160 648
1794170 648
1794180 648
1794190 646
1794200 646
1794210 646
1794220 645
1794230 648
1794240 648
1794250 650
1794260 647
1794270 647
1794280 651
1794290 653
1794300 653
1794310 655
1794320 656
1794330 658
1794340 658
1794350 659
1794360 659
1794370 659
1794380 659
1794390 659
1794400 659
1794410 658
1794420 657
1794430 657
1794440 656
1794450 654
1794460 654
1794470 653
1794480 651
1794490 651
1794500 650
1794510 648
1794520 648
1794530 639
1794540 642
1794550 642
1794560 649
1794570 651
1794580 651
1794590 655
1794600 658
1794610 658
1794620 662
1794630 666
1794640 666
1794650 667
1794660 667
1794670 666
1794680 666
1794690 664
1794700 662
1794710 662
1794720 660
1794730 659
1794740 659
1794750 657
1794760 656
1794770 656
1794780 654
1794790 651
1794800 651
1794810 649
1794820 640
1794830 640
1794840 647
1794850 650
1794860 650
1794870 654
1794880 658
1794890 658
1794900 661
1794910 664
1794920 664
1794930 665
1794940 664
1794950 664
1794960 662
1794970 659
1794980 659
1794990 656
1795000 654
1795010 653
1795020 653
1795030 651
1795040 650
1795050 650
1795060 650
1795070 649
1795080 649
1795090 649
1795100 649
1795110 649
1795120 648
1795130 648
1795140 648
1795150 647
1795160 645
1795170 645
1795180 643
1795190 641
1795200 641
1795210 640
1795220 638
1795230 638
1795240 636
1795250 634
1795260 634
1795270 633
1795280 629
1795290 629
1795300 627
1795310 625
1795320 625
1795330 617
1795340 611
1795350 614
1795360 614
1795370 618
1795380 623
1795390 623
1795400 623
1795410 619
1795420 619
1795430 621
1795440 626
1795450 626
1795460 627
1795470 628
1795480 628
1795490 630
1795500 631
1795510 631
1795520 632
1795530 634
1795540 634
1795550 635
1795560 637
1795570 637
1795580 638
1795590 640
1795600 640
1795610 641
1795620 641
1795630 641
1795640 641
1795650 640
1795660 640
1795670 639
1795680 635
1795690 632
1795700 632
1795710 630
1795720 627
1795730 627
1795740 625
1795750 622
1795760 622
1795770 620
1795780 617
1795790 617
1795800 611
1795810 603
1795820 603
1795830 604
1795840 611
1795850 611
1795860 611
1795870 613
1795880 613
1795890 615
1795900 616
1795910 616
1795920 618
1795930 619
1795940 619
1795950 619
