1780000 1323
1780010 1323
1780020 1320
1780030 1317
1780040 1317
1780050 1314
1780060 1312
1780070 1312
1780080 1310
1780090 1308
1780100 1308
1780110 1306
1780120 1305
1780130 1305
1780140 1304
1780150 1303
1780160 1303
1780170 1302
1780180 1302
1780190 1302
1780200 1302
1780210 1301
1780220 1301
1780230 1301
1780240 1301
1780250 1301
1780260 1301
1780270 1301
1780280 1301
1780290 1301
1780300 1302
1780310 1302
1780320 1302
1780330 1302
1780340 1302
1780350 1302
1780360 1302
1780370 1303
1780380 1303
1780390 1303
1780400 1303
1780410 1303
1780420 1302
1780430 1301
1780440 1301
1780450 1300
1780460 1299
1780470 1299
1780480 1298
1780490 1296
1780500 1296
1780510 1295
1780520 1294
1780530 1293
1780540 1293
1780550 1291
1780560 1290
1780570 1290
1780580 1288
1780590 1287
1780600 1287
1780610 1286
1780620 1285
1780630 1285
1780640 1285
1780650 1284
1780660 1284
1780670 1283
1780680 1283
1780690 1283
1780700 1283
1780710 1283
1780720 1283
1780730 1283
1780740 1282
1780750 1282
1780760 1281
1780770 1281
1780780 1281
1780790 1281
1780800 1281
1780810 1281
1780820 1280
1780830 1280
1780840 1280
1780850 1279
1780860 1278
1780870 1278
1780880 1278
1780890 1277
1780900 1277
1780910 1277
1780920 1276
1780930 1276
1780940 1276
1780950 1276
1780960 1276
1780970 1276
1780980 1275
1780990 1275
1781000 1275
1781010 1275
1781020 1275
1781030 1275
1781040 1274
1781050 1274
1781060 1274
1781070 1274
1781080 1274
1781090 1274
1781100 1273
1781110 1273
1781120 1273
1781130 1273
1781140 1273
1781150 1273
1781160 1272
1781170 1272
1781180 1272
1781190 1272
1781200 1272
1781210 1272
1781220 1272
1781230 1271
1781240 1271
1781250 1271
1781260 1271
1781270 1271
1781280 1271
1781290 1271
1781300 1270
1781310 1270
1781320 1270
1781330 1269
1781340 1269
1781350 1269
1781360 1268
1781370 1268
1781380 1268
1781390 1267
1781400 1267
1781410 1267
1781420 1266
1781430 1266
1781440 1265
1781450 1265
1781460 1265
1781470 1264
1781480 1263
1781490 1263
1781500 1262
1781510 1261
1781520 1261
1781530 1259
1781540 1258
1781550 1258
1781560 1257
1781570 1256
1781580 1255
1781590 1255
1781600 1254
1781610 1253
1781620 1253
1781630 1252
1781640 1251
1781650 1251
1781660 1251
1781670 1250
1781680 1250
1781690 1249
1781700 1248
1781710 1248
1781720 1248
1781730 1247
1781740 1247
1781750 1246
1781760 1245
1781770 1245
1781780 1244
1781790 1243
1781800 1243
1781810 1242
1781820 1241
1781830 1241
1781840 1241
1781850 1240
1781860 1240
1781870 1239
1781880 1238
1781890 1238
1781900 1237
1781910 1236
1781920 1235
1781930 1235
1781940 1234
1781950 1233
1781960 1233
1781970 1232
1781980 1231
1781990 1231
1782000 1230
1782010 1229
1782020 1229
1782030 1228
1782040 1228
1782050 1228
1782060 1228
1782070 1226
1782080 1226
1782090 1225
1782100 1223
1782110 1223
1782120 1221
1782130 1220
1782140 1220
1782150 1219
1782160 1218
1782170 1218
1782180 1217
1782190 1216
1782200 1216
1782210 1215
1782220 1214
1782230 1214
1782240 1212
1782250 1211
1782260 1210
1782270 1210
1782280 1207
1782290 1205
1782300 1205
1782310 1203
1782320 1202
1782330 1202
1782340 1200
1782350 1199
1782360 1199
1782370 1197
1782380 1195
1782390 1195
1782400 1193
1782410 1191
1782420 1191
1782430 1190
1782440 1188
1782450 1188
1782460 1187
1782470 1185
1782480 1185
1782490 1184
1782500 1183
1782510 1183
1782520 1181
1782530 1180
1782540 1180
1782550 1179
1782560 1177
1782570 1177
1782580 1175
1782590 1174
1782600 1173
1782610 1173
1782620 1172
1782630 1171
1782640 1171
1782650 1170
1782660 1169
1782670 1169
1782680 1167
1782690 1165
1782700 1165
1782710 1163
1782720 1161
1782730 1161
1782740 1160
1782750 1158
1782760 1158
1782770 1156
1782780 1154
1782790 1154
1782800 1152
1782810 1151
1782820 1151
1782830 1150
1782840 1149
1782850 1149
1782860 1148
1782870 1147
1782880 1147
1782890 1146
1782900 1144
1782910 1144
1782920 1143
1782930 1142
1782940 1142
1782950 1142
1782960 1140
1782970 1139
1782980 1136
1782990 1135
1783000 1134
1783010 1134
1783020 1134
1783030 1131
1783040 1131
1783050 1129
1783060 1127
1783070 1127
1783080 1125
1783090 1122
1783100 1122
1783110 1119
1783120 1116
1783130 1116
1783140 1114
1783150 1112
1783160 1112
1783170 1109
1783180 1108
1783190 1108
1783200 1106
1783210 1104
1783220 1104
1783230 1103
1783240 1101
1783250 1101
1783260 1099
1783270 1097
1783280 1094
1783290 1094
1783300 1091
1783310 1088
1783320 1088
1783330 1084
1783340 1082
1783350 1082
1783360 1080
1783370 1078
1783380 1078
1783390 1076
1783400 1073
1783410 1073
1783420 1070
1783430 1067
1783440 1067
1783450 1064
1783460 1063
1783470 1063
1783480 1061
1783490 1059
1783500 1059
1783510 1057
1783520 1055
1783530 1055
1783540 1054
1783550 1053
1783560 1053
1783570 1051
1783580 1049
1783590 1049
1783600 1047
1783610 1045
1783620 1044
1783630 1044
1783640 1042
1783650 1039
1783660 1039
1783670 1036
1783680 1033
1783690 1033
1783700 1030
1783710 1027
1783720 1027
1783730 1024
1783740 1021
1783750 1021
1783760 1018
1783770 1015
1783780 1015
1783790 1012
1783800 1009
1783810 1009
1783820 1005
1783830 1002
1783840 1002
1783850 998
1783860 997
1783870 997
1783880 996
1783890 995
1783900 995
1783910 996
1783920 997
1783930 997
1783940 997
1783950 998
1783960 998
1783970 998
1783980 1000
1783990 1000
1784000 1000
1784010 1000
1784020 1001
1784030 1001
1784040 1001
1784050 1002
1784060 1002
1784070 1004
1784080 1008
1784090 1008
1784100 1011
1784110 1015
1784120 1015
1784130 1014
1784140 1014
1784150 1014
1784160 1014
1784170 1015
1784180 1015
1784190 1016
1784200 1016
1784210 1016
1784220 1017
1784230 1018
1784240 1018
1784250 1020
1784260 1021
1784270 1021
1784280 1020
1784290 1020
1784300 1020
1784310 1021
1784320 1024
1784330 1025
1784340 1025
1784350 1025
1784360 1027
1784370 1027
1784380 1028
1784390 1030
1784400 1030
1784410 1031
1784420 1031
1784430 1031
1784440 1031
1784450 1032
1784460 1032
1784470 1032
1784480 1032
1784490 1032
1784500 1032
1784510 1031
1784520 1031
1784530 1030
1784540 1029
1784550 1029
1784560 1029
1784570 1028
1784580 1028
1784590 1027
1784600 1026
1784610 1026
1784620 1024
1784630 1023
1784640 1023
1784650 1023
1784660 1022
1784670 1021
1784680 1021
1784690 1020
1784700 1019
1784710 1019
1784720 1018
1784730 1017
1784740 1017
1784750 1016
1784760 1014
1784770 1014
1784780 1013
1784790 1013
1784800 1013
1784810 1012
1784820 1011
1784830 1011
1784840 1010
1784850 1009
1784860 1009
1784870 1008
1784880 1007
1784890 1007
1784900 1006
1784910 1005
1784920 1005
1784930 1003
1784940 1002
1784950 1002
1784960 1000
1784970 1000
1784980 1000
1784990 998
1785000 996
1785010 995
1785020 995
1785030 993
1785040 991
1785050 991
1785060 990
1785070 989
1785080 989
1785090 987
1785100 986
1785110 986
1785120 984
1785130 982
1785140 982
1785150 980
1785160 977
1785170 977
1785180 974
1785190 972
1785200 972
1785210 970
1785220 969
1785230 969
1785240 967
1785250 965
1785260 965
1785270 963
1785280 963
1785290 963
1785300 964
1785310 963
1785320 963
1785330 962
1785340 963
1785350 963
1785360 963
1785370 964
1785380 964
1785390 964
1785400 964
1785410 964
1785420 964
1785430 963
1785440 963
1785450 963
1785460 962
1785470 962
1785480 962
1785490 961
1785500 960
1785510 960
1785520 960
1785530 959
1785540 959
1785550 959
1785560 958
1785570 958
1785580 957
1785590 957
1785600 957
1785610 956
1785620 955
1785630 955
1785640 954
1785650 953
1785660 953
1785670 951
1785680 950
1785690 949
1785700 949
1785710 947
1785720 946
1785730 946
1785740 945
1785750 943
1785760 943
1785770 941
1785780 939
1785790 939
1785800 938
1785810 936
1785820 936
1785830 935
1785840 934
1785850 934
1785860 931
1785870 930
1785880 930
1785890 929
1785900 927
1785910 927
1785920 925
1785930 924
1785940 924
1785950 921
1785960 919
1785970 919
1785980 917
1785990 915
1786000 915
1786010 913
1786020 910
1786030 908
1786040 908
1786050 906
1786060 904
1786070 904
1786080 902
1786090 900
1786100 900
1786110 899
1786120 896
1786130 896
1786140 896
1786150 894
1786160 894
1786170 892
1786180 890
1786190 890
1786200 889
1786210 888
1786220 888
1786230 886
1786240 883
1786250 883
1786260 881
1786270 881
1786280 881
1786290 877
1786300 880
1786310 880
1786320 880
1786330 882
1786340 882
1786350 883
1786360 884
1786370 884
1786380 884
1786390 885
1786400 886
1786410 886
1786420 888
1786430 887
1786440 887
1786450 886
1786460 886
1786470 886
1786480 887
1786490 889
1786500 889
1786510 890
1786520 891
1786530 891
1786540 891
1786550 891
1786560 891
1786570 892
1786580 893
1786590 893
1786600 895
1786610 897
1786620 897
1786630 900
1786640 902
1786650 902
1786660 903
1786670 904
1786680 904
1786690 904
1786700 904
1786710 905
1786720 905
1786730 905
1786740 907
1786750 907
1786760 905
1786770 901
1786780 901
1786790 901
1786800 901
1786810 901
1786820 901
1786830 901
1786840 901
1786850 901
1786860 901
1786870 901
1786880 900
1786890 901
1786900 901
1786910 900
1786920 901
1786930 901
1786940 901
1786950 901
1786960 901
1786970 901
1786980 902
1786990 902
1787000 902
1787010 902
1787020 902
1787030 903
1787040 903
1787050 904
1787060 904
1787070 905
1787080 905
1787090 905
1787100 906
1787110 906
1787120 906
1787130 907
1787140 907
1787150 907
1787160 907
1787170 908
1787180 908
1787190 908
1787200 909
1787210 909
1787220 909
1787230 910
1787240 910
1787250 910
1787260 911
1787270 911
1787280 911
1787290 912
1787300 912
1787310 911
1787320 912
1787330 912
1787340 911
1787350 911
1787360 911
1787370 911
1787380 910
1787390 910
1787400 909
1787410 907
1787420 906
1787430 906
1787440 905
1787450 904
1787460 904
1787470 903
1787480 901
1787490 901
1787500 899
1787510 897
1787520 897
1787530 896
1787540 894
1787550 894
1787560 892
1787570 889
1787580 889
1787590 889
1787600 886
1787610 886
1787620 884
1787630 881
1787640 881
1787650 879
1787660 878
1787670 878
1787680 877
1787690 875
1787700 875
1787710 873
1787720 871
1787730 871
1787740 869
1787750 867
1787760 865
1787770 865
1787780 862
1787790 860
1787800 860
1787810 858
1787820 855
1787830 855
1787840 852
1787850 851
1787860 851
1787870 847
1787880 845
1787890 845
1787900 843
1787910 841
1787920 841
1787930 839
1787940 837
1787950 837
1787960 835
1787970 831
1787980 831
1787990 830
1788000 828
1788010 828
1788020 825
1788030 823
1788040 823
1788050 821
1788060 819
1788070 819
1788080 816
1788090 815
1788100 813
1788110 813
1788120 812
1788130 810
1788140 810
1788150 808
1788160 806
1788170 806
1788180 805
1788190 802
1788200 802
1788210 799
1788220 796
1788230 796
1788240 797
1788250 795
1788260 795
1788270 793
1788280 790
1788290 790
1788300 787
1788310 784
1788320 784
1788330 781
1788340 778
1788350 778
1788360 776
1788370 775
1788380 775
1788390 773
1788400 771
1788410 771
1788420 770
1788430 769
1788440 766
1788450 766
1788460 767
1788470 765
1788480 765
1788490 764
1788500 760
1788510 760
1788520 760
1788530 757
1788540 757
1788550 758
1788560 758
1788570 758
1788580 757
1788590 755
1788600 755
1788610 756
1788620 755
1788630 755
1788640 754
1788650 753
1788660 753
1788670 754
1788680 754
1788690 754
1788700 753
1788710 750
1788720 750
1788730 749
1788740 747
1788750 747
1788760 753
1788770 754
1788780 755
1788790 755
1788800 756
1788810 756
1788820 756
1788830 757
1788840 757
1788850 757
1788860 758
1788870 759
1788880 759
1788890 760
1788900 760
1788910 760
1788920 761
1788930 762
1788940 762
1788950 763
1788960 764
1788970 764
1788980 764
1788990 765
1789000 765
1789010 765
1789020 766
1789030 766
1789040 766
1789050 767
1789060 767
1789070 767
1789080 767
1789090 767
1789100 766
1789110 764
1789120 763
1789130 763
1789140 762
1789150 761
1789160 761
1789170 759
1789180 758
1789190 758
1789200 756
1789210 754
1789220 754
1789230 752
1789240 750
1789250 750
1789260 747
1789270 742
1789280 742
1789290 736
1789300 733
1789310 733
1789320 729
1789330 731
1789340 731
1789350 732
1789360 731
1789370 731
1789380 729
1789390 732
1789400 732
1789410 732
1789420 731
1789430 731
1789440 729
1789450 731
1789460 733
1789470 733
1789480 734
1789490 734
1789500 734
1789510 734
1789520 734
1789530 734
1789540 733
1789550 735
1789560 735
1789570 736
1789580 737
1789590 737
1789600 738
1789610 739
1789620 739
1789630 740
1789640 741
1789650 741
1789660 741
1789670 742
1789680 742
1789690 742
1789700 742
1789710 742
1789720 742
1789730 743
1789740 743
1789750 743
1789760 743
1789770 743
1789780 743
1789790 743
1789800 743
1789810 743
1789820 743
1789830 743
1789840 743
1789850 743
1789860 742
1789870 742
1789880 742
1789890 742
1789900 742
1789910 741
1789920 741
1789930 741
1789940 740
1789950 741
1789960 741
1789970 741
1789980 741
1789990 741
1790000 740
1790010 738
1790020 738
1790030 738
1790040 738
1790050 738
1790060 735
1790070 736
1790080 736
1790090 739
1790100 737
1790110 737
1790120 734
1790130 733
1790140 731
1790150 731
1790160 728
1790170 728
1790180 728
1790190 731
1790200 731
1790210 731
1790220 733
1790230 734
1790240 734
1790250 735
1790260 736
1790270 736
1790280 737
1790290 737
1790300 737
1790310 738
1790320 738
1790330 738
1790340 739
1790350 740
1790360 740
1790370 740
1790380 740
1790390 740
1790400 740
1790410 739
1790420 739
1790430 739
1790440 740
1790450 740
1790460 740
1790470 741
1790480 741
1790490 741
1790500 742
1790510 742
1790520 742
1790530 742
1790540 742
1790550 742
1790560 741
1790570 741
1790580 741
1790590 741
1790600 742
1790610 742
1790620 743
1790630 741
1790640 741
1790650 741
1790660 737
1790670 737
1790680 737
1790690 738
1790700 738
1790710 739
1790720 741
1790730 741
1790740 743
1790750 745
1790760 745
1790770 745
1790780 746
1790790 746
1790800 748
1790810 749
1790820 749
1790830 751
1790840 752
1790850 753
1790860 753
1790870 755
1790880 756
1790890 756
1790900 758
1790910 759
1790920 759
1790930 760
1790940 761
1790950 761
1790960 762
1790970 764
1790980 764
1790990 765
1791000 766
1791010 766
1791020 766
1791030 766
1791040 766
1791050 767
1791060 766
1791070 766
1791080 767
1791090 767
1791100 767
1791110 768
1791120 768
1791130 768
1791140 769
1791150 770
1791160 770
1791170 771
1791180 772
1791190 773
1791200 773
1791210 774
1791220 775
1791230 775
1791240 776
1791250 778
1791260 778
1791270 779
1791280 780
1791290 780
1791300 782
1791310 783
1791320 783
1791330 784
1791340 786
1791350 786
1791360 787
1791370 788
1791380 788
1791390 790
1791400 792
1791410 792
1791420 793
1791430 795
1791440 795
1791450 796
1791460 798
1791470 798
1791480 799
1791490 800
1791500 800
1791510 802
1791520 803
1791530 804
1791540 804
1791550 805
1791560 805
1791570 805
1791580 806
1791590 808
1791600 808
1791610 808
1791620 807
1791630 807
1791640 807
1791650 805
1791660 805
1791670 803
1791680 800
1791690 800
1791700 797
1791710 795
1791720 795
1791730 793
1791740 792
1791750 792
1791760 790
1791770 788
1791780 788
1791790 786
1791800 784
1791810 784
1791820 782
1791830 779
1791840 779
1791850 777
1791860 775
1791870 773
1791880 773
1791890 770
1791900 768
1791910 768
1791920 766
1791930 764
1791940 764
1791950 762
1791960 760
1791970 760
1791980 759
1791990 756
1792000 756
1792010 754
1792020 752
1792030 752
1792040 748
1792050 746
1792060 746
1792070 744
1792080 741
1792090 741
1792100 738
1792110 734
1792120 734
1792130 731
1792140 728
1792150 728
1792160 725
1792170 723
1792180 723
1792190 722
1792200 721
1792210 720
1792220 720
1792230 719
1792240 719
1792250 719
1792260 718
1792270 718
1792280 718
1792290 718
1792300 718
1792310 718
1792320 719
1792330 713
1792340 713
1792350 708
1792360 703
1792370 703
1792380 700
1792390 700
1792400 700
1792410 700
1792420 702
1792430 702
1792440 707
1792450 706
1792460 706
1792470 704
1792480 702
1792490 702
1792500 699
1792510 696
1792520 696
1792530 693
1792540 690
1792550 689
1792560 689
1792570 687
1792580 686
1792590 686
1792600 684
1792610 680
1792620 680
1792630 678
1792640 678
1792650 678
1792660 677
1792670 674
1792680 674
1792690 670
1792700 666
1792710 666
1792720 664
1792730 665
1792740 665
1792750 663
1792760 662
1792770 662
1792780 661
1792790 660
1792800 660
1792810 659
1792820 656
1792830 656
1792840 658
1792850 660
1792860 660
1792870 663
1792880 666
1792890 669
1792900 669
1792910 672
1792920 675
1792930 675
1792940 678
1792950 682
1792960 682
1792970 686
1792980 689
1792990 689
1793000 692
1793010 695
1793020 695
1793030 697
1793040 698
1793050 698
1793060 699
1793070 699
1793080 699
1793090 698
1793100 697
1793110 697
1793120 697
1793130 695
1793140 695
1793150 694
1793160 693
1793170 693
1793180 692
1793190 690
1793200 690
1793210 689
1793220 688
1793230 688
1793240 686
1793250 685
1793260 684
1793270 684
1793280 683
1793290 682
1793300 682
1793310 682
1793320 681
1793330 681
1793340 681
1793350 681
1793360 681
1793370 679
1793380 678
1793390 678
1793400 679
1793410 678
1793420 678
1793430 677
1793440 676
1793450 676
1793460 675
1793470 674
1793480 674
1793490 672
1793500 670
1793510 670
1793520 669
1793530 667
1793540 667
1793550 666
1793560 664
1793570 664
1793580 663
1793590 662
1793600 660
1793610 660
1793620 658
1793630 657
1793640 657
1793650 656
1793660 654
1793670 654
1793680 652
1793690 651
1793700 651
1793710 649
1793720 648
1793730 648
1793740 645
1793750 643
1793760 644
1793770 642
1793780 640
1793790 640
1793800 639
1793810 637
1793820 637
1793830 635
1793840 633
1793850 633
1793860 628
1793870 630
1793880 630
1793890 631
1793900 635
1793910 635
1793920 636
1793930 639
1793940 641
1793950 641
1793960 643
1793970 645
1793980 645
1793990 648
1794000 650
1794010 650
1794020 652
1794030 656
1794040 656
1794050 657
1794060 659
1794070 659
1794080 660
1794090 662
1794100 662
1794110 662
1794120 663
1794130 663
1794140 662
1794150 662
1794160 662
1794170 660
1794180 658
1794190 658
1794200 655
1794210 653
1794220 653
1794230 651
1794240 649
1794250 649
1794260 648
1794270 647
1794280 642
1794290 642
1794300 641
1794310 639
1794320 639
1794330 639
1794340 640
1794350 640
1794360 639
1794370 637
1794380 637
1794390 636
1794400 634
1794410 634
1794420 632
1794430 629
1794440 629
1794450 626
1794460 626
1794470 626
1794480 628
1794490 628
1794500 628
1794510 628
1794520 628
1794530 628
1794540 629
1794550 630
1794560 630
1794570 630
1794580 631
1794590 631
1794600 632
1794610 633
1794620 633
1794630 633
1794640 632
1794650 631
1794660 631
1794670 630
1794680 628
1794690 628
1794700 627
1794710 625
1794720 625
1794730 623
1794740 621
1794750 621
1794760 619
1794770 617
1794780 617
1794790 617
1794800 615
1794810 615
1794820 614
1794830 613
1794840 613
1794850 609
1794860 606
1794870 606
1794880 605
1794890 600
1794900 600
1794910 604
1794920 610
1794930 610
1794940 616
1794950 619
1794960 623
1794970 623
1794980 626
1794990 629
1795000 629
1795010 629
1795020 628
1795030 628
1795040 626
1795050 625
1795060 625
1795070 623
1795080 622
1795090 622
1795100 620
1795110 619
1795120 619
1795130 617
1795140 616
1795150 616
1795160 614
1795170 613
1795180 613
1795190 611
1795200 609
1795210 609
1795220 608
1795230 607
1795240 607
1795250 606
1795260 605
1795270 605
1795280 603
1795290 602
1795300 601
1795310 601
1795320 600
1795330 599
1795340 599
1795350 595
1795360 591
1795370 591
1795380 588
1795390 588
1795400 588
1795410 588
1795420 588
1795430 588
1795440 586
1795450 587
1795460 587
1795470 585
1795480 587
1795490 587
1795500 587
1795510 587
1795520 587
1795530 588
1795540 588
1795550 588
1795560 588
1795570 588
1795580 588
1795590 591
1795600 596
1795610 596
1795620 597
1795630 598
1795640 601
1795650 601
1795660 602
1795670 603
1795680 603
1795690 604
1795700 606
1795710 606
1795720 607
1795730 608
1795740 608
1795750 612
1795760 613
1795770 613
1795780 615
1795790 615
1795800 615
1795810 616
1795820 614
1795830 614
1795840 608
1795850 613
1795860 613
1795870 614
1795880 615
1795890 615
1795900 617
1795910 619
1795920 619
1795930 621
1795940 622
1795950 622
