1780000 1308
1780010 1308
1780020 1308
1780030 1306
1780040 1306
1780050 1303
1780060 1300
1780070 1300
1780080 1298
1780090 1296
1780100 1296
1780110 1294
1780120 1291
1780130 1288
1780140 1288
1780150 1286
1780160 1283
1780170 1283
1780180 1281
1780190 1278
1780200 1278
1780210 1275
1780220 1272
1780230 1272
1780240 1269
1780250 1267
1780260 1267
1780270 1264
1780280 1262
1780290 1262
1780300 1259
1780310 1257
1780320 1257
1780330 1255
1780340 1252
1780350 1252
1780360 1249
1780370 1248
1780380 1248
1780390 1245
1780400 1241
1780410 1241
1780420 1240
1780430 1237
1780440 1237
1780450 1235
1780460 1233
1780470 1233
1780480 1230
1780490 1230
1780500 1224
1780510 1224
1780520 1221
1780530 1219
1780540 1219
1780550 1216
1780560 1214
1780570 1214
1780580 1212
1780590 1209
1780600 1209
1780610 1206
1780620 1205
1780630 1205
1780640 1203
1780650 1201
1780660 1201
1780670 1201
1780680 1199
1780690 1199
1780700 1198
1780710 1197
1780720 1197
1780730 1196
1780740 1196
1780750 1196
1780760 1196
1780770 1195
1780780 1195
1780790 1195
1780800 1195
1780810 1195
1780820 1195
1780830 1194
1780840 1193
1780850 1193
1780860 1193
1780870 1192
1780880 1192
1780890 1191
1780900 1190
1780910 1190
1780920 1189
1780930 1188
1780940 1188
1780950 1188
1780960 1187
1780970 1187
1780980 1185
1780990 1184
1781000 1184
1781010 1183
1781020 1183
1781030 1183
1781040 1181
1781050 1179
1781060 1179
1781070 1178
1781080 1176
1781090 1176
1781100 1175
1781110 1174
1781120 1174
1781130 1172
1781140 1171
1781150 1171
1781160 1170
1781170 1169
1781180 1167
1781190 1167
1781200 1166
1781210 1165
1781220 1165
1781230 1165
1781240 1164
1781250 1164
1781260 1163
1781270 1161
1781280 1161
1781290 1159
1781300 1158
1781310 1158
1781320 1157
1781330 1156
1781340 1156
1781350 1154
1781360 1153
1781370 1153
1781380 1151
1781390 1151
1781400 1151
1781410 1150
1781420 1150
1781430 1150
1781440 1150
1781450 1149
1781460 1149
1781470 1148
1781480 1147
1781490 1147
1781500 1145
1781510 1145
1781520 1144
1781530 1144
1781540 1143
1781550 1141
1781560 1141
1781570 1139
1781580 1138
1781590 1138
1781600 1137
1781610 1137
1781620 1137
1781630 1137
1781640 1138
1781650 1134
1781660 1134
1781670 1132
1781680 1132
1781690 1132
1781700 1131
1781710 1131
1781720 1130
1781730 1129
1781740 1129
1781750 1131
1781760 1133
1781770 1133
1781780 1135
1781790 1136
1781800 1136
1781810 1138
1781820 1139
1781830 1139
1781840 1140
1781850 1142
1781860 1144
1781870 1144
1781880 1145
1781890 1146
1781900 1146
1781910 1147
1781920 1147
1781930 1147
1781940 1149
1781950 1149
1781960 1149
1781970 1150
1781980 1151
1781990 1151
1782000 1152
1782010 1153
1782020 1153
1782030 1154
1782040 1156
1782050 1156
1782060 1158
1782070 1159
1782080 1159
1782090 1160
1782100 1161
1782110 1161
1782120 1162
1782130 1163
1782140 1163
1782150 1164
1782160 1165
1782170 1165
1782180 1167
1782190 1168
1782200 1168
1782210 1169
1782220 1170
1782230 1171
1782240 1171
1782250 1172
1782260 1173
1782270 1173
1782280 1174
1782290 1175
1782300 1175
1782310 1175
1782320 1175
1782330 1175
1782340 1176
1782350 1176
1782360 1176
1782370 1175
1782380 1176
1782390 1176
1782400 1176
1782410 1177
1782420 1177
1782430 1177
1782440 1178
1782450 1178
1782460 1179
1782470 1180
1782480 1180
1782490 1181
1782500 1181
1782510 1181
1782520 1182
1782530 1182
1782540 1182
1782550 1183
1782560 1183
1782570 1181
1782580 1181
1782590 1180
1782600 1180
1782610 1180
1782620 1179
1782630 1179
1782640 1179
1782650 1178
1782660 1177
1782670 1177
1782680 1177
1782690 1177
1782700 1177
1782710 1176
1782720 1176
1782730 1176
1782740 1175
1782750 1175
1782760 1175
1782770 1175
1782780 1174
1782790 1176
1782800 1175
1782810 1175
1782820 1175
1782830 1175
1782840 1174
1782850 1174
1782860 1173
1782870 1172
1782880 1172
1782890 1172
1782900 1171
1782910 1171
1782920 1171
1782930 1171
1782940 1171
1782950 1171
1782960 1171
1782970 1171
1782980 1171
1782990 1171
1783000 1172
1783010 1172
1783020 1173
1783030 1173
1783040 1173
1783050 1173
1783060 1174
1783070 1174
1783080 1174
1783090 1175
1783100 1175
1783110 1176
1783120 1178
1783130 1178
1783140 1179
1783150 1179
1783160 1179
1783170 1178
1783180 1177
1783190 1177
1783200 1177
1783210 1178
1783220 1178
1783230 1179
1783240 1179
1783250 1179
1783260 1179
1783270 1180
1783280 1180
1783290 1180
1783300 1180
1783310 1181
1783320 1181
1783330 1182
1783340 1183
1783350 1183
1783360 1184
1783370 1185
1783380 1185
1783390 1187
1783400 1188
1783410 1188
1783420 1189
1783430 1189
1783440 1189
1783450 1189
1783460 1189
1783470 1189
1783480 1189
1783490 1190
1783500 1190
1783510 1190
1783520 1190
1783530 1190
1783540 1191
1783550 1192
1783560 1192
1783570 1192
1783580 1192
1783590 1192
1783600 1192
1783610 1193
1783620 1193
1783630 1193
1783640 1194
1783650 1194
1783660 1194
1783670 1195
1783680 1195
1783690 1195
1783700 1195
1783710 1194
1783720 1194
1783730 1194
1783740 1194
1783750 1194
1783760 1193
1783770 1192
1783780 1192
1783790 1192
1783800 1191
1783810 1191
1783820 1191
1783830 1190
1783840 1190
1783850 1189
1783860 1188
1783870 1188
1783880 1187
1783890 1186
1783900 1186
1783910 1185
1783920 1184
1783930 1184
1783940 1183
1783950 1182
1783960 1181
1783970 1181
1783980 1180
1783990 1178
1784000 1178
1784010 1177
1784020 1176
1784030 1176
1784040 1175
1784050 1173
1784060 1173
1784070 1171
1784080 1170
1784090 1170
1784100 1169
1784110 1167
1784120 1167
1784130 1166
1784140 1164
1784150 1164
1784160 1163
1784170 1161
1784180 1161
1784190 1160
1784200 1159
1784210 1159
1784220 1158
1784230 1156
1784240 1156
1784250 1154
1784260 1153
1784270 1153
1784280 1152
1784290 1151
1784300 1149
1784310 1149
1784320 1147
1784330 1146
1784340 1146
1784350 1144
1784360 1142
1784370 1142
1784380 1139
1784390 1137
1784400 1137
1784410 1134
1784420 1132
1784430 1132
1784440 1130
1784450 1128
1784460 1128
1784470 1127
1784480 1125
1784490 1125
1784500 1123
1784510 1121
1784520 1121
1784530 1119
1784540 1115
1784550 1115
1784560 1112
1784570 1110
1784580 1110
1784590 1108
1784600 1105
1784610 1105
1784620 1102
1784630 1100
1784640 1098
1784650 1098
1784660 1097
1784670 1096
1784680 1096
1784690 1095
1784700 1093
1784710 1093
1784720 1092
1784730 1091
1784740 1091
1784750 1089
1784760 1088
1784770 1088
1784780 1086
1784790 1083
1784800 1083
1784810 1081
1784820 1079
1784830 1079
1784840 1076
1784850 1073
1784860 1073
1784870 1071
1784880 1069
1784890 1069
1784900 1067
1784910 1065
1784920 1065
1784930 1064
1784940 1062
1784950 1062
1784960 1061
1784970 1059
1784980 1057
1784990 1057
1785000 1055
1785010 1054
1785020 1054
1785030 1051
1785040 1049
1785050 1049
1785060 1047
1785070 1046
1785080 1046
1785090 1044
1785100 1042
1785110 1042
1785120 1040
1785130 1038
1785140 1038
1785150 1036
1785160 1035
1785170 1035
1785180 1033
1785190 1032
1785200 1032
1785210 1029
1785220 1028
1785230 1028
1785240 1027
1785250 1025
1785260 1025
1785270 1023
1785280 1021
1785290 1021
1785300 1019
1785310 1016
1785320 1016
1785330 1013
1785340 1010
1785350 1008
1785360 1008
1785370 1006
1785380 1004
1785390 1004
1785400 1001
1785410 999
1785420 999
1785430 996
1785440 994
1785450 994
1785460 991
1785470 989
1785480 989
1785490 986
1785500 983
1785510 983
1785520 980
1785530 978
1785540 978
1785550 975
1785560 974
1785570 974
1785580 972
1785590 971
1785600 971
1785610 969
1785620 968
1785630 968
1785640 966
1785650 964
1785660 964
1785670 962
1785680 960
1785690 958
1785700 958
1785710 956
1785720 954
1785730 954
1785740 952
1785750 950
1785760 950
1785770 948
1785780 945
1785790 945
1785800 943
1785810 939
1785820 939
1785830 936
1785840 933
1785850 933
1785860 930
1785870 928
1785880 928
1785890 925
1785900 922
1785910 922
1785920 919
1785930 916
1785940 916
1785950 914
1785960 911
1785970 911
1785980 906
1785990 905
1786000 905
1786010 903
1786020 901
1786030 899
1786040 899
1786050 897
1786060 895
1786070 895
1786080 894
1786090 892
1786100 892
1786110 890
1786120 889
1786130 889
1786140 885
1786150 884
1786160 884
1786170 882
1786180 880
1786190 880
1786200 878
1786210 876
1786220 876
1786230 875
1786240 873
1786250 873
1786260 871
1786270 868
1786280 868
1786290 866
1786300 863
1786310 863
1786320 861
1786330 859
1786340 859
1786350 857
1786360 854
1786370 852
1786380 852
1786390 849
1786400 846
1786410 846
1786420 843
1786430 839
1786440 839
1786450 836
1786460 831
1786470 831
1786480 829
1786490 826
1786500 826
1786510 823
1786520 820
1786530 820
1786540 818
1786550 816
1786560 816
1786570 811
1786580 807
1786590 807
1786600 803
1786610 800
1786620 800
1786630 797
1786640 795
1786650 795
1786660 793
1786670 791
1786680 791
1786690 788
1786700 785
1786710 782
1786720 782
1786730 778
1786740 774
1786750 774
1786760 771
1786770 768
1786780 768
1786790 765
1786800 761
1786810 761
1786820 760
1786830 753
1786840 753
1786850 752
1786860 750
1786870 750
1786880 749
1786890 748
1786900 748
1786910 751
1786920 752
1786930 752
1786940 755
1786950 756
1786960 756
1786970 757
1786980 758
1786990 758
1787000 760
1787010 761
1787020 761
1787030 763
1787040 764
1787050 764
1787060 765
1787070 766
1787080 767
1787090 767
1787100 769
1787110 770
1787120 770
1787130 771
1787140 771
1787150 771
1787160 772
1787170 774
1787180 774
1787190 776
1787200 777
1787210 777
1787220 779
1787230 778
1787240 778
1787250 780
1787260 781
1787270 781
1787280 782
1787290 783
1787300 783
1787310 784
1787320 785
1787330 785
1787340 785
1787350 786
1787360 786
1787370 787
1787380 788
1787390 788
1787400 788
1787410 789
1787420 790
1787430 790
1787440 790
1787450 791
1787460 791
1787470 791
1787480 792
1787490 792
1787500 792
1787510 793
1787520 793
1787530 794
1787540 793
1787550 793
1787560 794
1787570 794
1787580 794
1787590 794
1787600 794
1787610 794
1787620 794
1787630 795
1787640 795
1787650 794
1787660 795
1787670 795
1787680 794
1787690 794
1787700 794
1787710 793
1787720 792
1787730 792
1787740 791
1787750 789
1787760 789
1787770 789
1787780 787
1787790 785
1787800 785
1787810 782
1787820 780
1787830 780
1787840 777
1787850 774
1787860 774
1787870 771
1787880 770
1787890 770
1787900 769
1787910 768
1787920 768
1787930 767
1787940 765
1787950 765
1787960 764
1787970 763
1787980 763
1787990 762
1788000 759
1788010 759
1788020 758
1788030 756
1788040 756
1788050 755
1788060 755
1788070 755
1788080 753
1788090 750
1788100 746
1788110 746
1788120 746
1788130 745
1788140 745
1788150 744
1788160 742
1788170 742
1788180 740
1788190 738
1788200 738
1788210 736
1788220 732
1788230 732
1788240 732
1788250 729
1788260 729
1788270 725
1788280 725
1788290 725
1788300 726
1788310 726
1788320 726
1788330 723
1788340 720
1788350 720
1788360 716
1788370 712
1788380 712
1788390 711
1788400 709
1788410 709
1788420 705
1788430 698
1788440 698
1788450 704
1788460 708
1788470 708
1788480 708
1788490 707
1788500 706
1788510 706
1788520 704
1788530 702
1788540 702
1788550 701
1788560 699
1788570 699
1788580 697
1788590 696
1788600 696
1788610 695
1788620 694
1788630 694
1788640 692
1788650 691
1788660 691
1788670 689
1788680 688
1788690 688
1788700 686
1788710 685
1788720 685
1788730 683
1788740 682
1788750 682
1788760 681
1788770 680
1788780 680
1788790 679
1788800 678
1788810 674
1788820 674
1788830 671
1788840 667
1788850 667
1788860 666
1788870 664
1788880 664
1788890 662
1788900 665
1788910 665
1788920 670
1788930 673
1788940 673
1788950 675
1788960 679
1788970 679
1788980 681
1788990 682
1789000 682
1789010 683
1789020 683
1789030 683
1789040 682
1789050 682
1789060 682
1789070 682
1789080 683
1789090 683
1789100 683
1789110 684
1789120 684
1789130 685
1789140 685
1789150 686
1789160 686
1789170 687
1789180 688
1789190 688
1789200 688
1789210 688
1789220 688
1789230 688
1789240 687
1789250 687
1789260 687
1789270 686
1789280 686
1789290 685
1789300 684
1789310 684
1789320 683
1789330 682
1789340 682
1789350 681
1789360 679
1789370 679
1789380 679
1789390 678
1789400 678
1789410 676
1789420 675
1789430 675
1789440 674
1789450 673
1789460 673
1789470 671
1789480 670
1789490 669
1789500 669
1789510 667
1789520 666
1789530 666
1789540 667
1789550 664
1789560 664
1789570 659
1789580 658
1789590 658
1789600 658
1789610 657
1789620 657
1789630 658
1789640 659
1789650 659
1789660 658
1789670 659
1789680 659
1789690 662
1789700 663
1789710 663
1789720 665
1789730 666
1789740 666
1789750 667
1789760 669
1789770 669
1789780 670
1789790 671
1789800 671
1789810 673
1789820 674
1789830 675
1789840 675
1789850 676
1789860 678
1789870 678
1789880 679
1789890 680
1789900 680
1789910 681
1789920 682
1789930 682
1789940 683
1789950 685
1789960 685
1789970 686
1789980 687
1789990 687
1790000 688
1790010 689
1790020 689
1790030 690
1790040 691
1790050 691
1790060 692
1790070 694
1790080 694
1790090 696
1790100 699
1790110 699
1790120 702
1790130 705
1790140 705
1790150 706
1790160 708
1790170 708
1790180 710
1790190 713
1790200 713
1790210 713
1790220 715
1790230 719
1790240 719
1790250 722
1790260 724
1790270 724
1790280 725
1790290 728
1790300 728
1790310 729
1790320 728
1790330 728
1790340 728
1790350 729
1790360 729
1790370 728
1790380 722
1790390 722
1790400 717
1790410 712
1790420 712
1790430 709
1790440 704
1790450 700
1790460 690
1790470 690
1790480 690
1790490 685
1790500 684
1790510 684
1790520 676
1790530 674
1790540 670
1790550 670
1790560 669
1790570 669
1790580 669
1790590 667
1790600 661
1790610 661
1790620 659
1790630 659
1790640 659
1790650 660
1790660 665
1790670 665
1790680 668
1790690 674
1790700 674
1790710 677
1790720 680
1790730 680
1790740 684
1790750 691
1790760 691
1790770 693
1790780 694
1790790 694
1790800 695
1790810 696
1790820 696
1790830 696
1790840 696
1790850 696
1790860 695
1790870 695
1790880 694
1790890 694
1790900 694
1790910 693
1790920 693
1790930 692
1790940 691
1790950 691
1790960 690
1790970 688
1790980 688
1790990 687
1791000 685
1791010 685
1791020 683
1791030 681
1791040 681
1791050 679
1791060 678
1791070 678
1791080 677
1791090 675
1791100 675
1791110 674
1791120 667
1791130 667
1791140 669
1791150 670
1791160 670
1791170 671
1791180 673
1791190 673
1791200 675
1791210 676
1791220 677
1791230 677
1791240 677
1791250 678
1791260 678
1791270 679
1791280 679
1791290 679
1791300 680
1791310 681
1791320 681
1791330 684
1791340 686
1791350 686
1791360 687
1791370 689
1791380 689
1791390 689
1791400 688
1791410 688
1791420 687
1791430 686
1791440 686
1791450 685
1791460 686
1791470 686
1791480 687
1791490 688
1791500 688
1791510 688
1791520 688
1791530 688
1791540 689
1791550 690
1791560 691
1791570 691
1791580 692
1791590 693
1791600 693
1791610 694
1791620 694
1791630 694
1791640 694
1791650 694
1791660 694
1791670 695
1791680 696
1791690 696
1791700 697
1791710 698
1791720 698
1791730 698
1791740 698
1791750 698
1791760 698
1791770 699
1791780 699
1791790 700
1791800 701
1791810 701
1791820 702
1791830 705
1791840 705
1791850 705
1791860 704
1791870 704
1791880 703
1791890 702
1791900 702
1791910 702
1791920 702
1791930 702
1791940 702
1791950 701
1791960 701
1791970 701
1791980 700
1791990 698
1792000 698
1792010 697
1792020 697
1792030 697
1792040 689
1792050 693
1792060 693
1792070 695
1792080 694
1792090 694
1792100 694
1792110 694
1792120 694
1792130 694
1792140 694
1792150 694
1792160 694
1792170 693
1792180 693
1792190 694
1792200 694
1792210 694
1792220 694
1792230 694
1792240 694
1792250 694
1792260 694
1792270 694
1792280 694
1792290 694
1792300 694
1792310 694
1792320 694
1792330 694
1792340 694
1792350 695
1792360 695
1792370 695
1792380 699
1792390 699
1792400 699
1792410 699
1792420 698
1792430 698
1792440 695
1792450 696
1792460 696
1792470 696
1792480 697
1792490 697
1792500 697
1792510 698
1792520 698
1792530 700
1792540 702
1792550 703
1792560 704
1792570 705
1792580 705
1792590 705
1792600 703
1792610 701
1792620 701
1792630 699
1792640 695
1792650 695
1792660 692
1792670 689
1792680 689
1792690 687
1792700 685
1792710 685
1792720 683
1792730 681
1792740 681
1792750 679
1792760 678
1792770 678
1792780 676
1792790 674
1792800 674
1792810 672
1792820 669
1792830 669
1792840 668
1792850 668
1792860 668
1792870 666
1792880 663
1792890 663
1792900 661
1792910 660
1792920 660
1792930 660
1792940 657
1792950 656
1792960 656
1792970 654
1792980 656
1792990 656
1793000 659
1793010 661
1793020 661
1793030 658
1793040 658
1793050 658
1793060 663
1793070 666
1793080 666
1793090 668
1793100 670
1793110 670
1793120 672
1793130 674
1793140 674
1793150 675
1793160 676
1793170 676
1793180 677
1793190 678
1793200 678
1793210 678
1793220 678
1793230 678
1793240 678
1793250 678
1793260 678
1793270 678
1793280 678
1793290 678
1793300 679
1793310 680
1793320 681
1793330 681
1793340 682
1793350 682
1793360 682
1793370 682
1793380 680
1793390 680
1793400 679
1793410 678
1793420 678
1793430 678
1793440 676
1793450 676
1793460 675
1793470 673
1793480 673
1793490 672
1793500 671
1793510 671
1793520 670
1793530 668
1793540 668
1793550 666
1793560 665
1793570 665
1793580 663
1793590 662
1793600 662
1793610 660
1793620 658
1793630 658
1793640 656
1793650 655
1793660 652
1793670 652
1793680 651
1793690 650
1793700 650
1793710 648
1793720 647
1793730 647
1793740 642
1793750 640
1793760 640
1793770 640
1793780 643
1793790 643
1793800 646
1793810 650
1793820 650
1793830 653
1793840 656
1793850 656
1793860 660
1793870 663
1793880 663
1793890 663
1793900 667
1793910 667
1793920 670
1793930 673
1793940 673
1793950 675
1793960 677
1793970 677
1793980 680
1793990 681
1794000 683
1794010 683
1794020 684
1794030 684
1794040 684
1794050 684
1794060 683
1794070 683
1794080 680
1794090 677
1794100 677
1794110 673
1794120 672
1794130 672
1794140 671
1794150 671
1794160 671
1794170 671
1794180 671
1794190 671
1794200 672
1794210 673
1794220 673
1794230 674
1794240 675
1794250 675
1794260 676
1794270 677
1794280 677
1794290 678
1794300 679
1794310 679
1794320 680
1794330 678
1794340 679
1794350 679
1794360 678
1794370 676
1794380 676
1794390 671
1794400 671
1794410 671
1794420 666
1794430 663
1794440 663
1794450 659
1794460 656
1794470 656
1794480 653
1794490 652
1794500 652
1794510 654
1794520 656
1794530 656
1794540 655
1794550 654
1794560 654
1794570 652
1794580 650
1794590 650
1794600 647
1794610 644
1794620 643
1794630 641
1794640 639
1794650 639
1794660 637
1794670 634
1794680 633
1794690 633
1794700 630
1794710 628
1794720 628
1794730 627
1794740 626
1794750 626
1794760 625
1794770 624
1794780 624
1794790 623
1794800 621
1794810 621
1794820 621
1794830 621
1794840 621
1794850 621
1794860 623
1794870 623
1794880 626
1794890 626
1794900 626
1794910 627
1794920 627
1794930 627
1794940 627
1794950 626
1794960 626
1794970 626
1794980 625
1794990 625
1795000 623
1795010 622
1795020 622
1795030 621
1795040 619
1795050 617
1795060 617
1795070 616
1795080 615
1795090 615
1795100 609
1795110 608
1795120 608
1795130 607
1795140 609
1795150 609
1795160 609
1795170 611
1795180 611
1795190 616
1795200 618
1795210 618
1795220 622
1795230 624
1795240 624
1795250 627
1795260 629
1795270 629
1795280 632
1795290 634
1795300 634
1795310 635
1795320 636
1795330 636
1795340 637
1795350 639
1795360 639
1795370 640
1795380 642
1795390 644
1795400 644
1795410 646
1795420 648
1795430 648
1795440 650
1795450 652
1795460 652
1795470 654
1795480 656
1795490 656
1795500 658
1795510 660
1795520 660
1795530 662
1795540 663
1795550 663
1795560 665
1795570 668
1795580 668
1795590 670
1795600 672
1795610 672
1795620 675
1795630 677
1795640 680
1795650 683
1795660 686
1795670 686
1795680 688
1795690 691
1795700 691
1795710 694
1795720 696
1795730 699
1795740 699
1795750 701
1795760 703
1795770 703
1795780 706
1795790 708
1795800 708
1795810 710
1795820 711
1795830 711
1795840 711
1795850 710
1795860 710
1795870 707
1795880 703
1795890 703
1795900 700
1795910 696
1795920 696
1795930 692
1795940 688
1795950 688
