1790000 641
1790010 636
1790020 636
1790030 636
1790040 639
1790050 639
1790060 639
1790070 634
1790080 634
1790090 639
1790100 639
1790110 639
1790120 640
1790130 640
1790140 640
1790150 640
1790160 640
1790170 640
1790180 641
1790190 641
1790200 641
1790210 641
1790220 640
1790230 640
1790240 638
1790250 637
1790260 637
1790270 636
1790280 636
1790290 636
1790300 635
1790310 634
1790320 635
1790330 635
1790340 635
1790350 635
1790360 635
1790370 634
1790380 633
1790390 633
1790400 633
1790410 633
1790420 633
1790430 632
1790440 632
1790450 632
1790460 627
1790470 630
1790480 630
1790490 634
1790500 637
1790510 637
1790520 636
1790530 636
1790540 636
1790550 636
1790560 632
1790570 632
1790580 633
1790590 638
1790600 638
1790610 637
1790620 633
1790630 633
1790640 633
1790650 633
1790660 633
1790670 633
1790680 633
1790690 633
1790700 633
1790710 633
1790720 633
1790730 633
1790740 633
1790750 633
1790760 633
1790770 633
1790780 633
1790790 633
1790800 633
1790810 633
1790820 633
1790830 638
1790840 642
1790850 642
1790860 643
1790870 648
1790880 648
1790890 650
1790900 656
1790910 656
1790920 660
1790930 661
1790940 661
1790950 661
1790960 660
1790970 660
1790980 660
1790990 659
1791000 659
1791010 659
1791020 659
1791030 659
1791040 659
1791050 659
1791060 657
1791070 657
1791080 655
1791090 655
1791100 655
1791110 657
1791120 657
1791130 657
1791140 656
1791150 655
1791160 655
1791170 655
1791180 655
1791190 655
1791200 656
1791210 659
1791220 659
1791230 662
1791240 664
1791250 664
1791260 665
1791270 667
1791280 667
1791290 668
1791300 670
1791310 670
1791320 671
1791330 672
1791340 672
1791350 675
1791360 678
1791370 680
1791380 680
1791390 682
1791400 684
1791410 684
1791420 689
1791430 692
1791440 692
1791450 692
1791460 695
1791470 695
1791480 697
1791490 700
1791500 700
1791510 700
1791520 702
1791530 702
1791540 703
1791550 705
1791560 705
1791570 707
1791580 706
1791590 706
1791600 707
1791610 709
1791620 709
1791630 710
1791640 711
1791650 711
1791660 713
1791670 714
1791680 714
1791690 715
1791700 717
1791710 720
1791720 720
1791730 724
1791740 730
1791750 730
1791760 735
1791770 739
1791780 739
1791790 743
1791800 746
1791810 746
1791820 747
1791830 748
1791840 748
1791850 750
1791860 751
1791870 751
1791880 752
1791890 755
1791900 755
1791910 757
1791920 759
1791930 759
1791940 761
1791950 762
1791960 762
1791970 764
1791980 765
1791990 765
1792000 766
1792010 766
1792020 766
1792030 766
1792040 765
1792050 765
1792060 763
1792070 762
1792080 760
1792090 760
1792100 758
1792110 756
1792120 756
1792130 754
1792140 751
1792150 751
1792160 749
1792170 746
1792180 746
1792190 743
1792200 740
1792210 740
1792220 738
1792230 735
1792240 735
1792250 732
1792260 729
1792270 729
1792280 725
1792290 721
1792300 721
1792310 717
1792320 713
1792330 713
1792340 708
1792350 704
1792360 704
1792370 700
1792380 696
1792390 696
1792400 692
1792410 688
1792420 684
1792430 684
1792440 681
1792450 678
1792460 678
1792470 675
1792480 673
1792490 673
1792500 671
1792510 668
1792520 668
1792530 666
1792540 664
1792550 664
1792560 662
1792570 661
1792580 661
1792590 659
1792600 658
1792610 658
1792620 658
1792630 660
1792640 660
1792650 664
1792660 663
1792670 663
1792680 664
1792690 666
1792700 666
1792710 671
1792720 675
1792730 675
1792740 679
1792750 682
1792760 685
1792770 685
1792780 687
1792790 689
1792800 689
1792810 690
1792820 689
1792830 689
1792840 687
1792850 684
1792860 684
1792870 681
1792880 679
1792890 679
1792900 677
1792910 676
1792920 676
1792930 674
1792940 671
1792950 671
1792960 671
1792970 671
1792980 671
1792990 669
1793000 669
1793010 669
1793020 668
1793030 669
1793040 669
1793050 669
1793060 670
1793070 670
1793080 669
1793090 669
1793100 669
1793110 669
1793120 670
1793130 670
1793140 670
1793150 669
1793160 666
1793170 666
1793180 665
1793190 656
1793200 656
1793210 656
1793220 661
1793230 661
1793240 666
1793250 668
1793260 668
1793270 670
1793280 672
1793290 672
1793300 674
1793310 675
1793320 675
1793330 677
1793340 678
1793350 678
1793360 680
1793370 682
1793380 682
1793390 683
1793400 684
1793410 684
1793420 686
1793430 687
1793440 687
1793450 689
1793460 690
1793470 692
1793480 692
1793490 694
1793500 697
1793510 697
1793520 700
1793530 703
1793540 703
1793550 706
1793560 710
1793570 710
1793580 716
1793590 717
1793600 717
1793610 717
1793620 719
1793630 719
1793640 724
1793650 727
1793660 727
1793670 731
1793680 734
1793690 731
1793700 734
1793710 737
1793720 737
1793730 740
1793740 743
1793750 743
1793760 746
1793770 750
1793780 750
1793790 753
1793800 756
1793810 758
1793820 758
1793830 760
1793840 763
1793850 763
1793860 765
1793870 767
1793880 767
1793890 769
1793900 772
1793910 772
1793920 776
1793930 777
1793940 777
1793950 777
1793960 776
1793970 776
1793980 775
1793990 774
1794000 774
1794010 773
1794020 772
1794030 772
1794040 771
1794050 769
1794060 769
1794070 768
1794080 766
1794090 766
1794100 763
1794110 761
1794120 761
1794130 758
1794140 756
1794150 756
1794160 754
1794170 752
1794180 748
1794190 748
1794200 745
1794210 743
1794220 743
1794230 740
1794240 738
1794250 738
1794260 736
1794270 733
1794280 733
1794290 731
1794300 729
1794310 729
1794320 728
1794330 726
1794340 726
1794350 724
1794360 722
1794370 722
1794380 718
1794390 717
1794400 717
1794410 714
1794420 710
1794430 710
1794440 707
1794450 703
1794460 703
1794470 698
1794480 693
1794490 693
1794500 691
1794510 683
1794520 687
1794530 687
1794540 685
1794550 684
1794560 684
1794570 681
1794580 684
1794590 684
1794600 683
1794610 681
1794620 681
1794630 680
1794640 680
1794650 680
1794660 679
1794670 679
1794680 679
1794690 678
1794700 677
1794710 677
1794720 678
1794730 677
1794740 677
1794750 676
1794760 675
1794770 675
1794780 672
1794790 669
1794800 669
1794810 667
1794820 664
1794830 664
1794840 661
1794850 658
1794860 654
1794870 654
1794880 651
1794890 648
1794900 648
1794910 647
1794920 645
1794930 645
1794940 643
1794950 641
1794960 641
1794970 639
1794980 640
1794990 640
1795000 648
1795010 650
1795020 650
1795030 652
1795040 654
1795050 654
1795060 657
1795070 660
1795080 660
1795090 662
1795100 665
1795110 665
1795120 668
1795130 671
1795140 671
1795150 674
1795160 676
1795170 676
1795180 678
1795190 680
1795200 680
1795210 681
1795220 682
1795230 686
1795240 686
1795250 686
1795260 688
1795270 688
1795280 690
1795290 693
1795300 693
1795310 695
1795320 698
1795330 698
1795340 700
1795350 702
1795360 702
1795370 704
1795380 706
1795390 706
1795400 708
1795410 711
1795420 711
1795430 713
1795440 716
1795450 716
1795460 718
1795470 721
1795480 721
1795490 723
1795500 726
1795510 726
1795520 728
1795530 730
1795540 730
1795550 732
1795560 735
1795570 737
1795580 737
1795590 739
1795600 741
1795610 741
1795620 742
1795630 744
1795640 744
1795650 746
1795660 747
1795670 747
1795680 749
1795690 750
1795700 750
1795710 750
1795720 750
1795730 750
1795740 751
1795750 751
1795760 751
1795770 750
1795780 750
1795790 750
1795800 750
1795810 751
1795820 751
1795830 750
1795840 749
1795850 749
1795860 748
1795870 746
1795880 746
1795890 745
1795900 744
1795910 742
1795920 742
1795930 740
