1780000 1000
1780010 1000
1780020 1000
1780030 1000
1780040 1001
1780050 1001
1780060 1001
1780070 1002
1780080 1002
1780090 1003
1780100 1003
1780110 1004
1780120 1004
1780130 1004
1780140 1004
1780150 1003
1780160 1003
1780170 1002
1780180 1001
1780190 1001
1780200 1000
1780210 999
1780220 998
1780230 997
1780240 996
1780250 995
1780260 994
1780270 994
1780280 993
1780290 993
1780300 992
1780310 992
1780320 991
1780330 991
1780340 991
1780350 990
1780360 990
1780370 990
1780380 989
1780390 988
1780400 988
1780410 987
1780420 987
1780430 986
1780440 985
1780450 985
1780460 984
1780470 984
1780480 984
1780490 984
1780500 984
1780510 984
1780520 984
1780530 984
1780540 984
1780550 984
1780560 984
1780570 984
1780580 984
1780590 984
1780600 984
1780610 983
1780620 983
1780630 982
1780640 980
1780650 978
1780660 976
1780670 974
1780680 973
1780690 971
1780700 970
1780710 969
1780720 968
1780730 967
1780740 965
1780750 963
1780760 961
1780770 959
1780780 956
1780790 952
1780800 949
1780810 946
1780820 944
1780830 943
1780840 943
1780850 943
1780860 943
1780870 943
1780880 942
1780890 940
1780900 938
1780910 935
1780920 932
1780930 929
1780940 928
1780950 928
1780960 928
1780970 928
1780980 928
1780990 929
1781000 930
1781010 932
1781020 933
1781030 935
1781040 937
1781050 939
1781060 941
1781070 942
1781080 944
1781090 945
1781100 947
1781110 948
1781120 947
1781130 947
1781140 947
1781150 945
1781160 945
1781170 944
1781180 943
1781190 942
1781200 941
1781210 940
1781220 939
1781230 938
1781240 937
1781250 936
1781260 935
1781270 934
1781280 932
1781290 931
1781300 929
1781310 928
1781320 927
1781330 926
1781340 925
1781350 925
1781360 924
1781370 923
1781380 922
1781390 921
1781400 920
1781410 919
1781420 918
1781430 917
1781440 916
1781450 915
1781460 914
1781470 913
1781480 912
1781490 911
1781500 910
1781510 909
1781520 908
1781530 907
1781540 906
1781550 906
1781560 905
1781570 904
1781580 903
1781590 902
1781600 901
1781610 900
1781620 899
1781630 898
1781640 897
1781650 897
1781660 896
1781670 895
1781680 894
1781690 893
1781700 892
1781710 892
1781720 891
1781730 890
1781740 890
1781750 889
1781760 888
1781770 886
1781780 884
1781790 882
1781800 880
1781810 878
1781820 877
1781830 875
1781840 873
1781850 871
1781860 870
1781870 868
1781880 866
1781890 864
1781900 862
1781910 860
1781920 859
1781930 857
1781940 855
1781950 854
1781960 852
1781970 851
1781980 849
1781990 848
1782000 846
1782010 845
1782020 843
1782030 841
1782040 839
1782050 837
1782060 835
1782070 832
1782080 830
1782090 828
1782100 825
1782110 822
1782120 819
1782130 816
1782140 812
1782150 809
1782160 807
1782170 804
1782180 802
1782190 800
1782200 799
1782210 797
1782220 795
1782230 792
1782240 790
1782250 788
1782260 787
1782270 787
1782280 787
1782290 786
1782300 783
1782310 781
1782320 779
1782330 777
1782340 776
1782350 775
1782360 775
1782370 775
1782380 775
1782390 774
1782400 774
1782410 773
1782420 772
1782430 771
1782440 770
1782450 769
1782460 767
1782470 765
1782480 763
1782490 761
1782500 759
1782510 758
1782520 756
1782530 755
1782540 753
1782550 751
1782560 748
1782570 745
1782580 742
1782590 739
1782600 736
1782610 733
1782620 730
1782630 727
1782640 725
1782650 723
1782660 721
1782670 720
1782680 719
1782690 718
1782700 718
1782710 718
1782720 719
1782730 721
1782740 724
1782750 727
1782760 729
1782770 731
1782780 732
1782790 733
1782800 734
1782810 736
1782820 737
1782830 739
1782840 740
1782850 741
1782860 743
1782870 744
1782880 745
1782890 746
1782900 747
1782910 748
1782920 749
1782930 750
1782940 751
1782950 752
1782960 753
1782970 754
1782980 755
1782990 756
1783000 757
1783010 759
1783020 761
1783030 764
1783040 767
1783050 771
1783060 774
1783070 779
1783080 783
1783090 786
1783100 788
1783110 790
1783120 791
1783130 792
1783140 793
1783150 793
1783160 793
1783170 793
1783180 793
1783190 792
1783200 791
1783210 790
1783220 789
1783230 788
1783240 788
1783250 788
1783260 787
1783270 786
1783280 785
1783290 785
1783300 786
1783310 787
1783320 790
1783330 794
1783340 798
1783350 802
1783360 805
1783370 809
1783380 813
1783390 816
1783400 819
1783410 821
1783420 823
1783430 825
1783440 826
1783450 827
1783460 828
1783470 829
1783480 830
1783490 832
1783500 834
1783510 837
1783520 840
1783530 842
1783540 845
1783550 847
1783560 850
1783570 853
1783580 856
1783590 858
1783600 861
1783610 863
1783620 865
1783630 866
1783640 867
1783650 866
1783660 866
1783670 865
1783680 864
1783690 864
1783700 863
1783710 863
1783720 863
1783730 863
1783740 863
1783750 863
1783760 864
1783770 864
1783780 864
1783790 864
1783800 864
1783810 863
1783820 863
1783830 863
1783840 862
1783850 861
1783860 861
1783870 860
1783880 860
1783890 860
1783900 859
1783910 859
1783920 859
1783930 859
1783940 858
1783950 857
1783960 857
1783970 858
1783980 859
1783990 859
1784000 859
1784010 860
1784020 860
1784030 860
1784040 861
1784050 861
1784060 862
1784070 863
1784080 862
1784090 861
1784100 859
1784110 857
1784120 855
1784130 853
1784140 853
1784150 853
1784160 852
1784170 851
1784180 851
1784190 850
1784200 850
1784210 850
1784220 849
1784230 849
1784240 849
1784250 848
1784260 848
1784270 848
1784280 848
1784290 848
1784300 848
1784310 849
1784320 849
1784330 850
1784340 851
1784350 851
1784360 852
1784370 852
1784380 853
1784390 853
1784400 854
1784410 854
1784420 855
1784430 856
1784440 857
1784450 859
1784460 861
1784470 864
1784480 866
1784490 869
1784500 872
1784510 874
1784520 876
1784530 878
1784540 881
1784550 882
1784560 884
1784570 885
1784580 886
1784590 887
1784600 888
1784610 889
1784620 890
1784630 891
1784640 891
1784650 892
1784660 893
1784670 893
1784680 894
1784690 894
1784700 895
1784710 896
1784720 897
1784730 897
1784740 898
1784750 899
1784760 900
1784770 901
1784780 902
1784790 903
1784800 904
1784810 905
1784820 906
1784830 906
1784840 907
1784850 907
1784860 907
1784870 907
1784880 907
1784890 906
1784900 906
1784910 905
1784920 905
1784930 905
1784940 904
1784950 904
1784960 903
1784970 901
1784980 900
1784990 899
1785000 898
1785010 897
1785020 897
1785030 896
1785040 896
1785050 895
1785060 894
1785070 893
1785080 893
1785090 892
1785100 892
1785110 891
1785120 891
1785130 890
1785140 890
1785150 890
1785160 890
1785170 890
1785180 890
1785190 890
1785200 891
1785210 891
1785220 891
1785230 891
1785240 892
1785250 892
1785260 892
1785270 892
1785280 891
1785290 891
1785300 891
1785310 891
1785320 891
1785330 891
1785340 890
1785350 890
1785360 889
1785370 889
1785380 889
1785390 890
1785400 890
1785410 890
1785420 890
1785430 890
1785440 890
1785450 890
1785460 890
1785470 891
1785480 891
1785490 891
1785500 891
1785510 891
1785520 891
1785530 891
1785540 891
1785550 891
1785560 892
1785570 892
1785580 892
1785590 892
1785600 892
1785610 892
1785620 891
1785630 891
1785640 891
1785650 891
1785660 891
1785670 892
1785680 892
1785690 892
1785700 892
1785710 892
1785720 893
1785730 893
1785740 893
1785750 893
1785760 893
1785770 893
1785780 893
1785790 894
1785800 894
1785810 894
1785820 894
1785830 894
1785840 894
1785850 894
1785860 894
1785870 894
1785880 894
1785890 894
1785900 893
1785910 893
1785920 893
1785930 893
1785940 892
1785950 892
1785960 891
1785970 890
1785980 890
1785990 889
1786000 888
1786010 886
1786020 885
1786030 884
1786040 883
1786050 882
1786060 881
1786070 880
1786080 879
1786090 878
1786100 877
1786110 875
1786120 874
1786130 873
1786140 872
1786150 871
1786160 870
1786170 870
1786180 869
1786190 868
1786200 867
1786210 866
1786220 865
1786230 864
1786240 863
1786250 863
1786260 862
1786270 861
1786280 859
1786290 858
1786300 857
1786310 855
1786320 854
1786330 853
1786340 852
1786350 851
1786360 849
1786370 848
1786380 846
1786390 845
1786400 843
1786410 842
1786420 841
1786430 839
1786440 837
1786450 836
1786460 834
1786470 833
1786480 832
1786490 830
1786500 829
1786510 827
1786520 826
1786530 824
1786540 823
1786550 821
1786560 819
1786570 818
1786580 816
1786590 815
1786600 813
1786610 812
1786620 811
1786630 810
1786640 809
1786650 808
1786660 807
1786670 805
1786680 804
1786690 803
1786700 801
1786710 800
1786720 799
1786730 798
1786740 797
1786750 796
1786760 795
1786770 794
1786780 793
1786790 792
1786800 792
1786810 791
1786820 790
1786830 789
1786840 788
1786850 788
1786860 788
1786870 787
1786880 787
1786890 786
1786900 786
1786910 786
1786920 785
1786930 785
1786940 784
1786950 783
1786960 783
1786970 782
1786980 781
1786990 781
1787000 780
1787010 780
1787020 779
1787030 778
1787040 778
1787050 777
1787060 776
1787070 776
1787080 775
1787090 775
1787100 774
1787110 773
1787120 773
1787130 772
1787140 772
1787150 772
1787160 771
1787170 770
1787180 769
1787190 770
1787200 771
1787210 770
1787220 770
1787230 770
1787240 769
1787250 769
1787260 769
1787270 768
1787280 768
1787290 767
1787300 767
1787310 766
1787320 766
1787330 765
1787340 765
1787350 764
1787360 763
1787370 762
1787380 761
1787390 760
1787400 759
1787410 758
1787420 757
1787430 756
1787440 755
1787450 754
1787460 753
1787470 752
1787480 751
1787490 750
1787500 749
1787510 748
1787520 747
1787530 745
1787540 744
1787550 743
1787560 742
1787570 741
1787580 740
1787590 738
1787600 737
1787610 736
1787620 735
1787630 733
1787640 732
1787650 731
1787660 729
1787670 728
1787680 727
1787690 726
1787700 725
1787710 724
1787720 722
1787730 721
1787740 720
1787750 719
1787760 718
1787770 717
1787780 716
1787790 715
1787800 714
1787810 713
1787820 712
1787830 711
1787840 710
1787850 709
1787860 708
1787870 708
1787880 707
1787890 706
1787900 706
1787910 706
1787920 705
1787930 705
1787940 704
1787950 704
1787960 703
1787970 703
1787980 703
1787990 702
1788000 702
1788010 702
1788020 701
1788030 700
1788040 700
1788050 699
1788060 698
1788070 697
1788080 696
1788090 695
1788100 694
1788110 692
1788120 691
1788130 690
1788140 688
1788150 686
1788160 684
1788170 681
1788180 677
1788190 673
1788200 670
1788210 668
1788220 666
1788230 664
1788240 663
1788250 663
1788260 663
1788270 663
1788280 664
1788290 664
1788300 664
1788310 663
1788320 662
1788330 661
1788340 660
1788350 659
1788360 659
1788370 658
1788380 657
1788390 657
1788400 656
1788410 655
1788420 654
1788430 653
1788440 652
1788450 651
1788460 649
1788470 646
1788480 643
1788490 640
1788500 638
1788510 638
1788520 639
1788530 639
1788540 640
1788550 640
1788560 640
1788570 639
1788580 639
1788590 638
1788600 636
1788610 634
1788620 632
1788630 631
1788640 629
1788650 626
1788660 623
1788670 620
1788680 619
1788690 618
1788700 618
1788710 619
1788720 619
1788730 619
1788740 619
1788750 618
1788760 618
1788770 617
1788780 617
1788790 617
1788800 616
1788810 616
1788820 616
1788830 615
1788840 614
1788850 612
1788860 609
1788870 605
1788880 601
1788890 597
1788900 595
1788910 595
1788920 598
1788930 600
1788940 601
1788950 602
1788960 603
1788970 604
1788980 604
1788990 605
1789000 605
1789010 606
1789020 606
1789030 607
1789040 608
1789050 609
1789060 610
1789070 611
1789080 613
1789090 614
1789100 615
1789110 616
1789120 617
1789130 617
1789140 616
1789150 615
1789160 614
1789170 611
1789180 608
1789190 606
1789200 603
1789210 599
1789220 596
1789230 592
1789240 588
1789250 584
1789260 581
1789270 577
1789280 575
1789290 572
1789300 570
1789310 567
1789320 566
1789330 565
1789340 563
1789350 560
1789360 558
1789370 557
1789380 555
1789390 554
1789400 553
1789410 551
1789420 550
1789430 549
1789440 548
1789450 548
1789460 547
1789470 547
1789480 545
1789490 543
1789500 542
1789510 541
1789520 541
1789530 540
1789540 539
1789550 537
1789560 535
1789570 536
1789580 537
1789590 537
1789600 537
1789610 540
1789620 544
1789630 550
1789640 556
1789650 562
1789660 568
1789670 573
1789680 578
1789690 582
1789700 584
1789710 586
1789720 588
1789730 589
1789740 591
1789750 593
1789760 596
1789770 599
1789780 603
1789790 606
1789800 608
1789810 611
1789820 613
1789830 615
1789840 616
1789850 616
1789860 616
1789870 616
1789880 616
1789890 616
1789900 616
1789910 616
1789920 615
1789930 615
1789940 614
1789950 613
1789960 612
1789970 611
1789980 610
1789990 609
1790000 608
1790010 608
1790020 607
1790030 606
1790040 604
1790050 603
1790060 602
1790070 601
1790080 599
1790090 598
1790100 597
1790110 596
1790120 595
1790130 594
1790140 593
1790150 593
1790160 593
1790170 593
1790180 592
1790190 592
1790200 592
1790210 591
1790220 591
1790230 590
1790240 590
1790250 589
1790260 589
1790270 588
1790280 588
1790290 587
1790300 587
1790310 586
1790320 584
1790330 581
1790340 580
1790350 579
1790360 579
1790370 580
1790380 582
1790390 584
1790400 585
1790410 586
1790420 587
1790430 587
1790440 588
1790450 590
1790460 591
1790470 592
1790480 593
1790490 593
1790500 591
1790510 589
1790520 586
1790530 584
1790540 583
1790550 582
1790560 581
1790570 580
1790580 580
1790590 578
1790600 577
1790610 576
1790620 577
1790630 577
1790640 576
1790650 573
1790660 569
1790670 565
1790680 566
1790690 569
1790700 573
1790710 576
1790720 579
1790730 582
1790740 585
1790750 588
1790760 591
1790770 594
1790780 598
1790790 601
1790800 604
1790810 607
1790820 611
1790830 614
1790840 618
1790850 621
1790860 625
1790870 627
1790880 630
1790890 634
1790900 637
1790910 640
1790920 643
1790930 646
1790940 648
1790950 650
1790960 651
1790970 651
1790980 652
1790990 651
1791000 649
1791010 647
1791020 644
1791030 642
1791040 639
1791050 636
1791060 633
1791070 630
1791080 626
1791090 623
1791100 620
1791110 617
1791120 615
1791130 612
1791140 609
1791150 607
1791160 605
1791170 603
1791180 601
1791190 599
1791200 597
1791210 596
1791220 595
1791230 595
1791240 595
1791250 595
1791260 595
1791270 597
1791280 600
1791290 604
1791300 606
1791310 608
1791320 610
1791330 613
1791340 615
1791350 618
1791360 620
1791370 622
1791380 625
1791390 627
1791400 629
1791410 632
1791420 633
1791430 635
1791440 636
1791450 636
1791460 637
1791470 637
1791480 636
1791490 635
1791500 634
1791510 632
1791520 630
1791530 627
1791540 625
1791550 623
1791560 621
1791570 618
1791580 616
1791590 614
1791600 611
1791610 609
1791620 606
1791630 604
1791640 601
1791650 598
1791660 596
1791670 593
1791680 590
1791690 588
1791700 585
1791710 583
1791720 580
1791730 579
1791740 579
1791750 581
1791760 580
1791770 578
1791780 574
1791790 569
1791800 565
1791810 561
1791820 559
1791830 558
1791840 556
1791850 554
1791860 553
1791870 552
1791880 550
1791890 548
1791900 546
1791910 544
1791920 542
1791930 541
1791940 539
1791950 537
1791960 536
1791970 534
1791980 532
1791990 530
1792000 528
1792010 527
1792020 527
1792030 527
1792040 527
1792050 527
1792060 528
1792070 528
1792080 529
1792090 530
1792100 533
1792110 535
1792120 536
1792130 537
1792140 537
1792150 538
1792160 539
1792170 540
1792180 541
1792190 541
1792200 542
1792210 544
1792220 546
1792230 549
1792240 551
1792250 551
1792260 552
1792270 552
1792280 551
1792290 551
1792300 550
1792310 550
1792320 549
1792330 549
1792340 548
1792350 548
1792360 548
1792370 548
1792380 548
1792390 548
1792400 548
1792410 549
1792420 550
1792430 551
1792440 551
1792450 551
1792460 552
1792470 553
1792480 555
1792490 557
1792500 559
1792510 560
1792520 560
1792530 559
1792540 557
1792550 556
1792560 555
1792570 554
1792580 555
1792590 555
1792600 556
1792610 558
1792620 558
1792630 558
1792640 558
1792650 558
1792660 558
1792670 558
1792680 558
1792690 558
1792700 558
1792710 558
1792720 558
1792730 558
1792740 559
1792750 559
1792760 560
1792770 560
1792780 561
1792790 562
1792800 563
1792810 564
1792820 564
1792830 565
1792840 567
1792850 569
1792860 572
1792870 574
1792880 576
1792890 578
1792900 580
1792910 581
1792920 581
1792930 582
1792940 582
1792950 583
1792960 584
1792970 585
1792980 586
1792990 586
1793000 587
1793010 587
1793020 590
1793030 591
1793040 593
1793050 594
1793060 595
1793070 596
1793080 596
1793090 596
1793100 596
1793110 598
1793120 601
1793130 605
1793140 608
1793150 611
1793160 613
1793170 616
1793180 619
1793190 621
1793200 624
1793210 626
1793220 628
1793230 630
1793240 632
1793250 633
1793260 634
1793270 634
1793280 634
1793290 634
1793300 633
1793310 632
1793320 631
1793330 630
1793340 629
1793350 627
1793360 626
1793370 625
1793380 624
1793390 623
1793400 621
1793410 619
1793420 616
1793430 615
1793440 616
1793450 618
1793460 618
1793470 619
1793480 619
1793490 620
1793500 620
1793510 620
1793520 621
1793530 622
1793540 623
1793550 625
1793560 626
1793570 628
1793580 628
1793590 627
1793600 624
1793610 620
1793620 618
1793630 623
1793640 627
1793650 631
1793660 634
1793670 636
1793680 639
1793690 641
1793700 643
1793710 644
1793720 646
1793730 647
1793740 649
1793750 650
1793760 651
1793770 653
1793780 654
1793790 655
1793800 655
1793810 656
1793820 657
1793830 659
1793840 660
1793850 663
1793860 665
1793870 667
1793880 669
1793890 670
1793900 672
1793910 673
1793920 674
1793930 674
1793940 675
1793950 675
1793960 676
1793970 677
1793980 677
1793990 679
1794000 680
1794010 683
1794020 685
1794030 687
1794040 690
1794050 693
1794060 696
1794070 698
1794080 700
1794090 702
1794100 703
1794110 704
1794120 705
1794130 705
1794140 705
1794150 705
1794160 706
1794170 706
1794180 706
1794190 705
1794200 704
1794210 703
1794220 702
1794230 700
1794240 699
1794250 699
1794260 699
1794270 699
1794280 699
1794290 699
1794300 699
1794310 698
1794320 697
1794330 696
1794340 696
1794350 696
1794360 696
1794370 697
1794380 699
1794390 702
1794400 706
1794410 709
1794420 711
1794430 712
1794440 713
1794450 713
1794460 713
1794470 714
1794480 714
1794490 714
1794500 713
1794510 713
1794520 713
1794530 712
1794540 712
1794550 711
1794560 711
1794570 710
1794580 710
1794590 710
1794600 710
1794610 711
1794620 711
1794630 711
1794640 712
1794650 713
1794660 713
1794670 714
1794680 716
1794690 719
1794700 723
1794710 727
1794720 731
1794730 734
1794740 735
1794750 736
1794760 737
1794770 738
1794780 740
1794790 741
1794800 742
1794810 743
1794820 743
1794830 744
1794840 745
1794850 747
1794860 748
1794870 749
1794880 749
1794890 750
1794900 751
1794910 752
1794920 753
1794930 753
1794940 754
1794950 754
1794960 753
1794970 753
1794980 753
1794990 753
1795000 752
1795010 752
1795020 752
1795030 752
1795040 752
1795050 752
1795060 751
1795070 751
1795080 751
1795090 750
1795100 750
1795110 750
1795120 749
1795130 749
1795140 749
1795150 749
1795160 748
1795170 748
1795180 748
1795190 748
1795200 749
1795210 749
1795220 750
1795230 750
1795240 750
1795250 750
1795260 750
1795270 749
1795280 749
1795290 748
1795300 748
1795310 748
1795320 747
1795330 746
1795340 745
1795350 744
1795360 743
1795370 742
1795380 740
1795390 738
1795400 737
1795410 735
1795420 733
1795430 731
1795440 730
1795450 728
1795460 727
1795470 726
1795480 725
1795490 724
1795500 723
1795510 722
1795520 720
1795530 719
1795540 717
1795550 716
1795560 715
1795570 714
1795580 712
1795590 708
1795600 705
1795610 703
1795620 702
1795630 704
1795640 706
1795650 708
1795660 710
1795670 712
1795680 714
1795690 716
1795700 718
1795710 720
1795720 722
1795730 722
1795740 723
1795750 723
1795760 723
1795770 722
1795780 721
1795790 720
1795800 718
1795810 717
1795820 715
1795830 715
1795840 715
1795850 714
1795860 713
1795870 713
1795880 712
1795890 711
1795900 711
1795910 710
1795920 709
1795930 708
1795940 707
1795950 706
1795960 706
1795970 705
1795980 703
1795990 702
1796000 701
1796010 699
1796020 697
1796030 696
1796040 694
1796050 692
1796060 691
1796070 689
1796080 687
1796090 685
1796100 683
1796110 681
1796120 680
1796130 677
1796140 675
1796150 673
1796160 671
1796170 669
1796180 667
1796190 665
1796200 662
1796210 659
1796220 657
1796230 655
1796240 654
1796250 655
1796260 655
1796270 657
1796280 661
1796290 663
1796300 666
1796310 668
1796320 669
1796330 671
1796340 672
1796350 673
1796360 674
1796370 674
1796380 674
1796390 673
1796400 673
1796410 673
1796420 673
1796430 673
1796440 673
1796450 673
1796460 673
1796470 673
1796480 673
1796490 673
1796500 673
1796510 673
1796520 673
1796530 673
1796540 671
1796550 670
1796560 669
1796570 667
1796580 666
1796590 665
1796600 663
1796610 662
1796620 660
1796630 659
1796640 658
1796650 657
1796660 657
1796670 656
1796680 656
1796690 655
1796700 655
1796710 654
1796720 653
1796730 651
1796740 650
1796750 648
1796760 646
1796770 644
1796780 642
1796790 640
1796800 639
1796810 637
1796820 636
1796830 634
1796840 633
1796850 632
1796860 631
1796870 630
1796880 629
1796890 628
1796900 627
1796910 625
1796920 625
1796930 625
1796940 627
1796950 628
1796960 629
1796970 629
1796980 630
1796990 630
1797000 630
1797010 630
1797020 630
1797030 629
1797040 629
1797050 628
1797060 628
1797070 628
1797080 627
1797090 626
1797100 626
1797110 625
1797120 625
1797130 624
1797140 624
1797150 623
1797160 624
1797170 625
1797180 625
1797190 625
1797200 625
1797210 625
1797220 625
1797230 626
1797240 626
1797250 626
1797260 626
1797270 626
1797280 627
1797290 627
1797300 627
1797310 627
1797320 627
1797330 627
1797340 626
1797350 626
1797360 625
1797370 625
1797380 624
1797390 624
1797400 623
1797410 623
1797420 622
1797430 622
1797440 621
1797450 620
1797460 620
1797470 619
1797480 618
1797490 618
1797500 617
1797510 616
1797520 616
1797530 615
1797540 615
1797550 615
1797560 614
1797570 614
1797580 614
1797590 613
1797600 612
1797610 611
1797620 609
1797630 608
1797640 607
1797650 606
1797660 606
1797670 606
1797680 606
1797690 606
1797700 607
1797710 607
1797720 606
1797730 604
1797740 603
1797750 604
1797760 607
1797770 608
1797780 608
1797790 609
1797800 609
1797810 611
1797820 612
1797830 614
1797840 615
1797850 616
1797860 616
1797870 617
1797880 618
1797890 618
1797900 619
1797910 620
1797920 621
1797930 622
1797940 622
1797950 623
1797960 624
1797970 624
1797980 625
1797990 626
1798000 627
1798010 628
1798020 629
1798030 629
1798040 630
1798050 631
1798060 632
1798070 632
1798080 633
1798090 634
1798100 635
1798110 635
1798120 636
1798130 637
1798140 638
1798150 638
1798160 639
1798170 640
1798180 640
1798190 641
1798200 642
1798210 642
1798220 643
1798230 644
1798240 644
1798250 645
1798260 645
1798270 646
1798280 647
1798290 647
1798300 648
1798310 649
1798320 649
1798330 650
1798340 651
1798350 651
1798360 652
1798370 652
1798380 653
1798390 653
1798400 654
1798410 655
1798420 655
1798430 656
1798440 657
1798450 658
1798460 658
1798470 659
1798480 660
1798490 660
1798500 661
1798510 661
1798520 662
1798530 663
1798540 663
1798550 664
1798560 665
1798570 665
1798580 666
1798590 666
1798600 667
1798610 667
1798620 668
1798630 669
1798640 669
1798650 670
1798660 670
1798670 670
1798680 671
1798690 672
1798700 672
1798710 673
1798720 673
1798730 674
1798740 674
1798750 674
1798760 675
1798770 675
1798780 675
1798790 675
1798800 676
1798810 676
1798820 676
1798830 676
1798840 676
1798850 676
1798860 676
1798870 676
1798880 675
1798890 675
1798900 674
1798910 673
1798920 672
1798930 672
1798940 671
1798950 670
1798960 669
1798970 668
1798980 667
1798990 666
1799000 665
1799010 664
1799020 662
1799030 661
1799040 660
1799050 658
1799060 657
1799070 656
1799080 654
1799090 653
1799100 652
1799110 650
1799120 648
1799130 647
1799140 646
1799150 645
1799160 644
1799170 643
1799180 641
1799190 639
1799200 635
1799210 632
1799220 629
1799230 628
1799240 627
1799250 628
1799260 630
1799270 631
1799280 634
1799290 635
1799300 636
1799310 637
1799320 638
1799330 638
1799340 639
1799350 640
1799360 640
1799370 641
1799380 642
1799390 642
1799400 643
1799410 644
1799420 644
1799430 645
1799440 646
1799450 646
1799460 646
1799470 647
1799480 647
1799490 647
1799500 648
1799510 648
1799520 648
1799530 647
1799540 647
1799550 646
1799560 646
1799570 645
1799580 644
1799590 644
1799600 643
1799610 642
1799620 641
1799630 640
1799640 639
1799650 638
1799660 636
1799670 635
1799680 634
1799690 632
1799700 631
1799710 631
1799720 630
1799730 629
1799740 628
1799750 625
1799760 623
1799770 624
1799780 625
1799790 627
1799800 627
1799810 627
1799820 627
1799830 628
1799840 628
1799850 628
1799860 628
1799870 628
1799880 628
1799890 628
1799900 628
1799910 628
1799920 629
1799930 628
1799940 628
1799950 627
1799960 625
1799970 624
1799980 623
1799990 626
