1780000 1006
1780010 1007
1780020 1007
1780030 1008
1780040 1008
1780050 1009
1780060 1009
1780070 1010
1780080 1010
1780090 1011
1780100 1011
1780110 1011
1780120 1011
1780130 1011
1780140 1011
1780150 1011
1780160 1010
1780170 1009
1780180 1009
1780190 1008
1780200 1007
1780210 1006
1780220 1006
1780230 1005
1780240 1004
1780250 1004
1780260 1003
1780270 1003
1780280 1003
1780290 1002
1780300 1001
1780310 1000
1780320 1000
1780330 999
1780340 999
1780350 998
1780360 998
1780370 997
1780380 997
1780390 997
1780400 996
1780410 996
1780420 995
1780430 995
1780440 994
1780450 993
1780460 992
1780470 991
1780480 991
1780490 990
1780500 990
1780510 990
1780520 989
1780530 989
1780540 989
1780550 989
1780560 989
1780570 988
1780580 988
1780590 988
1780600 987
1780610 987
1780620 986
1780630 985
1780640 984
1780650 983
1780660 981
1780670 978
1780680 976
1780690 973
1780700 971
1780710 970
1780720 970
1780730 970
1780740 969
1780750 968
1780760 966
1780770 962
1780780 960
1780790 958
1780800 957
1780810 956
1780820 954
1780830 953
1780840 952
1780850 952
1780860 951
1780870 950
1780880 948
1780890 946
1780900 945
1780910 945
1780920 945
1780930 944
1780940 944
1780950 944
1780960 944
1780970 943
1780980 943
1780990 943
1781000 944
1781010 945
1781020 945
1781030 946
1781040 947
1781050 948
1781060 949
1781070 950
1781080 952
1781090 953
1781100 954
1781110 955
1781120 955
1781130 955
1781140 954
1781150 952
1781160 951
1781170 950
1781180 949
1781190 948
1781200 947
1781210 946
1781220 945
1781230 944
1781240 943
1781250 942
1781260 941
1781270 939
1781280 938
1781290 937
1781300 936
1781310 935
1781320 934
1781330 933
1781340 932
1781350 931
1781360 931
1781370 930
1781380 929
1781390 928
1781400 927
1781410 926
1781420 925
1781430 924
1781440 923
1781450 922
1781460 922
1781470 921
1781480 920
1781490 919
1781500 918
1781510 917
1781520 916
1781530 915
1781540 914
1781550 914
1781560 913
1781570 912
1781580 911
1781590 910
1781600 909
1781610 908
1781620 907
1781630 906
1781640 905
1781650 903
1781660 902
1781670 901
1781680 900
1781690 899
1781700 898
1781710 897
1781720 896
1781730 895
1781740 894
1781750 892
1781760 891
1781770 889
1781780 887
1781790 886
1781800 885
1781810 884
1781820 883
1781830 881
1781840 879
1781850 877
1781860 875
1781870 873
1781880 871
1781890 870
1781900 869
1781910 867
1781920 866
1781930 865
1781940 864
1781950 863
1781960 862
1781970 861
1781980 859
1781990 857
1782000 856
1782010 854
1782020 852
1782030 850
1782040 848
1782050 846
1782060 845
1782070 843
1782080 841
1782090 839
1782100 836
1782110 834
1782120 831
1782130 829
1782140 827
1782150 825
1782160 824
1782170 822
1782180 820
1782190 818
1782200 817
1782210 815
1782220 813
1782230 811
1782240 808
1782250 805
1782260 804
1782270 803
1782280 802
1782290 800
1782300 799
1782310 797
1782320 795
1782330 794
1782340 793
1782350 792
1782360 792
1782370 792
1782380 791
1782390 791
1782400 789
1782410 787
1782420 785
1782430 783
1782440 782
1782450 780
1782460 778
1782470 776
1782480 774
1782490 772
1782500 770
1782510 769
1782520 767
1782530 765
1782540 764
1782550 762
1782560 759
1782570 757
1782580 755
1782590 753
1782600 749
1782610 746
1782620 743
1782630 740
1782640 737
1782650 735
1782660 732
1782670 728
1782680 725
1782690 722
1782700 720
1782710 719
1782720 717
1782730 717
1782740 717
1782750 718
1782760 719
1782770 720
1782780 722
1782790 724
1782800 726
1782810 727
1782820 728
1782830 729
1782840 730
1782850 731
1782860 732
1782870 733
1782880 733
1782890 734
1782900 734
1782910 735
1782920 736
1782930 737
1782940 738
1782950 739
1782960 741
1782970 743
1782980 744
1782990 745
1783000 747
1783010 749
1783020 751
1783030 754
1783040 758
1783050 761
1783060 765
1783070 768
1783080 772
1783090 775
1783100 778
1783110 780
1783120 781
1783130 782
1783140 783
1783150 783
1783160 783
1783170 782
1783180 781
1783190 779
1783200 777
1783210 776
1783220 775
1783230 775
1783240 775
1783250 775
1783260 774
1783270 773
1783280 773
1783290 774
1783300 777
1783310 781
1783320 784
1783330 787
1783340 791
1783350 794
1783360 798
1783370 802
1783380 805
1783390 808
1783400 810
1783410 812
1783420 814
1783430 816
1783440 817
1783450 819
1783460 821
1783470 822
1783480 824
1783490 826
1783500 829
1783510 832
1783520 835
1783530 838
1783540 841
1783550 845
1783560 849
1783570 853
1783580 856
1783590 857
1783600 858
1783610 859
1783620 859
1783630 858
1783640 858
1783650 857
1783660 856
1783670 856
1783680 855
1783690 855
1783700 855
1783710 855
1783720 856
1783730 856
1783740 857
1783750 857
1783760 858
1783770 858
1783780 859
1783790 859
1783800 859
1783810 859
1783820 859
1783830 859
1783840 859
1783850 858
1783860 858
1783870 857
1783880 856
1783890 856
1783900 856
1783910 855
1783920 854
1783930 854
1783940 854
1783950 853
1783960 853
1783970 852
1783980 852
1783990 852
1784000 852
1784010 853
1784020 853
1784030 854
1784040 854
1784050 854
1784060 854
1784070 855
1784080 855
1784090 855
1784100 855
1784110 853
1784120 851
1784130 850
1784140 849
1784150 848
1784160 848
1784170 847
1784180 846
1784190 845
1784200 844
1784210 843
1784220 844
1784230 843
1784240 843
1784250 842
1784260 842
1784270 841
1784280 840
1784290 840
1784300 840
1784310 839
1784320 839
1784330 839
1784340 838
1784350 838
1784360 839
1784370 839
1784380 840
1784390 841
1784400 842
1784410 842
1784420 843
1784430 845
1784440 847
1784450 849
1784460 852
1784470 855
1784480 858
1784490 861
1784500 864
1784510 867
1784520 869
1784530 872
1784540 874
1784550 875
1784560 877
1784570 878
1784580 879
1784590 881
1784600 882
1784610 883
1784620 884
1784630 885
1784640 886
1784650 886
1784660 887
1784670 887
1784680 888
1784690 888
1784700 889
1784710 889
1784720 890
1784730 891
1784740 892
1784750 894
1784760 895
1784770 896
1784780 897
1784790 897
1784800 898
1784810 898
1784820 898
1784830 899
1784840 899
1784850 899
1784860 899
1784870 898
1784880 898
1784890 898
1784900 897
1784910 897
1784920 896
1784930 896
1784940 895
1784950 894
1784960 894
1784970 893
1784980 892
1784990 891
1785000 890
1785010 889
1785020 889
1785030 888
1785040 887
1785050 886
1785060 885
1785070 884
1785080 883
1785090 882
1785100 882
1785110 882
1785120 882
1785130 882
1785140 882
1785150 882
1785160 882
1785170 882
1785180 883
1785190 883
1785200 883
1785210 883
1785220 883
1785230 883
1785240 883
1785250 883
1785260 884
1785270 884
1785280 884
1785290 884
1785300 884
1785310 884
1785320 884
1785330 884
1785340 884
1785350 884
1785360 884
1785370 884
1785380 885
1785390 885
1785400 885
1785410 885
1785420 886
1785430 886
1785440 886
1785450 886
1785460 886
1785470 887
1785480 887
1785490 887
1785500 887
1785510 887
1785520 887
1785530 887
1785540 887
1785550 887
1785560 888
1785570 888
1785580 888
1785590 888
1785600 888
1785610 888
1785620 888
1785630 888
1785640 888
1785650 888
1785660 888
1785670 889
1785680 889
1785690 889
1785700 889
1785710 889
1785720 889
1785730 890
1785740 890
1785750 890
1785760 890
1785770 891
1785780 891
1785790 891
1785800 891
1785810 891
1785820 891
1785830 891
1785840 892
1785850 892
1785860 892
1785870 892
1785880 892
1785890 892
1785900 891
1785910 891
1785920 891
1785930 891
1785940 890
1785950 890
1785960 889
1785970 889
1785980 888
1785990 887
1786000 886
1786010 885
1786020 884
1786030 883
1786040 882
1786050 881
1786060 880
1786070 879
1786080 878
1786090 876
1786100 875
1786110 874
1786120 873
1786130 872
1786140 871
1786150 871
1786160 870
1786170 869
1786180 868
1786190 867
1786200 866
1786210 865
1786220 864
1786230 863
1786240 863
1786250 862
1786260 861
1786270 861
1786280 860
1786290 858
1786300 857
1786310 855
1786320 854
1786330 853
1786340 852
1786350 851
1786360 850
1786370 848
1786380 847
1786390 845
1786400 844
1786410 842
1786420 840
1786430 839
1786440 838
1786450 837
1786460 835
1786470 834
1786480 832
1786490 831
1786500 830
1786510 828
1786520 827
1786530 825
1786540 824
1786550 823
1786560 821
1786570 820
1786580 819
1786590 818
1786600 816
1786610 815
1786620 814
1786630 813
1786640 811
1786650 810
1786660 809
1786670 808
1786680 807
1786690 806
1786700 805
1786710 804
1786720 803
1786730 802
1786740 801
1786750 801
1786760 800
1786770 799
1786780 798
1786790 798
1786800 797
1786810 796
1786820 796
1786830 795
1786840 794
1786850 793
1786860 793
1786870 792
1786880 792
1786890 791
1786900 791
1786910 790
1786920 790
1786930 789
1786940 789
1786950 788
1786960 788
1786970 787
1786980 786
1786990 786
1787000 785
1787010 784
1787020 784
1787030 783
1787040 782
1787050 782
1787060 781
1787070 780
1787080 780
1787090 779
1787100 779
1787110 778
1787120 778
1787130 777
1787140 777
1787150 776
1787160 775
1787170 774
1787180 774
1787190 776
1787200 776
1787210 776
1787220 776
1787230 775
1787240 775
1787250 774
1787260 774
1787270 773
1787280 772
1787290 772
1787300 771
1787310 770
1787320 769
1787330 769
1787340 768
1787350 768
1787360 767
1787370 766
1787380 765
1787390 764
1787400 763
1787410 762
1787420 761
1787430 760
1787440 759
1787450 758
1787460 757
1787470 756
1787480 755
1787490 754
1787500 753
1787510 751
1787520 750
1787530 749
1787540 748
1787550 747
1787560 746
1787570 745
1787580 743
1787590 742
1787600 741
1787610 740
1787620 739
1787630 738
1787640 737
1787650 735
1787660 734
1787670 733
1787680 732
1787690 730
1787700 729
1787710 728
1787720 727
1787730 726
1787740 725
1787750 724
1787760 723
1787770 722
1787780 721
1787790 720
1787800 719
1787810 718
1787820 717
1787830 716
1787840 715
1787850 715
1787860 714
1787870 713
1787880 712
1787890 711
1787900 711
1787910 710
1787920 710
1787930 709
1787940 708
1787950 708
1787960 707
1787970 706
1787980 706
1787990 705
1788000 705
1788010 704
1788020 704
1788030 703
1788040 703
1788050 702
1788060 701
1788070 700
1788080 699
1788090 698
1788100 697
1788110 696
1788120 695
1788130 693
1788140 692
1788150 690
1788160 688
1788170 684
1788180 681
1788190 678
1788200 674
1788210 672
1788220 671
1788230 670
1788240 670
1788250 670
1788260 670
1788270 670
1788280 670
1788290 670
1788300 670
1788310 669
1788320 669
1788330 668
1788340 667
1788350 666
1788360 665
1788370 665
1788380 664
1788390 663
1788400 662
1788410 661
1788420 660
1788430 659
1788440 658
1788450 657
1788460 655
1788470 653
1788480 652
1788490 651
1788500 650
1788510 649
1788520 648
1788530 648
1788540 648
1788550 648
1788560 648
1788570 648
1788580 648
1788590 647
1788600 647
1788610 645
1788620 644
1788630 643
1788640 641
1788650 639
1788660 637
1788670 636
1788680 634
1788690 633
1788700 632
1788710 631
1788720 631
1788730 630
1788740 630
1788750 630
1788760 630
1788770 629
1788780 629
1788790 628
1788800 628
1788810 627
1788820 625
1788830 624
1788840 621
1788850 618
1788860 615
1788870 612
1788880 609
1788890 606
1788900 605
1788910 606
1788920 609
1788930 610
1788940 611
1788950 612
1788960 612
1788970 613
1788980 613
1788990 614
1789000 614
1789010 615
1789020 615
1789030 616
1789040 617
1789050 618
1789060 619
1789070 621
1789080 622
1789090 624
1789100 626
1789110 627
1789120 629
1789130 630
1789140 630
1789150 629
1789160 626
1789170 622
1789180 617
1789190 613
1789200 609
1789210 605
1789220 601
1789230 597
1789240 594
1789250 591
1789260 588
1789270 586
1789280 583
1789290 581
1789300 579
1789310 577
1789320 575
1789330 573
1789340 572
1789350 571
1789360 569
1789370 568
1789380 567
1789390 565
1789400 563
1789410 561
1789420 559
1789430 557
1789440 555
1789450 552
1789460 549
1789470 547
1789480 546
1789490 546
1789500 544
1789510 542
1789520 541
1789530 540
1789540 540
1789550 538
1789560 536
1789570 535
1789580 535
1789590 536
1789600 536
1789610 538
1789620 542
1789630 547
1789640 553
1789650 559
1789660 564
1789670 569
1789680 573
1789690 576
1789700 579
1789710 582
1789720 584
1789730 586
1789740 587
1789750 588
1789760 591
1789770 594
1789780 596
1789790 598
1789800 601
1789810 603
1789820 604
1789830 604
1789840 604
1789850 605
1789860 606
1789870 606
1789880 607
1789890 607
1789900 607
1789910 608
1789920 608
1789930 608
1789940 608
1789950 608
1789960 608
1789970 608
1789980 607
1789990 607
1790000 607
1790010 606
1790020 606
1790030 605
1790040 604
1790050 602
1790060 601
1790070 600
1790080 598
1790090 597
1790100 595
1790110 594
1790120 592
1790130 591
1790140 590
1790150 589
1790160 588
1790170 588
1790180 587
1790190 587
1790200 587
1790210 586
1790220 586
1790230 586
1790240 585
1790250 585
1790260 584
1790270 584
1790280 583
1790290 583
1790300 582
1790310 579
1790320 577
1790330 575
1790340 574
1790350 573
1790360 574
1790370 576
1790380 578
1790390 579
1790400 580
1790410 581
1790420 581
1790430 582
1790440 582
1790450 583
1790460 583
1790470 582
1790480 582
1790490 581
1790500 580
1790510 579
1790520 579
1790530 578
1790540 577
1790550 576
1790560 576
1790570 576
1790580 575
1790590 574
1790600 574
1790610 572
1790620 571
1790630 569
1790640 568
1790650 566
1790660 564
1790670 561
1790680 562
1790690 564
1790700 567
1790710 569
1790720 572
1790730 575
1790740 579
1790750 583
1790760 586
1790770 590
1790780 594
1790790 598
1790800 601
1790810 605
1790820 608
1790830 612
1790840 615
1790850 618
1790860 622
1790870 625
1790880 627
1790890 630
1790900 633
1790910 636
1790920 639
1790930 642
1790940 645
1790950 647
1790960 648
1790970 649
1790980 649
1790990 648
1791000 647
1791010 644
1791020 642
1791030 639
1791040 636
1791050 633
1791060 630
1791070 627
1791080 624
1791090 620
1791100 617
1791110 614
1791120 610
1791130 607
1791140 604
1791150 601
1791160 598
1791170 596
1791180 594
1791190 592
1791200 591
1791210 590
1791220 588
1791230 586
1791240 586
1791250 586
1791260 589
1791270 593
1791280 596
1791290 599
1791300 601
1791310 603
1791320 605
1791330 608
1791340 610
1791350 613
1791360 615
1791370 617
1791380 620
1791390 622
1791400 624
1791410 626
1791420 627
1791430 628
1791440 629
1791450 630
1791460 630
1791470 630
1791480 630
1791490 629
1791500 628
1791510 627
1791520 625
1791530 623
1791540 622
1791550 620
1791560 618
1791570 616
1791580 614
1791590 611
1791600 609
1791610 606
1791620 604
1791630 601
1791640 598
1791650 596
1791660 593
1791670 590
1791680 588
1791690 586
1791700 583
1791710 581
1791720 581
1791730 581
1791740 581
1791750 578
1791760 574
1791770 570
1791780 566
1791790 563
1791800 560
1791810 558
1791820 556
1791830 554
1791840 552
1791850 549
1791860 546
1791870 544
1791880 543
1791890 541
1791900 540
1791910 538
1791920 537
1791930 535
1791940 533
1791950 530
1791960 528
1791970 527
1791980 526
1791990 526
1792000 526
1792010 526
1792020 526
1792030 526
1792040 526
1792050 527
1792060 527
1792070 528
1792080 528
1792090 528
1792100 529
1792110 529
1792120 530
1792130 530
1792140 531
1792150 531
1792160 532
1792170 533
1792180 534
1792190 534
1792200 535
1792210 535
1792220 536
1792230 538
1792240 539
1792250 541
1792260 542
1792270 542
1792280 541
1792290 541
1792300 541
1792310 541
1792320 540
1792330 540
1792340 540
1792350 540
1792360 540
1792370 540
1792380 541
1792390 541
1792400 542
1792410 542
1792420 542
1792430 543
1792440 544
1792450 544
1792460 544
1792470 545
1792480 547
1792490 549
1792500 550
1792510 551
1792520 551
1792530 551
1792540 552
1792550 552
1792560 553
1792570 553
1792580 553
1792590 553
1792600 552
1792610 552
1792620 554
1792630 556
1792640 557
1792650 559
1792660 561
1792670 562
1792680 563
1792690 565
1792700 567
1792710 568
1792720 569
1792730 570
1792740 571
1792750 572
1792760 574
1792770 575
1792780 576
1792790 577
1792800 577
1792810 576
1792820 575
1792830 574
1792840 572
1792850 571
1792860 569
1792870 568
1792880 567
1792890 566
1792900 567
1792910 567
1792920 567
1792930 568
1792940 568
1792950 568
1792960 569
1792970 569
1792980 570
1792990 572
1793000 573
1793010 575
1793020 577
1793030 580
1793040 582
1793050 584
1793060 585
1793070 586
1793080 587
1793090 589
1793100 590
1793110 592
1793120 594
1793130 596
1793140 599
1793150 601
1793160 603
1793170 605
1793180 608
1793190 610
1793200 612
1793210 614
1793220 616
1793230 618
1793240 620
1793250 622
1793260 622
1793270 622
1793280 622
1793290 621
1793300 620
1793310 618
1793320 616
1793330 615
1793340 613
1793350 611
1793360 609
1793370 608
1793380 606
1793390 605
1793400 604
1793410 603
1793420 601
1793430 600
1793440 599
1793450 600
1793460 600
1793470 600
1793480 599
1793490 600
1793500 600
1793510 601
1793520 602
1793530 604
1793540 607
1793550 611
1793560 614
1793570 617
1793580 618
1793590 617
1793600 613
1793610 614
1793620 617
1793630 621
1793640 623
1793650 625
1793660 626
1793670 628
1793680 629
1793690 631
1793700 632
1793710 633
1793720 635
1793730 636
1793740 638
1793750 639
1793760 641
1793770 642
1793780 643
1793790 643
1793800 644
1793810 645
1793820 646
1793830 648
1793840 650
1793850 652
1793860 653
1793870 654
1793880 656
1793890 657
1793900 658
1793910 659
1793920 661
1793930 662
1793940 663
1793950 664
1793960 665
1793970 667
1793980 669
1793990 671
1794000 674
1794010 676
1794020 679
1794030 682
1794040 684
1794050 686
1794060 689
1794070 690
1794080 692
1794090 693
1794100 693
1794110 694
1794120 694
1794130 694
1794140 694
1794150 694
1794160 694
1794170 694
1794180 693
1794190 693
1794200 692
1794210 691
1794220 690
1794230 688
1794240 687
1794250 686
1794260 686
1794270 685
1794280 685
1794290 684
1794300 683
1794310 682
1794320 681
1794330 681
1794340 681
1794350 681
1794360 682
1794370 684
1794380 687
1794390 690
1794400 692
1794410 693
1794420 693
1794430 694
1794440 694
1794450 694
1794460 695
1794470 696
1794480 696
1794490 697
1794500 696
1794510 696
1794520 695
1794530 695
1794540 695
1794550 695
1794560 696
1794570 697
1794580 698
1794590 700
1794600 701
1794610 703
1794620 705
1794630 707
1794640 710
1794650 712
1794660 714
1794670 717
1794680 720
1794690 723
1794700 726
1794710 730
1794720 732
1794730 734
1794740 736
1794750 737
1794760 739
1794770 740
1794780 742
1794790 743
1794800 745
1794810 746
1794820 747
1794830 748
1794840 749
1794850 750
1794860 751
1794870 752
1794880 752
1794890 753
1794900 753
1794910 754
1794920 754
1794930 754
1794940 754
1794950 754
1794960 754
1794970 753
1794980 753
1794990 753
1795000 753
1795010 753
1795020 753
1795030 753
1795040 753
1795050 753
1795060 753
1795070 753
1795080 753
1795090 752
1795100 752
1795110 751
1795120 751
1795130 751
1795140 750
1795150 750
1795160 750
1795170 749
1795180 749
1795190 749
1795200 749
1795210 749
1795220 748
1795230 748
1795240 748
1795250 747
1795260 747
1795270 746
1795280 745
1795290 745
1795300 744
1795310 744
1795320 743
1795330 742
1795340 741
1795350 739
1795360 738
1795370 736
1795380 734
1795390 733
1795400 731
1795410 729
1795420 727
1795430 726
1795440 725
1795450 724
1795460 723
1795470 722
1795480 721
1795490 720
1795500 719
1795510 716
1795520 713
1795530 709
1795540 707
1795550 706
1795560 706
1795570 705
1795580 705
1795590 705
1795600 706
1795610 708
1795620 709
1795630 711
1795640 712
1795650 713
1795660 715
1795670 716
1795680 717
1795690 719
1795700 720
1795710 720
1795720 721
1795730 722
1795740 722
1795750 721
1795760 721
1795770 721
1795780 722
1795790 722
1795800 721
1795810 720
1795820 719
1795830 717
1795840 716
1795850 715
1795860 714
1795870 713
1795880 713
1795890 712
1795900 711
1795910 710
1795920 709
1795930 708
1795940 707
1795950 706
1795960 705
1795970 704
1795980 703
1795990 702
1796000 701
1796010 699
1796020 698
1796030 696
1796040 695
1796050 693
1796060 692
1796070 690
1796080 689
1796090 687
1796100 684
1796110 682
1796120 680
1796130 679
1796140 677
1796150 675
1796160 673
1796170 672
1796180 670
1796190 668
1796200 665
1796210 663
1796220 660
1796230 659
1796240 657
1796250 655
1796260 654
1796270 653
1796280 653
1796290 655
1796300 657
1796310 660
1796320 661
1796330 663
1796340 664
1796350 665
1796360 666
1796370 667
1796380 668
1796390 668
1796400 668
1796410 668
1796420 668
1796430 669
1796440 669
1796450 669
1796460 669
1796470 669
1796480 669
1796490 669
1796500 669
1796510 669
1796520 668
1796530 668
1796540 667
1796550 666
1796560 664
1796570 663
1796580 661
1796590 660
1796600 659
1796610 657
1796620 656
1796630 655
1796640 653
1796650 652
1796660 651
1796670 650
1796680 649
1796690 648
1796700 647
1796710 645
1796720 644
1796730 643
1796740 641
1796750 640
1796760 639
1796770 638
1796780 637
1796790 636
1796800 635
1796810 634
1796820 633
1796830 632
1796840 632
1796850 631
1796860 630
1796870 629
1796880 627
1796890 626
1796900 625
1796910 625
1796920 624
1796930 623
1796940 623
1796950 623
1796960 624
1796970 624
1796980 624
1796990 624
1797000 624
1797010 624
1797020 624
1797030 624
1797040 624
1797050 623
1797060 623
1797070 623
1797080 622
1797090 622
1797100 622
1797110 621
1797120 621
1797130 620
1797140 620
1797150 619
1797160 619
1797170 618
1797180 618
1797190 619
1797200 619
1797210 621
1797220 621
1797230 622
1797240 622
1797250 622
1797260 623
1797270 623
1797280 623
1797290 623
1797300 624
1797310 624
1797320 623
1797330 623
1797340 623
1797350 623
1797360 622
1797370 622
1797380 621
1797390 620
1797400 620
1797410 619
1797420 619
1797430 618
1797440 618
1797450 617
1797460 617
1797470 616
1797480 616
1797490 615
1797500 615
1797510 614
1797520 613
1797530 612
1797540 610
1797550 608
1797560 607
1797570 607
1797580 608
1797590 607
1797600 606
1797610 605
1797620 604
1797630 602
1797640 601
1797650 601
1797660 602
1797670 602
1797680 602
1797690 602
1797700 602
1797710 602
1797720 602
1797730 603
1797740 604
1797750 606
1797760 608
1797770 610
1797780 611
1797790 613
1797800 614
1797810 614
1797820 615
1797830 616
1797840 617
1797850 617
1797860 618
1797870 619
1797880 619
1797890 620
1797900 621
1797910 622
1797920 622
1797930 623
1797940 624
1797950 625
1797960 625
1797970 626
1797980 627
1797990 628
1798000 628
1798010 629
1798020 630
1798030 631
1798040 631
1798050 632
1798060 633
1798070 634
1798080 635
1798090 635
1798100 636
1798110 637
1798120 638
1798130 639
1798140 639
1798150 640
1798160 641
1798170 641
1798180 642
1798190 643
1798200 644
1798210 644
1798220 645
1798230 646
1798240 646
1798250 647
1798260 648
1798270 648
1798280 649
1798290 650
1798300 651
1798310 651
1798320 652
1798330 653
1798340 653
1798350 654
1798360 655
1798370 655
1798380 656
1798390 657
1798400 657
1798410 658
1798420 659
1798430 659
1798440 660
1798450 661
1798460 661
1798470 662
1798480 662
1798490 663
1798500 663
1798510 664
1798520 665
1798530 665
1798540 666
1798550 667
1798560 667
1798570 668
1798580 669
1798590 669
1798600 670
1798610 671
1798620 671
1798630 671
1798640 672
1798650 673
1798660 674
1798670 674
1798680 675
1798690 675
1798700 675
1798710 676
1798720 676
1798730 676
1798740 677
1798750 677
1798760 677
1798770 678
1798780 678
1798790 678
1798800 678
1798810 678
1798820 678
1798830 678
1798840 678
1798850 678
1798860 677
1798870 677
1798880 676
1798890 675
1798900 674
1798910 673
1798920 672
1798930 671
1798940 670
1798950 669
1798960 668
1798970 667
1798980 666
1798990 665
1799000 664
1799010 663
1799020 662
1799030 661
1799040 659
1799050 658
1799060 656
1799070 655
1799080 653
1799090 652
1799100 650
1799110 649
1799120 647
1799130 646
1799140 645
1799150 643
1799160 641
1799170 638
1799180 636
1799190 634
1799200 631
1799210 629
1799220 630
1799230 632
1799240 633
1799250 635
1799260 636
1799270 638
1799280 639
1799290 639
1799300 640
1799310 641
1799320 641
1799330 642
1799340 642
1799350 643
1799360 643
1799370 644
1799380 645
1799390 645
1799400 646
1799410 646
1799420 647
1799430 647
1799440 648
1799450 648
1799460 649
1799470 649
1799480 649
1799490 649
1799500 649
1799510 649
1799520 649
1799530 648
1799540 648
1799550 647
1799560 647
1799570 646
1799580 645
1799590 644
1799600 643
1799610 642
1799620 641
1799630 640
1799640 638
1799650 637
1799660 636
1799670 635
1799680 634
1799690 633
1799700 632
1799710 630
1799720 628
1799730 627
1799740 626
1799750 625
1799760 626
1799770 627
1799780 628
1799790 629
1799800 630
1799810 630
1799820 631
1799830 631
1799840 631
1799850 632
1799860 632
1799870 632
1799880 632
1799890 632
1799900 632
1799910 632
1799920 632
1799930 633
1799940 633
1799950 633
1799960 632
1799970 631
1799980 629
1799990 628
