1780000 1247
1780010 1248
1780020 1249
1780030 1250
1780040 1250
1780050 1251
1780060 1252
1780070 1252
1780080 1253
1780090 1254
1780100 1254
1780110 1255
1780120 1255
1780130 1255
1780140 1255
1780150 1255
1780160 1255
1780170 1255
1780180 1256
1780190 1256
1780200 1256
1780210 1256
1780220 1255
1780230 1255
1780240 1254
1780250 1253
1780260 1253
1780270 1252
1780280 1252
1780290 1251
1780300 1251
1780310 1250
1780320 1249
1780330 1248
1780340 1247
1780350 1246
1780360 1245
1780370 1243
1780380 1240
1780390 1238
1780400 1235
1780410 1232
1780420 1229
1780430 1226
1780440 1223
1780450 1221
1780460 1218
1780470 1216
1780480 1213
1780490 1210
1780500 1208
1780510 1206
1780520 1203
1780530 1202
1780540 1200
1780550 1198
1780560 1196
1780570 1194
1780580 1193
1780590 1191
1780600 1188
1780610 1186
1780620 1184
1780630 1182
1780640 1180
1780650 1178
1780660 1176
1780670 1173
1780680 1170
1780690 1167
1780700 1164
1780710 1160
1780720 1157
1780730 1154
1780740 1151
1780750 1148
1780760 1146
1780770 1144
1780780 1142
1780790 1140
1780800 1138
1780810 1135
1780820 1132
1780830 1129
1780840 1126
1780850 1122
1780860 1119
1780870 1116
1780880 1113
1780890 1110
1780900 1107
1780910 1104
1780920 1101
1780930 1098
1780940 1095
1780950 1092
1780960 1089
1780970 1085
1780980 1082
1780990 1079
1781000 1075
1781010 1071
1781020 1067
1781030 1064
1781040 1060
1781050 1057
1781060 1055
1781070 1052
1781080 1049
1781090 1045
1781100 1042
1781110 1039
1781120 1035
1781130 1032
1781140 1027
1781150 1023
1781160 1020
1781170 1016
1781180 1012
1781190 1009
1781200 1005
1781210 1001
1781220 997
1781230 993
1781240 988
1781250 983
1781260 977
1781270 972
1781280 969
1781290 968
1781300 967
1781310 966
1781320 966
1781330 967
1781340 967
1781350 968
1781360 968
1781370 968
1781380 968
1781390 968
1781400 967
1781410 967
1781420 966
1781430 965
1781440 964
1781450 963
1781460 963
1781470 963
1781480 963
1781490 963
1781500 963
1781510 963
1781520 962
1781530 962
1781540 962
1781550 962
1781560 962
1781570 961
1781580 961
1781590 962
1781600 961
1781610 960
1781620 959
1781630 958
1781640 957
1781650 956
1781660 956
1781670 955
1781680 955
1781690 954
1781700 955
1781710 955
1781720 956
1781730 958
1781740 959
1781750 959
1781760 960
1781770 961
1781780 962
1781790 963
1781800 964
1781810 965
1781820 966
1781830 966
1781840 967
1781850 967
1781860 967
1781870 967
1781880 968
1781890 968
1781900 968
1781910 968
1781920 969
1781930 969
1781940 970
1781950 970
1781960 969
1781970 969
1781980 969
1781990 969
1782000 968
1782010 968
1782020 968
1782030 968
1782040 968
1782050 967
1782060 967
1782070 966
1782080 966
1782090 965
1782100 964
1782110 963
1782120 963
1782130 962
1782140 961
1782150 960
1782160 960
1782170 960
1782180 960
1782190 960
1782200 959
1782210 959
1782220 957
1782230 956
1782240 955
1782250 955
1782260 955
1782270 954
1782280 954
1782290 953
1782300 952
1782310 951
1782320 950
1782330 950
1782340 949
1782350 948
1782360 947
1782370 947
1782380 946
1782390 946
1782400 946
1782410 946
1782420 946
1782430 945
1782440 945
1782450 945
1782460 945
1782470 945
1782480 945
1782490 945
1782500 945
1782510 945
1782520 945
1782530 945
1782540 945
1782550 944
1782560 944
1782570 944
1782580 943
1782590 942
1782600 942
1782610 942
1782620 941
1782630 941
1782640 941
1782650 941
1782660 941
1782670 941
1782680 941
1782690 940
1782700 940
1782710 940
1782720 940
1782730 939
1782740 939
1782750 938
1782760 938
1782770 937
1782780 936
1782790 935
1782800 934
1782810 932
1782820 931
1782830 930
1782840 928
1782850 926
1782860 925
1782870 923
1782880 921
1782890 919
1782900 918
1782910 917
1782920 915
1782930 914
1782940 911
1782950 909
1782960 905
1782970 903
1782980 901
1782990 900
1783000 899
1783010 899
1783020 898
1783030 898
1783040 898
1783050 898
1783060 898
1783070 898
1783080 898
1783090 898
1783100 898
1783110 898
1783120 898
1783130 897
1783140 897
1783150 897
1783160 897
1783170 897
1783180 896
1783190 896
1783200 896
1783210 895
1783220 894
1783230 894
1783240 894
1783250 894
1783260 894
1783270 894
1783280 894
1783290 894
1783300 895
1783310 895
1783320 895
1783330 895
1783340 896
1783350 896
1783360 897
1783370 897
1783380 898
1783390 898
1783400 899
1783410 899
1783420 900
1783430 900
1783440 900
1783450 900
1783460 900
1783470 899
1783480 899
1783490 898
1783500 898
1783510 897
1783520 896
1783530 896
1783540 895
1783550 895
1783560 894
1783570 893
1783580 893
1783590 892
1783600 891
1783610 890
1783620 889
1783630 888
1783640 888
1783650 886
1783660 884
1783670 883
1783680 882
1783690 880
1783700 879
1783710 877
1783720 875
1783730 874
1783740 872
1783750 869
1783760 866
1783770 864
1783780 861
1783790 857
1783800 854
1783810 850
1783820 848
1783830 845
1783840 844
1783850 842
1783860 840
1783870 839
1783880 837
1783890 835
1783900 833
1783910 831
1783920 829
1783930 827
1783940 827
1783950 825
1783960 823
1783970 821
1783980 821
1783990 820
1784000 820
1784010 820
1784020 819
1784030 819
1784040 818
1784050 818
1784060 817
1784070 817
1784080 817
1784090 818
1784100 818
1784110 818
1784120 819
1784130 820
1784140 821
1784150 822
1784160 823
1784170 824
1784180 825
1784190 826
1784200 826
1784210 826
1784220 826
1784230 824
1784240 822
1784250 821
1784260 821
1784270 821
1784280 821
1784290 821
1784300 821
1784310 821
1784320 820
1784330 820
1784340 819
1784350 819
1784360 819
1784370 819
1784380 819
1784390 819
1784400 819
1784410 819
1784420 819
1784430 819
1784440 819
1784450 819
1784460 819
1784470 819
1784480 819
1784490 819
1784500 820
1784510 822
1784520 824
1784530 825
1784540 826
1784550 827
1784560 828
1784570 828
1784580 828
1784590 827
1784600 826
1784610 825
1784620 824
1784630 823
1784640 822
1784650 822
1784660 821
1784670 820
1784680 819
1784690 818
1784700 816
1784710 815
1784720 814
1784730 812
1784740 811
1784750 809
1784760 807
1784770 806
1784780 804
1784790 802
1784800 800
1784810 798
1784820 795
1784830 792
1784840 789
1784850 787
1784860 785
1784870 784
1784880 782
1784890 781
1784900 779
1784910 778
1784920 777
1784930 776
1784940 775
1784950 774
1784960 773
1784970 772
1784980 771
1784990 769
1785000 768
1785010 766
1785020 764
1785030 762
1785040 760
1785050 758
1785060 757
1785070 755
1785080 753
1785090 752
1785100 750
1785110 749
1785120 747
1785130 745
1785140 743
1785150 742
1785160 741
1785170 740
1785180 738
1785190 737
1785200 735
1785210 733
1785220 732
1785230 730
1785240 728
1785250 727
1785260 725
1785270 724
1785280 722
1785290 720
1785300 718
1785310 716
1785320 714
1785330 711
1785340 709
1785350 706
1785360 703
1785370 700
1785380 698
1785390 695
1785400 692
1785410 689
1785420 686
1785430 683
1785440 681
1785450 679
1785460 676
1785470 674
1785480 672
1785490 672
1785500 672
1785510 672
1785520 671
1785530 670
1785540 669
1785550 666
1785560 662
1785570 658
1785580 655
1785590 653
1785600 651
1785610 649
1785620 645
1785630 642
1785640 638
1785650 634
1785660 631
1785670 628
1785680 624
1785690 621
1785700 618
1785710 616
1785720 613
1785730 610
1785740 607
1785750 605
1785760 603
1785770 602
1785780 602
1785790 602
1785800 602
1785810 602
1785820 602
1785830 602
1785840 602
1785850 602
1785860 601
1785870 601
1785880 601
1785890 600
1785900 600
1785910 600
1785920 599
1785930 598
1785940 598
1785950 598
1785960 598
1785970 598
1785980 598
1785990 598
1786000 598
1786010 597
1786020 597
1786030 597
1786040 597
1786050 596
1786060 596
1786070 596
1786080 596
1786090 595
1786100 595
1786110 595
1786120 595
1786130 594
1786140 594
1786150 594
1786160 594
1786170 593
1786180 593
1786190 592
1786200 592
1786210 591
1786220 591
1786230 591
1786240 591
1786250 591
1786260 590
1786270 590
1786280 590
1786290 590
1786300 590
1786310 589
1786320 589
1786330 588
1786340 588
1786350 587
1786360 587
1786370 587
1786380 587
1786390 587
1786400 587
1786410 586
1786420 586
1786430 586
1786440 586
1786450 586
1786460 585
1786470 585
1786480 584
1786490 584
1786500 584
1786510 585
1786520 585
1786530 585
1786540 585
1786550 584
1786560 584
1786570 584
1786580 583
1786590 583
1786600 583
1786610 582
1786620 582
1786630 582
1786640 582
1786650 582
1786660 582
1786670 582
1786680 582
1786690 582
1786700 582
1786710 582
1786720 582
1786730 583
1786740 583
1786750 583
1786760 583
1786770 583
1786780 583
1786790 583
1786800 583
1786810 582
1786820 582
1786830 582
1786840 581
1786850 581
1786860 580
1786870 580
1786880 579
1786890 578
1786900 578
1786910 578
1786920 578
1786930 577
1786940 577
1786950 576
1786960 576
1786970 576
1786980 575
1786990 575
1787000 575
1787010 575
1787020 574
1787030 573
1787040 573
1787050 573
1787060 572
1787070 573
1787080 573
1787090 574
1787100 576
1787110 578
1787120 580
1787130 583
1787140 586
1787150 589
1787160 590
1787170 592
1787180 593
1787190 594
1787200 595
1787210 595
1787220 596
1787230 596
1787240 597
1787250 597
1787260 598
1787270 599
1787280 599
1787290 600
1787300 599
1787310 598
1787320 597
1787330 596
1787340 596
1787350 596
1787360 596
1787370 596
1787380 596
1787390 596
1787400 596
1787410 596
1787420 596
1787430 596
1787440 596
1787450 595
1787460 593
1787470 592
1787480 591
1787490 590
1787500 589
1787510 588
1787520 588
1787530 588
1787540 587
1787550 587
1787560 588
1787570 590
1787580 593
1787590 595
1787600 597
1787610 599
1787620 600
1787630 602
1787640 604
1787650 606
1787660 609
1787670 610
1787680 612
1787690 613
1787700 614
1787710 615
1787720 616
1787730 617
1787740 619
1787750 620
1787760 622
1787770 624
1787780 624
1787790 624
1787800 622
1787810 620
1787820 619
1787830 619
1787840 618
1787850 618
1787860 617
1787870 617
1787880 617
1787890 617
1787900 616
1787910 615
1787920 613
1787930 613
1787940 612
1787950 612
1787960 611
1787970 610
1787980 608
1787990 606
1788000 604
1788010 603
1788020 601
1788030 600
1788040 599
1788050 599
1788060 599
1788070 599
1788080 599
1788090 597
1788100 595
1788110 593
1788120 591
1788130 589
1788140 586
1788150 583
1788160 580
1788170 578
1788180 577
1788190 576
1788200 574
1788210 574
1788220 574
1788230 575
1788240 576
1788250 578
1788260 580
1788270 582
1788280 584
1788290 585
1788300 586
1788310 588
1788320 589
1788330 590
1788340 590
1788350 590
1788360 589
1788370 588
1788380 588
1788390 587
1788400 586
1788410 584
1788420 582
1788430 580
1788440 577
1788450 574
1788460 573
1788470 571
1788480 570
1788490 569
1788500 570
1788510 570
1788520 571
1788530 571
1788540 571
1788550 572
1788560 573
1788570 574
1788580 575
1788590 576
1788600 575
1788610 575
1788620 575
1788630 575
1788640 575
1788650 574
1788660 574
1788670 573
1788680 573
1788690 573
1788700 573
1788710 573
1788720 573
1788730 572
1788740 572
1788750 571
1788760 570
1788770 570
1788780 569
1788790 569
1788800 568
1788810 568
1788820 568
1788830 568
1788840 568
1788850 568
1788860 568
1788870 569
1788880 570
1788890 571
1788900 572
1788910 573
1788920 574
1788930 575
1788940 575
1788950 576
1788960 577
1788970 578
1788980 579
1788990 579
1789000 580
1789010 580
1789020 580
1789030 580
1789040 581
1789050 581
1789060 582
1789070 582
1789080 583
1789090 583
1789100 580
1789110 577
1789120 572
1789130 569
1789140 566
1789150 563
1789160 560
1789170 557
1789180 554
1789190 552
1789200 551
1789210 549
1789220 548
1789230 547
1789240 546
1789250 545
1789260 544
1789270 543
1789280 542
1789290 541
1789300 541
1789310 540
1789320 540
1789330 540
1789340 540
1789350 541
1789360 542
1789370 543
1789380 543
1789390 543
1789400 543
1789410 543
1789420 543
1789430 543
1789440 543
1789450 544
1789460 545
1789470 546
1789480 547
1789490 548
1789500 549
1789510 549
1789520 550
1789530 551
1789540 552
1789550 554
1789560 556
1789570 558
1789580 560
1789590 562
1789600 563
1789610 564
1789620 565
1789630 566
1789640 568
1789650 569
1789660 571
1789670 575
1789680 576
1789690 578
1789700 579
1789710 580
1789720 580
1789730 581
1789740 580
1789750 579
1789760 578
1789770 576
1789780 574
1789790 571
1789800 569
1789810 567
1789820 565
1789830 563
1789840 561
1789850 559
1789860 558
1789870 556
1789880 555
1789890 553
1789900 552
1789910 550
1789920 548
1789930 545
1789940 543
1789950 540
1789960 537
1789970 535
1789980 532
1789990 530
1790000 528
1790010 526
1790020 524
1790030 522
1790040 520
1790050 518
1790060 516
1790070 514
1790080 511
1790090 509
1790100 507
1790110 506
1790120 505
1790130 505
1790140 505
1790150 505
1790160 504
1790170 504
1790180 504
1790190 504
1790200 504
1790210 504
1790220 504
1790230 504
1790240 504
1790250 504
1790260 504
1790270 504
1790280 504
1790290 504
1790300 503
1790310 503
1790320 503
1790330 502
1790340 502
1790350 501
1790360 502
1790370 503
1790380 505
1790390 505
1790400 504
1790410 502
1790420 502
1790430 502
1790440 502
1790450 501
1790460 501
1790470 501
1790480 501
1790490 501
1790500 501
1790510 501
1790520 502
1790530 503
1790540 504
1790550 506
1790560 507
1790570 508
1790580 509
1790590 509
1790600 510
1790610 510
1790620 510
1790630 510
1790640 510
1790650 509
1790660 510
1790670 509
1790680 509
1790690 509
1790700 509
1790710 509
1790720 508
1790730 508
1790740 508
1790750 508
1790760 508
1790770 508
1790780 509
1790790 509
1790800 509
1790810 508
1790820 508
1790830 507
1790840 507
1790850 507
1790860 507
1790870 507
1790880 507
1790890 506
1790900 506
1790910 506
1790920 506
1790930 506
1790940 506
1790950 506
1790960 506
1790970 506
1790980 506
1790990 506
1791000 505
1791010 505
1791020 505
1791030 505
1791040 504
1791050 504
1791060 504
1791070 504
1791080 504
1791090 504
1791100 503
1791110 502
1791120 501
1791130 500
1791140 498
1791150 496
1791160 495
1791170 494
1791180 494
1791190 494
1791200 494
1791210 494
1791220 493
1791230 493
1791240 494
1791250 494
1791260 494
1791270 494
1791280 494
1791290 494
1791300 494
1791310 494
1791320 494
1791330 494
1791340 493
1791350 493
1791360 493
1791370 493
1791380 493
1791390 493
1791400 493
1791410 493
1791420 493
1791430 493
1791440 494
1791450 495
1791460 496
1791470 497
1791480 497
1791490 496
1791500 495
1791510 495
1791520 495
1791530 495
1791540 495
1791550 495
1791560 495
1791570 496
1791580 497
1791590 500
1791600 502
1791610 504
1791620 505
1791630 507
1791640 509
1791650 511
1791660 513
1791670 515
1791680 516
1791690 517
1791700 516
1791710 515
1791720 515
1791730 515
1791740 514
1791750 513
1791760 513
1791770 513
1791780 514
1791790 516
1791800 517
1791810 519
1791820 521
1791830 523
1791840 525
1791850 528
1791860 530
1791870 532
1791880 534
1791890 536
1791900 539
1791910 542
1791920 545
1791930 548
1791940 551
1791950 554
1791960 557
1791970 559
1791980 561
1791990 564
1792000 566
1792010 568
1792020 570
1792030 572
1792040 574
1792050 576
1792060 578
1792070 581
1792080 584
1792090 586
1792100 589
1792110 591
1792120 593
1792130 596
1792140 599
1792150 601
1792160 604
1792170 607
1792180 609
1792190 612
1792200 614
1792210 617
1792220 620
1792230 623
1792240 626
1792250 629
1792260 631
1792270 633
1792280 634
1792290 635
1792300 633
1792310 631
1792320 630
1792330 628
1792340 626
1792350 625
1792360 625
1792370 626
1792380 626
1792390 628
1792400 629
1792410 630
1792420 632
1792430 632
1792440 632
1792450 630
1792460 628
1792470 626
1792480 623
1792490 620
1792500 617
1792510 614
1792520 612
1792530 609
1792540 607
1792550 605
1792560 604
1792570 604
1792580 604
1792590 604
1792600 604
1792610 605
1792620 605
1792630 606
1792640 606
1792650 606
1792660 606
1792670 605
1792680 605
1792690 604
1792700 602
1792710 601
1792720 599
1792730 598
1792740 596
1792750 594
1792760 592
1792770 590
1792780 588
1792790 587
1792800 586
1792810 586
1792820 586
1792830 586
1792840 586
1792850 586
1792860 585
1792870 584
1792880 583
1792890 583
1792900 583
1792910 582
1792920 582
1792930 582
1792940 582
1792950 581
1792960 580
1792970 579
1792980 578
1792990 576
1793000 575
1793010 574
1793020 573
1793030 571
1793040 570
1793050 569
1793060 568
1793070 566
1793080 563
1793090 560
1793100 559
1793110 559
1793120 561
1793130 563
1793140 564
1793150 566
1793160 568
1793170 570
1793180 572
1793190 575
1793200 577
1793210 580
1793220 582
1793230 583
1793240 585
1793250 586
1793260 588
1793270 589
1793280 590
1793290 591
1793300 592
1793310 594
1793320 595
1793330 598
1793340 600
1793350 603
1793360 605
1793370 608
1793380 610
1793390 611
1793400 613
1793410 615
1793420 616
1793430 618
1793440 619
1793450 620
1793460 621
1793470 623
1793480 624
1793490 625
1793500 626
1793510 628
1793520 629
1793530 631
1793540 633
1793550 636
1793560 638
1793570 640
1793580 642
1793590 644
1793600 646
1793610 648
1793620 650
1793630 652
1793640 654
1793650 656
1793660 658
1793670 660
1793680 662
1793690 663
1793700 665
1793710 667
1793720 670
1793730 672
1793740 674
1793750 677
1793760 679
1793770 681
1793780 683
1793790 685
1793800 688
1793810 690
1793820 692
1793830 694
1793840 696
1793850 698
1793860 699
1793870 701
1793880 702
1793890 704
1793900 705
1793910 707
1793920 708
1793930 710
1793940 711
1793950 713
1793960 714
1793970 715
1793980 716
1793990 717
1794000 719
1794010 720
1794020 721
1794030 722
1794040 723
1794050 724
1794060 725
1794070 726
1794080 728
1794090 729
1794100 731
1794110 733
1794120 735
1794130 737
1794140 738
1794150 739
1794160 740
1794170 740
1794180 740
1794190 740
1794200 740
1794210 740
1794220 740
1794230 739
1794240 739
1794250 739
1794260 739
1794270 739
1794280 739
1794290 739
1794300 739
1794310 739
1794320 739
1794330 739
1794340 739
1794350 739
1794360 740
1794370 740
1794380 740
1794390 740
1794400 740
1794410 741
1794420 741
1794430 741
1794440 742
1794450 742
1794460 743
1794470 743
1794480 743
1794490 743
1794500 744
1794510 744
1794520 744
1794530 745
1794540 745
1794550 746
1794560 746
1794570 747
1794580 748
1794590 749
1794600 749
1794610 750
1794620 751
1794630 751
1794640 752
1794650 751
1794660 751
1794670 749
1794680 747
1794690 745
1794700 743
1794710 741
1794720 739
1794730 737
1794740 735
1794750 734
1794760 733
1794770 732
1794780 731
1794790 730
1794800 729
1794810 728
1794820 727
1794830 727
1794840 726
1794850 725
1794860 724
1794870 723
1794880 722
1794890 721
1794900 721
1794910 720
1794920 719
1794930 717
1794940 715
1794950 714
1794960 714
1794970 717
1794980 718
1794990 718
1795000 719
1795010 721
1795020 723
1795030 725
1795040 728
1795050 730
1795060 732
1795070 733
1795080 734
1795090 734
1795100 734
1795110 733
1795120 733
1795130 732
1795140 731
1795150 730
1795160 730
1795170 729
1795180 728
1795190 728
1795200 727
1795210 727
1795220 726
1795230 726
1795240 725
1795250 724
1795260 723
1795270 723
1795280 722
1795290 721
1795300 720
1795310 719
1795320 717
1795330 715
1795340 713
1795350 711
1795360 709
1795370 707
1795380 706
1795390 705
1795400 704
1795410 704
1795420 704
1795430 704
1795440 704
1795450 704
1795460 704
1795470 705
1795480 705
1795490 706
1795500 706
1795510 704
1795520 702
1795530 697
1795540 693
1795550 690
1795560 689
1795570 689
1795580 689
1795590 689
1795600 693
1795610 697
1795620 702
1795630 703
1795640 703
1795650 702
1795660 701
1795670 700
1795680 699
1795690 698
1795700 697
1795710 696
1795720 696
1795730 695
1795740 695
1795750 695
1795760 694
1795770 694
1795780 693
1795790 692
1795800 691
1795810 690
1795820 689
1795830 688
1795840 688
1795850 688
1795860 687
1795870 686
1795880 684
1795890 681
1795900 678
1795910 674
1795920 670
1795930 666
1795940 663
1795950 659
1795960 656
1795970 655
1795980 654
1795990 654
1796000 652
1796010 650
1796020 648
1796030 645
1796040 641
1796050 638
1796060 636
1796070 634
1796080 632
1796090 630
1796100 628
1796110 627
1796120 626
1796130 623
1796140 620
1796150 619
1796160 619
1796170 620
1796180 621
1796190 624
1796200 626
1796210 628
1796220 629
1796230 629
1796240 629
1796250 628
1796260 628
1796270 628
1796280 628
1796290 628
1796300 628
1796310 628
1796320 627
1796330 627
1796340 627
1796350 627
1796360 626
1796370 626
1796380 626
1796390 626
1796400 626
1796410 625
1796420 625
1796430 625
1796440 625
1796450 625
1796460 625
1796470 625
1796480 625
1796490 625
1796500 625
1796510 625
1796520 624
1796530 624
1796540 624
1796550 624
1796560 624
1796570 624
1796580 623
1796590 623
1796600 622
1796610 622
1796620 621
1796630 621
1796640 621
1796650 620
1796660 619
1796670 618
1796680 618
1796690 617
1796700 617
1796710 616
1796720 615
1796730 614
1796740 613
1796750 612
1796760 611
1796770 609
1796780 608
1796790 607
1796800 605
1796810 604
1796820 603
1796830 601
1796840 600
1796850 599
1796860 598
1796870 597
1796880 596
1796890 595
1796900 594
1796910 593
1796920 592
1796930 591
1796940 589
1796950 588
1796960 586
1796970 585
1796980 583
1796990 581
1797000 580
1797010 579
1797020 580
1797030 580
1797040 581
1797050 580
1797060 578
1797070 577
1797080 578
1797090 580
1797100 582
1797110 585
1797120 587
1797130 590
1797140 591
1797150 593
1797160 594
1797170 595
1797180 597
1797190 598
1797200 600
1797210 601
1797220 603
1797230 605
1797240 606
1797250 608
1797260 609
1797270 611
1797280 612
1797290 614
1797300 615
1797310 617
1797320 618
1797330 620
1797340 622
1797350 624
1797360 625
1797370 626
1797380 628
1797390 629
1797400 631
1797410 632
1797420 634
1797430 635
1797440 636
1797450 638
1797460 639
1797470 640
1797480 642
1797490 643
1797500 644
1797510 646
1797520 647
1797530 649
1797540 650
1797550 652
1797560 654
1797570 655
1797580 656
1797590 657
1797600 658
1797610 659
1797620 660
1797630 662
1797640 664
1797650 665
1797660 667
1797670 668
1797680 669
1797690 670
1797700 671
1797710 673
1797720 675
1797730 676
1797740 677
1797750 678
1797760 679
1797770 680
1797780 681
1797790 682
1797800 683
1797810 685
1797820 686
1797830 687
1797840 688
1797850 689
1797860 690
1797870 691
1797880 692
1797890 693
1797900 694
1797910 695
1797920 695
1797930 696
1797940 697
1797950 698
1797960 699
1797970 700
1797980 701
1797990 702
1798000 703
1798010 704
1798020 704
1798030 705
1798040 706
1798050 707
1798060 707
1798070 708
1798080 709
1798090 709
1798100 710
1798110 711
1798120 711
1798130 712
1798140 712
1798150 713
1798160 713
1798170 714
1798180 714
1798190 715
1798200 715
1798210 716
1798220 716
1798230 716
1798240 717
1798250 717
1798260 717
1798270 718
1798280 718
1798290 718
1798300 718
1798310 719
1798320 719
1798330 719
1798340 719
1798350 719
1798360 719
1798370 720
1798380 720
1798390 720
1798400 720
1798410 720
1798420 720
1798430 721
1798440 721
1798450 721
1798460 721
1798470 721
1798480 721
1798490 721
1798500 721
1798510 722
1798520 722
1798530 722
1798540 722
1798550 722
1798560 722
1798570 722
1798580 722
1798590 722
1798600 723
1798610 723
1798620 723
1798630 723
1798640 723
1798650 723
1798660 723
1798670 723
1798680 724
1798690 724
1798700 725
1798710 725
1798720 725
1798730 726
1798740 727
1798750 727
1798760 728
1798770 728
1798780 729
1798790 730
1798800 730
1798810 731
1798820 731
1798830 732
1798840 732
1798850 733
1798860 733
1798870 734
1798880 735
1798890 735
1798900 736
1798910 737
1798920 737
1798930 738
1798940 739
1798950 740
1798960 740
1798970 741
1798980 742
1798990 742
1799000 743
1799010 744
1799020 745
1799030 745
1799040 746
1799050 747
1799060 747
1799070 748
1799080 749
1799090 749
1799100 750
1799110 751
1799120 751
1799130 751
1799140 752
1799150 753
1799160 753
1799170 754
1799180 754
1799190 754
1799200 754
1799210 755
1799220 755
1799230 755
1799240 755
1799250 756
1799260 756
1799270 756
1799280 756
1799290 757
1799300 757
1799310 757
1799320 757
1799330 757
1799340 757
1799350 757
1799360 758
1799370 758
1799380 758
1799390 758
1799400 758
1799410 757
1799420 757
1799430 757
1799440 757
1799450 757
1799460 757
1799470 756
1799480 756
1799490 756
1799500 755
1799510 755
1799520 755
1799530 754
1799540 753
1799550 753
1799560 752
1799570 752
1799580 751
1799590 750
1799600 749
1799610 748
1799620 747
1799630 746
1799640 744
1799650 743
1799660 742
1799670 742
1799680 741
1799690 742
1799700 741
1799710 740
1799720 738
1799730 739
1799740 740
1799750 742
1799760 744
1799770 745
1799780 747
1799790 749
1799800 751
1799810 752
1799820 754
1799830 756
1799840 758
1799850 759
1799860 761
1799870 762
1799880 764
1799890 766
1799900 767
1799910 769
1799920 771
1799930 773
1799940 775
1799950 777
1799960 779
1799970 781
1799980 782
1799990 783
