1780000 1327
1780010 1327
1780020 1327
1780030 1328
1780040 1328
1780050 1328
1780060 1328
1780070 1327
1780080 1326
1780090 1325
1780100 1325
1780110 1324
1780120 1323
1780130 1322
1780140 1321
1780150 1320
1780160 1318
1780170 1316
1780180 1315
1780190 1314
1780200 1313
1780210 1311
1780220 1309
1780230 1307
1780240 1306
1780250 1304
1780260 1302
1780270 1300
1780280 1298
1780290 1296
1780300 1295
1780310 1293
1780320 1290
1780330 1288
1780340 1285
1780350 1282
1780360 1280
1780370 1277
1780380 1274
1780390 1272
1780400 1270
1780410 1268
1780420 1265
1780430 1263
1780440 1260
1780450 1258
1780460 1256
1780470 1255
1780480 1253
1780490 1251
1780500 1249
1780510 1247
1780520 1245
1780530 1243
1780540 1240
1780550 1238
1780560 1236
1780570 1233
1780580 1231
1780590 1229
1780600 1227
1780610 1225
1780620 1224
1780630 1222
1780640 1219
1780650 1217
1780660 1214
1780670 1212
1780680 1209
1780690 1205
1780700 1202
1780710 1198
1780720 1195
1780730 1191
1780740 1188
1780750 1184
1780760 1182
1780770 1179
1780780 1177
1780790 1174
1780800 1172
1780810 1169
1780820 1166
1780830 1163
1780840 1160
1780850 1156
1780860 1153
1780870 1150
1780880 1147
1780890 1144
1780900 1140
1780910 1136
1780920 1132
1780930 1129
1780940 1127
1780950 1126
1780960 1125
1780970 1125
1780980 1126
1780990 1127
1781000 1127
1781010 1127
1781020 1126
1781030 1126
1781040 1126
1781050 1125
1781060 1124
1781070 1124
1781080 1124
1781090 1124
1781100 1124
1781110 1123
1781120 1123
1781130 1123
1781140 1122
1781150 1122
1781160 1121
1781170 1121
1781180 1120
1781190 1119
1781200 1118
1781210 1117
1781220 1116
1781230 1115
1781240 1114
1781250 1113
1781260 1111
1781270 1110
1781280 1109
1781290 1107
1781300 1106
1781310 1104
1781320 1103
1781330 1101
1781340 1100
1781350 1099
1781360 1097
1781370 1095
1781380 1093
1781390 1092
1781400 1090
1781410 1088
1781420 1086
1781430 1084
1781440 1082
1781450 1081
1781460 1079
1781470 1078
1781480 1077
1781490 1076
1781500 1076
1781510 1075
1781520 1074
1781530 1073
1781540 1072
1781550 1070
1781560 1068
1781570 1065
1781580 1063
1781590 1061
1781600 1059
1781610 1058
1781620 1056
1781630 1054
1781640 1053
1781650 1053
1781660 1053
1781670 1053
1781680 1054
1781690 1055
1781700 1057
1781710 1058
1781720 1059
1781730 1059
1781740 1059
1781750 1060
1781760 1059
1781770 1058
1781780 1057
1781790 1056
1781800 1055
1781810 1055
1781820 1054
1781830 1054
1781840 1053
1781850 1053
1781860 1052
1781870 1052
1781880 1051
1781890 1051
1781900 1050
1781910 1050
1781920 1050
1781930 1050
1781940 1050
1781950 1049
1781960 1049
1781970 1048
1781980 1049
1781990 1049
1782000 1049
1782010 1049
1782020 1048
1782030 1048
1782040 1048
1782050 1047
1782060 1047
1782070 1047
1782080 1047
1782090 1047
1782100 1048
1782110 1048
1782120 1049
1782130 1049
1782140 1049
1782150 1050
1782160 1050
1782170 1051
1782180 1052
1782190 1053
1782200 1052
1782210 1051
1782220 1050
1782230 1048
1782240 1046
1782250 1044
1782260 1042
1782270 1040
1782280 1038
1782290 1037
1782300 1036
1782310 1036
1782320 1035
1782330 1034
1782340 1034
1782350 1033
1782360 1032
1782370 1031
1782380 1030
1782390 1029
1782400 1028
1782410 1027
1782420 1026
1782430 1025
1782440 1024
1782450 1023
1782460 1022
1782470 1021
1782480 1020
1782490 1018
1782500 1017
1782510 1015
1782520 1014
1782530 1013
1782540 1012
1782550 1011
1782560 1010
1782570 1009
1782580 1008
1782590 1006
1782600 1005
1782610 1004
1782620 1002
1782630 1002
1782640 1001
1782650 1000
1782660 999
1782670 999
1782680 998
1782690 997
1782700 996
1782710 994
1782720 992
1782730 990
1782740 989
1782750 987
1782760 986
1782770 985
1782780 984
1782790 984
1782800 985
1782810 985
1782820 985
1782830 985
1782840 984
1782850 984
1782860 984
1782870 984
1782880 984
1782890 984
1782900 984
1782910 983
1782920 983
1782930 983
1782940 983
1782950 984
1782960 984
1782970 985
1782980 985
1782990 985
1783000 985
1783010 985
1783020 985
1783030 985
1783040 984
1783050 983
1783060 982
1783070 981
1783080 980
1783090 980
1783100 979
1783110 979
1783120 978
1783130 977
1783140 977
1783150 977
1783160 976
1783170 975
1783180 975
1783190 974
1783200 973
1783210 972
1783220 971
1783230 970
1783240 969
1783250 968
1783260 967
1783270 965
1783280 964
1783290 964
1783300 963
1783310 962
1783320 961
1783330 960
1783340 959
1783350 958
1783360 957
1783370 956
1783380 956
1783390 955
1783400 954
1783410 953
1783420 951
1783430 950
1783440 949
1783450 947
1783460 946
1783470 945
1783480 944
1783490 943
1783500 943
1783510 942
1783520 942
1783530 942
1783540 941
1783550 940
1783560 940
1783570 939
1783580 939
1783590 938
1783600 938
1783610 937
1783620 936
1783630 934
1783640 933
1783650 932
1783660 931
1783670 930
1783680 928
1783690 927
1783700 925
1783710 923
1783720 921
1783730 920
1783740 918
1783750 916
1783760 915
1783770 914
1783780 912
1783790 910
1783800 909
1783810 906
1783820 904
1783830 903
1783840 903
1783850 903
1783860 903
1783870 904
1783880 904
1783890 903
1783900 903
1783910 903
1783920 903
1783930 903
1783940 903
1783950 904
1783960 904
1783970 904
1783980 904
1783990 904
1784000 904
1784010 904
1784020 904
1784030 904
1784040 904
1784050 904
1784060 904
1784070 904
1784080 903
1784090 902
1784100 901
1784110 899
1784120 898
1784130 898
1784140 897
1784150 896
1784160 895
1784170 894
1784180 893
1784190 893
1784200 892
1784210 892
1784220 891
1784230 891
1784240 891
1784250 890
1784260 890
1784270 889
1784280 889
1784290 888
1784300 888
1784310 887
1784320 886
1784330 886
1784340 885
1784350 884
1784360 884
1784370 883
1784380 883
1784390 882
1784400 882
1784410 881
1784420 880
1784430 879
1784440 878
1784450 877
1784460 877
1784470 875
1784480 875
1784490 874
1784500 873
1784510 872
1784520 871
1784530 870
1784540 868
1784550 867
1784560 866
1784570 865
1784580 865
1784590 864
1784600 864
1784610 863
1784620 863
1784630 862
1784640 861
1784650 861
1784660 860
1784670 859
1784680 859
1784690 858
1784700 857
1784710 856
1784720 855
1784730 854
1784740 853
1784750 852
1784760 851
1784770 849
1784780 849
1784790 847
1784800 845
1784810 844
1784820 842
1784830 841
1784840 839
1784850 837
1784860 836
1784870 835
1784880 833
1784890 832
1784900 830
1784910 829
1784920 827
1784930 826
1784940 824
1784950 823
1784960 822
1784970 821
1784980 820
1784990 819
1785000 819
1785010 818
1785020 817
1785030 816
1785040 816
1785050 815
1785060 814
1785070 813
1785080 812
1785090 810
1785100 808
1785110 807
1785120 805
1785130 804
1785140 803
1785150 801
1785160 800
1785170 798
1785180 796
1785190 794
1785200 792
1785210 790
1785220 788
1785230 786
1785240 781
1785250 776
1785260 771
1785270 768
1785280 765
1785290 763
1785300 761
1785310 759
1785320 757
1785330 756
1785340 754
1785350 753
1785360 751
1785370 750
1785380 748
1785390 747
1785400 746
1785410 745
1785420 744
1785430 742
1785440 741
1785450 740
1785460 738
1785470 736
1785480 734
1785490 731
1785500 728
1785510 726
1785520 723
1785530 720
1785540 718
1785550 715
1785560 713
1785570 711
1785580 711
1785590 711
1785600 711
1785610 711
1785620 711
1785630 711
1785640 710
1785650 709
1785660 707
1785670 706
1785680 705
1785690 703
1785700 702
1785710 702
1785720 701
1785730 701
1785740 701
1785750 701
1785760 701
1785770 701
1785780 702
1785790 704
1785800 704
1785810 704
1785820 703
1785830 703
1785840 703
1785850 702
1785860 702
1785870 701
1785880 699
1785890 698
1785900 696
1785910 695
1785920 694
1785930 694
1785940 693
1785950 693
1785960 692
1785970 693
1785980 693
1785990 693
1786000 692
1786010 693
1786020 693
1786030 694
1786040 695
1786050 696
1786060 697
1786070 697
1786080 697
1786090 696
1786100 696
1786110 695
1786120 695
1786130 693
1786140 691
1786150 688
1786160 687
1786170 688
1786180 690
1786190 691
1786200 692
1786210 692
1786220 693
1786230 693
1786240 693
1786250 694
1786260 694
1786270 694
1786280 695
1786290 695
1786300 694
1786310 694
1786320 694
1786330 693
1786340 693
1786350 693
1786360 693
1786370 693
1786380 694
1786390 694
1786400 694
1786410 694
1786420 694
1786430 694
1786440 693
1786450 693
1786460 693
1786470 693
1786480 692
1786490 692
1786500 692
1786510 691
1786520 691
1786530 690
1786540 690
1786550 689
1786560 689
1786570 688
1786580 687
1786590 686
1786600 684
1786610 681
1786620 678
1786630 675
1786640 672
1786650 669
1786660 666
1786670 664
1786680 662
1786690 660
1786700 660
1786710 662
1786720 663
1786730 664
1786740 665
1786750 667
1786760 668
1786770 670
1786780 671
1786790 673
1786800 674
1786810 675
1786820 677
1786830 678
1786840 679
1786850 680
1786860 681
1786870 681
1786880 681
1786890 681
1786900 681
1786910 680
1786920 680
1786930 680
1786940 680
1786950 680
1786960 680
1786970 680
1786980 681
1786990 681
1787000 681
1787010 681
1787020 681
1787030 680
1787040 680
1787050 679
1787060 680
1787070 680
1787080 680
1787090 681
1787100 682
1787110 683
1787120 683
1787130 684
1787140 684
1787150 685
1787160 685
1787170 687
1787180 687
1787190 688
1787200 688
1787210 689
1787220 691
1787230 692
1787240 693
1787250 694
1787260 696
1787270 697
1787280 699
1787290 700
1787300 702
1787310 703
1787320 704
1787330 704
1787340 704
1787350 704
1787360 704
1787370 705
1787380 705
1787390 706
1787400 707
1787410 707
1787420 708
1787430 709
1787440 710
1787450 711
1787460 712
1787470 712
1787480 713
1787490 713
1787500 714
1787510 713
1787520 713
1787530 712
1787540 711
1787550 710
1787560 709
1787570 709
1787580 708
1787590 708
1787600 707
1787610 706
1787620 706
1787630 705
1787640 705
1787650 705
1787660 705
1787670 705
1787680 706
1787690 706
1787700 706
1787710 706
1787720 705
1787730 705
1787740 704
1787750 703
1787760 703
1787770 702
1787780 701
1787790 701
1787800 700
1787810 700
1787820 699
1787830 698
1787840 698
1787850 697
1787860 696
1787870 696
1787880 695
1787890 694
1787900 693
1787910 692
1787920 691
1787930 690
1787940 689
1787950 688
1787960 687
1787970 686
1787980 686
1787990 685
1788000 685
1788010 684
1788020 683
1788030 683
1788040 683
1788050 682
1788060 682
1788070 682
1788080 682
1788090 681
1788100 681
1788110 681
1788120 681
1788130 681
1788140 681
1788150 681
1788160 680
1788170 678
1788180 677
1788190 675
1788200 674
1788210 672
1788220 671
1788230 670
1788240 669
1788250 669
1788260 670
1788270 670
1788280 670
1788290 670
1788300 669
1788310 668
1788320 667
1788330 667
1788340 667
1788350 666
1788360 666
1788370 666
1788380 667
1788390 668
1788400 669
1788410 670
1788420 671
1788430 672
1788440 673
1788450 671
1788460 669
1788470 666
1788480 665
1788490 663
1788500 661
1788510 660
1788520 660
1788530 660
1788540 661
1788550 662
1788560 663
1788570 662
1788580 659
1788590 655
1788600 651
1788610 647
1788620 644
1788630 641
1788640 639
1788650 637
1788660 636
1788670 633
1788680 630
1788690 627
1788700 624
1788710 621
1788720 618
1788730 617
1788740 615
1788750 614
1788760 612
1788770 610
1788780 608
1788790 606
1788800 604
1788810 602
1788820 600
1788830 598
1788840 597
1788850 596
1788860 596
1788870 595
1788880 595
1788890 595
1788900 596
1788910 595
1788920 593
1788930 591
1788940 590
1788950 588
1788960 587
1788970 586
1788980 586
1788990 586
1789000 586
1789010 587
1789020 587
1789030 587
1789040 587
1789050 587
1789060 586
1789070 584
1789080 583
1789090 580
1789100 578
1789110 576
1789120 574
1789130 572
1789140 570
1789150 568
1789160 566
1789170 564
1789180 563
1789190 560
1789200 558
1789210 557
1789220 556
1789230 554
1789240 553
1789250 553
1789260 552
1789270 551
1789280 554
1789290 557
1789300 559
1789310 563
1789320 567
1789330 571
1789340 573
1789350 576
1789360 578
1789370 580
1789380 582
1789390 584
1789400 585
1789410 585
1789420 586
1789430 585
1789440 583
1789450 580
1789460 577
1789470 574
1789480 571
1789490 568
1789500 566
1789510 563
1789520 561
1789530 558
1789540 556
1789550 554
1789560 553
1789570 551
1789580 550
1789590 549
1789600 548
1789610 547
1789620 546
1789630 545
1789640 545
1789650 544
1789660 543
1789670 543
1789680 542
1789690 541
1789700 540
1789710 539
1789720 540
1789730 540
1789740 541
1789750 541
1789760 541
1789770 544
1789780 546
1789790 549
1789800 550
1789810 551
1789820 552
1789830 552
1789840 553
1789850 553
1789860 553
1789870 554
1789880 555
1789890 556
1789900 555
1789910 555
1789920 554
1789930 553
1789940 553
1789950 553
1789960 554
1789970 554
1789980 554
1789990 555
1790000 555
1790010 555
1790020 555
1790030 555
1790040 554
1790050 552
1790060 551
1790070 550
1790080 548
1790090 545
1790100 543
1790110 541
1790120 539
1790130 537
1790140 536
1790150 534
1790160 532
1790170 531
1790180 530
1790190 529
1790200 529
1790210 529
1790220 530
1790230 532
1790240 534
1790250 536
1790260 538
1790270 539
1790280 541
1790290 542
1790300 543
1790310 544
1790320 545
1790330 547
1790340 547
1790350 548
1790360 548
1790370 548
1790380 548
1790390 547
1790400 547
1790410 546
1790420 545
1790430 544
1790440 542
1790450 541
1790460 539
1790470 538
1790480 537
1790490 534
1790500 531
1790510 529
1790520 528
1790530 527
1790540 526
1790550 525
1790560 524
1790570 523
1790580 522
1790590 520
1790600 519
1790610 517
1790620 514
1790630 511
1790640 508
1790650 505
1790660 502
1790670 501
1790680 500
1790690 499
1790700 498
1790710 497
1790720 496
1790730 495
1790740 494
1790750 494
1790760 494
1790770 494
1790780 493
1790790 493
1790800 492
1790810 491
1790820 491
1790830 490
1790840 490
1790850 491
1790860 491
1790870 492
1790880 492
1790890 492
1790900 492
1790910 492
1790920 492
1790930 493
1790940 493
1790950 493
1790960 493
1790970 493
1790980 492
1790990 492
1791000 491
1791010 491
1791020 491
1791030 491
1791040 491
1791050 492
1791060 492
1791070 493
1791080 494
1791090 495
1791100 495
1791110 495
1791120 495
1791130 495
1791140 495
1791150 495
1791160 495
1791170 495
1791180 495
1791190 494
1791200 494
1791210 494
1791220 495
1791230 495
1791240 495
1791250 496
1791260 496
1791270 497
1791280 497
1791290 497
1791300 497
1791310 497
1791320 497
1791330 497
1791340 497
1791350 497
1791360 497
1791370 497
1791380 496
1791390 495
1791400 493
1791410 491
1791420 489
1791430 488
1791440 487
1791450 487
1791460 487
1791470 487
1791480 488
1791490 488
1791500 487
1791510 487
1791520 487
1791530 487
1791540 488
1791550 488
1791560 487
1791570 487
1791580 487
1791590 488
1791600 488
1791610 488
1791620 488
1791630 488
1791640 487
1791650 487
1791660 487
1791670 487
1791680 487
1791690 487
1791700 487
1791710 488
1791720 489
1791730 491
1791740 493
1791750 495
1791760 496
1791770 497
1791780 498
1791790 500
1791800 501
1791810 502
1791820 504
1791830 505
1791840 506
1791850 508
1791860 509
1791870 510
1791880 511
1791890 512
1791900 513
1791910 514
1791920 516
1791930 517
1791940 518
1791950 520
1791960 521
1791970 523
1791980 524
1791990 526
1792000 527
1792010 528
1792020 528
1792030 529
1792040 529
1792050 529
1792060 528
1792070 527
1792080 526
1792090 525
1792100 524
1792110 523
1792120 521
1792130 520
1792140 518
1792150 515
1792160 512
1792170 509
1792180 507
1792190 505
1792200 504
1792210 504
1792220 504
1792230 505
1792240 505
1792250 506
1792260 507
1792270 508
1792280 509
1792290 511
1792300 512
1792310 514
1792320 516
1792330 517
1792340 519
1792350 520
1792360 522
1792370 524
1792380 526
1792390 528
1792400 531
1792410 533
1792420 536
1792430 538
1792440 541
1792450 543
1792460 545
1792470 547
1792480 550
1792490 552
1792500 555
1792510 556
1792520 558
1792530 561
1792540 563
1792550 565
1792560 567
1792570 569
1792580 571
1792590 573
1792600 575
1792610 577
1792620 578
1792630 580
1792640 581
1792650 583
1792660 584
1792670 586
1792680 588
1792690 590
1792700 592
1792710 593
1792720 595
1792730 597
1792740 599
1792750 601
1792760 603
1792770 605
1792780 606
1792790 608
1792800 609
1792810 611
1792820 612
1792830 614
1792840 615
1792850 617
1792860 619
1792870 621
1792880 623
1792890 625
1792900 627
1792910 629
1792920 631
1792930 633
1792940 635
1792950 637
1792960 640
1792970 642
1792980 644
1792990 646
1793000 648
1793010 649
1793020 651
1793030 653
1793040 655
1793050 657
1793060 659
1793070 661
1793080 662
1793090 664
1793100 666
1793110 668
1793120 669
1793130 671
1793140 672
1793150 673
1793160 674
1793170 675
1793180 676
1793190 676
1793200 675
1793210 673
1793220 671
1793230 668
1793240 666
1793250 664
1793260 662
1793270 661
1793280 660
1793290 659
1793300 658
1793310 657
1793320 656
1793330 655
1793340 654
1793350 653
1793360 652
1793370 651
1793380 650
1793390 649
1793400 649
1793410 647
1793420 646
1793430 645
1793440 644
1793450 643
1793460 641
1793470 640
1793480 640
1793490 639
1793500 639
1793510 639
1793520 640
1793530 641
1793540 642
1793550 643
1793560 644
1793570 646
1793580 648
1793590 650
1793600 652
1793610 655
1793620 658
1793630 660
1793640 663
1793650 665
1793660 667
1793670 670
1793680 672
1793690 674
1793700 676
1793710 678
1793720 680
1793730 683
1793740 685
1793750 687
1793760 690
1793770 692
1793780 695
1793790 697
1793800 699
1793810 699
1793820 699
1793830 698
1793840 697
1793850 696
1793860 695
1793870 693
1793880 692
1793890 691
1793900 690
1793910 690
1793920 689
1793930 689
1793940 689
1793950 689
1793960 689
1793970 690
1793980 691
1793990 692
1794000 692
1794010 691
1794020 690
1794030 690
1794040 689
1794050 688
1794060 687
1794070 687
1794080 686
1794090 685
1794100 685
1794110 685
1794120 684
1794130 683
1794140 683
1794150 682
1794160 682
1794170 681
1794180 680
1794190 679
1794200 678
1794210 677
1794220 676
1794230 675
1794240 674
1794250 673
1794260 673
1794270 672
1794280 672
1794290 671
1794300 671
1794310 670
1794320 669
1794330 667
1794340 667
1794350 667
1794360 667
1794370 667
1794380 666
1794390 666
1794400 665
1794410 665
1794420 665
1794430 664
1794440 663
1794450 662
1794460 661
1794470 661
1794480 662
1794490 663
1794500 664
1794510 666
1794520 669
1794530 672
1794540 674
1794550 677
1794560 680
1794570 682
1794580 683
1794590 683
1794600 682
1794610 679
1794620 677
1794630 674
1794640 672
1794650 670
1794660 668
1794670 666
1794680 664
1794690 661
1794700 659
1794710 657
1794720 655
1794730 653
1794740 651
1794750 649
1794760 647
1794770 646
1794780 644
1794790 643
1794800 643
1794810 644
1794820 645
1794830 644
1794840 644
1794850 644
1794860 644
1794870 644
1794880 642
1794890 639
1794900 638
1794910 640
1794920 644
1794930 648
1794940 653
1794950 656
1794960 659
1794970 662
1794980 664
1794990 666
1795000 669
1795010 672
1795020 674
1795030 678
1795040 681
1795050 684
1795060 687
1795070 691
1795080 694
1795090 698
1795100 701
1795110 704
1795120 708
1795130 710
1795140 713
1795150 714
1795160 716
1795170 717
1795180 718
1795190 719
1795200 719
1795210 719
1795220 718
1795230 717
1795240 716
1795250 715
1795260 714
1795270 713
1795280 712
1795290 711
1795300 709
1795310 708
1795320 707
1795330 706
1795340 705
1795350 704
1795360 703
1795370 701
1795380 700
1795390 699
1795400 698
1795410 697
1795420 696
1795430 695
1795440 694
1795450 692
1795460 689
1795470 688
1795480 688
1795490 687
1795500 685
1795510 683
1795520 680
1795530 678
1795540 678
1795550 678
1795560 679
1795570 679
1795580 679
1795590 678
1795600 677
1795610 677
1795620 677
1795630 677
1795640 676
1795650 675
1795660 674
1795670 673
1795680 672
1795690 671
1795700 670
1795710 669
1795720 668
1795730 667
1795740 666
1795750 665
1795760 664
1795770 663
1795780 662
1795790 662
1795800 661
1795810 659
1795820 657
1795830 654
1795840 651
1795850 650
1795860 652
1795870 655
1795880 656
1795890 656
1795900 655
1795910 655
1795920 656
1795930 656
1795940 656
1795950 657
1795960 657
1795970 657
1795980 657
1795990 657
1796000 657
1796010 657
1796020 658
1796030 658
1796040 658
1796050 659
1796060 659
1796070 659
1796080 659
1796090 659
1796100 659
1796110 659
1796120 660
1796130 660
1796140 660
1796150 661
1796160 661
1796170 661
1796180 661
1796190 661
1796200 661
1796210 660
1796220 660
1796230 661
1796240 662
1796250 662
1796260 662
1796270 662
1796280 662
1796290 662
1796300 661
1796310 661
1796320 661
1796330 661
1796340 661
1796350 661
1796360 660
1796370 660
1796380 660
1796390 659
1796400 659
1796410 658
1796420 657
1796430 656
1796440 655
1796450 654
1796460 653
1796470 652
1796480 651
1796490 649
1796500 648
1796510 646
1796520 645
1796530 644
1796540 642
1796550 641
1796560 639
1796570 638
1796580 636
1796590 635
1796600 633
1796610 632
1796620 631
1796630 629
1796640 628
1796650 627
1796660 626
1796670 624
1796680 623
1796690 622
1796700 621
1796710 620
1796720 619
1796730 617
1796740 616
1796750 614
1796760 613
1796770 611
1796780 609
1796790 607
1796800 605
1796810 604
1796820 602
1796830 601
1796840 599
1796850 598
1796860 596
1796870 595
1796880 594
1796890 592
1796900 591
1796910 589
1796920 588
1796930 587
1796940 585
1796950 583
1796960 581
1796970 578
1796980 576
1796990 575
1797000 573
1797010 571
1797020 571
1797030 572
1797040 573
1797050 574
1797060 574
1797070 575
1797080 575
1797090 576
1797100 578
1797110 580
1797120 582
1797130 584
1797140 585
1797150 586
1797160 587
1797170 588
1797180 589
1797190 590
1797200 592
1797210 593
1797220 594
1797230 595
1797240 596
1797250 597
1797260 598
1797270 599
1797280 600
1797290 601
1797300 602
1797310 602
1797320 603
1797330 604
1797340 604
1797350 605
1797360 605
1797370 605
1797380 606
1797390 606
1797400 607
1797410 607
1797420 608
1797430 608
1797440 609
1797450 609
1797460 610
1797470 610
1797480 611
1797490 611
1797500 612
1797510 612
1797520 613
1797530 613
1797540 614
1797550 615
1797560 615
1797570 616
1797580 617
1797590 617
1797600 618
1797610 619
1797620 620
1797630 621
1797640 621
1797650 622
1797660 623
1797670 624
1797680 625
1797690 625
1797700 626
1797710 628
1797720 628
1797730 629
1797740 630
1797750 631
1797760 632
1797770 633
1797780 633
1797790 634
1797800 634
1797810 635
1797820 635
1797830 636
1797840 635
1797850 634
1797860 635
1797870 637
1797880 638
1797890 639
1797900 640
1797910 640
1797920 641
1797930 641
1797940 642
1797950 643
1797960 644
1797970 645
1797980 646
1797990 647
1798000 647
1798010 648
1798020 649
1798030 650
1798040 651
1798050 652
1798060 652
1798070 653
1798080 653
1798090 654
1798100 654
1798110 654
1798120 653
1798130 653
1798140 654
1798150 654
1798160 655
1798170 656
1798180 656
1798190 656
1798200 656
1798210 656
1798220 656
1798230 656
1798240 656
1798250 655
1798260 655
1798270 656
1798280 656
1798290 657
1798300 657
1798310 658
1798320 659
1798330 660
1798340 660
1798350 660
1798360 660
1798370 661
1798380 662
1798390 662
1798400 662
1798410 662
1798420 662
1798430 663
1798440 664
1798450 665
1798460 665
1798470 666
1798480 666
1798490 667
1798500 666
1798510 665
1798520 664
1798530 665
1798540 666
1798550 669
1798560 670
1798570 671
1798580 673
1798590 675
1798600 676
1798610 677
1798620 677
1798630 677
1798640 679
1798650 680
1798660 681
1798670 682
1798680 684
1798690 685
1798700 687
1798710 688
1798720 689
1798730 690
1798740 690
1798750 691
1798760 693
1798770 694
1798780 695
1798790 696
1798800 697
1798810 698
1798820 700
1798830 701
1798840 703
1798850 704
1798860 706
1798870 707
1798880 708
1798890 709
1798900 711
1798910 713
1798920 715
1798930 716
1798940 718
1798950 720
1798960 721
1798970 723
1798980 724
1798990 726
1799000 728
1799010 730
1799020 732
1799030 734
1799040 735
1799050 737
1799060 738
1799070 740
1799080 742
1799090 743
1799100 745
1799110 747
1799120 748
1799130 750
1799140 752
1799150 754
1799160 755
1799170 757
1799180 758
1799190 759
1799200 761
1799210 762
1799220 764
1799230 766
1799240 767
1799250 767
1799260 768
1799270 769
1799280 771
1799290 772
1799300 773
1799310 774
1799320 775
1799330 777
1799340 778
1799350 779
1799360 780
1799370 781
1799380 782
1799390 784
1799400 785
1799410 786
1799420 787
1799430 788
1799440 789
1799450 790
1799460 791
1799470 792
1799480 793
1799490 794
1799500 795
1799510 796
1799520 797
1799530 798
1799540 798
1799550 799
1799560 801
1799570 802
1799580 803
1799590 804
1799600 804
1799610 805
1799620 805
1799630 805
1799640 805
1799650 805
1799660 805
1799670 805
1799680 805
1799690 805
1799700 805
1799710 804
1799720 804
1799730 804
1799740 804
1799750 804
1799760 805
1799770 805
1799780 806
1799790 806
1799800 806
1799810 806
1799820 806
1799830 807
1799840 807
1799850 807
1799860 807
1799870 807
1799880 808
1799890 808
1799900 809
1799910 810
1799920 811
1799930 812
1799940 813
1799950 814
1799960 815
1799970 817
1799980 818
1799990 820
