1780000 1449
1780010 1448
1780020 1447
1780030 1446
1780040 1445
1780050 1443
1780060 1442
1780070 1440
1780080 1439
1780090 1438
1780100 1437
1780110 1436
1780120 1434
1780130 1433
1780140 1432
1780150 1431
1780160 1430
1780170 1429
1780180 1427
1780190 1426
1780200 1424
1780210 1423
1780220 1421
1780230 1420
1780240 1418
1780250 1417
1780260 1416
1780270 1415
1780280 1413
1780290 1412
1780300 1410
1780310 1409
1780320 1407
1780330 1406
1780340 1404
1780350 1403
1780360 1401
1780370 1400
1780380 1398
1780390 1397
1780400 1396
1780410 1394
1780420 1393
1780430 1391
1780440 1390
1780450 1388
1780460 1386
1780470 1385
1780480 1384
1780490 1382
1780500 1380
1780510 1378
1780520 1376
1780530 1374
1780540 1373
1780550 1371
1780560 1370
1780570 1369
1780580 1367
1780590 1366
1780600 1365
1780610 1364
1780620 1363
1780630 1361
1780640 1360
1780650 1359
1780660 1357
1780670 1356
1780680 1355
1780690 1354
1780700 1353
1780710 1352
1780720 1351
1780730 1350
1780740 1348
1780750 1347
1780760 1345
1780770 1344
1780780 1343
1780790 1342
1780800 1340
1780810 1339
1780820 1338
1780830 1336
1780840 1335
1780850 1334
1780860 1333
1780870 1331
1780880 1330
1780890 1329
1780900 1328
1780910 1326
1780920 1325
1780930 1324
1780940 1323
1780950 1322
1780960 1320
1780970 1319
1780980 1318
1780990 1317
1781000 1316
1781010 1315
1781020 1314
1781030 1313
1781040 1312
1781050 1311
1781060 1310
1781070 1309
1781080 1308
1781090 1307
1781100 1306
1781110 1305
1781120 1303
1781130 1302
1781140 1300
1781150 1298
1781160 1296
1781170 1293
1781180 1291
1781190 1288
1781200 1286
1781210 1283
1781220 1280
1781230 1279
1781240 1277
1781250 1275
1781260 1273
1781270 1271
1781280 1269
1781290 1266
1781300 1264
1781310 1262
1781320 1260
1781330 1258
1781340 1256
1781350 1255
1781360 1253
1781370 1252
1781380 1250
1781390 1248
1781400 1247
1781410 1245
1781420 1244
1781430 1242
1781440 1240
1781450 1238
1781460 1236
1781470 1234
1781480 1232
1781490 1231
1781500 1230
1781510 1228
1781520 1226
1781530 1223
1781540 1221
1781550 1219
1781560 1217
1781570 1214
1781580 1212
1781590 1210
1781600 1208
1781610 1206
1781620 1204
1781630 1202
1781640 1201
1781650 1199
1781660 1197
1781670 1195
1781680 1193
1781690 1192
1781700 1190
1781710 1188
1781720 1187
1781730 1186
1781740 1184
1781750 1183
1781760 1182
1781770 1180
1781780 1179
1781790 1178
1781800 1177
1781810 1176
1781820 1174
1781830 1173
1781840 1172
1781850 1171
1781860 1170
1781870 1169
1781880 1168
1781890 1167
1781900 1166
1781910 1165
1781920 1164
1781930 1163
1781940 1162
1781950 1161
1781960 1160
1781970 1159
1781980 1158
1781990 1156
1782000 1155
1782010 1154
1782020 1153
1782030 1152
1782040 1151
1782050 1151
1782060 1150
1782070 1149
1782080 1148
1782090 1147
1782100 1146
1782110 1145
1782120 1144
1782130 1143
1782140 1141
1782150 1140
1782160 1139
1782170 1138
1782180 1137
1782190 1135
1782200 1134
1782210 1132
1782220 1130
1782230 1129
1782240 1128
1782250 1127
1782260 1127
1782270 1125
1782280 1124
1782290 1123
1782300 1122
1782310 1121
1782320 1120
1782330 1120
1782340 1119
1782350 1117
1782360 1116
1782370 1115
1782380 1114
1782390 1113
1782400 1112
1782410 1111
1782420 1110
1782430 1110
1782440 1109
1782450 1108
1782460 1107
1782470 1106
1782480 1106
1782490 1105
1782500 1104
1782510 1103
1782520 1102
1782530 1101
1782540 1100
1782550 1098
1782560 1097
1782570 1095
1782580 1094
1782590 1092
1782600 1091
1782610 1090
1782620 1089
1782630 1089
1782640 1088
1782650 1087
1782660 1086
1782670 1085
1782680 1083
1782690 1082
1782700 1081
1782710 1080
1782720 1078
1782730 1077
1782740 1074
1782750 1073
1782760 1071
1782770 1070
1782780 1069
1782790 1069
1782800 1068
1782810 1067
1782820 1066
1782830 1065
1782840 1064
1782850 1063
1782860 1062
1782870 1061
1782880 1060
1782890 1058
1782900 1057
1782910 1055
1782920 1053
1782930 1052
1782940 1051
1782950 1049
1782960 1048
1782970 1046
1782980 1045
1782990 1043
1783000 1042
1783010 1041
1783020 1039
1783030 1037
1783040 1036
1783050 1034
1783060 1033
1783070 1031
1783080 1030
1783090 1028
1783100 1027
1783110 1025
1783120 1023
1783130 1021
1783140 1020
1783150 1018
1783160 1016
1783170 1014
1783180 1012
1783190 1010
1783200 1008
1783210 1007
1783220 1006
1783230 1004
1783240 1003
1783250 1002
1783260 1000
1783270 999
1783280 997
1783290 995
1783300 994
1783310 993
1783320 991
1783330 990
1783340 988
1783350 987
1783360 986
1783370 984
1783380 983
1783390 981
1783400 980
1783410 979
1783420 977
1783430 976
1783440 974
1783450 972
1783460 971
1783470 969
1783480 968
1783490 967
1783500 966
1783510 965
1783520 964
1783530 963
1783540 962
1783550 961
1783560 959
1783570 958
1783580 956
1783590 955
1783600 954
1783610 952
1783620 951
1783630 950
1783640 948
1783650 947
1783660 945
1783670 943
1783680 942
1783690 939
1783700 938
1783710 936
1783720 935
1783730 933
1783740 931
1783750 930
1783760 929
1783770 928
1783780 927
1783790 926
1783800 925
1783810 925
1783820 924
1783830 923
1783840 922
1783850 921
1783860 920
1783870 919
1783880 917
1783890 916
1783900 915
1783910 914
1783920 913
1783930 912
1783940 911
1783950 910
1783960 910
1783970 909
1783980 908
1783990 907
1784000 906
1784010 906
1784020 905
1784030 905
1784040 904
1784050 904
1784060 903
1784070 903
1784080 902
1784090 902
1784100 901
1784110 901
1784120 900
1784130 900
1784140 899
1784150 899
1784160 899
1784170 898
1784180 898
1784190 898
1784200 899
1784210 899
1784220 899
1784230 899
1784240 900
1784250 900
1784260 900
1784270 900
1784280 900
1784290 900
1784300 900
1784310 900
1784320 900
1784330 900
1784340 899
1784350 899
1784360 899
1784370 899
1784380 898
1784390 897
1784400 896
1784410 896
1784420 896
1784430 896
1784440 896
1784450 896
1784460 895
1784470 895
1784480 894
1784490 894
1784500 893
1784510 893
1784520 892
1784530 891
1784540 891
1784550 891
1784560 890
1784570 890
1784580 889
1784590 889
1784600 888
1784610 887
1784620 886
1784630 885
1784640 884
1784650 883
1784660 882
1784670 882
1784680 881
1784690 881
1784700 880
1784710 879
1784720 879
1784730 878
1784740 878
1784750 877
1784760 876
1784770 876
1784780 875
1784790 874
1784800 873
1784810 873
1784820 872
1784830 872
1784840 872
1784850 872
1784860 872
1784870 871
1784880 871
1784890 871
1784900 870
1784910 870
1784920 869
1784930 868
1784940 867
1784950 867
1784960 866
1784970 865
1784980 864
1784990 863
1785000 862
1785010 861
1785020 860
1785030 859
1785040 858
1785050 857
1785060 857
1785070 856
1785080 856
1785090 855
1785100 855
1785110 855
1785120 854
1785130 854
1785140 853
1785150 853
1785160 852
1785170 851
1785180 850
1785190 850
1785200 849
1785210 848
1785220 847
1785230 846
1785240 845
1785250 844
1785260 844
1785270 843
1785280 842
1785290 842
1785300 841
1785310 840
1785320 839
1785330 838
1785340 837
1785350 836
1785360 835
1785370 834
1785380 833
1785390 832
1785400 831
1785410 830
1785420 829
1785430 828
1785440 827
1785450 826
1785460 826
1785470 825
1785480 824
1785490 822
1785500 821
1785510 820
1785520 819
1785530 818
1785540 818
1785550 817
1785560 816
1785570 815
1785580 814
1785590 814
1785600 813
1785610 811
1785620 810
1785630 809
1785640 808
1785650 807
1785660 806
1785670 805
1785680 804
1785690 803
1785700 802
1785710 800
1785720 799
1785730 798
1785740 797
1785750 796
1785760 795
1785770 794
1785780 793
1785790 792
1785800 792
1785810 791
1785820 789
1785830 788
1785840 787
1785850 787
1785860 785
1785870 784
1785880 783
1785890 782
1785900 782
1785910 782
1785920 782
1785930 781
1785940 781
1785950 781
1785960 781
1785970 781
1785980 781
1785990 781
1786000 781
1786010 781
1786020 781
1786030 780
1786040 780
1786050 780
1786060 780
1786070 779
1786080 778
1786090 777
1786100 776
1786110 775
1786120 774
1786130 772
1786140 771
1786150 769
1786160 768
1786170 766
1786180 765
1786190 763
1786200 762
1786210 761
1786220 760
1786230 759
1786240 758
1786250 757
1786260 756
1786270 755
1786280 753
1786290 752
1786300 751
1786310 750
1786320 749
1786330 748
1786340 747
1786350 746
1786360 744
1786370 743
1786380 742
1786390 740
1786400 739
1786410 738
1786420 736
1786430 735
1786440 734
1786450 733
1786460 732
1786470 731
1786480 730
1786490 728
1786500 727
1786510 726
1786520 725
1786530 724
1786540 723
1786550 721
1786560 720
1786570 718
1786580 717
1786590 715
1786600 713
1786610 711
1786620 709
1786630 707
1786640 705
1786650 704
1786660 702
1786670 699
1786680 696
1786690 694
1786700 693
1786710 691
1786720 689
1786730 687
1786740 686
1786750 684
1786760 683
1786770 681
1786780 680
1786790 678
1786800 677
1786810 676
1786820 674
1786830 672
1786840 671
1786850 669
1786860 667
1786870 665
1786880 663
1786890 661
1786900 659
1786910 658
1786920 656
1786930 654
1786940 653
1786950 651
1786960 650
1786970 648
1786980 647
1786990 646
1787000 645
1787010 644
1787020 642
1787030 641
1787040 640
1787050 639
1787060 638
1787070 637
1787080 635
1787090 633
1787100 632
1787110 631
1787120 630
1787130 630
1787140 630
1787150 630
1787160 630
1787170 631
1787180 632
1787190 634
1787200 636
1787210 638
1787220 639
1787230 640
1787240 641
1787250 641
1787260 642
1787270 642
1787280 642
1787290 643
1787300 647
1787310 649
1787320 651
1787330 652
1787340 653
1787350 654
1787360 655
1787370 656
1787380 658
1787390 659
1787400 660
1787410 661
1787420 661
1787430 661
1787440 661
1787450 662
1787460 662
1787470 663
1787480 664
1787490 666
1787500 667
1787510 668
1787520 668
1787530 669
1787540 670
1787550 670
1787560 669
1787570 669
1787580 669
1787590 669
1787600 670
1787610 670
1787620 670
1787630 670
1787640 671
1787650 671
1787660 672
1787670 672
1787680 673
1787690 674
1787700 675
1787710 676
1787720 677
1787730 678
1787740 680
1787750 681
1787760 684
1787770 685
1787780 686
1787790 687
1787800 688
1787810 689
1787820 691
1787830 693
1787840 694
1787850 695
1787860 695
1787870 695
1787880 696
1787890 696
1787900 696
1787910 697
1787920 696
1787930 696
1787940 696
1787950 696
1787960 696
1787970 696
1787980 697
1787990 697
1788000 698
1788010 698
1788020 699
1788030 700
1788040 701
1788050 702
1788060 703
1788070 705
1788080 706
1788090 707
1788100 708
1788110 709
1788120 710
1788130 710
1788140 711
1788150 711
1788160 712
1788170 713
1788180 714
1788190 714
1788200 715
1788210 715
1788220 715
1788230 715
1788240 715
1788250 715
1788260 715
1788270 715
1788280 714
1788290 714
1788300 713
1788310 713
1788320 712
1788330 711
1788340 711
1788350 710
1788360 709
1788370 708
1788380 708
1788390 707
1788400 706
1788410 705
1788420 703
1788430 702
1788440 700
1788450 699
1788460 697
1788470 696
1788480 694
1788490 692
1788500 690
1788510 687
1788520 683
1788530 678
1788540 674
1788550 670
1788560 667
1788570 665
1788580 663
1788590 661
1788600 660
1788610 658
1788620 655
1788630 651
1788640 647
1788650 647
1788660 649
1788670 652
1788680 654
1788690 656
1788700 658
1788710 661
1788720 664
1788730 666
1788740 669
1788750 671
1788760 673
1788770 675
1788780 677
1788790 679
1788800 681
1788810 683
1788820 685
1788830 687
1788840 689
1788850 691
1788860 693
1788870 694
1788880 695
1788890 695
1788900 694
1788910 693
1788920 693
1788930 692
1788940 690
1788950 689
1788960 687
1788970 686
1788980 684
1788990 682
1789000 681
1789010 679
1789020 678
1789030 677
1789040 676
1789050 675
1789060 674
1789070 674
1789080 673
1789090 673
1789100 672
1789110 671
1789120 670
1789130 669
1789140 668
1789150 667
1789160 666
1789170 664
1789180 663
1789190 661
1789200 659
1789210 658
1789220 656
1789230 655
1789240 654
1789250 652
1789260 651
1789270 649
1789280 647
1789290 644
1789300 641
1789310 638
1789320 635
1789330 633
1789340 632
1789350 631
1789360 633
1789370 634
1789380 635
1789390 635
1789400 634
1789410 633
1789420 631
1789430 630
1789440 628
1789450 627
1789460 625
1789470 624
1789480 623
1789490 622
1789500 620
1789510 619
1789520 621
1789530 624
1789540 625
1789550 626
1789560 627
1789570 628
1789580 628
1789590 628
1789600 627
1789610 625
1789620 623
1789630 620
1789640 618
1789650 616
1789660 614
1789670 611
1789680 609
1789690 607
1789700 605
1789710 602
1789720 600
1789730 598
1789740 596
1789750 593
1789760 591
1789770 589
1789780 588
1789790 586
1789800 585
1789810 584
1789820 582
1789830 581
1789840 579
1789850 577
1789860 576
1789870 574
1789880 572
1789890 571
1789900 569
1789910 567
1789920 565
1789930 563
1789940 561
1789950 559
1789960 557
1789970 555
1789980 554
1789990 552
1790000 550
1790010 548
1790020 547
1790030 545
1790040 544
1790050 543
1790060 542
1790070 541
1790080 539
1790090 538
1790100 536
1790110 534
1790120 533
1790130 531
1790140 529
1790150 528
1790160 529
1790170 529
1790180 530
1790190 530
1790200 530
1790210 530
1790220 529
1790230 531
1790240 532
1790250 534
1790260 536
1790270 538
1790280 539
1790290 539
1790300 540
1790310 541
1790320 541
1790330 542
1790340 543
1790350 544
1790360 544
1790370 545
1790380 546
1790390 547
1790400 548
1790410 549
1790420 550
1790430 551
1790440 552
1790450 553
1790460 553
1790470 554
1790480 555
1790490 556
1790500 556
1790510 557
1790520 557
1790530 558
1790540 558
1790550 559
1790560 559
1790570 560
1790580 560
1790590 560
1790600 561
1790610 561
1790620 562
1790630 562
1790640 562
1790650 562
1790660 561
1790670 560
1790680 558
1790690 557
1790700 555
1790710 554
1790720 552
1790730 550
1790740 549
1790750 548
1790760 546
1790770 544
1790780 543
1790790 545
1790800 549
1790810 552
1790820 554
1790830 555
1790840 557
1790850 559
1790860 560
1790870 562
1790880 563
1790890 565
1790900 566
1790910 567
1790920 567
1790930 568
1790940 568
1790950 568
1790960 567
1790970 567
1790980 567
1790990 566
1791000 566
1791010 565
1791020 565
1791030 564
1791040 563
1791050 562
1791060 561
1791070 559
1791080 558
1791090 556
1791100 555
1791110 553
1791120 552
1791130 550
1791140 549
1791150 547
1791160 546
1791170 544
1791180 542
1791190 541
1791200 539
1791210 536
1791220 534
1791230 532
1791240 529
1791250 527
1791260 525
1791270 523
1791280 521
1791290 518
1791300 516
1791310 514
1791320 512
1791330 511
1791340 510
1791350 508
1791360 507
1791370 506
1791380 505
1791390 504
1791400 504
1791410 503
1791420 501
1791430 500
1791440 498
1791450 497
1791460 494
1791470 491
1791480 487
1791490 484
1791500 482
1791510 481
1791520 480
1791530 479
1791540 478
1791550 478
1791560 478
1791570 478
1791580 478
1791590 477
1791600 477
1791610 477
1791620 476
1791630 476
1791640 476
1791650 476
1791660 476
1791670 476
1791680 476
1791690 477
1791700 477
1791710 477
1791720 476
1791730 476
1791740 475
1791750 473
1791760 472
1791770 473
1791780 473
1791790 474
1791800 474
1791810 474
1791820 474
1791830 474
1791840 474
1791850 474
1791860 474
1791870 475
1791880 475
1791890 475
1791900 475
1791910 475
1791920 475
1791930 475
1791940 475
1791950 475
1791960 475
1791970 475
1791980 475
1791990 475
1792000 475
1792010 475
1792020 475
1792030 475
1792040 475
1792050 475
1792060 475
1792070 475
1792080 475
1792090 475
1792100 475
1792110 475
1792120 475
1792130 475
1792140 475
1792150 475
1792160 475
1792170 475
1792180 475
1792190 475
1792200 474
1792210 474
1792220 473
1792230 473
1792240 473
1792250 473
1792260 473
1792270 474
1792280 477
1792290 480
1792300 484
1792310 489
1792320 493
1792330 498
1792340 502
1792350 506
1792360 510
1792370 513
1792380 516
1792390 519
1792400 521
1792410 525
1792420 529
1792430 532
1792440 536
1792450 539
1792460 541
1792470 544
1792480 546
1792490 547
1792500 549
1792510 551
1792520 554
1792530 556
1792540 558
1792550 559
1792560 560
1792570 560
1792580 560
1792590 560
1792600 559
1792610 559
1792620 559
1792630 558
1792640 558
1792650 558
1792660 557
1792670 557
1792680 557
1792690 556
1792700 556
1792710 555
1792720 555
1792730 554
1792740 553
1792750 552
1792760 552
1792770 551
1792780 551
1792790 550
1792800 550
1792810 550
1792820 548
1792830 547
1792840 548
1792850 549
1792860 552
1792870 555
1792880 558
1792890 561
1792900 564
1792910 566
1792920 567
1792930 568
1792940 569
1792950 569
1792960 569
1792970 569
1792980 568
1792990 566
1793000 565
1793010 564
1793020 563
1793030 563
1793040 563
1793050 562
1793060 560
1793070 558
1793080 555
1793090 554
1793100 552
1793110 551
1793120 550
1793130 549
1793140 548
1793150 547
1793160 546
1793170 545
1793180 544
1793190 543
1793200 541
1793210 540
1793220 538
1793230 536
1793240 533
1793250 528
1793260 524
1793270 520
1793280 520
1793290 521
1793300 523
1793310 526
1793320 528
1793330 530
1793340 530
1793350 529
1793360 528
1793370 527
1793380 526
1793390 525
1793400 524
1793410 523
1793420 521
1793430 520
1793440 518
1793450 515
1793460 514
1793470 514
1793480 515
1793490 517
1793500 519
1793510 520
1793520 521
1793530 521
1793540 522
1793550 521
1793560 521
1793570 521
1793580 521
1793590 522
1793600 522
1793610 523
1793620 523
1793630 525
1793640 526
1793650 528
1793660 530
1793670 531
1793680 532
1793690 533
1793700 533
1793710 534
1793720 535
1793730 537
1793740 538
1793750 539
1793760 539
1793770 540
1793780 541
1793790 542
1793800 542
1793810 542
1793820 543
1793830 542
1793840 541
1793850 540
1793860 539
1793870 541
1793880 545
1793890 549
1793900 552
1793910 554
1793920 555
1793930 556
1793940 559
1793950 561
1793960 562
1793970 563
1793980 565
1793990 567
1794000 568
1794010 570
1794020 571
1794030 573
1794040 575
1794050 577
1794060 579
1794070 580
1794080 582
1794090 583
1794100 584
1794110 586
1794120 587
1794130 589
1794140 590
1794150 591
1794160 593
1794170 594
1794180 596
1794190 597
1794200 599
1794210 601
1794220 604
1794230 606
1794240 609
1794250 612
1794260 614
1794270 616
1794280 617
1794290 619
1794300 620
1794310 621
1794320 622
1794330 622
1794340 621
1794350 619
1794360 617
1794370 616
1794380 614
1794390 612
1794400 609
1794410 606
1794420 602
1794430 599
1794440 595
1794450 594
1794460 595
1794470 598
1794480 601
1794490 604
1794500 606
1794510 610
1794520 614
1794530 618
1794540 621
1794550 624
1794560 627
1794570 630
1794580 632
1794590 635
1794600 639
1794610 643
1794620 646
1794630 647
1794640 648
1794650 649
1794660 649
1794670 649
1794680 649
1794690 651
1794700 653
1794710 655
1794720 656
1794730 658
1794740 660
1794750 663
1794760 665
1794770 667
1794780 669
1794790 671
1794800 673
1794810 674
1794820 676
1794830 678
1794840 679
1794850 681
1794860 682
1794870 684
1794880 686
1794890 687
1794900 689
1794910 690
1794920 691
1794930 693
1794940 694
1794950 695
1794960 697
1794970 698
1794980 699
1794990 701
1795000 702
1795010 703
1795020 704
1795030 705
1795040 707
1795050 708
1795060 709
1795070 710
1795080 711
1795090 712
1795100 714
1795110 715
1795120 716
1795130 717
1795140 718
1795150 719
1795160 721
1795170 722
1795180 723
1795190 724
1795200 725
1795210 726
1795220 727
1795230 728
1795240 729
1795250 730
1795260 731
1795270 731
1795280 732
1795290 733
1795300 734
1795310 735
1795320 736
1795330 736
1795340 737
1795350 738
1795360 739
1795370 740
1795380 741
1795390 742
1795400 743
1795410 743
1795420 744
1795430 745
1795440 745
1795450 746
1795460 746
1795470 747
1795480 747
1795490 748
1795500 748
1795510 748
1795520 749
1795530 749
1795540 750
1795550 750
1795560 750
1795570 751
1795580 751
1795590 751
1795600 751
1795610 752
1795620 752
1795630 752
1795640 752
1795650 753
1795660 753
1795670 753
1795680 753
1795690 753
1795700 753
1795710 754
1795720 754
1795730 754
1795740 754
1795750 754
1795760 754
1795770 755
1795780 755
1795790 755
1795800 754
1795810 754
1795820 754
1795830 754
1795840 753
1795850 753
1795860 752
1795870 751
1795880 751
1795890 750
1795900 749
1795910 748
1795920 747
1795930 747
1795940 746
1795950 745
1795960 744
1795970 743
1795980 742
1795990 741
1796000 740
1796010 740
1796020 739
1796030 738
1796040 737
1796050 736
1796060 735
1796070 734
1796080 733
1796090 732
1796100 731
1796110 731
1796120 730
1796130 729
1796140 728
1796150 728
1796160 727
1796170 726
1796180 725
1796190 724
1796200 724
1796210 723
1796220 722
1796230 721
1796240 719
1796250 718
1796260 717
1796270 715
1796280 714
1796290 712
1796300 711
1796310 709
1796320 707
1796330 705
1796340 703
1796350 701
1796360 699
1796370 697
1796380 694
1796390 692
1796400 690
1796410 688
1796420 686
1796430 684
1796440 682
1796450 679
1796460 677
1796470 674
1796480 672
1796490 670
1796500 668
1796510 665
1796520 663
1796530 660
1796540 657
1796550 654
1796560 651
1796570 648
1796580 646
1796590 644
1796600 642
1796610 639
1796620 637
1796630 635
1796640 633
1796650 631
1796660 629
1796670 627
1796680 625
1796690 623
1796700 621
1796710 619
1796720 616
1796730 615
1796740 613
1796750 611
1796760 610
1796770 608
1796780 606
1796790 604
1796800 602
1796810 599
1796820 597
1796830 595
1796840 593
1796850 591
1796860 589
1796870 587
1796880 585
1796890 584
1796900 582
1796910 581
1796920 578
1796930 576
1796940 572
1796950 569
1796960 565
1796970 561
1796980 558
1796990 557
1797000 556
1797010 556
1797020 556
1797030 555
1797040 554
1797050 553
1797060 553
1797070 554
1797080 555
1797090 557
1797100 558
1797110 559
1797120 560
1797130 561
1797140 562
1797150 564
1797160 567
1797170 571
1797180 575
1797190 579
1797200 583
1797210 586
1797220 588
1797230 590
1797240 592
1797250 595
1797260 598
1797270 601
1797280 603
1797290 605
1797300 607
1797310 608
1797320 611
1797330 613
1797340 616
1797350 618
1797360 620
1797370 622
1797380 624
1797390 626
1797400 628
1797410 630
1797420 632
1797430 635
1797440 637
1797450 640
1797460 642
1797470 644
1797480 647
1797490 649
1797500 651
1797510 654
1797520 656
1797530 658
1797540 660
1797550 663
1797560 666
1797570 668
1797580 670
1797590 672
1797600 674
1797610 676
1797620 678
1797630 680
1797640 683
1797650 685
1797660 686
1797670 688
1797680 690
1797690 692
1797700 694
1797710 696
1797720 698
1797730 699
1797740 701
1797750 702
1797760 704
1797770 706
1797780 707
1797790 709
1797800 711
1797810 712
1797820 713
1797830 714
1797840 716
1797850 717
1797860 718
1797870 720
1797880 721
1797890 722
1797900 723
1797910 725
1797920 726
1797930 727
1797940 728
1797950 730
1797960 731
1797970 732
1797980 733
1797990 734
1798000 735
1798010 736
1798020 736
1798030 737
1798040 737
1798050 738
1798060 738
1798070 739
1798080 739
1798090 740
1798100 740
1798110 741
1798120 741
1798130 742
1798140 743
1798150 744
1798160 745
1798170 745
1798180 746
1798190 747
1798200 747
1798210 747
1798220 748
1798230 748
1798240 748
1798250 748
1798260 748
1798270 747
1798280 747
1798290 747
1798300 746
1798310 746
1798320 745
1798330 745
1798340 745
1798350 745
1798360 744
1798370 744
1798380 744
1798390 743
1798400 743
1798410 742
1798420 741
1798430 741
1798440 740
1798450 740
1798460 739
1798470 738
1798480 738
1798490 737
1798500 737
1798510 736
1798520 736
1798530 736
1798540 735
1798550 736
1798560 737
1798570 738
1798580 739
1798590 740
1798600 740
1798610 741
1798620 741
1798630 741
1798640 741
1798650 741
1798660 741
1798670 743
1798680 745
1798690 747
1798700 748
1798710 750
1798720 751
1798730 753
1798740 755
1798750 757
1798760 758
1798770 760
1798780 762
1798790 763
1798800 765
1798810 766
1798820 768
1798830 769
1798840 770
1798850 771
1798860 772
1798870 774
1798880 775
1798890 776
1798900 777
1798910 778
1798920 779
1798930 780
1798940 782
1798950 783
1798960 785
1798970 786
1798980 787
1798990 789
1799000 790
1799010 792
1799020 793
1799030 793
1799040 793
1799050 794
1799060 794
1799070 794
1799080 793
1799090 792
1799100 792
1799110 791
1799120 790
1799130 789
1799140 788
1799150 786
1799160 785
1799170 784
1799180 784
1799190 783
1799200 783
1799210 783
1799220 783
1799230 783
1799240 783
1799250 784
1799260 784
1799270 784
1799280 783
1799290 783
1799300 782
1799310 782
1799320 782
1799330 782
1799340 782
1799350 782
1799360 782
1799370 782
1799380 783
1799390 784
1799400 785
1799410 786
1799420 787
1799430 788
1799440 789
1799450 790
1799460 791
1799470 792
1799480 793
1799490 794
1799500 795
1799510 797
1799520 798
1799530 799
1799540 801
1799550 802
1799560 804
1799570 805
1799580 807
1799590 809
1799600 811
1799610 813
1799620 815
1799630 816
1799640 817
1799650 817
1799660 818
1799670 818
1799680 819
1799690 820
1799700 822
1799710 823
1799720 824
1799730 825
1799740 826
1799750 828
1799760 829
1799770 830
1799780 831
1799790 832
1799800 833
1799810 833
1799820 834
1799830 834
1799840 835
1799850 835
1799860 836
1799870 836
1799880 836
1799890 835
1799900 835
1799910 835
1799920 834
1799930 834
1799940 834
1799950 833
1799960 833
1799970 833
1799980 833
1799990 832
