1780000 1310
1780010 1310
1780020 1311
1780030 1311
1780040 1312
1780050 1312
1780060 1312
1780070 1312
1780080 1313
1780090 1313
1780100 1314
1780110 1314
1780120 1314
1780130 1314
1780140 1315
1780150 1315
1780160 1315
1780170 1315
1780180 1316
1780190 1316
1780200 1316
1780210 1317
1780220 1317
1780230 1317
1780240 1317
1780250 1317
1780260 1317
1780270 1317
1780280 1318
1780290 1317
1780300 1317
1780310 1317
1780320 1317
1780330 1318
1780340 1318
1780350 1318
1780360 1317
1780370 1317
1780380 1317
1780390 1316
1780400 1316
1780410 1316
1780420 1316
1780430 1316
1780440 1316
1780450 1316
1780460 1316
1780470 1316
1780480 1315
1780490 1315
1780500 1315
1780510 1314
1780520 1314
1780530 1314
1780540 1314
1780550 1314
1780560 1314
1780570 1314
1780580 1314
1780590 1315
1780600 1315
1780610 1315
1780620 1315
1780630 1315
1780640 1315
1780650 1315
1780660 1315
1780670 1315
1780680 1315
1780690 1315
1780700 1315
1780710 1314
1780720 1314
1780730 1314
1780740 1314
1780750 1313
1780760 1312
1780770 1312
1780780 1311
1780790 1310
1780800 1309
1780810 1307
1780820 1306
1780830 1305
1780840 1304
1780850 1303
1780860 1301
1780870 1300
1780880 1298
1780890 1297
1780900 1296
1780910 1294
1780920 1293
1780930 1291
1780940 1289
1780950 1287
1780960 1286
1780970 1284
1780980 1283
1780990 1281
1781000 1280
1781010 1278
1781020 1276
1781030 1274
1781040 1271
1781050 1268
1781060 1265
1781070 1262
1781080 1260
1781090 1258
1781100 1255
1781110 1253
1781120 1251
1781130 1249
1781140 1246
1781150 1244
1781160 1242
1781170 1240
1781180 1238
1781190 1236
1781200 1235
1781210 1233
1781220 1231
1781230 1229
1781240 1227
1781250 1225
1781260 1223
1781270 1221
1781280 1220
1781290 1218
1781300 1216
1781310 1213
1781320 1211
1781330 1208
1781340 1205
1781350 1202
1781360 1199
1781370 1196
1781380 1194
1781390 1191
1781400 1189
1781410 1187
1781420 1185
1781430 1183
1781440 1181
1781450 1180
1781460 1178
1781470 1177
1781480 1175
1781490 1173
1781500 1171
1781510 1169
1781520 1167
1781530 1164
1781540 1162
1781550 1160
1781560 1158
1781570 1156
1781580 1154
1781590 1152
1781600 1151
1781610 1149
1781620 1147
1781630 1146
1781640 1145
1781650 1144
1781660 1142
1781670 1140
1781680 1138
1781690 1136
1781700 1135
1781710 1133
1781720 1130
1781730 1128
1781740 1126
1781750 1124
1781760 1123
1781770 1121
1781780 1119
1781790 1117
1781800 1115
1781810 1113
1781820 1111
1781830 1110
1781840 1108
1781850 1106
1781860 1105
1781870 1104
1781880 1103
1781890 1102
1781900 1100
1781910 1098
1781920 1097
1781930 1096
1781940 1094
1781950 1092
1781960 1090
1781970 1088
1781980 1086
1781990 1084
1782000 1082
1782010 1080
1782020 1077
1782030 1075
1782040 1073
1782050 1071
1782060 1069
1782070 1067
1782080 1065
1782090 1064
1782100 1062
1782110 1060
1782120 1059
1782130 1057
1782140 1056
1782150 1054
1782160 1053
1782170 1052
1782180 1051
1782190 1049
1782200 1048
1782210 1046
1782220 1045
1782230 1043
1782240 1042
1782250 1041
1782260 1040
1782270 1038
1782280 1037
1782290 1036
1782300 1034
1782310 1033
1782320 1031
1782330 1030
1782340 1028
1782350 1027
1782360 1025
1782370 1023
1782380 1021
1782390 1019
1782400 1016
1782410 1014
1782420 1012
1782430 1010
1782440 1009
1782450 1008
1782460 1006
1782470 1005
1782480 1003
1782490 1002
1782500 1001
1782510 999
1782520 997
1782530 995
1782540 994
1782550 992
1782560 991
1782570 989
1782580 988
1782590 987
1782600 985
1782610 984
1782620 982
1782630 981
1782640 979
1782650 977
1782660 976
1782670 974
1782680 973
1782690 971
1782700 969
1782710 967
1782720 966
1782730 964
1782740 963
1782750 961
1782760 959
1782770 958
1782780 956
1782790 955
1782800 954
1782810 952
1782820 950
1782830 949
1782840 948
1782850 947
1782860 946
1782870 944
1782880 943
1782890 941
1782900 939
1782910 937
1782920 935
1782930 932
1782940 930
1782950 928
1782960 926
1782970 924
1782980 921
1782990 919
1783000 917
1783010 915
1783020 912
1783030 909
1783040 906
1783050 904
1783060 901
1783070 899
1783080 897
1783090 894
1783100 892
1783110 890
1783120 888
1783130 886
1783140 883
1783150 881
1783160 877
1783170 875
1783180 874
1783190 873
1783200 871
1783210 869
1783220 868
1783230 868
1783240 869
1783250 870
1783260 870
1783270 870
1783280 870
1783290 869
1783300 869
1783310 868
1783320 867
1783330 867
1783340 866
1783350 866
1783360 865
1783370 865
1783380 865
1783390 865
1783400 864
1783410 864
1783420 863
1783430 863
1783440 862
1783450 862
1783460 861
1783470 861
1783480 860
1783490 859
1783500 859
1783510 858
1783520 857
1783530 856
1783540 855
1783550 854
1783560 854
1783570 853
1783580 852
1783590 851
1783600 850
1783610 849
1783620 848
1783630 846
1783640 843
1783650 841
1783660 840
1783670 840
1783680 840
1783690 840
1783700 840
1783710 841
1783720 841
1783730 841
1783740 842
1783750 842
1783760 842
1783770 843
1783780 844
1783790 845
1783800 846
1783810 848
1783820 850
1783830 852
1783840 854
1783850 856
1783860 858
1783870 860
1783880 861
1783890 863
1783900 865
1783910 866
1783920 867
1783930 867
1783940 867
1783950 867
1783960 867
1783970 866
1783980 866
1783990 866
1784000 866
1784010 866
1784020 866
1784030 866
1784040 866
1784050 866
1784060 865
1784070 865
1784080 865
1784090 865
1784100 865
1784110 865
1784120 865
1784130 865
1784140 865
1784150 865
1784160 865
1784170 865
1784180 865
1784190 865
1784200 865
1784210 865
1784220 865
1784230 864
1784240 863
1784250 863
1784260 862
1784270 862
1784280 861
1784290 860
1784300 859
1784310 859
1784320 858
1784330 858
1784340 858
1784350 857
1784360 857
1784370 856
1784380 856
1784390 855
1784400 854
1784410 854
1784420 853
1784430 852
1784440 851
1784450 850
1784460 850
1784470 849
1784480 849
1784490 848
1784500 848
1784510 847
1784520 847
1784530 847
1784540 846
1784550 846
1784560 845
1784570 845
1784580 844
1784590 844
1784600 843
1784610 843
1784620 843
1784630 842
1784640 842
1784650 841
1784660 841
1784670 840
1784680 839
1784690 838
1784700 837
1784710 836
1784720 835
1784730 835
1784740 834
1784750 833
1784760 833
1784770 833
1784780 833
1784790 833
1784800 833
1784810 834
1784820 834
1784830 833
1784840 831
1784850 830
1784860 828
1784870 827
1784880 826
1784890 824
1784900 822
1784910 821
1784920 819
1784930 817
1784940 816
1784950 815
1784960 814
1784970 813
1784980 812
1784990 811
1785000 810
1785010 808
1785020 807
1785030 806
1785040 804
1785050 801
1785060 799
1785070 797
1785080 795
1785090 793
1785100 791
1785110 789
1785120 787
1785130 785
1785140 784
1785150 783
1785160 782
1785170 781
1785180 780
1785190 779
1785200 778
1785210 778
1785220 777
1785230 777
1785240 776
1785250 776
1785260 776
1785270 775
1785280 775
1785290 774
1785300 773
1785310 772
1785320 772
1785330 771
1785340 770
1785350 769
1785360 768
1785370 767
1785380 765
1785390 764
1785400 763
1785410 761
1785420 759
1785430 757
1785440 755
1785450 752
1785460 749
1785470 747
1785480 745
1785490 744
1785500 743
1785510 743
1785520 742
1785530 742
1785540 742
1785550 742
1785560 742
1785570 742
1785580 742
1785590 742
1785600 742
1785610 741
1785620 741
1785630 740
1785640 739
1785650 738
1785660 738
1785670 738
1785680 738
1785690 737
1785700 736
1785710 735
1785720 734
1785730 732
1785740 731
1785750 729
1785760 727
1785770 725
1785780 722
1785790 720
1785800 719
1785810 717
1785820 716
1785830 715
1785840 714
1785850 712
1785860 711
1785870 709
1785880 707
1785890 705
1785900 702
1785910 698
1785920 694
1785930 691
1785940 688
1785950 686
1785960 685
1785970 684
1785980 684
1785990 685
1786000 686
1786010 687
1786020 689
1786030 690
1786040 692
1786050 693
1786060 694
1786070 695
1786080 695
1786090 696
1786100 697
1786110 697
1786120 697
1786130 696
1786140 696
1786150 697
1786160 697
1786170 698
1786180 698
1786190 699
1786200 700
1786210 701
1786220 701
1786230 702
1786240 704
1786250 705
1786260 707
1786270 709
1786280 710
1786290 711
1786300 713
1786310 715
1786320 718
1786330 719
1786340 720
1786350 722
1786360 725
1786370 727
1786380 730
1786390 731
1786400 733
1786410 734
1786420 735
1786430 735
1786440 735
1786450 735
1786460 736
1786470 736
1786480 736
1786490 737
1786500 737
1786510 738
1786520 738
1786530 739
1786540 740
1786550 740
1786560 740
1786570 741
1786580 741
1786590 742
1786600 743
1786610 743
1786620 744
1786630 744
1786640 745
1786650 745
1786660 746
1786670 746
1786680 746
1786690 746
1786700 746
1786710 747
1786720 747
1786730 747
1786740 747
1786750 748
1786760 748
1786770 749
1786780 750
1786790 751
1786800 752
1786810 753
1786820 753
1786830 754
1786840 755
1786850 755
1786860 756
1786870 757
1786880 757
1786890 758
1786900 758
1786910 759
1786920 760
1786930 760
1786940 761
1786950 761
1786960 762
1786970 763
1786980 763
1786990 764
1787000 765
1787010 766
1787020 767
1787030 767
1787040 768
1787050 769
1787060 770
1787070 771
1787080 772
1787090 773
1787100 774
1787110 775
1787120 776
1787130 777
1787140 778
1787150 779
1787160 779
1787170 780
1787180 780
1787190 781
1787200 782
1787210 782
1787220 782
1787230 783
1787240 783
1787250 783
1787260 782
1787270 781
1787280 780
1787290 779
1787300 778
1787310 777
1787320 777
1787330 776
1787340 776
1787350 775
1787360 774
1787370 774
1787380 772
1787390 771
1787400 770
1787410 769
1787420 768
1787430 767
1787440 766
1787450 765
1787460 764
1787470 763
1787480 761
1787490 760
1787500 759
1787510 757
1787520 756
1787530 754
1787540 753
1787550 751
1787560 750
1787570 749
1787580 747
1787590 746
1787600 744
1787610 743
1787620 741
1787630 740
1787640 739
1787650 738
1787660 737
1787670 736
1787680 735
1787690 734
1787700 733
1787710 732
1787720 730
1787730 729
1787740 728
1787750 727
1787760 726
1787770 725
1787780 724
1787790 722
1787800 721
1787810 720
1787820 719
1787830 717
1787840 716
1787850 716
1787860 715
1787870 713
1787880 712
1787890 711
1787900 711
1787910 710
1787920 710
1787930 709
1787940 708
1787950 707
1787960 707
1787970 708
1787980 709
1787990 710
1788000 710
1788010 711
1788020 712
1788030 712
1788040 713
1788050 713
1788060 714
1788070 714
1788080 715
1788090 716
1788100 717
1788110 717
1788120 717
1788130 717
1788140 717
1788150 716
1788160 716
1788170 716
1788180 715
1788190 714
1788200 712
1788210 710
1788220 709
1788230 708
1788240 708
1788250 708
1788260 709
1788270 711
1788280 712
1788290 714
1788300 714
1788310 714
1788320 715
1788330 715
1788340 716
1788350 716
1788360 716
1788370 716
1788380 717
1788390 717
1788400 717
1788410 717
1788420 717
1788430 717
1788440 717
1788450 717
1788460 717
1788470 716
1788480 716
1788490 716
1788500 716
1788510 715
1788520 715
1788530 715
1788540 715
1788550 715
1788560 714
1788570 714
1788580 714
1788590 714
1788600 714
1788610 714
1788620 713
1788630 713
1788640 713
1788650 713
1788660 712
1788670 711
1788680 710
1788690 709
1788700 709
1788710 708
1788720 707
1788730 706
1788740 705
1788750 704
1788760 703
1788770 701
1788780 700
1788790 699
1788800 697
1788810 696
1788820 694
1788830 692
1788840 691
1788850 689
1788860 687
1788870 685
1788880 684
1788890 682
1788900 680
1788910 678
1788920 677
1788930 675
1788940 673
1788950 671
1788960 669
1788970 667
1788980 666
1788990 664
1789000 662
1789010 661
1789020 659
1789030 658
1789040 656
1789050 654
1789060 652
1789070 650
1789080 648
1789090 645
1789100 642
1789110 639
1789120 637
1789130 636
1789140 636
1789150 636
1789160 635
1789170 634
1789180 633
1789190 633
1789200 634
1789210 634
1789220 634
1789230 633
1789240 633
1789250 632
1789260 633
1789270 633
1789280 632
1789290 632
1789300 631
1789310 631
1789320 631
1789330 631
1789340 632
1789350 632
1789360 633
1789370 633
1789380 634
1789390 635
1789400 635
1789410 636
1789420 636
1789430 636
1789440 636
1789450 636
1789460 636
1789470 635
1789480 635
1789490 635
1789500 634
1789510 634
1789520 633
1789530 632
1789540 632
1789550 631
1789560 631
1789570 630
1789580 630
1789590 630
1789600 630
1789610 630
1789620 629
1789630 630
1789640 630
1789650 630
1789660 630
1789670 630
1789680 631
1789690 631
1789700 632
1789710 632
1789720 633
1789730 633
1789740 634
1789750 634
1789760 635
1789770 635
1789780 635
1789790 635
1789800 636
1789810 636
1789820 636
1789830 637
1789840 638
1789850 638
1789860 639
1789870 640
1789880 641
1789890 643
1789900 644
1789910 645
1789920 646
1789930 647
1789940 648
1789950 649
1789960 649
1789970 649
1789980 649
1789990 648
1790000 648
1790010 647
1790020 646
1790030 646
1790040 645
1790050 644
1790060 643
1790070 642
1790080 641
1790090 639
1790100 637
1790110 635
1790120 634
1790130 633
1790140 632
1790150 631
1790160 630
1790170 629
1790180 627
1790190 626
1790200 625
1790210 623
1790220 622
1790230 620
1790240 619
1790250 617
1790260 616
1790270 615
1790280 613
1790290 612
1790300 610
1790310 609
1790320 608
1790330 606
1790340 605
1790350 604
1790360 603
1790370 602
1790380 601
1790390 599
1790400 598
1790410 596
1790420 594
1790430 593
1790440 592
1790450 592
1790460 590
1790470 589
1790480 588
1790490 587
1790500 586
1790510 585
1790520 584
1790530 583
1790540 582
1790550 581
1790560 580
1790570 580
1790580 579
1790590 578
1790600 577
1790610 576
1790620 574
1790630 573
1790640 572
1790650 571
1790660 570
1790670 568
1790680 566
1790690 566
1790700 566
1790710 565
1790720 565
1790730 564
1790740 564
1790750 563
1790760 563
1790770 563
1790780 563
1790790 563
1790800 562
1790810 561
1790820 561
1790830 560
1790840 559
1790850 558
1790860 557
1790870 556
1790880 556
1790890 555
1790900 554
1790910 554
1790920 552
1790930 551
1790940 549
1790950 547
1790960 547
1790970 546
1790980 545
1790990 544
1791000 543
1791010 541
1791020 541
1791030 541
1791040 541
1791050 540
1791060 539
1791070 538
1791080 537
1791090 536
1791100 536
1791110 535
1791120 533
1791130 532
1791140 531
1791150 530
1791160 528
1791170 527
1791180 527
1791190 526
1791200 525
1791210 525
1791220 524
1791230 523
1791240 522
1791250 521
1791260 521
1791270 520
1791280 519
1791290 519
1791300 518
1791310 518
1791320 517
1791330 517
1791340 516
1791350 515
1791360 515
1791370 514
1791380 513
1791390 513
1791400 512
1791410 511
1791420 511
1791430 510
1791440 510
1791450 510
1791460 509
1791470 509
1791480 508
1791490 508
1791500 507
1791510 507
1791520 506
1791530 506
1791540 505
1791550 505
1791560 505
1791570 504
1791580 504
1791590 502
1791600 501
1791610 500
1791620 499
1791630 498
1791640 497
1791650 495
1791660 494
1791670 493
1791680 491
1791690 490
1791700 489
1791710 488
1791720 488
1791730 487
1791740 486
1791750 485
1791760 484
1791770 483
1791780 482
1791790 481
1791800 481
1791810 480
1791820 480
1791830 479
1791840 479
1791850 478
1791860 477
1791870 475
1791880 473
1791890 472
1791900 471
1791910 470
1791920 469
1791930 468
1791940 466
1791950 465
1791960 465
1791970 464
1791980 464
1791990 464
1792000 464
1792010 464
1792020 463
1792030 463
1792040 462
1792050 461
1792060 462
1792070 463
1792080 464
1792090 464
1792100 464
1792110 465
1792120 466
1792130 466
1792140 465
1792150 464
1792160 464
1792170 464
1792180 464
1792190 463
1792200 463
1792210 463
1792220 464
1792230 464
1792240 464
1792250 465
1792260 465
1792270 465
1792280 465
1792290 465
1792300 465
1792310 465
1792320 465
1792330 465
1792340 465
1792350 465
1792360 465
1792370 465
1792380 465
1792390 465
1792400 465
1792410 465
1792420 465
1792430 465
1792440 465
1792450 466
1792460 468
1792470 469
1792480 471
1792490 473
1792500 476
1792510 478
1792520 479
1792530 481
1792540 483
1792550 484
1792560 486
1792570 488
1792580 491
1792590 494
1792600 496
1792610 499
1792620 502
1792630 505
1792640 507
1792650 510
1792660 512
1792670 515
1792680 517
1792690 520
1792700 522
1792710 525
1792720 527
1792730 530
1792740 533
1792750 536
1792760 539
1792770 542
1792780 544
1792790 546
1792800 548
1792810 550
1792820 552
1792830 554
1792840 555
1792850 557
1792860 559
1792870 561
1792880 562
1792890 564
1792900 565
1792910 565
1792920 564
1792930 563
1792940 562
1792950 561
1792960 559
1792970 557
1792980 555
1792990 553
1793000 552
1793010 550
1793020 548
1793030 547
1793040 545
1793050 543
1793060 540
1793070 538
1793080 537
1793090 536
1793100 536
1793110 534
1793120 533
1793130 532
1793140 531
1793150 530
1793160 529
1793170 529
1793180 528
1793190 528
1793200 527
1793210 526
1793220 526
1793230 525
1793240 524
1793250 523
1793260 522
1793270 522
1793280 522
1793290 521
1793300 521
1793310 520
1793320 520
1793330 520
1793340 520
1793350 522
1793360 524
1793370 527
1793380 529
1793390 530
1793400 531
1793410 532
1793420 534
1793430 536
1793440 536
1793450 537
1793460 538
1793470 539
1793480 539
1793490 539
1793500 540
1793510 544
1793520 548
1793530 552
1793540 554
1793550 556
1793560 558
1793570 558
1793580 558
1793590 556
1793600 554
1793610 554
1793620 555
1793630 558
1793640 562
1793650 566
1793660 569
1793670 572
1793680 574
1793690 576
1793700 577
1793710 579
1793720 580
1793730 582
1793740 584
1793750 586
1793760 588
1793770 590
1793780 592
1793790 594
1793800 596
1793810 598
1793820 600
1793830 603
1793840 605
1793850 609
1793860 613
1793870 616
1793880 618
1793890 620
1793900 621
1793910 621
1793920 621
1793930 622
1793940 626
1793950 630
1793960 633
1793970 636
1793980 637
1793990 639
1794000 641
1794010 642
1794020 644
1794030 645
1794040 647
1794050 650
1794060 652
1794070 654
1794080 657
1794090 659
1794100 660
1794110 661
1794120 661
1794130 662
1794140 662
1794150 662
1794160 663
1794170 663
1794180 664
1794190 664
1794200 665
1794210 666
1794220 667
1794230 668
1794240 669
1794250 669
1794260 669
1794270 669
1794280 670
1794290 670
1794300 670
1794310 670
1794320 670
1794330 670
1794340 671
1794350 672
1794360 673
1794370 674
1794380 676
1794390 677
1794400 679
1794410 681
1794420 683
1794430 685
1794440 687
1794450 689
1794460 692
1794470 694
1794480 697
1794490 700
1794500 702
1794510 705
1794520 707
1794530 710
1794540 711
1794550 712
1794560 713
1794570 712
1794580 712
1794590 711
1794600 711
1794610 710
1794620 710
1794630 710
1794640 710
1794650 710
1794660 710
1794670 710
1794680 710
1794690 710
1794700 711
1794710 711
1794720 711
1794730 711
1794740 711
1794750 711
1794760 712
1794770 713
1794780 713
1794790 714
1794800 715
1794810 716
1794820 717
1794830 719
1794840 720
1794850 722
1794860 724
1794870 726
1794880 728
1794890 730
1794900 732
1794910 734
1794920 737
1794930 739
1794940 741
1794950 743
1794960 745
1794970 746
1794980 748
1794990 750
1795000 753
1795010 755
1795020 757
1795030 760
1795040 762
1795050 764
1795060 766
1795070 769
1795080 770
1795090 772
1795100 774
1795110 776
1795120 779
1795130 781
1795140 784
1795150 786
1795160 789
1795170 791
1795180 793
1795190 794
1795200 796
1795210 796
1795220 796
1795230 794
1795240 791
1795250 788
1795260 784
1795270 781
1795280 778
1795290 774
1795300 771
1795310 767
1795320 764
1795330 761
1795340 758
1795350 756
1795360 753
1795370 750
1795380 748
1795390 745
1795400 743
1795410 740
1795420 738
1795430 735
1795440 733
1795450 731
1795460 728
1795470 726
1795480 723
1795490 720
1795500 717
1795510 714
1795520 711
1795530 709
1795540 707
1795550 705
1795560 704
1795570 703
1795580 703
1795590 702
1795600 702
1795610 700
1795620 699
1795630 697
1795640 694
1795650 692
1795660 690
1795670 687
1795680 685
1795690 682
1795700 678
1795710 675
1795720 672
1795730 670
1795740 668
1795750 666
1795760 664
1795770 663
1795780 661
1795790 659
1795800 657
1795810 654
1795820 652
1795830 650
1795840 648
1795850 646
1795860 644
1795870 642
1795880 640
1795890 638
1795900 636
1795910 636
1795920 637
1795930 639
1795940 640
1795950 641
1795960 643
1795970 644
1795980 645
1795990 646
1796000 647
1796010 648
1796020 649
1796030 650
1796040 651
1796050 651
1796060 652
1796070 652
1796080 653
1796090 653
1796100 654
1796110 655
1796120 655
1796130 656
1796140 657
1796150 657
1796160 656
1796170 656
1796180 656
1796190 656
1796200 656
1796210 657
1796220 658
1796230 659
1796240 660
1796250 662
1796260 663
1796270 665
1796280 666
1796290 667
1796300 668
1796310 668
1796320 668
1796330 668
1796340 667
1796350 667
1796360 666
1796370 664
1796380 663
1796390 662
1796400 661
1796410 660
1796420 659
1796430 658
1796440 656
1796450 655
1796460 654
1796470 652
1796480 651
1796490 649
1796500 648
1796510 646
1796520 644
1796530 642
1796540 640
1796550 638
1796560 636
1796570 634
1796580 632
1796590 631
1796600 629
1796610 627
1796620 625
1796630 623
1796640 622
1796650 620
1796660 618
1796670 615
1796680 613
1796690 611
1796700 609
1796710 607
1796720 604
1796730 602
1796740 600
1796750 598
1796760 596
1796770 594
1796780 593
1796790 591
1796800 590
1796810 588
1796820 586
1796830 582
1796840 579
1796850 575
1796860 571
1796870 566
1796880 560
1796890 555
1796900 551
1796910 547
1796920 543
1796930 540
1796940 538
1796950 537
1796960 536
1796970 536
1796980 536
1796990 535
1797000 535
1797010 536
1797020 540
1797030 544
1797040 546
1797050 547
1797060 549
1797070 550
1797080 552
1797090 555
1797100 557
1797110 560
1797120 563
1797130 566
1797140 570
1797150 574
1797160 578
1797170 582
1797180 586
1797190 589
1797200 593
1797210 596
1797220 600
1797230 603
1797240 606
1797250 608
1797260 610
1797270 612
1797280 614
1797290 615
1797300 617
1797310 619
1797320 620
1797330 622
1797340 624
1797350 626
1797360 627
1797370 627
1797380 627
1797390 627
1797400 628
1797410 628
1797420 629
1797430 630
1797440 632
1797450 634
1797460 636
1797470 637
1797480 638
1797490 638
1797500 638
1797510 638
1797520 636
1797530 633
1797540 631
1797550 630
1797560 628
1797570 626
1797580 625
1797590 624
1797600 623
1797610 622
1797620 621
1797630 620
1797640 620
1797650 620
1797660 620
1797670 620
1797680 620
1797690 621
1797700 621
1797710 622
1797720 623
1797730 623
1797740 624
1797750 625
1797760 627
1797770 629
1797780 632
1797790 634
1797800 636
1797810 639
1797820 641
1797830 643
1797840 645
1797850 645
1797860 644
1797870 643
1797880 641
1797890 641
1797900 640
1797910 640
1797920 640
1797930 639
1797940 639
1797950 639
1797960 638
1797970 637
1797980 636
1797990 634
1798000 632
1798010 633
1798020 636
1798030 639
1798040 641
1798050 643
1798060 646
1798070 648
1798080 650
1798090 652
1798100 654
1798110 656
1798120 658
1798130 660
1798140 662
1798150 664
1798160 666
1798170 669
1798180 671
1798190 674
1798200 677
1798210 680
1798220 683
1798230 686
1798240 690
1798250 693
1798260 697
1798270 700
1798280 703
1798290 707
1798300 710
1798310 713
1798320 715
1798330 718
1798340 721
1798350 723
1798360 725
1798370 727
1798380 728
1798390 730
1798400 731
1798410 733
1798420 735
1798430 735
1798440 734
1798450 732
1798460 729
1798470 727
1798480 725
1798490 723
1798500 721
1798510 720
1798520 718
1798530 717
1798540 716
1798550 715
1798560 713
1798570 713
1798580 712
1798590 711
1798600 709
1798610 708
1798620 705
1798630 703
1798640 700
1798650 697
1798660 694
1798670 691
1798680 688
1798690 684
1798700 682
1798710 683
1798720 685
1798730 687
1798740 689
1798750 691
1798760 693
1798770 693
1798780 692
1798790 691
1798800 689
1798810 688
1798820 686
1798830 685
1798840 683
1798850 682
1798860 681
1798870 679
1798880 677
1798890 676
1798900 674
1798910 673
1798920 671
1798930 671
1798940 671
1798950 670
1798960 669
1798970 668
1798980 667
1798990 666
1799000 665
1799010 663
1799020 660
1799030 659
1799040 660
1799050 662
1799060 664
1799070 666
1799080 668
1799090 670
1799100 673
1799110 675
1799120 678
1799130 681
1799140 684
1799150 686
1799160 689
1799170 692
1799180 694
1799190 696
1799200 697
1799210 698
1799220 699
1799230 699
1799240 698
1799250 697
1799260 695
1799270 694
1799280 693
1799290 692
1799300 691
1799310 690
1799320 689
1799330 688
1799340 688
1799350 687
1799360 686
1799370 685
1799380 685
1799390 684
1799400 684
1799410 683
1799420 682
1799430 681
1799440 680
1799450 680
1799460 681
1799470 681
1799480 682
1799490 683
1799500 683
1799510 684
1799520 685
1799530 686
1799540 686
1799550 688
1799560 689
1799570 690
1799580 691
1799590 693
1799600 695
1799610 698
1799620 700
1799630 703
1799640 705
1799650 708
1799660 710
1799670 713
1799680 715
1799690 717
1799700 719
1799710 720
1799720 721
1799730 722
1799740 724
1799750 725
1799760 726
1799770 727
1799780 729
1799790 730
1799800 731
1799810 732
1799820 734
1799830 735
1799840 736
1799850 737
1799860 738
1799870 740
1799880 741
1799890 743
1799900 745
1799910 746
1799920 748
1799930 750
1799940 751
1799950 753
1799960 755
1799970 758
1799980 760
1799990 763
