1780000 1125
1780010 1127
1780020 1129
1780030 1131
1780040 1133
1780050 1134
1780060 1136
1780070 1138
1780080 1141
1780090 1144
1780100 1146
1780110 1148
1780120 1150
1780130 1151
1780140 1153
1780150 1154
1780160 1156
1780170 1157
1780180 1157
1780190 1158
1780200 1158
1780210 1158
1780220 1159
1780230 1159
1780240 1159
1780250 1159
1780260 1158
1780270 1159
1780280 1159
1780290 1160
1780300 1161
1780310 1161
1780320 1162
1780330 1163
1780340 1163
1780350 1163
1780360 1163
1780370 1163
1780380 1163
1780390 1164
1780400 1164
1780410 1165
1780420 1166
1780430 1166
1780440 1167
1780450 1167
1780460 1167
1780470 1167
1780480 1167
1780490 1168
1780500 1169
1780510 1171
1780520 1173
1780530 1176
1780540 1178
1780550 1179
1780560 1181
1780570 1182
1780580 1183
1780590 1183
1780600 1184
1780610 1185
1780620 1185
1780630 1186
1780640 1186
1780650 1187
1780660 1187
1780670 1187
1780680 1187
1780690 1187
1780700 1187
1780710 1187
1780720 1186
1780730 1186
1780740 1185
1780750 1185
1780760 1184
1780770 1183
1780780 1182
1780790 1181
1780800 1180
1780810 1180
1780820 1180
1780830 1179
1780840 1179
1780850 1179
1780860 1179
1780870 1179
1780880 1178
1780890 1178
1780900 1177
1780910 1176
1780920 1176
1780930 1175
1780940 1175
1780950 1174
1780960 1173
1780970 1172
1780980 1171
1780990 1170
1781000 1169
1781010 1168
1781020 1168
1781030 1168
1781040 1167
1781050 1166
1781060 1165
1781070 1163
1781080 1162
1781090 1161
1781100 1159
1781110 1158
1781120 1157
1781130 1156
1781140 1155
1781150 1154
1781160 1153
1781170 1152
1781180 1151
1781190 1151
1781200 1150
1781210 1149
1781220 1149
1781230 1148
1781240 1147
1781250 1146
1781260 1145
1781270 1145
1781280 1144
1781290 1143
1781300 1142
1781310 1141
1781320 1140
1781330 1139
1781340 1138
1781350 1138
1781360 1137
1781370 1137
1781380 1137
1781390 1137
1781400 1136
1781410 1134
1781420 1132
1781430 1130
1781440 1128
1781450 1127
1781460 1126
1781470 1125
1781480 1123
1781490 1122
1781500 1121
1781510 1120
1781520 1119
1781530 1118
1781540 1117
1781550 1116
1781560 1115
1781570 1114
1781580 1113
1781590 1113
1781600 1112
1781610 1111
1781620 1110
1781630 1109
1781640 1107
1781650 1106
1781660 1105
1781670 1104
1781680 1103
1781690 1101
1781700 1100
1781710 1100
1781720 1099
1781730 1097
1781740 1096
1781750 1095
1781760 1095
1781770 1094
1781780 1093
1781790 1091
1781800 1090
1781810 1088
1781820 1086
1781830 1084
1781840 1082
1781850 1080
1781860 1078
1781870 1077
1781880 1076
1781890 1075
1781900 1074
1781910 1073
1781920 1072
1781930 1071
1781940 1069
1781950 1068
1781960 1067
1781970 1066
1781980 1065
1781990 1064
1782000 1063
1782010 1062
1782020 1060
1782030 1059
1782040 1058
1782050 1058
1782060 1057
1782070 1056
1782080 1055
1782090 1054
1782100 1053
1782110 1051
1782120 1050
1782130 1048
1782140 1047
1782150 1046
1782160 1044
1782170 1043
1782180 1041
1782190 1040
1782200 1038
1782210 1037
1782220 1035
1782230 1033
1782240 1031
1782250 1029
1782260 1028
1782270 1026
1782280 1025
1782290 1024
1782300 1022
1782310 1020
1782320 1018
1782330 1016
1782340 1014
1782350 1012
1782360 1011
1782370 1010
1782380 1009
1782390 1008
1782400 1007
1782410 1006
1782420 1006
1782430 1006
1782440 1005
1782450 1005
1782460 1004
1782470 1002
1782480 1000
1782490 998
1782500 996
1782510 993
1782520 990
1782530 987
1782540 984
1782550 981
1782560 978
1782570 976
1782580 973
1782590 970
1782600 968
1782610 966
1782620 964
1782630 961
1782640 960
1782650 959
1782660 957
1782670 956
1782680 954
1782690 952
1782700 949
1782710 947
1782720 945
1782730 943
1782740 942
1782750 942
1782760 942
1782770 941
1782780 940
1782790 940
1782800 939
1782810 938
1782820 937
1782830 935
1782840 934
1782850 933
1782860 932
1782870 932
1782880 932
1782890 932
1782900 932
1782910 932
1782920 932
1782930 931
1782940 931
1782950 930
1782960 929
1782970 929
1782980 928
1782990 927
1783000 927
1783010 926
1783020 926
1783030 925
1783040 925
1783050 925
1783060 925
1783070 925
1783080 925
1783090 926
1783100 926
1783110 926
1783120 927
1783130 927
1783140 928
1783150 929
1783160 929
1783170 930
1783180 930
1783190 930
1783200 930
1783210 929
1783220 928
1783230 926
1783240 924
1783250 922
1783260 920
1783270 918
1783280 917
1783290 916
1783300 915
1783310 913
1783320 912
1783330 910
1783340 908
1783350 906
1783360 904
1783370 902
1783380 899
1783390 897
1783400 895
1783410 893
1783420 892
1783430 890
1783440 888
1783450 887
1783460 886
1783470 885
1783480 884
1783490 883
1783500 882
1783510 882
1783520 881
1783530 880
1783540 879
1783550 879
1783560 877
1783570 876
1783580 875
1783590 874
1783600 872
1783610 871
1783620 870
1783630 869
1783640 867
1783650 866
1783660 865
1783670 863
1783680 861
1783690 860
1783700 858
1783710 857
1783720 855
1783730 853
1783740 852
1783750 850
1783760 849
1783770 849
1783780 848
1783790 847
1783800 846
1783810 846
1783820 845
1783830 844
1783840 843
1783850 843
1783860 842
1783870 841
1783880 840
1783890 839
1783900 838
1783910 837
1783920 836
1783930 835
1783940 834
1783950 832
1783960 831
1783970 830
1783980 829
1783990 827
1784000 826
1784010 825
1784020 824
1784030 823
1784040 822
1784050 821
1784060 820
1784070 819
1784080 818
1784090 817
1784100 816
1784110 815
1784120 813
1784130 812
1784140 812
1784150 811
1784160 810
1784170 809
1784180 809
1784190 808
1784200 807
1784210 806
1784220 805
1784230 804
1784240 803
1784250 801
1784260 800
1784270 798
1784280 797
1784290 795
1784300 793
1784310 792
1784320 790
1784330 789
1784340 788
1784350 787
1784360 785
1784370 784
1784380 783
1784390 782
1784400 781
1784410 780
1784420 779
1784430 778
1784440 777
1784450 776
1784460 773
1784470 771
1784480 769
1784490 767
1784500 765
1784510 763
1784520 761
1784530 760
1784540 759
1784550 758
1784560 757
1784570 756
1784580 754
1784590 753
1784600 753
1784610 754
1784620 755
1784630 756
1784640 757
1784650 757
1784660 757
1784670 757
1784680 757
1784690 757
1784700 756
1784710 756
1784720 756
1784730 756
1784740 755
1784750 755
1784760 754
1784770 752
1784780 751
1784790 750
1784800 750
1784810 751
1784820 751
1784830 751
1784840 751
1784850 751
1784860 751
1784870 751
1784880 751
1784890 750
1784900 750
1784910 750
1784920 750
1784930 750
1784940 750
1784950 749
1784960 749
1784970 748
1784980 747
1784990 746
1785000 745
1785010 744
1785020 743
1785030 742
1785040 743
1785050 743
1785060 743
1785070 742
1785080 743
1785090 743
1785100 743
1785110 744
1785120 744
1785130 745
1785140 746
1785150 746
1785160 747
1785170 748
1785180 749
1785190 750
1785200 751
1785210 751
1785220 751
1785230 751
1785240 749
1785250 747
1785260 748
1785270 749
1785280 751
1785290 754
1785300 756
1785310 758
1785320 760
1785330 762
1785340 765
1785350 768
1785360 770
1785370 771
1785380 771
1785390 771
1785400 772
1785410 772
1785420 773
1785430 774
1785440 775
1785450 775
1785460 776
1785470 777
1785480 778
1785490 779
1785500 779
1785510 780
1785520 780
1785530 781
1785540 781
1785550 782
1785560 782
1785570 783
1785580 784
1785590 785
1785600 786
1785610 786
1785620 786
1785630 786
1785640 787
1785650 787
1785660 788
1785670 788
1785680 789
1785690 790
1785700 790
1785710 791
1785720 791
1785730 792
1785740 793
1785750 795
1785760 796
1785770 797
1785780 799
1785790 800
1785800 802
1785810 804
1785820 805
1785830 806
1785840 807
1785850 808
1785860 808
1785870 809
1785880 810
1785890 811
1785900 812
1785910 813
1785920 814
1785930 814
1785940 815
1785950 816
1785960 817
1785970 817
1785980 818
1785990 819
1786000 820
1786010 820
1786020 821
1786030 821
1786040 822
1786050 822
1786060 822
1786070 822
1786080 822
1786090 822
1786100 822
1786110 822
1786120 822
1786130 822
1786140 822
1786150 822
1786160 823
1786170 823
1786180 824
1786190 824
1786200 824
1786210 824
1786220 825
1786230 825
1786240 826
1786250 827
1786260 827
1786270 828
1786280 828
1786290 829
1786300 829
1786310 829
1786320 830
1786330 830
1786340 830
1786350 831
1786360 832
1786370 832
1786380 833
1786390 834
1786400 835
1786410 835
1786420 836
1786430 837
1786440 838
1786450 838
1786460 839
1786470 839
1786480 840
1786490 840
1786500 841
1786510 841
1786520 841
1786530 842
1786540 843
1786550 844
1786560 844
1786570 845
1786580 846
1786590 846
1786600 846
1786610 846
1786620 845
1786630 844
1786640 844
1786650 844
1786660 843
1786670 842
1786680 841
1786690 840
1786700 839
1786710 838
1786720 837
1786730 836
1786740 835
1786750 834
1786760 832
1786770 831
1786780 830
1786790 829
1786800 828
1786810 827
1786820 826
1786830 825
1786840 824
1786850 823
1786860 822
1786870 821
1786880 820
1786890 818
1786900 817
1786910 815
1786920 813
1786930 812
1786940 810
1786950 809
1786960 807
1786970 806
1786980 804
1786990 803
1787000 802
1787010 800
1787020 799
1787030 798
1787040 796
1787050 795
1787060 794
1787070 793
1787080 792
1787090 791
1787100 790
1787110 789
1787120 789
1787130 788
1787140 787
1787150 786
1787160 785
1787170 785
1787180 784
1787190 783
1787200 782
1787210 781
1787220 780
1787230 779
1787240 778
1787250 777
1787260 776
1787270 775
1787280 774
1787290 773
1787300 772
1787310 771
1787320 770
1787330 769
1787340 768
1787350 767
1787360 765
1787370 764
1787380 763
1787390 762
1787400 761
1787410 760
1787420 759
1787430 758
1787440 757
1787450 756
1787460 755
1787470 753
1787480 752
1787490 751
1787500 749
1787510 748
1787520 747
1787530 746
1787540 744
1787550 743
1787560 742
1787570 741
1787580 740
1787590 739
1787600 738
1787610 737
1787620 736
1787630 736
1787640 735
1787650 734
1787660 733
1787670 733
1787680 732
1787690 732
1787700 732
1787710 732
1787720 732
1787730 732
1787740 733
1787750 733
1787760 734
1787770 735
1787780 735
1787790 736
1787800 736
1787810 736
1787820 736
1787830 735
1787840 735
1787850 734
1787860 732
1787870 730
1787880 728
1787890 726
1787900 723
1787910 721
1787920 718
1787930 717
1787940 717
1787950 716
1787960 716
1787970 715
1787980 714
1787990 713
1788000 712
1788010 711
1788020 710
1788030 709
1788040 709
1788050 708
1788060 708
1788070 708
1788080 708
1788090 708
1788100 708
1788110 708
1788120 709
1788130 709
1788140 709
1788150 709
1788160 708
1788170 707
1788180 706
1788190 705
1788200 703
1788210 701
1788220 700
1788230 698
1788240 695
1788250 693
1788260 690
1788270 687
1788280 684
1788290 682
1788300 680
1788310 678
1788320 677
1788330 677
1788340 676
1788350 675
1788360 674
1788370 673
1788380 671
1788390 671
1788400 671
1788410 671
1788420 671
1788430 670
1788440 670
1788450 670
1788460 670
1788470 670
1788480 670
1788490 670
1788500 670
1788510 669
1788520 669
1788530 669
1788540 668
1788550 669
1788560 669
1788570 670
1788580 670
1788590 671
1788600 671
1788610 671
1788620 672
1788630 672
1788640 671
1788650 671
1788660 670
1788670 669
1788680 668
1788690 667
1788700 666
1788710 666
1788720 666
1788730 666
1788740 665
1788750 665
1788760 665
1788770 664
1788780 663
1788790 662
1788800 661
1788810 660
1788820 659
1788830 657
1788840 656
1788850 654
1788860 653
1788870 651
1788880 649
1788890 647
1788900 645
1788910 643
1788920 641
1788930 640
1788940 638
1788950 637
1788960 636
1788970 635
1788980 634
1788990 634
1789000 634
1789010 634
1789020 634
1789030 635
1789040 635
1789050 635
1789060 636
1789070 636
1789080 636
1789090 635
1789100 635
1789110 634
1789120 634
1789130 632
1789140 631
1789150 630
1789160 630
1789170 630
1789180 629
1789190 628
1789200 628
1789210 627
1789220 627
1789230 626
1789240 625
1789250 624
1789260 623
1789270 622
1789280 621
1789290 619
1789300 618
1789310 617
1789320 616
1789330 614
1789340 613
1789350 612
1789360 611
1789370 610
1789380 609
1789390 608
1789400 607
1789410 605
1789420 604
1789430 603
1789440 601
1789450 600
1789460 599
1789470 598
1789480 596
1789490 594
1789500 593
1789510 591
1789520 589
1789530 587
1789540 585
1789550 583
1789560 581
1789570 580
1789580 578
1789590 577
1789600 575
1789610 574
1789620 572
1789630 570
1789640 569
1789650 567
1789660 566
1789670 564
1789680 563
1789690 561
1789700 560
1789710 558
1789720 557
1789730 555
1789740 554
1789750 553
1789760 551
1789770 550
1789780 549
1789790 547
1789800 546
1789810 544
1789820 543
1789830 541
1789840 540
1789850 538
1789860 537
1789870 536
1789880 536
1789890 535
1789900 534
1789910 534
1789920 533
1789930 532
1789940 531
1789950 530
1789960 529
1789970 528
1789980 527
1789990 526
1790000 525
1790010 524
1790020 524
1790030 523
1790040 522
1790050 520
1790060 520
1790070 519
1790080 518
1790090 518
1790100 517
1790110 517
1790120 516
1790130 516
1790140 516
1790150 515
1790160 515
1790170 514
1790180 515
1790190 516
1790200 517
1790210 518
1790220 519
1790230 519
1790240 521
1790250 523
1790260 525
1790270 528
1790280 530
1790290 532
1790300 534
1790310 536
1790320 538
1790330 540
1790340 542
1790350 544
1790360 546
1790370 547
1790380 549
1790390 550
1790400 550
1790410 549
1790420 547
1790430 547
1790440 547
1790450 547
1790460 549
1790470 551
1790480 554
1790490 556
1790500 558
1790510 559
1790520 562
1790530 566
1790540 570
1790550 574
1790560 578
1790570 581
1790580 582
1790590 585
1790600 587
1790610 590
1790620 593
1790630 596
1790640 599
1790650 602
1790660 605
1790670 608
1790680 611
1790690 613
1790700 615
1790710 617
1790720 617
1790730 617
1790740 617
1790750 618
1790760 619
1790770 620
1790780 621
1790790 621
1790800 621
1790810 621
1790820 621
1790830 621
1790840 621
1790850 621
1790860 620
1790870 620
1790880 619
1790890 619
1790900 618
1790910 618
1790920 617
1790930 617
1790940 617
1790950 617
1790960 617
1790970 617
1790980 617
1790990 617
1791000 617
1791010 617
1791020 617
1791030 617
1791040 617
1791050 618
1791060 618
1791070 618
1791080 618
1791090 617
1791100 617
1791110 617
1791120 616
1791130 616
1791140 616
1791150 616
1791160 615
1791170 615
1791180 614
1791190 614
1791200 613
1791210 613
1791220 613
1791230 612
1791240 611
1791250 610
1791260 609
1791270 607
1791280 606
1791290 605
1791300 603
1791310 601
1791320 600
1791330 598
1791340 596
1791350 594
1791360 591
1791370 589
1791380 587
1791390 585
1791400 583
1791410 581
1791420 579
1791430 577
1791440 575
1791450 572
1791460 570
1791470 568
1791480 566
1791490 564
1791500 563
1791510 561
1791520 559
1791530 557
1791540 554
1791550 552
1791560 550
1791570 548
1791580 546
1791590 544
1791600 543
1791610 541
1791620 539
1791630 537
1791640 536
1791650 534
1791660 532
1791670 531
1791680 529
1791690 527
1791700 526
1791710 525
1791720 523
1791730 521
1791740 518
1791750 516
1791760 514
1791770 513
1791780 511
1791790 510
1791800 508
1791810 508
1791820 506
1791830 505
1791840 503
1791850 502
1791860 500
1791870 499
1791880 497
1791890 495
1791900 494
1791910 492
1791920 491
1791930 490
1791940 488
1791950 487
1791960 486
1791970 485
1791980 484
1791990 483
1792000 481
1792010 480
1792020 479
1792030 478
1792040 477
1792050 475
1792060 473
1792070 471
1792080 469
1792090 466
1792100 464
1792110 461
1792120 459
1792130 458
1792140 458
1792150 457
1792160 458
1792170 458
1792180 458
1792190 458
1792200 457
1792210 457
1792220 457
1792230 457
1792240 457
1792250 456
1792260 456
1792270 456
1792280 456
1792290 455
1792300 454
1792310 455
1792320 455
1792330 456
1792340 456
1792350 456
1792360 456
1792370 456
1792380 456
1792390 456
1792400 456
1792410 456
1792420 456
1792430 456
1792440 456
1792450 456
1792460 456
1792470 456
1792480 457
1792490 457
1792500 457
1792510 457
1792520 457
1792530 457
1792540 457
1792550 457
1792560 457
1792570 457
1792580 457
1792590 457
1792600 457
1792610 457
1792620 457
1792630 457
1792640 459
1792650 460
1792660 460
1792670 459
1792680 460
1792690 462
1792700 464
1792710 466
1792720 469
1792730 471
1792740 473
1792750 475
1792760 477
1792770 479
1792780 481
1792790 483
1792800 484
1792810 485
1792820 485
1792830 485
1792840 486
1792850 487
1792860 486
1792870 485
1792880 482
1792890 480
1792900 481
1792910 482
1792920 486
1792930 489
1792940 492
1792950 495
1792960 498
1792970 501
1792980 504
1792990 507
1793000 510
1793010 513
1793020 516
1793030 519
1793040 522
1793050 525
1793060 528
1793070 531
1793080 534
1793090 538
1793100 541
1793110 544
1793120 547
1793130 550
1793140 552
1793150 555
1793160 559
1793170 562
1793180 565
1793190 568
1793200 571
1793210 574
1793220 577
1793230 580
1793240 583
1793250 585
1793260 588
1793270 590
1793280 591
1793290 593
1793300 593
1793310 593
1793320 593
1793330 593
1793340 592
1793350 592
1793360 592
1793370 593
1793380 593
1793390 594
1793400 596
1793410 597
1793420 599
1793430 601
1793440 603
1793450 605
1793460 607
1793470 609
1793480 611
1793490 614
1793500 617
1793510 620
1793520 621
1793530 623
1793540 623
1793550 624
1793560 624
1793570 624
1793580 623
1793590 623
1793600 622
1793610 620
1793620 617
1793630 612
1793640 609
1793650 606
1793660 604
1793670 602
1793680 602
1793690 602
1793700 602
1793710 604
1793720 608
1793730 611
1793740 614
1793750 617
1793760 619
1793770 622
1793780 625
1793790 628
1793800 631
1793810 634
1793820 636
1793830 638
1793840 639
1793850 641
1793860 643
1793870 644
1793880 646
1793890 648
1793900 650
1793910 652
1793920 654
1793930 656
1793940 658
1793950 659
1793960 661
1793970 663
1793980 665
1793990 666
1794000 668
1794010 670
1794020 671
1794030 673
1794040 674
1794050 676
1794060 677
1794070 678
1794080 678
1794090 679
1794100 680
1794110 681
1794120 681
1794130 682
1794140 683
1794150 683
1794160 683
1794170 683
1794180 683
1794190 683
1794200 683
1794210 683
1794220 682
1794230 681
1794240 679
1794250 678
1794260 677
1794270 676
1794280 676
1794290 676
1794300 675
1794310 675
1794320 675
1794330 675
1794340 676
1794350 678
1794360 679
1794370 681
1794380 683
1794390 685
1794400 688
1794410 691
1794420 693
1794430 695
1794440 698
1794450 700
1794460 704
1794470 706
1794480 709
1794490 711
1794500 713
1794510 716
1794520 718
1794530 721
1794540 723
1794550 726
1794560 728
1794570 731
1794580 733
1794590 735
1794600 737
1794610 739
1794620 742
1794630 744
1794640 746
1794650 748
1794660 750
1794670 751
1794680 753
1794690 755
1794700 756
1794710 758
1794720 759
1794730 760
1794740 762
1794750 764
1794760 765
1794770 767
1794780 768
1794790 769
1794800 771
1794810 773
1794820 774
1794830 776
1794840 777
1794850 778
1794860 779
1794870 779
1794880 780
1794890 780
1794900 781
1794910 781
1794920 781
1794930 781
1794940 781
1794950 781
1794960 781
1794970 781
1794980 781
1794990 781
1795000 780
1795010 780
1795020 779
1795030 778
1795040 778
1795050 777
1795060 776
1795070 776
1795080 775
1795090 775
1795100 774
1795110 773
1795120 771
1795130 770
1795140 768
1795150 767
1795160 765
1795170 763
1795180 761
1795190 758
1795200 756
1795210 754
1795220 752
1795230 750
1795240 748
1795250 746
1795260 745
1795270 743
1795280 742
1795290 739
1795300 738
1795310 736
1795320 734
1795330 733
1795340 731
1795350 730
1795360 727
1795370 725
1795380 724
1795390 722
1795400 720
1795410 719
1795420 717
1795430 715
1795440 714
1795450 712
1795460 711
1795470 709
1795480 708
1795490 706
1795500 705
1795510 703
1795520 702
1795530 700
1795540 698
1795550 697
1795560 696
1795570 695
1795580 695
1795590 696
1795600 696
1795610 695
1795620 695
1795630 694
1795640 694
1795650 693
1795660 692
1795670 690
1795680 689
1795690 687
1795700 685
1795710 682
1795720 680
1795730 678
1795740 675
1795750 673
1795760 674
1795770 675
1795780 676
1795790 675
1795800 674
1795810 673
1795820 671
1795830 670
1795840 668
1795850 669
1795860 670
1795870 671
1795880 672
1795890 673
1795900 674
1795910 674
1795920 675
1795930 676
1795940 676
1795950 675
1795960 675
1795970 674
1795980 674
1795990 673
1796000 673
1796010 674
1796020 674
1796030 675
1796040 676
1796050 676
1796060 677
1796070 677
1796080 678
1796090 678
1796100 678
1796110 678
1796120 678
1796130 678
1796140 677
1796150 677
1796160 676
1796170 675
1796180 674
1796190 673
1796200 672
1796210 671
1796220 670
1796230 669
1796240 667
1796250 666
1796260 665
1796270 664
1796280 663
1796290 662
1796300 661
1796310 660
1796320 659
1796330 657
1796340 656
1796350 654
1796360 652
1796370 650
1796380 648
1796390 646
1796400 643
1796410 640
1796420 637
1796430 634
1796440 630
1796450 625
1796460 620
1796470 618
1796480 618
1796490 619
1796500 620
1796510 621
1796520 623
1796530 623
1796540 624
1796550 625
1796560 626
1796570 627
1796580 628
1796590 629
1796600 629
1796610 629
1796620 629
1796630 627
1796640 626
1796650 623
1796660 620
1796670 617
1796680 614
1796690 611
1796700 608
1796710 604
1796720 601
1796730 598
1796740 595
1796750 592
1796760 589
1796770 586
1796780 583
1796790 580
1796800 577
1796810 574
1796820 570
1796830 567
1796840 563
1796850 560
1796860 556
1796870 553
1796880 550
1796890 546
1796900 544
1796910 541
1796920 539
1796930 536
1796940 534
1796950 533
1796960 531
1796970 528
1796980 524
1796990 523
1797000 521
1797010 520
1797020 520
1797030 521
1797040 522
1797050 522
1797060 522
1797070 522
1797080 523
1797090 524
1797100 527
1797110 533
1797120 538
1797130 543
1797140 546
1797150 549
1797160 553
1797170 556
1797180 559
1797190 562
1797200 566
1797210 569
1797220 572
1797230 576
1797240 578
1797250 581
1797260 583
1797270 585
1797280 589
1797290 592
1797300 595
1797310 598
1797320 601
1797330 604
1797340 607
1797350 610
1797360 613
1797370 615
1797380 618
1797390 620
1797400 623
1797410 625
1797420 627
1797430 629
1797440 631
1797450 634
1797460 637
1797470 639
1797480 642
1797490 644
1797500 647
1797510 649
1797520 651
1797530 653
1797540 656
1797550 658
1797560 660
1797570 662
1797580 663
1797590 665
1797600 666
1797610 668
1797620 670
1797630 673
1797640 675
1797650 678
1797660 680
1797670 682
1797680 684
1797690 687
1797700 689
1797710 691
1797720 693
1797730 695
1797740 696
1797750 697
1797760 697
1797770 696
1797780 695
1797790 693
1797800 690
1797810 688
1797820 685
1797830 683
1797840 681
1797850 678
1797860 674
1797870 671
1797880 668
1797890 666
1797900 664
1797910 662
1797920 660
1797930 658
1797940 657
1797950 655
1797960 654
1797970 652
1797980 650
1797990 647
1798000 645
1798010 641
1798020 638
1798030 634
1798040 631
1798050 628
1798060 624
1798070 621
1798080 619
1798090 617
1798100 615
1798110 613
1798120 611
1798130 609
1798140 607
1798150 605
1798160 603
1798170 600
1798180 595
1798190 593
1798200 592
1798210 594
1798220 597
1798230 599
1798240 600
1798250 601
1798260 603
1798270 604
1798280 606
1798290 608
1798300 610
1798310 612
1798320 614
1798330 616
1798340 618
1798350 621
1798360 624
1798370 627
1798380 630
1798390 632
1798400 634
1798410 637
1798420 640
1798430 642
1798440 645
1798450 648
1798460 650
1798470 651
1798480 653
1798490 655
1798500 658
1798510 660
1798520 664
1798530 667
1798540 670
1798550 672
1798560 675
1798570 677
1798580 679
1798590 682
1798600 683
1798610 685
1798620 687
1798630 689
1798640 691
1798650 693
1798660 696
1798670 698
1798680 700
1798690 702
1798700 704
1798710 705
1798720 707
1798730 709
1798740 712
1798750 713
1798760 715
1798770 716
1798780 718
1798790 720
1798800 722
1798810 724
1798820 726
1798830 727
1798840 729
1798850 730
1798860 731
1798870 731
1798880 732
1798890 732
1798900 733
1798910 734
1798920 735
1798930 737
1798940 737
1798950 738
1798960 738
1798970 739
1798980 739
1798990 739
1799000 739
1799010 740
1799020 741
1799030 741
1799040 742
1799050 743
1799060 744
1799070 746
1799080 747
1799090 749
1799100 751
1799110 753
1799120 754
1799130 756
1799140 758
1799150 760
1799160 762
1799170 764
1799180 765
1799190 767
1799200 770
1799210 772
1799220 774
1799230 775
1799240 776
1799250 777
1799260 777
1799270 778
1799280 779
1799290 779
1799300 780
1799310 781
1799320 781
1799330 782
1799340 783
1799350 785
1799360 785
1799370 786
1799380 786
1799390 786
1799400 786
1799410 786
1799420 785
1799430 785
1799440 785
1799450 786
1799460 786
1799470 786
1799480 787
1799490 787
1799500 788
1799510 788
1799520 789
1799530 789
1799540 789
1799550 789
1799560 790
1799570 790
1799580 789
1799590 789
1799600 789
1799610 789
1799620 788
1799630 788
1799640 787
1799650 787
1799660 787
1799670 786
1799680 786
1799690 786
1799700 786
1799710 785
1799720 785
1799730 785
1799740 785
1799750 786
1799760 786
1799770 786
1799780 786
1799790 786
1799800 786
1799810 786
1799820 786
1799830 785
1799840 785
1799850 785
1799860 785
1799870 784
1799880 784
1799890 784
1799900 784
1799910 783
1799920 783
1799930 783
1799940 783
1799950 782
1799960 781
1799970 780
1799980 779
1799990 777
