1780000 714
1780010 718
1780020 722
1780030 725
1780040 728
1780050 730
1780060 732
1780070 733
1780080 733
1780090 734
1780100 735
1780110 737
1780120 738
1780130 740
1780140 742
1780150 743
1780160 745
1780170 746
1780180 747
1780190 748
1780200 749
1780210 751
1780220 752
1780230 753
1780240 754
1780250 756
1780260 757
1780270 758
1780280 758
1780290 759
1780300 759
1780310 761
1780320 763
1780330 764
1780340 763
1780350 763
1780360 762
1780370 763
1780380 763
1780390 763
1780400 764
1780410 764
1780420 764
1780430 764
1780440 764
1780450 765
1780460 766
1780470 766
1780480 767
1780490 767
1780500 768
1780510 768
1780520 767
1780530 766
1780540 765
1780550 763
1780560 762
1780570 761
1780580 759
1780590 757
1780600 755
1780610 753
1780620 751
1780630 748
1780640 745
1780650 742
1780660 739
1780670 735
1780680 732
1780690 729
1780700 727
1780710 724
1780720 722
1780730 718
1780740 716
1780750 716
1780760 717
1780770 719
1780780 721
1780790 723
1780800 726
1780810 728
1780820 731
1780830 733
1780840 736
1780850 738
1780860 740
1780870 742
1780880 744
1780890 746
1780900 747
1780910 749
1780920 751
1780930 753
1780940 754
1780950 755
1780960 756
1780970 758
1780980 759
1780990 761
1781000 762
1781010 764
1781020 765
1781030 767
1781040 768
1781050 770
1781060 771
1781070 773
1781080 775
1781090 777
1781100 778
1781110 780
1781120 783
1781130 785
1781140 787
1781150 789
1781160 791
1781170 794
1781180 796
1781190 798
1781200 800
1781210 802
1781220 804
1781230 807
1781240 809
1781250 811
1781260 813
1781270 816
1781280 818
1781290 820
1781300 822
1781310 824
1781320 826
1781330 828
1781340 829
1781350 831
1781360 833
1781370 834
1781380 836
1781390 837
1781400 838
1781410 838
1781420 838
1781430 839
1781440 839
1781450 838
1781460 838
1781470 837
1781480 837
1781490 836
1781500 835
1781510 834
1781520 833
1781530 832
1781540 832
1781550 831
1781560 831
1781570 830
1781580 830
1781590 830
1781600 830
1781610 830
1781620 830
1781630 830
1781640 831
1781650 831
1781660 831
1781670 832
1781680 832
1781690 832
1781700 832
1781710 833
1781720 833
1781730 833
1781740 834
1781750 834
1781760 835
1781770 836
1781780 836
1781790 837
1781800 837
1781810 838
1781820 838
1781830 839
1781840 839
1781850 840
1781860 841
1781870 843
1781880 843
1781890 844
1781900 843
1781910 843
1781920 842
1781930 842
1781940 842
1781950 842
1781960 841
1781970 840
1781980 839
1781990 838
1782000 838
1782010 837
1782020 837
1782030 836
1782040 835
1782050 835
1782060 835
1782070 834
1782080 833
1782090 832
1782100 831
1782110 830
1782120 829
1782130 828
1782140 827
1782150 826
1782160 826
1782170 825
1782180 823
1782190 822
1782200 820
1782210 818
1782220 817
1782230 815
1782240 814
1782250 812
1782260 810
1782270 808
1782280 805
1782290 803
1782300 800
1782310 796
1782320 793
1782330 790
1782340 787
1782350 784
1782360 782
1782370 780
1782380 777
1782390 775
1782400 773
1782410 770
1782420 768
1782430 765
1782440 763
1782450 760
1782460 757
1782470 754
1782480 750
1782490 745
1782500 740
1782510 735
1782520 731
1782530 727
1782540 723
1782550 721
1782560 720
1782570 720
1782580 720
1782590 719
1782600 718
1782610 717
1782620 715
1782630 714
1782640 713
1782650 712
1782660 710
1782670 709
1782680 707
1782690 705
1782700 703
1782710 701
1782720 698
1782730 695
1782740 693
1782750 692
1782760 694
1782770 696
1782780 700
1782790 704
1782800 707
1782810 710
1782820 713
1782830 714
1782840 716
1782850 717
1782860 719
1782870 721
1782880 722
1782890 725
1782900 726
1782910 728
1782920 730
1782930 732
1782940 735
1782950 739
1782960 742
1782970 746
1782980 748
1782990 751
1783000 753
1783010 755
1783020 757
1783030 759
1783040 761
1783050 763
1783060 764
1783070 765
1783080 765
1783090 765
1783100 765
1783110 765
1783120 765
1783130 765
1783140 765
1783150 765
1783160 765
1783170 765
1783180 765
1783190 765
1783200 766
1783210 766
1783220 766
1783230 765
1783240 765
1783250 765
1783260 765
1783270 765
1783280 765
1783290 765
1783300 765
1783310 766
1783320 766
1783330 766
1783340 767
1783350 767
1783360 767
1783370 767
1783380 768
1783390 768
1783400 767
1783410 766
1783420 765
1783430 764
1783440 764
1783450 763
1783460 762
1783470 761
1783480 761
1783490 761
1783500 761
1783510 760
1783520 760
1783530 760
1783540 760
1783550 760
1783560 760
1783570 760
1783580 759
1783590 759
1783600 760
1783610 760
1783620 760
1783630 759
1783640 758
1783650 758
1783660 757
1783670 756
1783680 755
1783690 755
1783700 754
1783710 753
1783720 751
1783730 750
1783740 748
1783750 745
1783760 743
1783770 741
1783780 740
1783790 739
1783800 738
1783810 738
1783820 737
1783830 738
1783840 738
1783850 739
1783860 739
1783870 740
1783880 741
1783890 741
1783900 741
1783910 741
1783920 741
1783930 740
1783940 738
1783950 736
1783960 734
1783970 733
1783980 731
1783990 730
1784000 729
1784010 727
1784020 726
1784030 724
1784040 723
1784050 722
1784060 720
1784070 719
1784080 717
1784090 715
1784100 714
1784110 712
1784120 711
1784130 710
1784140 709
1784150 707
1784160 705
1784170 704
1784180 703
1784190 702
1784200 700
1784210 699
1784220 697
1784230 696
1784240 694
1784250 693
1784260 692
1784270 690
1784280 688
1784290 686
1784300 684
1784310 682
1784320 679
1784330 677
1784340 675
1784350 673
1784360 671
1784370 670
1784380 668
1784390 666
1784400 664
1784410 662
1784420 661
1784430 661
1784440 661
1784450 661
1784460 664
1784470 667
1784480 670
1784490 672
1784500 675
1784510 677
1784520 678
1784530 678
1784540 678
1784550 678
1784560 678
1784570 678
1784580 678
1784590 678
1784600 678
1784610 678
1784620 677
1784630 677
1784640 677
1784650 677
1784660 677
1784670 677
1784680 677
1784690 677
1784700 677
1784710 676
1784720 676
1784730 674
1784740 672
1784750 670
1784760 667
1784770 665
1784780 663
1784790 660
1784800 656
1784810 653
1784820 649
1784830 647
1784840 645
1784850 642
1784860 640
1784870 639
1784880 639
1784890 641
1784900 643
1784910 645
1784920 649
1784930 651
1784940 654
1784950 656
1784960 658
1784970 659
1784980 660
1784990 659
1785000 658
1785010 656
1785020 654
1785030 652
1785040 650
1785050 647
1785060 644
1785070 642
1785080 640
1785090 638
1785100 637
1785110 636
1785120 635
1785130 633
1785140 632
1785150 630
1785160 628
1785170 626
1785180 623
1785190 621
1785200 619
1785210 618
1785220 618
1785230 618
1785240 617
1785250 617
1785260 616
1785270 615
1785280 614
1785290 614
1785300 613
1785310 611
1785320 609
1785330 607
1785340 605
1785350 605
1785360 604
1785370 602
1785380 600
1785390 598
1785400 597
1785410 598
1785420 600
1785430 602
1785440 605
1785450 606
1785460 608
1785470 609
1785480 610
1785490 612
1785500 614
1785510 617
1785520 620
1785530 622
1785540 625
1785550 626
1785560 628
1785570 630
1785580 632
1785590 634
1785600 636
1785610 638
1785620 640
1785630 642
1785640 644
1785650 646
1785660 648
1785670 650
1785680 652
1785690 654
1785700 656
1785710 658
1785720 660
1785730 662
1785740 664
1785750 666
1785760 667
1785770 669
1785780 670
1785790 672
1785800 673
1785810 675
1785820 677
1785830 678
1785840 680
1785850 681
1785860 682
1785870 683
1785880 685
1785890 686
1785900 687
1785910 689
1785920 690
1785930 692
1785940 693
1785950 695
1785960 696
1785970 698
1785980 699
1785990 700
1786000 702
1786010 703
1786020 705
1786030 706
1786040 708
1786050 709
1786060 710
1786070 711
1786080 713
1786090 715
1786100 717
1786110 719
1786120 721
1786130 722
1786140 724
1786150 726
1786160 728
1786170 731
1786180 733
1786190 736
1786200 739
1786210 741
1786220 744
1786230 747
1786240 750
1786250 753
1786260 755
1786270 758
1786280 760
1786290 761
1786300 763
1786310 764
1786320 766
1786330 767
1786340 768
1786350 770
1786360 771
1786370 772
1786380 774
1786390 775
1786400 777
1786410 778
1786420 780
1786430 782
1786440 784
1786450 786
1786460 787
1786470 789
1786480 790
1786490 792
1786500 794
1786510 796
1786520 798
1786530 800
1786540 801
1786550 801
1786560 802
1786570 803
1786580 804
1786590 805
1786600 805
1786610 806
1786620 807
1786630 807
1786640 808
1786650 808
1786660 808
1786670 808
1786680 808
1786690 808
1786700 807
1786710 807
1786720 807
1786730 807
1786740 807
1786750 807
1786760 807
1786770 806
1786780 806
1786790 806
1786800 805
1786810 805
1786820 804
1786830 804
1786840 803
1786850 802
1786860 801
1786870 801
1786880 800
1786890 800
1786900 799
1786910 798
1786920 798
1786930 797
1786940 797
1786950 796
1786960 796
1786970 796
1786980 795
1786990 794
1787000 794
1787010 793
1787020 792
1787030 792
1787040 791
1787050 791
1787060 791
1787070 791
1787080 790
1787090 790
1787100 790
1787110 789
1787120 789
1787130 789
1787140 789
1787150 789
1787160 789
1787170 789
1787180 788
1787190 788
1787200 787
1787210 787
1787220 786
1787230 786
1787240 785
1787250 785
1787260 784
1787270 784
1787280 784
1787290 783
1787300 783
1787310 783
1787320 783
1787330 783
1787340 783
1787350 783
1787360 783
1787370 783
1787380 783
1787390 783
1787400 782
1787410 782
1787420 782
1787430 781
1787440 781
1787450 780
1787460 780
1787470 779
1787480 779
1787490 778
1787500 778
1787510 778
1787520 778
1787530 777
1787540 777
1787550 777
1787560 777
1787570 777
1787580 777
1787590 777
1787600 777
1787610 777
1787620 776
1787630 775
1787640 774
1787650 773
1787660 771
1787670 769
1787680 767
1787690 766
1787700 764
1787710 762
1787720 759
1787730 757
1787740 754
1787750 751
1787760 749
1787770 746
1787780 743
1787790 740
1787800 737
1787810 735
1787820 734
1787830 732
1787840 730
1787850 729
1787860 727
1787870 726
1787880 724
1787890 723
1787900 723
1787910 722
1787920 720
1787930 719
1787940 718
1787950 716
1787960 714
1787970 711
1787980 709
1787990 707
1788000 705
1788010 704
1788020 702
1788030 701
1788040 699
1788050 698
1788060 696
1788070 694
1788080 693
1788090 693
1788100 694
1788110 696
1788120 697
1788130 699
1788140 701
1788150 703
1788160 703
1788170 703
1788180 703
1788190 702
1788200 701
1788210 701
1788220 701
1788230 701
1788240 701
1788250 702
1788260 702
1788270 702
1788280 701
1788290 700
1788300 699
1788310 698
1788320 697
1788330 696
1788340 695
1788350 693
1788360 692
1788370 690
1788380 688
1788390 686
1788400 683
1788410 681
1788420 678
1788430 675
1788440 673
1788450 670
1788460 668
1788470 665
1788480 663
1788490 660
1788500 657
1788510 654
1788520 652
1788530 649
1788540 646
1788550 644
1788560 641
1788570 639
1788580 636
1788590 632
1788600 627
1788610 622
1788620 616
1788630 611
1788640 611
1788650 614
1788660 617
1788670 619
1788680 621
1788690 621
1788700 622
1788710 623
1788720 623
1788730 622
1788740 620
1788750 617
1788760 615
1788770 613
1788780 610
1788790 608
1788800 606
1788810 605
1788820 603
1788830 600
1788840 598
1788850 595
1788860 592
1788870 589
1788880 586
1788890 588
1788900 590
1788910 592
1788920 593
1788930 593
1788940 593
1788950 595
1788960 596
1788970 598
1788980 600
1788990 602
1789000 603
1789010 604
1789020 605
1789030 607
1789040 610
1789050 611
1789060 613
1789070 614
1789080 615
1789090 616
1789100 617
1789110 619
1789120 621
1789130 623
1789140 623
1789150 623
1789160 623
1789170 623
1789180 623
1789190 623
1789200 623
1789210 623
1789220 623
1789230 623
1789240 622
1789250 622
1789260 621
1789270 621
1789280 620
1789290 619
1789300 619
1789310 618
1789320 618
1789330 617
1789340 616
1789350 616
1789360 615
1789370 614
1789380 613
1789390 612
1789400 610
1789410 609
1789420 608
1789430 607
1789440 605
1789450 604
1789460 602
1789470 601
1789480 599
1789490 597
1789500 596
1789510 594
1789520 592
1789530 590
1789540 588
1789550 586
1789560 584
1789570 582
1789580 581
1789590 578
1789600 576
1789610 575
1789620 573
1789630 571
1789640 569
1789650 565
1789660 562
1789670 560
1789680 558
1789690 556
1789700 553
1789710 550
1789720 548
1789730 545
1789740 543
1789750 540
1789760 538
1789770 535
1789780 533
1789790 530
1789800 528
1789810 525
1789820 523
1789830 521
1789840 519
1789850 516
1789860 513
1789870 510
1789880 507
1789890 506
1789900 508
1789910 512
1789920 517
1789930 521
1789940 524
1789950 528
1789960 530
1789970 532
1789980 534
1789990 535
1790000 537
1790010 539
1790020 541
1790030 543
1790040 545
1790050 547
1790060 549
1790070 550
1790080 550
1790090 550
1790100 549
1790110 548
1790120 548
1790130 548
1790140 548
1790150 547
1790160 545
1790170 544
1790180 543
1790190 542
1790200 541
1790210 539
1790220 538
1790230 537
1790240 535
1790250 534
1790260 532
1790270 531
1790280 530
1790290 529
1790300 528
1790310 527
1790320 526
1790330 524
1790340 522
1790350 520
1790360 519
1790370 517
1790380 515
1790390 513
1790400 511
1790410 507
1790420 504
1790430 499
1790440 496
1790450 493
1790460 495
1790470 498
1790480 502
1790490 505
1790500 508
1790510 510
1790520 511
1790530 513
1790540 515
1790550 517
1790560 518
1790570 519
1790580 519
1790590 519
1790600 518
1790610 518
1790620 517
1790630 517
1790640 517
1790650 517
1790660 518
1790670 519
1790680 520
1790690 521
1790700 521
1790710 522
1790720 522
1790730 523
1790740 523
1790750 524
1790760 524
1790770 524
1790780 524
1790790 523
1790800 523
1790810 522
1790820 521
1790830 520
1790840 519
1790850 517
1790860 515
1790870 514
1790880 513
1790890 511
1790900 510
1790910 509
1790920 508
1790930 506
1790940 505
1790950 503
1790960 502
1790970 500
1790980 497
1790990 495
1791000 492
1791010 488
1791020 485
1791030 485
1791040 489
1791050 493
1791060 495
1791070 498
1791080 500
1791090 500
1791100 499
1791110 497
1791120 495
1791130 493
1791140 491
1791150 490
1791160 489
1791170 488
1791180 487
1791190 486
1791200 485
1791210 485
1791220 484
1791230 484
1791240 483
1791250 482
1791260 483
1791270 483
1791280 482
1791290 481
1791300 480
1791310 479
1791320 478
1791330 477
1791340 477
1791350 476
1791360 476
1791370 476
1791380 476
1791390 475
1791400 475
1791410 474
1791420 473
1791430 472
1791440 471
1791450 469
1791460 468
1791470 466
1791480 463
1791490 461
1791500 459
1791510 461
1791520 463
1791530 464
1791540 464
1791550 464
1791560 463
1791570 462
1791580 460
1791590 459
1791600 457
1791610 456
1791620 456
1791630 454
1791640 453
1791650 451
1791660 451
1791670 449
1791680 448
1791690 446
1791700 445
1791710 444
1791720 443
1791730 443
1791740 443
1791750 442
1791760 442
1791770 442
1791780 441
1791790 441
1791800 441
1791810 441
1791820 440
1791830 440
1791840 440
1791850 440
1791860 440
1791870 440
1791880 440
1791890 440
1791900 440
1791910 440
1791920 439
1791930 439
1791940 439
1791950 439
1791960 439
1791970 438
1791980 438
1791990 438
1792000 439
1792010 439
1792020 439
1792030 439
1792040 439
1792050 439
1792060 439
1792070 439
1792080 438
1792090 438
1792100 438
1792110 438
1792120 438
1792130 438
1792140 438
1792150 438
1792160 437
1792170 437
1792180 437
1792190 437
1792200 437
1792210 437
1792220 437
1792230 437
1792240 437
1792250 437
1792260 438
1792270 439
1792280 438
1792290 437
1792300 435
1792310 435
1792320 435
1792330 437
1792340 437
1792350 437
1792360 437
1792370 437
1792380 437
1792390 437
1792400 437
1792410 437
1792420 437
1792430 437
1792440 437
1792450 437
1792460 437
1792470 437
1792480 436
1792490 436
1792500 436
1792510 436
1792520 436
1792530 436
1792540 436
1792550 436
1792560 436
1792570 438
1792580 443
1792590 448
1792600 454
1792610 458
1792620 460
1792630 462
1792640 463
1792650 464
1792660 464
1792670 464
1792680 464
1792690 465
1792700 465
1792710 465
1792720 466
1792730 467
1792740 468
1792750 468
1792760 469
1792770 470
1792780 471
1792790 472
1792800 473
1792810 474
1792820 475
1792830 476
1792840 477
1792850 478
1792860 479
1792870 480
1792880 481
1792890 483
1792900 484
1792910 485
1792920 487
1792930 488
1792940 490
1792950 492
1792960 493
1792970 494
1792980 495
1792990 496
1793000 497
1793010 497
1793020 498
1793030 500
1793040 502
1793050 505
1793060 507
1793070 509
1793080 511
1793090 513
1793100 515
1793110 517
1793120 519
1793130 521
1793140 523
1793150 525
1793160 528
1793170 532
1793180 536
1793190 540
1793200 543
1793210 544
1793220 543
1793230 543
1793240 542
1793250 541
1793260 540
1793270 541
1793280 541
1793290 543
1793300 545
1793310 546
1793320 548
1793330 550
1793340 553
1793350 555
1793360 558
1793370 560
1793380 562
1793390 565
1793400 568
1793410 571
1793420 573
1793430 576
1793440 578
1793450 581
1793460 585
1793470 589
1793480 592
1793490 596
1793500 599
1793510 602
1793520 604
1793530 606
1793540 609
1793550 611
1793560 613
1793570 616
1793580 618
1793590 619
1793600 620
1793610 621
1793620 621
1793630 621
1793640 621
1793650 621
1793660 620
1793670 619
1793680 618
1793690 616
1793700 614
1793710 612
1793720 610
1793730 608
1793740 606
1793750 604
1793760 602
1793770 600
1793780 599
1793790 597
1793800 596
1793810 595
1793820 594
1793830 593
1793840 593
1793850 593
1793860 592
1793870 592
1793880 590
1793890 589
1793900 587
1793910 587
1793920 586
1793930 586
1793940 584
1793950 583
1793960 581
1793970 579
1793980 577
1793990 575
1794000 573
1794010 571
1794020 569
1794030 567
1794040 564
1794050 561
1794060 558
1794070 556
1794080 554
1794090 552
1794100 550
1794110 547
1794120 542
1794130 540
1794140 540
1794150 544
1794160 548
1794170 551
1794180 554
1794190 556
1794200 558
1794210 560
1794220 561
1794230 563
1794240 565
1794250 567
1794260 570
1794270 572
1794280 575
1794290 577
1794300 580
1794310 582
1794320 583
1794330 585
1794340 587
1794350 589
1794360 590
1794370 592
1794380 594
1794390 595
1794400 596
1794410 598
1794420 599
1794430 601
1794440 603
1794450 604
1794460 606
1794470 608
1794480 609
1794490 611
1794500 613
1794510 614
1794520 616
1794530 618
1794540 619
1794550 621
1794560 622
1794570 624
1794580 625
1794590 626
1794600 628
1794610 630
1794620 631
1794630 632
1794640 633
1794650 634
1794660 634
1794670 635
1794680 636
1794690 636
1794700 636
1794710 636
1794720 636
1794730 636
1794740 636
1794750 636
1794760 636
1794770 636
1794780 636
1794790 635
1794800 635
1794810 635
1794820 634
1794830 633
1794840 632
1794850 630
1794860 628
1794870 625
1794880 623
1794890 622
1794900 620
1794910 617
1794920 615
1794930 613
1794940 611
1794950 609
1794960 606
1794970 604
1794980 602
1794990 600
1795000 598
1795010 596
1795020 594
1795030 592
1795040 590
1795050 588
1795060 586
1795070 584
1795080 583
1795090 582
1795100 580
1795110 579
1795120 578
1795130 577
1795140 575
1795150 572
1795160 569
1795170 566
1795180 564
1795190 565
1795200 566
1795210 569
1795220 571
1795230 576
1795240 579
1795250 582
1795260 585
1795270 588
1795280 591
1795290 594
1795300 596
1795310 599
1795320 601
1795330 604
1795340 607
1795350 609
1795360 612
1795370 614
1795380 616
1795390 618
1795400 620
1795410 623
1795420 625
1795430 627
1795440 629
1795450 630
1795460 632
1795470 634
1795480 636
1795490 638
1795500 640
1795510 641
1795520 643
1795530 644
1795540 646
1795550 648
1795560 650
1795570 652
1795580 654
1795590 656
1795600 658
1795610 660
1795620 662
1795630 663
1795640 663
1795650 664
1795660 665
1795670 666
1795680 667
1795690 668
1795700 669
1795710 671
1795720 672
1795730 673
1795740 674
1795750 675
1795760 676
1795770 677
1795780 678
1795790 679
1795800 680
1795810 682
1795820 683
1795830 684
1795840 684
1795850 685
1795860 686
1795870 687
1795880 688
1795890 689
1795900 691
1795910 692
1795920 693
1795930 694
1795940 695
1795950 696
1795960 697
1795970 698
1795980 699
1795990 700
1796000 700
1796010 701
1796020 702
1796030 704
1796040 705
1796050 705
1796060 706
1796070 707
1796080 707
1796090 707
1796100 708
1796110 708
1796120 708
1796130 708
1796140 708
1796150 708
1796160 707
1796170 707
1796180 707
1796190 707
1796200 706
1796210 706
1796220 706
1796230 705
1796240 705
1796250 704
1796260 704
1796270 703
1796280 702
1796290 700
1796300 699
1796310 697
1796320 696
1796330 694
1796340 692
1796350 690
1796360 688
1796370 687
1796380 685
1796390 684
1796400 682
1796410 680
1796420 678
1796430 676
1796440 675
1796450 673
1796460 672
1796470 670
1796480 668
1796490 665
1796500 663
1796510 660
1796520 657
1796530 654
1796540 651
1796550 649
1796560 646
1796570 644
1796580 641
1796590 638
1796600 635
1796610 632
1796620 629
1796630 626
1796640 625
1796650 624
1796660 622
1796670 621
1796680 619
1796690 617
1796700 615
1796710 613
1796720 611
1796730 609
1796740 607
1796750 604
1796760 602
1796770 599
1796780 598
1796790 596
1796800 595
1796810 594
1796820 592
1796830 591
1796840 589
1796850 588
1796860 586
1796870 584
1796880 582
1796890 580
1796900 579
1796910 577
1796920 576
1796930 574
1796940 572
1796950 571
1796960 568
1796970 566
1796980 563
1796990 562
1797000 561
1797010 559
1797020 558
1797030 556
1797040 554
1797050 552
1797060 550
1797070 548
1797080 546
1797090 544
1797100 541
1797110 539
1797120 536
1797130 534
1797140 531
1797150 529
1797160 526
1797170 523
1797180 520
1797190 516
1797200 513
1797210 510
1797220 507
1797230 505
1797240 502
1797250 500
1797260 498
1797270 496
1797280 494
1797290 492
1797300 490
1797310 486
1797320 481
1797330 479
1797340 477
1797350 476
1797360 476
1797370 476
1797380 475
1797390 475
1797400 475
1797410 475
1797420 475
1797430 475
1797440 476
1797450 476
1797460 476
1797470 478
1797480 481
1797490 483
1797500 486
1797510 488
1797520 491
1797530 494
1797540 496
1797550 499
1797560 501
1797570 503
1797580 505
1797590 507
1797600 508
1797610 510
1797620 512
1797630 515
1797640 517
1797650 520
1797660 522
1797670 525
1797680 527
1797690 530
1797700 532
1797710 534
1797720 536
1797730 538
1797740 540
1797750 542
1797760 545
1797770 547
1797780 549
1797790 551
1797800 553
1797810 556
1797820 559
1797830 562
1797840 565
1797850 569
1797860 572
1797870 574
1797880 576
1797890 578
1797900 579
1797910 581
1797920 582
1797930 584
1797940 585
1797950 587
1797960 588
1797970 589
1797980 591
1797990 592
1798000 594
1798010 595
1798020 597
1798030 598
1798040 600
1798050 602
1798060 604
1798070 606
1798080 608
1798090 609
1798100 611
1798110 613
1798120 615
1798130 617
1798140 620
1798150 621
1798160 622
1798170 623
1798180 625
1798190 626
1798200 628
1798210 629
1798220 631
1798230 633
1798240 634
1798250 636
1798260 637
1798270 639
1798280 641
1798290 643
1798300 645
1798310 648
1798320 650
1798330 651
1798340 653
1798350 655
1798360 656
1798370 657
1798380 659
1798390 660
1798400 661
1798410 663
1798420 664
1798430 665
1798440 667
1798450 669
1798460 670
1798470 670
1798480 670
1798490 671
1798500 672
1798510 672
1798520 673
1798530 674
1798540 675
1798550 676
1798560 677
1798570 678
1798580 680
1798590 681
1798600 682
1798610 683
1798620 684
1798630 686
1798640 687
1798650 688
1798660 689
1798670 690
1798680 692
1798690 693
1798700 695
1798710 696
1798720 697
1798730 699
1798740 700
1798750 701
1798760 703
1798770 704
1798780 706
1798790 707
1798800 708
1798810 710
1798820 711
1798830 712
1798840 713
1798850 714
1798860 715
1798870 716
1798880 716
1798890 717
1798900 718
1798910 718
1798920 719
1798930 719
1798940 719
1798950 719
1798960 718
1798970 718
1798980 718
1798990 717
1799000 717
1799010 716
1799020 715
1799030 715
1799040 715
1799050 714
1799060 714
1799070 714
1799080 713
1799090 713
1799100 713
1799110 713
1799120 713
1799130 712
1799140 712
1799150 712
1799160 713
1799170 713
1799180 713
1799190 714
1799200 714
1799210 715
1799220 715
1799230 716
1799240 716
1799250 717
1799260 718
1799270 718
1799280 719
1799290 719
1799300 719
1799310 720
1799320 720
1799330 720
1799340 720
1799350 721
1799360 722
1799370 722
1799380 723
1799390 723
1799400 724
1799410 725
1799420 725
1799430 726
1799440 726
1799450 727
1799460 727
1799470 728
1799480 728
1799490 728
1799500 728
1799510 728
1799520 728
1799530 727
1799540 727
1799550 728
1799560 728
1799570 728
1799580 729
1799590 729
1799600 729
1799610 729
1799620 730
1799630 730
1799640 730
1799650 730
1799660 730
1799670 730
1799680 729
1799690 728
1799700 728
1799710 727
1799720 727
1799730 726
1799740 726
1799750 725
1799760 725
1799770 725
1799780 724
1799790 724
1799800 724
1799810 723
1799820 723
1799830 724
1799840 725
1799850 725
1799860 726
1799870 727
1799880 728
1799890 729
1799900 730
1799910 731
1799920 731
1799930 731
1799940 731
1799950 731
1799960 731
1799970 731
1799980 732
1799990 732
