1780000 665
1780010 668
1780020 670
1780030 673
1780040 675
1780050 677
1780060 680
1780070 682
1780080 683
1780090 685
1780100 687
1780110 688
1780120 689
1780130 690
1780140 690
1780150 691
1780160 691
1780170 692
1780180 693
1780190 694
1780200 695
1780210 696
1780220 697
1780230 699
1780240 700
1780250 702
1780260 703
1780270 704
1780280 706
1780290 707
1780300 708
1780310 709
1780320 710
1780330 711
1780340 713
1780350 714
1780360 716
1780370 717
1780380 719
1780390 720
1780400 721
1780410 721
1780420 721
1780430 721
1780440 720
1780450 720
1780460 719
1780470 718
1780480 719
1780490 719
1780500 719
1780510 719
1780520 719
1780530 720
1780540 719
1780550 719
1780560 718
1780570 717
1780580 715
1780590 713
1780600 710
1780610 708
1780620 706
1780630 704
1780640 702
1780650 700
1780660 699
1780670 697
1780680 696
1780690 695
1780700 695
1780710 694
1780720 694
1780730 696
1780740 698
1780750 701
1780760 702
1780770 704
1780780 706
1780790 707
1780800 709
1780810 711
1780820 712
1780830 714
1780840 716
1780850 717
1780860 719
1780870 721
1780880 723
1780890 724
1780900 726
1780910 728
1780920 729
1780930 731
1780940 733
1780950 735
1780960 737
1780970 739
1780980 740
1780990 742
1781000 744
1781010 746
1781020 749
1781030 751
1781040 753
1781050 755
1781060 758
1781070 760
1781080 763
1781090 765
1781100 768
1781110 770
1781120 773
1781130 775
1781140 777
1781150 779
1781160 782
1781170 784
1781180 786
1781190 788
1781200 790
1781210 792
1781220 794
1781230 795
1781240 797
1781250 798
1781260 800
1781270 802
1781280 804
1781290 806
1781300 808
1781310 809
1781320 810
1781330 811
1781340 811
1781350 811
1781360 810
1781370 810
1781380 809
1781390 809
1781400 808
1781410 807
1781420 806
1781430 804
1781440 803
1781450 801
1781460 799
1781470 797
1781480 796
1781490 794
1781500 793
1781510 791
1781520 792
1781530 792
1781540 793
1781550 793
1781560 794
1781570 795
1781580 796
1781590 796
1781600 796
1781610 796
1781620 797
1781630 797
1781640 799
1781650 800
1781660 801
1781670 802
1781680 802
1781690 804
1781700 805
1781710 806
1781720 807
1781730 808
1781740 807
1781750 808
1781760 808
1781770 809
1781780 810
1781790 812
1781800 814
1781810 815
1781820 816
1781830 816
1781840 817
1781850 817
1781860 817
1781870 817
1781880 817
1781890 817
1781900 817
1781910 816
1781920 816
1781930 816
1781940 816
1781950 816
1781960 816
1781970 816
1781980 817
1781990 817
1782000 817
1782010 817
1782020 817
1782030 816
1782040 816
1782050 815
1782060 815
1782070 814
1782080 814
1782090 813
1782100 813
1782110 812
1782120 812
1782130 812
1782140 813
1782150 814
1782160 815
1782170 815
1782180 815
1782190 814
1782200 812
1782210 811
1782220 810
1782230 810
1782240 810
1782250 810
1782260 809
1782270 809
1782280 808
1782290 807
1782300 806
1782310 805
1782320 803
1782330 802
1782340 801
1782350 799
1782360 798
1782370 797
1782380 795
1782390 793
1782400 792
1782410 790
1782420 787
1782430 785
1782440 782
1782450 779
1782460 775
1782470 771
1782480 767
1782490 763
1782500 759
1782510 756
1782520 752
1782530 748
1782540 744
1782550 741
1782560 737
1782570 734
1782580 731
1782590 728
1782600 724
1782610 720
1782620 716
1782630 713
1782640 709
1782650 706
1782660 703
1782670 700
1782680 697
1782690 694
1782700 691
1782710 689
1782720 685
1782730 681
1782740 676
1782750 675
1782760 675
1782770 677
1782780 679
1782790 682
1782800 685
1782810 688
1782820 692
1782830 695
1782840 698
1782850 701
1782860 704
1782870 706
1782880 709
1782890 712
1782900 715
1782910 716
1782920 717
1782930 717
1782940 717
1782950 716
1782960 716
1782970 716
1782980 717
1782990 717
1783000 718
1783010 719
1783020 721
1783030 722
1783040 723
1783050 724
1783060 725
1783070 726
1783080 726
1783090 726
1783100 726
1783110 726
1783120 726
1783130 726
1783140 726
1783150 726
1783160 726
1783170 726
1783180 725
1783190 725
1783200 725
1783210 725
1783220 725
1783230 725
1783240 725
1783250 725
1783260 725
1783270 725
1783280 725
1783290 724
1783300 724
1783310 723
1783320 723
1783330 723
1783340 723
1783350 722
1783360 721
1783370 720
1783380 720
1783390 720
1783400 720
1783410 720
1783420 720
1783430 720
1783440 721
1783450 721
1783460 722
1783470 723
1783480 724
1783490 725
1783500 725
1783510 725
1783520 725
1783530 724
1783540 723
1783550 722
1783560 721
1783570 719
1783580 718
1783590 716
1783600 715
1783610 714
1783620 712
1783630 711
1783640 709
1783650 707
1783660 705
1783670 704
1783680 702
1783690 701
1783700 700
1783710 699
1783720 698
1783730 697
1783740 696
1783750 695
1783760 693
1783770 692
1783780 691
1783790 690
1783800 690
1783810 689
1783820 689
1783830 689
1783840 688
1783850 688
1783860 687
1783870 686
1783880 684
1783890 683
1783900 682
1783910 680
1783920 680
1783930 679
1783940 679
1783950 679
1783960 678
1783970 678
1783980 678
1783990 677
1784000 676
1784010 676
1784020 675
1784030 675
1784040 674
1784050 674
1784060 673
1784070 672
1784080 671
1784090 670
1784100 669
1784110 668
1784120 667
1784130 666
1784140 666
1784150 665
1784160 665
1784170 665
1784180 664
1784190 664
1784200 663
1784210 663
1784220 662
1784230 661
1784240 660
1784250 659
1784260 659
1784270 658
1784280 657
1784290 657
1784300 656
1784310 655
1784320 654
1784330 653
1784340 651
1784350 649
1784360 646
1784370 643
1784380 639
1784390 634
1784400 629
1784410 624
1784420 624
1784430 625
1784440 628
1784450 630
1784460 631
1784470 633
1784480 635
1784490 636
1784500 636
1784510 636
1784520 636
1784530 637
1784540 637
1784550 637
1784560 637
1784570 637
1784580 637
1784590 637
1784600 637
1784610 637
1784620 637
1784630 637
1784640 637
1784650 637
1784660 637
1784670 636
1784680 636
1784690 636
1784700 636
1784710 635
1784720 635
1784730 635
1784740 635
1784750 634
1784760 633
1784770 632
1784780 630
1784790 628
1784800 626
1784810 624
1784820 622
1784830 620
1784840 619
1784850 616
1784860 613
1784870 609
1784880 606
1784890 605
1784900 605
1784910 606
1784920 607
1784930 608
1784940 608
1784950 608
1784960 608
1784970 608
1784980 607
1784990 606
1785000 606
1785010 605
1785020 605
1785030 604
1785040 603
1785050 602
1785060 600
1785070 599
1785080 598
1785090 598
1785100 598
1785110 597
1785120 597
1785130 596
1785140 595
1785150 593
1785160 590
1785170 587
1785180 585
1785190 583
1785200 583
1785210 584
1785220 587
1785230 591
1785240 594
1785250 598
1785260 601
1785270 603
1785280 604
1785290 606
1785300 607
1785310 609
1785320 610
1785330 611
1785340 613
1785350 615
1785360 616
1785370 618
1785380 620
1785390 622
1785400 624
1785410 626
1785420 627
1785430 629
1785440 630
1785450 632
1785460 634
1785470 636
1785480 638
1785490 640
1785500 642
1785510 645
1785520 648
1785530 650
1785540 653
1785550 655
1785560 657
1785570 659
1785580 661
1785590 663
1785600 665
1785610 667
1785620 668
1785630 670
1785640 672
1785650 674
1785660 677
1785670 680
1785680 683
1785690 686
1785700 689
1785710 692
1785720 694
1785730 696
1785740 698
1785750 699
1785760 700
1785770 702
1785780 703
1785790 704
1785800 705
1785810 706
1785820 707
1785830 708
1785840 709
1785850 711
1785860 712
1785870 713
1785880 714
1785890 715
1785900 717
1785910 719
1785920 721
1785930 724
1785940 727
1785950 730
1785960 732
1785970 734
1785980 735
1785990 737
1786000 738
1786010 740
1786020 742
1786030 743
1786040 745
1786050 747
1786060 749
1786070 750
1786080 751
1786090 753
1786100 754
1786110 755
1786120 757
1786130 758
1786140 759
1786150 759
1786160 760
1786170 761
1786180 762
1786190 763
1786200 763
1786210 764
1786220 765
1786230 766
1786240 767
1786250 767
1786260 768
1786270 769
1786280 770
1786290 770
1786300 771
1786310 772
1786320 773
1786330 774
1786340 775
1786350 776
1786360 776
1786370 777
1786380 778
1786390 779
1786400 780
1786410 781
1786420 782
1786430 783
1786440 784
1786450 784
1786460 785
1786470 785
1786480 786
1786490 786
1786500 787
1786510 787
1786520 787
1786530 787
1786540 787
1786550 786
1786560 786
1786570 785
1786580 785
1786590 784
1786600 784
1786610 784
1786620 784
1786630 784
1786640 784
1786650 784
1786660 783
1786670 782
1786680 782
1786690 782
1786700 781
1786710 781
1786720 781
1786730 780
1786740 780
1786750 779
1786760 779
1786770 779
1786780 779
1786790 779
1786800 778
1786810 778
1786820 777
1786830 776
1786840 775
1786850 774
1786860 774
1786870 773
1786880 772
1786890 772
1786900 771
1786910 771
1786920 770
1786930 769
1786940 768
1786950 767
1786960 766
1786970 766
1786980 765
1786990 764
1787000 763
1787010 763
1787020 762
1787030 761
1787040 760
1787050 759
1787060 758
1787070 758
1787080 757
1787090 757
1787100 756
1787110 756
1787120 755
1787130 755
1787140 755
1787150 754
1787160 754
1787170 753
1787180 753
1787190 753
1787200 754
1787210 754
1787220 753
1787230 753
1787240 752
1787250 751
1787260 751
1787270 750
1787280 749
1787290 749
1787300 748
1787310 748
1787320 747
1787330 745
1787340 743
1787350 742
1787360 741
1787370 741
1787380 740
1787390 740
1787400 742
1787410 743
1787420 745
1787430 746
1787440 746
1787450 747
1787460 747
1787470 747
1787480 747
1787490 747
1787500 747
1787510 747
1787520 746
1787530 746
1787540 746
1787550 745
1787560 745
1787570 744
1787580 744
1787590 744
1787600 743
1787610 743
1787620 742
1787630 742
1787640 741
1787650 740
1787660 739
1787670 738
1787680 737
1787690 736
1787700 735
1787710 733
1787720 731
1787730 729
1787740 727
1787750 724
1787760 722
1787770 719
1787780 717
1787790 714
1787800 712
1787810 710
1787820 707
1787830 705
1787840 702
1787850 700
1787860 697
1787870 695
1787880 692
1787890 689
1787900 686
1787910 683
1787920 680
1787930 677
1787940 673
1787950 669
1787960 664
1787970 661
1787980 658
1787990 657
1788000 656
1788010 654
1788020 653
1788030 652
1788040 651
1788050 648
1788060 645
1788070 642
1788080 644
1788090 645
1788100 647
1788110 648
1788120 650
1788130 651
1788140 652
1788150 653
1788160 653
1788170 652
1788180 652
1788190 653
1788200 655
1788210 657
1788220 658
1788230 660
1788240 661
1788250 662
1788260 663
1788270 664
1788280 665
1788290 666
1788300 666
1788310 667
1788320 667
1788330 667
1788340 667
1788350 667
1788360 667
1788370 667
1788380 667
1788390 667
1788400 667
1788410 666
1788420 666
1788430 665
1788440 664
1788450 663
1788460 661
1788470 660
1788480 658
1788490 656
1788500 654
1788510 652
1788520 650
1788530 648
1788540 645
1788550 643
1788560 641
1788570 639
1788580 637
1788590 635
1788600 632
1788610 629
1788620 625
1788630 622
1788640 618
1788650 614
1788660 610
1788670 607
1788680 603
1788690 600
1788700 597
1788710 593
1788720 591
1788730 588
1788740 585
1788750 582
1788760 578
1788770 574
1788780 570
1788790 566
1788800 564
1788810 563
1788820 562
1788830 560
1788840 559
1788850 559
1788860 558
1788870 557
1788880 556
1788890 555
1788900 554
1788910 552
1788920 550
1788930 549
1788940 551
1788950 554
1788960 557
1788970 560
1788980 562
1788990 564
1789000 567
1789010 570
1789020 573
1789030 575
1789040 576
1789050 577
1789060 578
1789070 579
1789080 581
1789090 582
1789100 583
1789110 583
1789120 584
1789130 584
1789140 583
1789150 584
1789160 583
1789170 582
1789180 582
1789190 582
1789200 583
1789210 583
1789220 584
1789230 584
1789240 583
1789250 582
1789260 581
1789270 579
1789280 578
1789290 576
1789300 575
1789310 574
1789320 574
1789330 574
1789340 573
1789350 573
1789360 572
1789370 571
1789380 569
1789390 568
1789400 568
1789410 567
1789420 567
1789430 567
1789440 567
1789450 567
1789460 567
1789470 568
1789480 567
1789490 567
1789500 567
1789510 566
1789520 567
1789530 567
1789540 567
1789550 566
1789560 565
1789570 564
1789580 562
1789590 560
1789600 558
1789610 556
1789620 555
1789630 554
1789640 554
1789650 552
1789660 551
1789670 549
1789680 548
1789690 547
1789700 545
1789710 544
1789720 543
1789730 541
1789740 540
1789750 538
1789760 536
1789770 534
1789780 531
1789790 529
1789800 527
1789810 524
1789820 522
1789830 519
1789840 516
1789850 513
1789860 510
1789870 507
1789880 504
1789890 502
1789900 499
1789910 496
1789920 494
1789930 491
1789940 489
1789950 487
1789960 486
1789970 485
1789980 487
1789990 489
1790000 491
1790010 493
1790020 495
1790030 498
1790040 501
1790050 504
1790060 506
1790070 509
1790080 511
1790090 513
1790100 515
1790110 516
1790120 518
1790130 518
1790140 517
1790150 516
1790160 514
1790170 513
1790180 512
1790190 511
1790200 510
1790210 508
1790220 507
1790230 506
1790240 505
1790250 504
1790260 503
1790270 502
1790280 501
1790290 500
1790300 500
1790310 499
1790320 498
1790330 496
1790340 495
1790350 493
1790360 492
1790370 492
1790380 491
1790390 490
1790400 490
1790410 489
1790420 487
1790430 485
1790440 483
1790450 479
1790460 476
1790470 472
1790480 472
1790490 473
1790500 475
1790510 477
1790520 480
1790530 481
1790540 482
1790550 481
1790560 480
1790570 479
1790580 476
1790590 474
1790600 471
1790610 469
1790620 467
1790630 466
1790640 465
1790650 464
1790660 463
1790670 463
1790680 463
1790690 464
1790700 464
1790710 465
1790720 466
1790730 467
1790740 467
1790750 469
1790760 469
1790770 469
1790780 470
1790790 469
1790800 469
1790810 469
1790820 468
1790830 467
1790840 466
1790850 466
1790860 465
1790870 464
1790880 466
1790890 467
1790900 468
1790910 468
1790920 469
1790930 469
1790940 470
1790950 472
1790960 473
1790970 474
1790980 473
1790990 471
1791000 469
1791010 467
1791020 465
1791030 463
1791040 461
1791050 459
1791060 457
1791070 457
1791080 457
1791090 456
1791100 456
1791110 455
1791120 453
1791130 451
1791140 449
1791150 448
1791160 447
1791170 446
1791180 446
1791190 446
1791200 446
1791210 445
1791220 445
1791230 445
1791240 445
1791250 445
1791260 445
1791270 444
1791280 444
1791290 444
1791300 444
1791310 444
1791320 444
1791330 444
1791340 444
1791350 444
1791360 444
1791370 444
1791380 444
1791390 444
1791400 443
1791410 443
1791420 443
1791430 444
1791440 444
1791450 444
1791460 443
1791470 443
1791480 443
1791490 443
1791500 443
1791510 443
1791520 443
1791530 443
1791540 443
1791550 443
1791560 443
1791570 443
1791580 443
1791590 443
1791600 443
1791610 442
1791620 442
1791630 442
1791640 442
1791650 442
1791660 442
1791670 442
1791680 442
1791690 442
1791700 442
1791710 442
1791720 442
1791730 442
1791740 442
1791750 441
1791760 441
1791770 441
1791780 441
1791790 441
1791800 441
1791810 441
1791820 441
1791830 441
1791840 441
1791850 441
1791860 441
1791870 441
1791880 442
1791890 443
1791900 444
1791910 446
1791920 448
1791930 450
1791940 452
1791950 453
1791960 452
1791970 452
1791980 452
1791990 452
1792000 453
1792010 452
1792020 449
1792030 446
1792040 445
1792050 444
1792060 443
1792070 443
1792080 442
1792090 442
1792100 441
1792110 440
1792120 440
1792130 439
1792140 439
1792150 438
1792160 438
1792170 438
1792180 438
1792190 438
1792200 438
1792210 438
1792220 438
1792230 438
1792240 438
1792250 438
1792260 438
1792270 438
1792280 438
1792290 438
1792300 438
1792310 438
1792320 438
1792330 438
1792340 437
1792350 437
1792360 437
1792370 436
1792380 436
1792390 436
1792400 436
1792410 436
1792420 436
1792430 436
1792440 436
1792450 436
1792460 436
1792470 435
1792480 434
1792490 433
1792500 433
1792510 434
1792520 435
1792530 435
1792540 435
1792550 435
1792560 435
1792570 435
1792580 435
1792590 436
1792600 435
1792610 434
1792620 434
1792630 434
1792640 434
1792650 434
1792660 434
1792670 434
1792680 434
1792690 434
1792700 435
1792710 437
1792720 437
1792730 438
1792740 439
1792750 441
1792760 442
1792770 443
1792780 444
1792790 445
1792800 445
1792810 444
1792820 445
1792830 447
1792840 450
1792850 454
1792860 457
1792870 459
1792880 460
1792890 461
1792900 462
1792910 463
1792920 464
1792930 465
1792940 465
1792950 466
1792960 467
1792970 468
1792980 469
1792990 470
1793000 471
1793010 472
1793020 472
1793030 473
1793040 474
1793050 474
1793060 476
1793070 477
1793080 478
1793090 477
1793100 478
1793110 480
1793120 484
1793130 487
1793140 492
1793150 496
1793160 500
1793170 504
1793180 507
1793190 509
1793200 511
1793210 513
1793220 514
1793230 516
1793240 518
1793250 522
1793260 525
1793270 528
1793280 532
1793290 535
1793300 538
1793310 539
1793320 539
1793330 539
1793340 538
1793350 538
1793360 537
1793370 536
1793380 537
1793390 538
1793400 539
1793410 541
1793420 544
1793430 547
1793440 549
1793450 552
1793460 554
1793470 558
1793480 561
1793490 564
1793500 566
1793510 569
1793520 572
1793530 574
1793540 575
1793550 576
1793560 577
1793570 578
1793580 579
1793590 580
1793600 581
1793610 582
1793620 583
1793630 585
1793640 586
1793650 588
1793660 589
1793670 589
1793680 589
1793690 588
1793700 587
1793710 586
1793720 585
1793730 583
1793740 581
1793750 579
1793760 577
1793770 576
1793780 575
1793790 574
1793800 571
1793810 569
1793820 566
1793830 564
1793840 562
1793850 561
1793860 560
1793870 556
1793880 552
1793890 549
1793900 550
1793910 551
1793920 553
1793930 555
1793940 556
1793950 557
1793960 556
1793970 554
1793980 552
1793990 549
1794000 546
1794010 544
1794020 541
1794030 539
1794040 537
1794050 535
1794060 532
1794070 530
1794080 527
1794090 525
1794100 523
1794110 519
1794120 517
1794130 516
1794140 520
1794150 524
1794160 528
1794170 532
1794180 535
1794190 538
1794200 541
1794210 544
1794220 547
1794230 550
1794240 552
1794250 554
1794260 557
1794270 559
1794280 561
1794290 563
1794300 564
1794310 566
1794320 568
1794330 569
1794340 571
1794350 573
1794360 574
1794370 576
1794380 577
1794390 579
1794400 581
1794410 582
1794420 584
1794430 586
1794440 588
1794450 590
1794460 592
1794470 594
1794480 596
1794490 598
1794500 600
1794510 602
1794520 604
1794530 606
1794540 608
1794550 609
1794560 611
1794570 612
1794580 613
1794590 614
1794600 615
1794610 616
1794620 617
1794630 617
1794640 618
1794650 618
1794660 618
1794670 617
1794680 617
1794690 616
1794700 615
1794710 614
1794720 613
1794730 612
1794740 611
1794750 610
1794760 609
1794770 608
1794780 608
1794790 607
1794800 607
1794810 606
1794820 605
1794830 605
1794840 604
1794850 603
1794860 602
1794870 600
1794880 599
1794890 597
1794900 594
1794910 591
1794920 589
1794930 586
1794940 584
1794950 581
1794960 578
1794970 575
1794980 573
1794990 570
1795000 567
1795010 565
1795020 562
1795030 561
1795040 559
1795050 558
1795060 557
1795070 556
1795080 555
1795090 554
1795100 552
1795110 552
1795120 556
1795130 559
1795140 563
1795150 565
1795160 566
1795170 568
1795180 569
1795190 571
1795200 572
1795210 574
1795220 576
1795230 578
1795240 580
1795250 583
1795260 586
1795270 589
1795280 592
1795290 595
1795300 597
1795310 599
1795320 602
1795330 603
1795340 605
1795350 608
1795360 610
1795370 612
1795380 614
1795390 616
1795400 618
1795410 620
1795420 622
1795430 624
1795440 625
1795450 626
1795460 628
1795470 629
1795480 631
1795490 633
1795500 635
1795510 637
1795520 639
1795530 640
1795540 642
1795550 644
1795560 646
1795570 648
1795580 650
1795590 652
1795600 655
1795610 657
1795620 659
1795630 661
1795640 663
1795650 665
1795660 667
1795670 668
1795680 670
1795690 671
1795700 673
1795710 675
1795720 676
1795730 678
1795740 679
1795750 680
1795760 681
1795770 682
1795780 683
1795790 684
1795800 685
1795810 686
1795820 687
1795830 687
1795840 688
1795850 689
1795860 690
1795870 691
1795880 692
1795890 692
1795900 692
1795910 692
1795920 693
1795930 693
1795940 694
1795950 694
1795960 696
1795970 696
1795980 696
1795990 696
1796000 697
1796010 697
1796020 697
1796030 697
1796040 697
1796050 697
1796060 697
1796070 697
1796080 697
1796090 697
1796100 697
1796110 697
1796120 697
1796130 697
1796140 697
1796150 697
1796160 697
1796170 697
1796180 697
1796190 697
1796200 697
1796210 697
1796220 697
1796230 697
1796240 696
1796250 696
1796260 696
1796270 696
1796280 696
1796290 696
1796300 695
1796310 695
1796320 695
1796330 694
1796340 693
1796350 693
1796360 692
1796370 691
1796380 690
1796390 689
1796400 689
1796410 688
1796420 687
1796430 686
1796440 684
1796450 681
1796460 679
1796470 677
1796480 675
1796490 672
1796500 670
1796510 668
1796520 666
1796530 663
1796540 661
1796550 658
1796560 655
1796570 651
1796580 648
1796590 645
1796600 642
1796610 639
1796620 636
1796630 633
1796640 631
1796650 628
1796660 626
1796670 623
1796680 620
1796690 617
1796700 613
1796710 610
1796720 608
1796730 605
1796740 602
1796750 599
1796760 596
1796770 593
1796780 591
1796790 589
1796800 588
1796810 586
1796820 584
1796830 582
1796840 580
1796850 578
1796860 576
1796870 575
1796880 574
1796890 572
1796900 571
1796910 568
1796920 566
1796930 565
1796940 563
1796950 561
1796960 560
1796970 558
1796980 556
1796990 554
1797000 552
1797010 551
1797020 550
1797030 548
1797040 546
1797050 544
1797060 542
1797070 539
1797080 536
1797090 533
1797100 530
1797110 528
1797120 526
1797130 523
1797140 521
1797150 519
1797160 517
1797170 514
1797180 512
1797190 509
1797200 507
1797210 504
1797220 502
1797230 499
1797240 497
1797250 495
1797260 492
1797270 490
1797280 488
1797290 487
1797300 485
1797310 484
1797320 483
1797330 481
1797340 480
1797350 478
1797360 477
1797370 476
1797380 475
1797390 475
1797400 474
1797410 474
1797420 473
1797430 473
1797440 472
1797450 471
1797460 473
1797470 474
1797480 474
1797490 476
1797500 478
1797510 481
1797520 484
1797530 485
1797540 487
1797550 489
1797560 491
1797570 494
1797580 496
1797590 499
1797600 501
1797610 505
1797620 507
1797630 510
1797640 512
1797650 514
1797660 515
1797670 516
1797680 516
1797690 517
1797700 517
1797710 518
1797720 520
1797730 522
1797740 523
1797750 525
1797760 526
1797770 528
1797780 529
1797790 530
1797800 531
1797810 534
1797820 537
1797830 539
1797840 541
1797850 542
1797860 544
1797870 548
1797880 551
1797890 553
1797900 555
1797910 558
1797920 561
1797930 563
1797940 564
1797950 566
1797960 568
1797970 569
1797980 571
1797990 572
1798000 574
1798010 576
1798020 578
1798030 580
1798040 583
1798050 585
1798060 587
1798070 590
1798080 592
1798090 593
1798100 595
1798110 597
1798120 598
1798130 599
1798140 601
1798150 603
1798160 604
1798170 606
1798180 608
1798190 609
1798200 611
1798210 612
1798220 614
1798230 615
1798240 616
1798250 617
1798260 618
1798270 620
1798280 620
1798290 622
1798300 623
1798310 624
1798320 625
1798330 626
1798340 627
1798350 628
1798360 629
1798370 631
1798380 633
1798390 634
1798400 636
1798410 638
1798420 639
1798430 641
1798440 642
1798450 644
1798460 645
1798470 647
1798480 649
1798490 651
1798500 653
1798510 654
1798520 655
1798530 656
1798540 658
1798550 660
1798560 662
1798570 663
1798580 664
1798590 665
1798600 667
1798610 669
1798620 671
1798630 673
1798640 675
1798650 677
1798660 678
1798670 680
1798680 682
1798690 684
1798700 685
1798710 687
1798720 689
1798730 690
1798740 692
1798750 694
1798760 695
1798770 697
1798780 698
1798790 699
1798800 701
1798810 702
1798820 703
1798830 704
1798840 704
1798850 705
1798860 705
1798870 705
1798880 705
1798890 705
1798900 705
1798910 704
1798920 704
1798930 703
1798940 703
1798950 702
1798960 701
1798970 701
1798980 700
1798990 699
1799000 698
1799010 697
1799020 696
1799030 695
1799040 694
1799050 693
1799060 692
1799070 691
1799080 690
1799090 689
1799100 688
1799110 688
1799120 689
1799130 689
1799140 689
1799150 689
1799160 688
1799170 688
1799180 686
1799190 685
1799200 684
1799210 682
1799220 681
1799230 680
1799240 680
1799250 680
1799260 680
1799270 681
1799280 682
1799290 683
1799300 684
1799310 685
1799320 687
1799330 688
1799340 690
1799350 691
1799360 692
1799370 693
1799380 693
1799390 692
1799400 692
1799410 692
1799420 692
1799430 691
1799440 691
1799450 690
1799460 689
1799470 689
1799480 688
1799490 688
1799500 688
1799510 688
1799520 688
1799530 687
1799540 686
1799550 686
1799560 685
1799570 685
1799580 685
1799590 685
1799600 685
1799610 684
1799620 683
1799630 682
1799640 681
1799650 681
1799660 682
1799670 682
1799680 683
1799690 683
1799700 684
1799710 685
1799720 686
1799730 687
1799740 687
1799750 688
1799760 688
1799770 688
1799780 687
1799790 685
1799800 683
1799810 684
1799820 687
1799830 691
1799840 693
1799850 695
1799860 697
1799870 699
1799880 701
1799890 704
1799900 706
1799910 708
1799920 710
1799930 712
1799940 714
1799950 716
1799960 718
1799970 720
1799980 722
1799990 724
