1780000 776
1780010 773
1780020 771
1780030 769
1780040 767
1780050 765
1780060 762
1780070 760
1780080 758
1780090 755
1780100 753
1780110 750
1780120 747
1780130 743
1780140 740
1780150 736
1780160 733
1780170 729
1780180 725
1780190 722
1780200 719
1780210 716
1780220 712
1780230 709
1780240 706
1780250 702
1780260 698
1780270 693
1780280 689
1780290 685
1780300 683
1780310 681
1780320 680
1780330 678
1780340 675
1780350 673
1780360 672
1780370 670
1780380 668
1780390 665
1780400 663
1780410 660
1780420 657
1780430 653
1780440 649
1780450 644
1780460 641
1780470 638
1780480 635
1780490 631
1780500 628
1780510 626
1780520 624
1780530 622
1780540 620
1780550 620
1780560 621
1780570 621
1780580 621
1780590 621
1780600 621
1780610 621
1780620 621
1780630 621
1780640 621
1780650 621
1780660 621
1780670 621
1780680 621
1780690 621
1780700 621
1780710 620
1780720 621
1780730 621
1780740 622
1780750 623
1780760 624
1780770 625
1780780 626
1780790 628
1780800 630
1780810 632
1780820 634
1780830 635
1780840 636
1780850 637
1780860 638
1780870 639
1780880 640
1780890 641
1780900 642
1780910 643
1780920 644
1780930 645
1780940 646
1780950 647
1780960 648
1780970 649
1780980 650
1780990 650
1781000 651
1781010 652
1781020 652
1781030 653
1781040 654
1781050 654
1781060 655
1781070 656
1781080 656
1781090 657
1781100 657
1781110 657
1781120 658
1781130 659
1781140 659
1781150 660
1781160 661
1781170 663
1781180 664
1781190 666
1781200 667
1781210 668
1781220 669
1781230 670
1781240 670
1781250 670
1781260 670
1781270 670
1781280 669
1781290 669
1781300 668
1781310 668
1781320 667
1781330 667
1781340 667
1781350 667
1781360 666
1781370 666
1781380 664
1781390 663
1781400 663
1781410 665
1781420 666
1781430 666
1781440 667
1781450 667
1781460 668
1781470 668
1781480 669
1781490 669
1781500 670
1781510 670
1781520 671
1781530 671
1781540 672
1781550 672
1781560 673
1781570 673
1781580 673
1781590 673
1781600 673
1781610 674
1781620 674
1781630 675
1781640 675
1781650 676
1781660 676
1781670 677
1781680 677
1781690 677
1781700 677
1781710 677
1781720 677
1781730 678
1781740 678
1781750 678
1781760 678
1781770 678
1781780 678
1781790 678
1781800 678
1781810 679
1781820 679
1781830 679
1781840 680
1781850 680
1781860 679
1781870 680
1781880 680
1781890 680
1781900 680
1781910 681
1781920 681
1781930 681
1781940 681
1781950 682
1781960 682
1781970 682
1781980 682
1781990 682
1782000 682
1782010 682
1782020 682
1782030 682
1782040 682
1782050 682
1782060 683
1782070 684
1782080 684
1782090 684
1782100 685
1782110 685
1782120 686
1782130 687
1782140 687
1782150 688
1782160 689
1782170 689
1782180 690
1782190 691
1782200 692
1782210 693
1782220 695
1782230 697
1782240 697
1782250 697
1782260 697
1782270 697
1782280 698
1782290 698
1782300 698
1782310 699
1782320 699
1782330 699
1782340 699
1782350 699
1782360 699
1782370 699
1782380 699
1782390 699
1782400 699
1782410 698
1782420 697
1782430 696
1782440 695
1782450 694
1782460 693
1782470 692
1782480 690
1782490 689
1782500 687
1782510 685
1782520 683
1782530 681
1782540 680
1782550 679
1782560 678
1782570 676
1782580 675
1782590 674
1782600 672
1782610 670
1782620 667
1782630 665
1782640 663
1782650 660
1782660 658
1782670 656
1782680 655
1782690 654
1782700 654
1782710 654
1782720 655
1782730 656
1782740 655
1782750 653
1782760 652
1782770 652
1782780 652
1782790 651
1782800 651
1782810 651
1782820 651
1782830 650
1782840 649
1782850 648
1782860 648
1782870 647
1782880 647
1782890 647
1782900 647
1782910 646
1782920 645
1782930 644
1782940 642
1782950 640
1782960 638
1782970 636
1782980 635
1782990 634
1783000 633
1783010 633
1783020 632
1783030 631
1783040 630
1783050 629
1783060 628
1783070 627
1783080 626
1783090 625
1783100 625
1783110 625
1783120 624
1783130 624
1783140 623
1783150 622
1783160 621
1783170 622
1783180 622
1783190 623
1783200 624
1783210 625
1783220 627
1783230 629
1783240 630
1783250 631
1783260 632
1783270 632
1783280 633
1783290 634
1783300 634
1783310 634
1783320 633
1783330 631
1783340 627
1783350 624
1783360 620
1783370 616
1783380 613
1783390 610
1783400 608
1783410 606
1783420 604
1783430 602
1783440 600
1783450 598
1783460 596
1783470 594
1783480 592
1783490 590
1783500 589
1783510 589
1783520 588
1783530 588
1783540 588
1783550 588
1783560 590
1783570 591
1783580 591
1783590 591
1783600 592
1783610 592
1783620 592
1783630 592
1783640 593
1783650 593
1783660 593
1783670 593
1783680 593
1783690 593
1783700 593
1783710 593
1783720 593
1783730 593
1783740 593
1783750 593
1783760 593
1783770 593
1783780 593
1783790 592
1783800 592
1783810 592
1783820 592
1783830 592
1783840 591
1783850 591
1783860 591
1783870 590
1783880 590
1783890 590
1783900 589
1783910 589
1783920 588
1783930 588
1783940 587
1783950 587
1783960 586
1783970 586
1783980 585
1783990 585
1784000 584
1784010 583
1784020 582
1784030 582
1784040 581
1784050 580
1784060 579
1784070 578
1784080 577
1784090 577
1784100 576
1784110 575
1784120 574
1784130 572
1784140 572
1784150 570
1784160 569
1784170 567
1784180 566
1784190 565
1784200 564
1784210 564
1784220 564
1784230 564
1784240 563
1784250 562
1784260 561
1784270 559
1784280 558
1784290 557
1784300 555
1784310 554
1784320 552
1784330 550
1784340 548
1784350 546
1784360 546
1784370 545
1784380 545
1784390 545
1784400 545
1784410 544
1784420 544
1784430 544
1784440 543
1784450 542
1784460 541
1784470 541
1784480 541
1784490 541
1784500 541
1784510 542
1784520 542
1784530 542
1784540 542
1784550 541
1784560 541
1784570 541
1784580 541
1784590 541
1784600 541
1784610 540
1784620 541
1784630 543
1784640 547
1784650 550
1784660 553
1784670 554
1784680 556
1784690 558
1784700 560
1784710 562
1784720 563
1784730 564
1784740 566
1784750 567
1784760 569
1784770 570
1784780 572
1784790 574
1784800 576
1784810 578
1784820 580
1784830 583
1784840 585
1784850 588
1784860 589
1784870 591
1784880 594
1784890 597
1784900 600
1784910 602
1784920 605
1784930 607
1784940 610
1784950 613
1784960 615
1784970 618
1784980 620
1784990 623
1785000 624
1785010 625
1785020 626
1785030 627
1785040 628
1785050 630
1785060 631
1785070 633
1785080 635
1785090 637
1785100 639
1785110 641
1785120 643
1785130 645
1785140 646
1785150 646
1785160 647
1785170 649
1785180 652
1785190 656
1785200 660
1785210 664
1785220 667
1785230 670
1785240 672
1785250 674
1785260 676
1785270 678
1785280 680
1785290 681
1785300 683
1785310 685
1785320 688
1785330 689
1785340 690
1785350 691
1785360 691
1785370 692
1785380 692
1785390 693
1785400 694
1785410 694
1785420 695
1785430 696
1785440 696
1785450 696
1785460 697
1785470 697
1785480 696
1785490 696
1785500 696
1785510 696
1785520 696
1785530 696
1785540 695
1785550 694
1785560 694
1785570 693
1785580 692
1785590 691
1785600 690
1785610 690
1785620 690
1785630 689
1785640 688
1785650 687
1785660 686
1785670 684
1785680 683
1785690 683
1785700 682
1785710 681
1785720 680
1785730 678
1785740 677
1785750 675
1785760 673
1785770 672
1785780 671
1785790 670
1785800 669
1785810 668
1785820 668
1785830 667
1785840 666
1785850 666
1785860 666
1785870 665
1785880 665
1785890 664
1785900 663
1785910 663
1785920 662
1785930 661
1785940 660
1785950 659
1785960 658
1785970 657
1785980 655
1785990 654
1786000 652
1786010 651
1786020 650
1786030 649
1786040 648
1786050 646
1786060 645
1786070 644
1786080 644
1786090 643
1786100 643
1786110 642
1786120 641
1786130 640
1786140 641
1786150 641
1786160 640
1786170 638
1786180 635
1786190 634
1786200 634
1786210 636
1786220 639
1786230 642
1786240 644
1786250 646
1786260 647
1786270 648
1786280 649
1786290 650
1786300 650
1786310 650
1786320 649
1786330 649
1786340 650
1786350 651
1786360 653
1786370 653
1786380 654
1786390 653
1786400 653
1786410 653
1786420 653
1786430 653
1786440 652
1786450 652
1786460 652
1786470 652
1786480 651
1786490 650
1786500 650
1786510 650
1786520 650
1786530 650
1786540 649
1786550 649
1786560 649
1786570 649
1786580 649
1786590 650
1786600 652
1786610 653
1786620 655
1786630 656
1786640 656
1786650 657
1786660 657
1786670 656
1786680 655
1786690 654
1786700 654
1786710 654
1786720 653
1786730 652
1786740 652
1786750 651
1786760 651
1786770 651
1786780 650
1786790 650
1786800 650
1786810 650
1786820 651
1786830 651
1786840 651
1786850 650
1786860 650
1786870 650
1786880 649
1786890 649
1786900 649
1786910 649
1786920 648
1786930 648
1786940 647
1786950 647
1786960 647
1786970 647
1786980 647
1786990 647
1787000 646
1787010 645
1787020 644
1787030 643
1787040 642
1787050 641
1787060 640
1787070 639
1787080 638
1787090 637
1787100 636
1787110 635
1787120 633
1787130 633
1787140 632
1787150 630
1787160 629
1787170 627
1787180 626
1787190 624
1787200 622
1787210 620
1787220 617
1787230 615
1787240 612
1787250 609
1787260 606
1787270 603
1787280 600
1787290 596
1787300 593
1787310 591
1787320 593
1787330 597
1787340 600
1787350 603
1787360 606
1787370 608
1787380 609
1787390 610
1787400 612
1787410 613
1787420 614
1787430 616
1787440 617
1787450 619
1787460 620
1787470 621
1787480 622
1787490 622
1787500 621
1787510 621
1787520 622
1787530 623
1787540 624
1787550 626
1787560 627
1787570 629
1787580 631
1787590 632
1787600 632
1787610 633
1787620 634
1787630 634
1787640 634
1787650 635
1787660 635
1787670 635
1787680 636
1787690 636
1787700 637
1787710 637
1787720 637
1787730 637
1787740 637
1787750 637
1787760 637
1787770 636
1787780 635
1787790 634
1787800 633
1787810 632
1787820 631
1787830 629
1787840 628
1787850 627
1787860 626
1787870 626
1787880 625
1787890 625
1787900 624
1787910 623
1787920 622
1787930 622
1787940 621
1787950 620
1787960 619
1787970 618
1787980 617
1787990 616
1788000 614
1788010 612
1788020 611
1788030 610
1788040 609
1788050 608
1788060 606
1788070 605
1788080 605
1788090 604
1788100 603
1788110 603
1788120 602
1788130 601
1788140 601
1788150 600
1788160 599
1788170 598
1788180 597
1788190 596
1788200 594
1788210 593
1788220 592
1788230 590
1788240 588
1788250 586
1788260 585
1788270 583
1788280 581
1788290 580
1788300 578
1788310 576
1788320 574
1788330 573
1788340 570
1788350 568
1788360 566
1788370 564
1788380 562
1788390 559
1788400 557
1788410 555
1788420 553
1788430 551
1788440 548
1788450 546
1788460 544
1788470 541
1788480 539
1788490 538
1788500 535
1788510 533
1788520 528
1788530 524
1788540 519
1788550 515
1788560 511
1788570 509
1788580 512
1788590 514
1788600 517
1788610 519
1788620 521
1788630 522
1788640 523
1788650 525
1788660 526
1788670 527
1788680 527
1788690 528
1788700 528
1788710 528
1788720 529
1788730 529
1788740 528
1788750 528
1788760 527
1788770 526
1788780 524
1788790 523
1788800 521
1788810 519
1788820 517
1788830 516
1788840 514
1788850 512
1788860 510
1788870 509
1788880 507
1788890 505
1788900 503
1788910 500
1788920 497
1788930 495
1788940 493
1788950 490
1788960 486
1788970 482
1788980 479
1788990 477
1789000 475
1789010 473
1789020 471
1789030 470
1789040 469
1789050 467
1789060 466
1789070 465
1789080 464
1789090 463
1789100 463
1789110 463
1789120 462
1789130 462
1789140 462
1789150 462
1789160 462
1789170 462
1789180 462
1789190 462
1789200 462
1789210 462
1789220 462
1789230 462
1789240 462
1789250 462
1789260 462
1789270 461
1789280 461
1789290 461
1789300 461
1789310 461
1789320 461
1789330 461
1789340 460
1789350 460
1789360 460
1789370 460
1789380 460
1789390 459
1789400 459
1789410 459
1789420 460
1789430 460
1789440 461
1789450 461
1789460 461
1789470 461
1789480 460
1789490 460
1789500 460
1789510 460
1789520 460
1789530 460
1789540 460
1789550 460
1789560 460
1789570 460
1789580 460
1789590 459
1789600 459
1789610 459
1789620 459
1789630 459
1789640 459
1789650 459
1789660 459
1789670 459
1789680 459
1789690 459
1789700 459
1789710 460
1789720 460
1789730 460
1789740 461
1789750 461
1789760 461
1789770 462
1789780 463
1789790 465
1789800 467
1789810 469
1789820 470
1789830 471
1789840 472
1789850 472
1789860 473
1789870 472
1789880 473
1789890 475
1789900 478
1789910 481
1789920 483
1789930 486
1789940 489
1789950 490
1789960 490
1789970 491
1789980 491
1789990 492
1790000 493
1790010 495
1790020 496
1790030 497
1790040 497
1790050 498
1790060 500
1790070 502
1790080 504
1790090 506
1790100 508
1790110 509
1790120 511
1790130 514
1790140 516
1790150 519
1790160 521
1790170 523
1790180 525
1790190 527
1790200 529
1790210 530
1790220 531
1790230 532
1790240 532
1790250 532
1790260 533
1790270 533
1790280 533
1790290 532
1790300 531
1790310 529
1790320 527
1790330 525
1790340 524
1790350 521
1790360 517
1790370 513
1790380 511
1790390 516
1790400 520
1790410 524
1790420 527
1790430 530
1790440 533
1790450 535
1790460 536
1790470 537
1790480 538
1790490 539
1790500 541
1790510 542
1790520 544
1790530 546
1790540 548
1790550 550
1790560 552
1790570 554
1790580 556
1790590 557
1790600 558
1790610 558
1790620 559
1790630 561
1790640 562
1790650 563
1790660 564
1790670 566
1790680 568
1790690 569
1790700 571
1790710 572
1790720 574
1790730 575
1790740 576
1790750 576
1790760 577
1790770 578
1790780 578
1790790 578
1790800 579
1790810 579
1790820 579
1790830 579
1790840 578
1790850 578
1790860 577
1790870 577
1790880 577
1790890 577
1790900 577
1790910 576
1790920 574
1790930 573
1790940 572
1790950 573
1790960 574
1790970 575
1790980 577
1790990 578
1791000 580
1791010 582
1791020 583
1791030 583
1791040 584
1791050 585
1791060 586
1791070 588
1791080 591
1791090 593
1791100 595
1791110 597
1791120 599
1791130 601
1791140 603
1791150 605
1791160 607
1791170 609
1791180 611
1791190 614
1791200 616
1791210 618
1791220 620
1791230 622
1791240 622
1791250 622
1791260 620
1791270 617
1791280 615
1791290 612
1791300 611
1791310 609
1791320 610
1791330 610
1791340 611
1791350 612
1791360 613
1791370 614
1791380 615
1791390 614
1791400 613
1791410 612
1791420 611
1791430 610
1791440 609
1791450 609
1791460 608
1791470 607
1791480 607
1791490 606
1791500 605
1791510 605
1791520 604
1791530 603
1791540 602
1791550 601
1791560 600
1791570 598
1791580 596
1791590 594
1791600 592
1791610 590
1791620 588
1791630 587
1791640 587
1791650 586
1791660 586
1791670 586
1791680 586
1791690 586
1791700 586
1791710 586
1791720 586
1791730 586
1791740 587
1791750 587
1791760 587
1791770 587
1791780 588
1791790 588
1791800 589
1791810 589
1791820 590
1791830 591
1791840 591
1791850 592
1791860 592
1791870 593
1791880 593
1791890 593
1791900 593
1791910 592
1791920 591
1791930 590
1791940 589
1791950 589
1791960 588
1791970 588
1791980 587
1791990 586
1792000 585
1792010 583
1792020 582
1792030 581
1792040 579
1792050 578
1792060 577
1792070 575
1792080 574
1792090 573
1792100 572
1792110 571
1792120 569
1792130 568
1792140 566
1792150 565
1792160 564
1792170 562
1792180 561
1792190 560
1792200 559
1792210 557
1792220 555
1792230 554
1792240 552
1792250 550
1792260 549
1792270 547
1792280 546
1792290 545
1792300 543
1792310 542
1792320 541
1792330 540
1792340 539
1792350 538
1792360 536
1792370 535
1792380 534
1792390 532
1792400 530
1792410 528
1792420 526
1792430 523
1792440 522
1792450 520
1792460 519
1792470 517
1792480 515
1792490 513
1792500 510
1792510 509
1792520 506
1792530 503
1792540 500
1792550 498
1792560 495
1792570 491
1792580 488
1792590 485
1792600 481
1792610 478
1792620 476
1792630 475
1792640 474
1792650 473
1792660 472
1792670 472
1792680 473
1792690 475
1792700 478
1792710 480
1792720 480
1792730 481
1792740 480
1792750 480
1792760 479
1792770 478
1792780 477
1792790 477
1792800 476
1792810 474
1792820 473
1792830 472
1792840 471
1792850 470
1792860 469
1792870 469
1792880 468
1792890 466
1792900 464
1792910 461
1792920 457
1792930 453
1792940 449
1792950 447
1792960 443
1792970 439
1792980 436
1792990 435
1793000 434
1793010 434
1793020 434
1793030 433
1793040 432
1793050 431
1793060 431
1793070 430
1793080 430
1793090 430
1793100 430
1793110 430
1793120 430
1793130 431
1793140 431
1793150 431
1793160 431
1793170 431
1793180 431
1793190 430
1793200 430
1793210 430
1793220 430
1793230 430
1793240 430
1793250 430
1793260 430
1793270 430
1793280 430
1793290 431
1793300 431
1793310 432
1793320 431
1793330 431
1793340 430
1793350 431
1793360 431
1793370 431
1793380 431
1793390 431
1793400 431
1793410 431
1793420 431
1793430 431
1793440 431
1793450 430
1793460 429
1793470 429
1793480 429
1793490 429
1793500 429
1793510 428
1793520 428
1793530 427
1793540 428
1793550 429
1793560 430
1793570 431
1793580 432
1793590 433
1793600 435
1793610 437
1793620 438
1793630 440
1793640 441
1793650 442
1793660 442
1793670 443
1793680 444
1793690 445
1793700 446
1793710 447
1793720 447
1793730 448
1793740 449
1793750 449
1793760 450
1793770 450
1793780 450
1793790 451
1793800 451
1793810 451
1793820 451
1793830 452
1793840 452
1793850 452
1793860 451
1793870 450
1793880 449
1793890 447
1793900 446
1793910 445
1793920 444
1793930 445
1793940 446
1793950 447
1793960 449
1793970 450
1793980 452
1793990 453
1794000 454
1794010 455
1794020 457
1794030 458
1794040 459
1794050 460
1794060 461
1794070 462
1794080 463
1794090 463
1794100 464
1794110 465
1794120 466
1794130 467
1794140 467
1794150 468
1794160 469
1794170 470
1794180 471
1794190 472
1794200 473
1794210 474
1794220 475
1794230 476
1794240 477
1794250 478
1794260 479
1794270 480
1794280 481
1794290 482
1794300 483
1794310 484
1794320 484
1794330 486
1794340 487
1794350 488
1794360 489
1794370 490
1794380 491
1794390 492
1794400 493
1794410 494
1794420 495
1794430 496
1794440 497
1794450 498
1794460 498
1794470 499
1794480 500
1794490 501
1794500 501
1794510 502
1794520 503
1794530 504
1794540 505
1794550 506
1794560 506
1794570 506
1794580 506
1794590 505
1794600 505
1794610 504
1794620 503
1794630 502
1794640 502
1794650 503
1794660 503
1794670 504
1794680 504
1794690 504
1794700 503
1794710 502
1794720 500
1794730 497
1794740 495
1794750 492
1794760 490
1794770 487
1794780 484
1794790 481
1794800 479
1794810 478
1794820 479
1794830 480
1794840 482
1794850 486
1794860 488
1794870 490
1794880 492
1794890 494
1794900 496
1794910 498
1794920 500
1794930 502
1794940 503
1794950 505
1794960 507
1794970 509
1794980 510
1794990 512
1795000 514
1795010 514
1795020 515
1795030 515
1795040 517
1795050 519
1795060 520
1795070 523
1795080 526
1795090 529
1795100 531
1795110 533
1795120 534
1795130 534
1795140 535
1795150 535
1795160 537
1795170 539
1795180 542
1795190 545
1795200 548
1795210 551
1795220 552
1795230 554
1795240 556
1795250 557
1795260 558
1795270 559
1795280 559
1795290 559
1795300 560
1795310 563
1795320 566
1795330 570
1795340 572
1795350 574
1795360 576
1795370 578
1795380 580
1795390 582
1795400 584
1795410 585
1795420 586
1795430 587
1795440 587
1795450 588
1795460 589
1795470 590
1795480 592
1795490 593
1795500 594
1795510 596
1795520 597
1795530 599
1795540 600
1795550 602
1795560 604
1795570 606
1795580 609
1795590 610
1795600 611
1795610 613
1795620 613
1795630 614
1795640 615
1795650 617
1795660 620
1795670 623
1795680 625
1795690 628
1795700 630
1795710 633
1795720 635
1795730 637
1795740 639
1795750 641
1795760 643
1795770 644
1795780 646
1795790 647
1795800 648
1795810 649
1795820 651
1795830 652
1795840 653
1795850 655
1795860 657
1795870 658
1795880 660
1795890 661
1795900 661
1795910 662
1795920 663
1795930 664
1795940 664
1795950 665
1795960 664
1795970 664
1795980 663
1795990 662
1796000 661
1796010 660
1796020 659
1796030 657
1796040 656
1796050 655
1796060 653
1796070 652
1796080 651
1796090 649
1796100 648
1796110 647
1796120 646
1796130 646
1796140 645
1796150 644
1796160 643
1796170 642
1796180 641
1796190 640
1796200 640
1796210 639
1796220 639
1796230 639
1796240 638
1796250 637
1796260 637
1796270 636
1796280 634
1796290 633
1796300 632
1796310 630
1796320 629
1796330 628
1796340 627
1796350 626
1796360 625
1796370 624
1796380 623
1796390 622
1796400 621
1796410 620
1796420 618
1796430 617
1796440 616
1796450 615
1796460 614
1796470 613
1796480 612
1796490 610
1796500 609
1796510 607
1796520 605
1796530 603
1796540 602
1796550 600
1796560 599
1796570 597
1796580 596
1796590 594
1796600 593
1796610 591
1796620 589
1796630 588
1796640 586
1796650 584
1796660 582
1796670 580
1796680 578
1796690 576
1796700 574
1796710 572
1796720 570
1796730 568
1796740 567
1796750 565
1796760 562
1796770 560
1796780 559
1796790 557
1796800 555
1796810 553
1796820 550
1796830 548
1796840 546
1796850 545
1796860 544
1796870 543
1796880 542
1796890 541
1796900 539
1796910 538
1796920 537
1796930 536
1796940 535
1796950 533
1796960 531
1796970 528
1796980 526
1796990 524
1797000 522
1797010 519
1797020 517
1797030 515
1797040 513
1797050 510
1797060 507
1797070 504
1797080 500
1797090 497
1797100 495
1797110 492
1797120 489
1797130 485
1797140 483
1797150 480
1797160 478
1797170 474
1797180 469
1797190 464
1797200 461
1797210 460
1797220 460
1797230 460
1797240 460
1797250 461
1797260 461
1797270 461
1797280 460
1797290 461
1797300 462
1797310 462
1797320 462
1797330 463
1797340 465
1797350 468
1797360 470
1797370 470
1797380 469
1797390 468
1797400 468
1797410 467
1797420 467
1797430 467
1797440 468
1797450 468
1797460 469
1797470 469
1797480 470
1797490 470
1797500 471
1797510 471
1797520 472
1797530 472
1797540 473
1797550 473
1797560 475
1797570 478
1797580 481
1797590 483
1797600 484
1797610 486
1797620 487
1797630 488
1797640 489
1797650 491
1797660 492
1797670 494
1797680 495
1797690 496
1797700 497
1797710 498
1797720 499
1797730 501
1797740 502
1797750 504
1797760 506
1797770 507
1797780 509
1797790 511
1797800 512
1797810 513
1797820 514
1797830 515
1797840 515
1797850 515
1797860 515
1797870 514
1797880 514
1797890 513
1797900 514
1797910 514
1797920 516
1797930 516
1797940 516
1797950 517
1797960 518
1797970 519
1797980 520
1797990 521
1798000 523
1798010 525
1798020 527
1798030 529
1798040 531
1798050 533
1798060 535
1798070 537
1798080 539
1798090 540
1798100 541
1798110 542
1798120 543
1798130 543
1798140 544
1798150 544
1798160 545
1798170 545
1798180 546
1798190 547
1798200 548
1798210 548
1798220 549
1798230 549
1798240 550
1798250 550
1798260 550
1798270 551
1798280 551
1798290 551
1798300 552
1798310 552
1798320 552
1798330 552
1798340 552
1798350 552
1798360 551
1798370 551
1798380 551
1798390 551
1798400 551
1798410 551
1798420 552
1798430 552
1798440 552
1798450 553
1798460 553
1798470 554
1798480 555
1798490 556
1798500 556
1798510 557
1798520 557
1798530 556
1798540 558
1798550 560
1798560 562
1798570 564
1798580 566
1798590 569
1798600 572
1798610 574
1798620 576
1798630 577
1798640 577
1798650 577
1798660 576
1798670 576
1798680 576
1798690 575
1798700 575
1798710 575
1798720 576
1798730 577
1798740 577
1798750 577
1798760 576
1798770 576
1798780 576
1798790 576
1798800 576
1798810 576
1798820 576
1798830 576
1798840 576
1798850 576
1798860 576
1798870 575
1798880 574
1798890 573
1798900 571
1798910 568
1798920 565
1798930 563
1798940 560
1798950 563
1798960 566
1798970 569
1798980 572
1798990 575
1799000 578
1799010 581
1799020 584
1799030 587
1799040 589
1799050 590
1799060 592
1799070 593
1799080 595
1799090 598
1799100 600
1799110 602
1799120 604
1799130 605
1799140 606
1799150 608
1799160 610
1799170 611
1799180 613
1799190 616
1799200 618
1799210 619
1799220 621
1799230 621
1799240 622
1799250 622
1799260 623
1799270 624
1799280 625
1799290 626
1799300 626
1799310 627
1799320 627
1799330 628
1799340 629
1799350 629
1799360 630
1799370 630
1799380 631
1799390 633
1799400 634
1799410 635
1799420 637
1799430 639
1799440 641
1799450 643
1799460 645
1799470 647
1799480 649
1799490 651
1799500 654
1799510 657
1799520 659
1799530 661
1799540 663
1799550 665
1799560 666
1799570 667
1799580 668
1799590 669
1799600 669
1799610 670
1799620 672
1799630 672
1799640 673
1799650 673
1799660 673
1799670 672
1799680 671
1799690 670
1799700 668
1799710 667
1799720 665
1799730 663
1799740 662
1799750 660
1799760 658
1799770 657
1799780 655
1799790 654
1799800 652
1799810 651
1799820 650
1799830 648
1799840 647
1799850 646
1799860 645
1799870 643
1799880 642
1799890 641
1799900 640
1799910 640
1799920 640
1799930 641
1799940 642
1799950 643
1799960 644
1799970 645
1799980 646
1799990 647
