1780000 718
1780010 715
1780020 711
1780030 708
1780040 705
1780050 703
1780060 701
1780070 700
1780080 698
1780090 696
1780100 694
1780110 692
1780120 689
1780130 686
1780140 683
1780150 680
1780160 677
1780170 673
1780180 670
1780190 666
1780200 661
1780210 656
1780220 652
1780230 648
1780240 644
1780250 640
1780260 637
1780270 635
1780280 634
1780290 633
1780300 633
1780310 632
1780320 632
1780330 632
1780340 632
1780350 632
1780360 631
1780370 630
1780380 630
1780390 630
1780400 629
1780410 630
1780420 631
1780430 632
1780440 633
1780450 633
1780460 632
1780470 632
1780480 632
1780490 632
1780500 631
1780510 632
1780520 632
1780530 635
1780540 637
1780550 639
1780560 640
1780570 641
1780580 643
1780590 644
1780600 645
1780610 646
1780620 647
1780630 648
1780640 648
1780650 649
1780660 650
1780670 651
1780680 651
1780690 652
1780700 653
1780710 654
1780720 655
1780730 656
1780740 657
1780750 658
1780760 659
1780770 660
1780780 660
1780790 662
1780800 663
1780810 664
1780820 664
1780830 665
1780840 666
1780850 667
1780860 669
1780870 670
1780880 671
1780890 672
1780900 673
1780910 674
1780920 675
1780930 677
1780940 678
1780950 679
1780960 681
1780970 682
1780980 683
1780990 684
1781000 685
1781010 686
1781020 687
1781030 688
1781040 689
1781050 690
1781060 691
1781070 692
1781080 693
1781090 694
1781100 695
1781110 696
1781120 697
1781130 699
1781140 700
1781150 702
1781160 703
1781170 704
1781180 706
1781190 707
1781200 708
1781210 709
1781220 709
1781230 710
1781240 710
1781250 710
1781260 710
1781270 710
1781280 709
1781290 709
1781300 708
1781310 707
1781320 706
1781330 705
1781340 704
1781350 703
1781360 703
1781370 702
1781380 701
1781390 701
1781400 701
1781410 700
1781420 700
1781430 700
1781440 701
1781450 703
1781460 704
1781470 705
1781480 705
1781490 706
1781500 706
1781510 707
1781520 707
1781530 708
1781540 708
1781550 708
1781560 708
1781570 708
1781580 709
1781590 709
1781600 709
1781610 710
1781620 710
1781630 711
1781640 711
1781650 712
1781660 713
1781670 713
1781680 714
1781690 715
1781700 715
1781710 716
1781720 716
1781730 716
1781740 716
1781750 717
1781760 717
1781770 718
1781780 719
1781790 720
1781800 721
1781810 721
1781820 721
1781830 721
1781840 721
1781850 721
1781860 721
1781870 721
1781880 720
1781890 719
1781900 718
1781910 718
1781920 717
1781930 717
1781940 717
1781950 717
1781960 717
1781970 717
1781980 717
1781990 716
1782000 716
1782010 716
1782020 715
1782030 715
1782040 715
1782050 715
1782060 715
1782070 715
1782080 715
1782090 716
1782100 716
1782110 716
1782120 716
1782130 716
1782140 717
1782150 717
1782160 717
1782170 717
1782180 717
1782190 718
1782200 718
1782210 718
1782220 718
1782230 719
1782240 719
1782250 719
1782260 719
1782270 719
1782280 719
1782290 719
1782300 719
1782310 719
1782320 718
1782330 718
1782340 718
1782350 717
1782360 717
1782370 716
1782380 715
1782390 714
1782400 713
1782410 712
1782420 711
1782430 710
1782440 709
1782450 709
1782460 708
1782470 706
1782480 705
1782490 704
1782500 703
1782510 703
1782520 702
1782530 702
1782540 701
1782550 699
1782560 698
1782570 698
1782580 697
1782590 696
1782600 694
1782610 693
1782620 692
1782630 691
1782640 690
1782650 689
1782660 688
1782670 687
1782680 686
1782690 685
1782700 684
1782710 683
1782720 681
1782730 680
1782740 679
1782750 677
1782760 676
1782770 674
1782780 672
1782790 670
1782800 668
1782810 666
1782820 664
1782830 662
1782840 659
1782850 656
1782860 653
1782870 650
1782880 648
1782890 645
1782900 643
1782910 640
1782920 638
1782930 637
1782940 635
1782950 634
1782960 633
1782970 632
1782980 631
1782990 630
1783000 629
1783010 628
1783020 627
1783030 626
1783040 625
1783050 623
1783060 622
1783070 621
1783080 623
1783090 625
1783100 626
1783110 626
1783120 626
1783130 625
1783140 625
1783150 625
1783160 625
1783170 625
1783180 625
1783190 625
1783200 625
1783210 624
1783220 624
1783230 623
1783240 623
1783250 622
1783260 621
1783270 621
1783280 620
1783290 619
1783300 618
1783310 617
1783320 617
1783330 617
1783340 617
1783350 617
1783360 617
1783370 617
1783380 616
1783390 616
1783400 616
1783410 616
1783420 616
1783430 616
1783440 616
1783450 617
1783460 617
1783470 618
1783480 618
1783490 618
1783500 618
1783510 618
1783520 618
1783530 618
1783540 618
1783550 618
1783560 617
1783570 617
1783580 617
1783590 616
1783600 616
1783610 616
1783620 616
1783630 616
1783640 616
1783650 616
1783660 616
1783670 616
1783680 616
1783690 616
1783700 616
1783710 616
1783720 616
1783730 616
1783740 616
1783750 615
1783760 615
1783770 615
1783780 615
1783790 615
1783800 615
1783810 614
1783820 614
1783830 614
1783840 614
1783850 615
1783860 615
1783870 614
1783880 614
1783890 614
1783900 613
1783910 613
1783920 612
1783930 612
1783940 611
1783950 611
1783960 610
1783970 610
1783980 609
1783990 609
1784000 608
1784010 608
1784020 607
1784030 606
1784040 605
1784050 605
1784060 605
1784070 604
1784080 604
1784090 603
1784100 602
1784110 602
1784120 602
1784130 602
1784140 601
1784150 601
1784160 600
1784170 598
1784180 597
1784190 594
1784200 593
1784210 593
1784220 595
1784230 596
1784240 597
1784250 597
1784260 596
1784270 596
1784280 595
1784290 596
1784300 597
1784310 597
1784320 596
1784330 596
1784340 596
1784350 595
1784360 595
1784370 595
1784380 595
1784390 594
1784400 594
1784410 593
1784420 592
1784430 591
1784440 590
1784450 589
1784460 588
1784470 586
1784480 585
1784490 583
1784500 581
1784510 579
1784520 577
1784530 575
1784540 574
1784550 572
1784560 570
1784570 568
1784580 566
1784590 564
1784600 563
1784610 561
1784620 560
1784630 559
1784640 558
1784650 558
1784660 557
1784670 557
1784680 555
1784690 554
1784700 553
1784710 552
1784720 550
1784730 550
1784740 551
1784750 553
1784760 557
1784770 561
1784780 565
1784790 569
1784800 573
1784810 575
1784820 577
1784830 578
1784840 580
1784850 582
1784860 585
1784870 587
1784880 589
1784890 591
1784900 593
1784910 594
1784920 596
1784930 598
1784940 599
1784950 601
1784960 602
1784970 603
1784980 605
1784990 606
1785000 607
1785010 608
1785020 609
1785030 611
1785040 613
1785050 615
1785060 618
1785070 621
1785080 624
1785090 626
1785100 629
1785110 631
1785120 633
1785130 636
1785140 638
1785150 640
1785160 642
1785170 643
1785180 645
1785190 647
1785200 649
1785210 650
1785220 652
1785230 655
1785240 658
1785250 660
1785260 663
1785270 665
1785280 667
1785290 668
1785300 669
1785310 670
1785320 672
1785330 675
1785340 678
1785350 681
1785360 684
1785370 687
1785380 690
1785390 693
1785400 695
1785410 698
1785420 701
1785430 703
1785440 705
1785450 707
1785460 708
1785470 710
1785480 712
1785490 714
1785500 716
1785510 719
1785520 722
1785530 724
1785540 726
1785550 728
1785560 730
1785570 732
1785580 733
1785590 733
1785600 732
1785610 731
1785620 729
1785630 728
1785640 727
1785650 726
1785660 725
1785670 723
1785680 722
1785690 721
1785700 719
1785710 717
1785720 715
1785730 713
1785740 712
1785750 710
1785760 708
1785770 707
1785780 706
1785790 705
1785800 704
1785810 702
1785820 701
1785830 700
1785840 699
1785850 698
1785860 698
1785870 697
1785880 696
1785890 695
1785900 694
1785910 694
1785920 693
1785930 692
1785940 692
1785950 691
1785960 691
1785970 691
1785980 690
1785990 690
1786000 689
1786010 689
1786020 688
1786030 688
1786040 688
1786050 688
1786060 688
1786070 687
1786080 686
1786090 685
1786100 683
1786110 682
1786120 681
1786130 681
1786140 680
1786150 680
1786160 680
1786170 680
1786180 680
1786190 680
1786200 680
1786210 680
1786220 681
1786230 681
1786240 682
1786250 683
1786260 683
1786270 684
1786280 685
1786290 685
1786300 686
1786310 687
1786320 688
1786330 688
1786340 689
1786350 690
1786360 690
1786370 690
1786380 691
1786390 691
1786400 692
1786410 693
1786420 693
1786430 694
1786440 695
1786450 696
1786460 696
1786470 697
1786480 697
1786490 697
1786500 697
1786510 697
1786520 697
1786530 698
1786540 698
1786550 698
1786560 698
1786570 699
1786580 699
1786590 699
1786600 699
1786610 699
1786620 699
1786630 699
1786640 699
1786650 699
1786660 699
1786670 698
1786680 698
1786690 697
1786700 697
1786710 697
1786720 697
1786730 697
1786740 697
1786750 696
1786760 696
1786770 696
1786780 695
1786790 694
1786800 694
1786810 693
1786820 693
1786830 692
1786840 692
1786850 692
1786860 691
1786870 690
1786880 690
1786890 690
1786900 689
1786910 688
1786920 687
1786930 686
1786940 686
1786950 685
1786960 684
1786970 683
1786980 682
1786990 681
1787000 680
1787010 679
1787020 678
1787030 677
1787040 676
1787050 674
1787060 673
1787070 671
1787080 668
1787090 666
1787100 663
1787110 660
1787120 658
1787130 655
1787140 653
1787150 650
1787160 647
1787170 644
1787180 640
1787190 636
1787200 634
1787210 637
1787220 638
1787230 639
1787240 639
1787250 639
1787260 640
1787270 640
1787280 640
1787290 639
1787300 638
1787310 636
1787320 634
1787330 632
1787340 629
1787350 627
1787360 627
1787370 629
1787380 633
1787390 637
1787400 640
1787410 643
1787420 646
1787430 648
1787440 651
1787450 654
1787460 656
1787470 658
1787480 660
1787490 662
1787500 664
1787510 665
1787520 666
1787530 667
1787540 668
1787550 669
1787560 669
1787570 669
1787580 670
1787590 670
1787600 670
1787610 670
1787620 670
1787630 670
1787640 670
1787650 670
1787660 669
1787670 669
1787680 669
1787690 668
1787700 667
1787710 667
1787720 666
1787730 665
1787740 664
1787750 664
1787760 663
1787770 662
1787780 661
1787790 660
1787800 659
1787810 658
1787820 657
1787830 656
1787840 655
1787850 654
1787860 653
1787870 652
1787880 651
1787890 651
1787900 650
1787910 650
1787920 649
1787930 648
1787940 648
1787950 648
1787960 647
1787970 646
1787980 645
1787990 644
1788000 643
1788010 641
1788020 639
1788030 637
1788040 635
1788050 633
1788060 631
1788070 630
1788080 628
1788090 626
1788100 624
1788110 622
1788120 619
1788130 617
1788140 614
1788150 611
1788160 608
1788170 605
1788180 601
1788190 598
1788200 595
1788210 592
1788220 589
1788230 585
1788240 582
1788250 578
1788260 575
1788270 571
1788280 568
1788290 564
1788300 560
1788310 556
1788320 552
1788330 548
1788340 546
1788350 547
1788360 549
1788370 551
1788380 553
1788390 554
1788400 555
1788410 555
1788420 556
1788430 556
1788440 556
1788450 556
1788460 557
1788470 558
1788480 560
1788490 560
1788500 562
1788510 562
1788520 563
1788530 563
1788540 563
1788550 563
1788560 564
1788570 565
1788580 566
1788590 567
1788600 567
1788610 567
1788620 566
1788630 566
1788640 565
1788650 565
1788660 564
1788670 564
1788680 564
1788690 565
1788700 566
1788710 566
1788720 566
1788730 566
1788740 566
1788750 566
1788760 565
1788770 564
1788780 563
1788790 562
1788800 561
1788810 559
1788820 558
1788830 557
1788840 556
1788850 554
1788860 553
1788870 552
1788880 550
1788890 548
1788900 546
1788910 544
1788920 543
1788930 541
1788940 540
1788950 538
1788960 537
1788970 535
1788980 533
1788990 531
1789000 529
1789010 526
1789020 524
1789030 522
1789040 520
1789050 519
1789060 517
1789070 515
1789080 514
1789090 513
1789100 511
1789110 509
1789120 507
1789130 505
1789140 504
1789150 502
1789160 500
1789170 498
1789180 496
1789190 494
1789200 491
1789210 488
1789220 485
1789230 482
1789240 479
1789250 478
1789260 478
1789270 482
1789280 485
1789290 487
1789300 488
1789310 488
1789320 487
1789330 485
1789340 484
1789350 484
1789360 483
1789370 481
1789380 480
1789390 480
1789400 478
1789410 477
1789420 475
1789430 472
1789440 470
1789450 468
1789460 465
1789470 462
1789480 460
1789490 459
1789500 459
1789510 459
1789520 459
1789530 459
1789540 459
1789550 459
1789560 458
1789570 457
1789580 457
1789590 458
1789600 458
1789610 458
1789620 458
1789630 458
1789640 458
1789650 458
1789660 458
1789670 458
1789680 458
1789690 458
1789700 458
1789710 457
1789720 457
1789730 457
1789740 457
1789750 457
1789760 457
1789770 458
1789780 458
1789790 457
1789800 457
1789810 457
1789820 457
1789830 457
1789840 457
1789850 457
1789860 457
1789870 457
1789880 457
1789890 457
1789900 457
1789910 456
1789920 456
1789930 456
1789940 456
1789950 456
1789960 456
1789970 456
1789980 457
1789990 457
1790000 457
1790010 457
1790020 456
1790030 456
1790040 456
1790050 456
1790060 456
1790070 456
1790080 456
1790090 456
1790100 456
1790110 456
1790120 456
1790130 456
1790140 456
1790150 456
1790160 457
1790170 457
1790180 458
1790190 460
1790200 462
1790210 463
1790220 465
1790230 467
1790240 469
1790250 471
1790260 472
1790270 474
1790280 475
1790290 476
1790300 478
1790310 480
1790320 482
1790330 483
1790340 483
1790350 480
1790360 478
1790370 478
1790380 480
1790390 482
1790400 486
1790410 488
1790420 490
1790430 491
1790440 492
1790450 493
1790460 494
1790470 497
1790480 499
1790490 501
1790500 502
1790510 503
1790520 503
1790530 502
1790540 501
1790550 501
1790560 502
1790570 503
1790580 504
1790590 506
1790600 508
1790610 510
1790620 512
1790630 514
1790640 516
1790650 516
1790660 517
1790670 517
1790680 516
1790690 516
1790700 516
1790710 517
1790720 517
1790730 518
1790740 520
1790750 521
1790760 521
1790770 522
1790780 524
1790790 525
1790800 526
1790810 527
1790820 527
1790830 527
1790840 528
1790850 527
1790860 526
1790870 525
1790880 523
1790890 521
1790900 519
1790910 518
1790920 518
1790930 522
1790940 524
1790950 525
1790960 526
1790970 527
1790980 528
1790990 528
1791000 530
1791010 532
1791020 534
1791030 537
1791040 539
1791050 541
1791060 544
1791070 546
1791080 548
1791090 551
1791100 553
1791110 555
1791120 557
1791130 559
1791140 561
1791150 563
1791160 565
1791170 566
1791180 568
1791190 568
1791200 568
1791210 566
1791220 564
1791230 561
1791240 559
1791250 557
1791260 555
1791270 554
1791280 553
1791290 552
1791300 552
1791310 553
1791320 552
1791330 553
1791340 553
1791350 555
1791360 556
1791370 558
1791380 560
1791390 562
1791400 562
1791410 562
1791420 562
1791430 561
1791440 561
1791450 560
1791460 560
1791470 560
1791480 560
1791490 560
1791500 560
1791510 558
1791520 557
1791530 555
1791540 553
1791550 552
1791560 551
1791570 551
1791580 550
1791590 549
1791600 549
1791610 549
1791620 549
1791630 549
1791640 550
1791650 550
1791660 550
1791670 550
1791680 550
1791690 550
1791700 550
1791710 550
1791720 550
1791730 550
1791740 550
1791750 549
1791760 548
1791770 548
1791780 547
1791790 546
1791800 546
1791810 545
1791820 544
1791830 544
1791840 544
1791850 544
1791860 544
1791870 544
1791880 544
1791890 544
1791900 545
1791910 546
1791920 547
1791930 548
1791940 549
1791950 549
1791960 550
1791970 550
1791980 550
1791990 549
1792000 549
1792010 549
1792020 548
1792030 548
1792040 547
1792050 546
1792060 546
1792070 545
1792080 545
1792090 545
1792100 544
1792110 544
1792120 544
1792130 543
1792140 542
1792150 541
1792160 540
1792170 539
1792180 538
1792190 536
1792200 535
1792210 534
1792220 533
1792230 532
1792240 531
1792250 530
1792260 529
1792270 528
1792280 527
1792290 525
1792300 524
1792310 522
1792320 520
1792330 518
1792340 516
1792350 513
1792360 511
1792370 509
1792380 507
1792390 505
1792400 503
1792410 501
1792420 500
1792430 499
1792440 498
1792450 497
1792460 496
1792470 495
1792480 494
1792490 494
1792500 493
1792510 492
1792520 492
1792530 491
1792540 490
1792550 489
1792560 488
1792570 487
1792580 486
1792590 485
1792600 484
1792610 482
1792620 481
1792630 480
1792640 480
1792650 479
1792660 479
1792670 478
1792680 478
1792690 476
1792700 475
1792710 473
1792720 471
1792730 468
1792740 465
1792750 462
1792760 458
1792770 455
1792780 452
1792790 449
1792800 447
1792810 444
1792820 441
1792830 438
1792840 435
1792850 434
1792860 434
1792870 433
1792880 434
1792890 434
1792900 434
1792910 433
1792920 432
1792930 431
1792940 431
1792950 430
1792960 431
1792970 431
1792980 431
1792990 431
1793000 431
1793010 432
1793020 432
1793030 432
1793040 432
1793050 432
1793060 432
1793070 432
1793080 432
1793090 432
1793100 433
1793110 433
1793120 436
1793130 439
1793140 443
1793150 445
1793160 448
1793170 450
1793180 451
1793190 452
1793200 453
1793210 454
1793220 455
1793230 457
1793240 459
1793250 459
1793260 460
1793270 460
1793280 460
1793290 460
1793300 460
1793310 460
1793320 461
1793330 461
1793340 462
1793350 463
1793360 463
1793370 463
1793380 463
1793390 464
1793400 465
1793410 466
1793420 468
1793430 469
1793440 470
1793450 472
1793460 473
1793470 474
1793480 475
1793490 475
1793500 476
1793510 477
1793520 478
1793530 479
1793540 479
1793550 480
1793560 480
1793570 481
1793580 481
1793590 482
1793600 483
1793610 483
1793620 484
1793630 485
1793640 485
1793650 486
1793660 486
1793670 486
1793680 486
1793690 486
1793700 486
1793710 486
1793720 486
1793730 486
1793740 486
1793750 486
1793760 485
1793770 485
1793780 485
1793790 485
1793800 484
1793810 484
1793820 484
1793830 484
1793840 483
1793850 483
1793860 482
1793870 482
1793880 481
1793890 479
1793900 478
1793910 476
1793920 475
1793930 474
1793940 472
1793950 469
1793960 467
1793970 466
1793980 465
1793990 464
1794000 464
1794010 466
1794020 468
1794030 471
1794040 474
1794050 476
1794060 479
1794070 482
1794080 484
1794090 487
1794100 490
1794110 493
1794120 495
1794130 497
1794140 499
1794150 500
1794160 502
1794170 503
1794180 504
1794190 505
1794200 506
1794210 507
1794220 508
1794230 509
1794240 510
1794250 511
1794260 512
1794270 513
1794280 514
1794290 515
1794300 516
1794310 516
1794320 515
1794330 515
1794340 513
1794350 513
1794360 513
1794370 513
1794380 512
1794390 512
1794400 512
1794410 512
1794420 513
1794430 514
1794440 516
1794450 518
1794460 520
1794470 522
1794480 523
1794490 525
1794500 526
1794510 528
1794520 529
1794530 529
1794540 529
1794550 530
1794560 531
1794570 532
1794580 534
1794590 535
1794600 537
1794610 539
1794620 541
1794630 541
1794640 541
1794650 541
1794660 540
1794670 539
1794680 538
1794690 536
1794700 534
1794710 532
1794720 530
1794730 527
1794740 524
1794750 521
1794760 518
1794770 516
1794780 513
1794790 509
1794800 505
1794810 500
1794820 498
1794830 498
1794840 499
1794850 501
1794860 505
1794870 508
1794880 511
1794890 513
1794900 516
1794910 518
1794920 521
1794930 524
1794940 526
1794950 528
1794960 531
1794970 534
1794980 537
1794990 539
1795000 540
1795010 542
1795020 544
1795030 545
1795040 546
1795050 546
1795060 548
1795070 549
1795080 550
1795090 551
1795100 552
1795110 553
1795120 555
1795130 557
1795140 559
1795150 561
1795160 563
1795170 564
1795180 566
1795190 568
1795200 569
1795210 571
1795220 574
1795230 576
1795240 578
1795250 579
1795260 580
1795270 581
1795280 582
1795290 583
1795300 584
1795310 585
1795320 586
1795330 588
1795340 589
1795350 591
1795360 592
1795370 592
1795380 593
1795390 593
1795400 593
1795410 594
1795420 595
1795430 596
1795440 598
1795450 600
1795460 603
1795470 605
1795480 607
1795490 609
1795500 610
1795510 612
1795520 613
1795530 615
1795540 616
1795550 617
1795560 618
1795570 618
1795580 619
1795590 620
1795600 621
1795610 623
1795620 625
1795630 626
1795640 628
1795650 629
1795660 631
1795670 632
1795680 633
1795690 634
1795700 636
1795710 638
1795720 640
1795730 642
1795740 643
1795750 645
1795760 646
1795770 648
1795780 650
1795790 651
1795800 653
1795810 654
1795820 656
1795830 658
1795840 659
1795850 661
1795860 662
1795870 664
1795880 665
1795890 666
1795900 668
1795910 669
1795920 670
1795930 671
1795940 672
1795950 673
1795960 675
1795970 676
1795980 677
1795990 677
1796000 678
1796010 679
1796020 679
1796030 680
1796040 680
1796050 680
1796060 679
1796070 679
1796080 678
1796090 678
1796100 677
1796110 676
1796120 675
1796130 674
1796140 672
1796150 671
1796160 669
1796170 667
1796180 666
1796190 664
1796200 663
1796210 662
1796220 660
1796230 659
1796240 657
1796250 656
1796260 654
1796270 653
1796280 652
1796290 651
1796300 650
1796310 649
1796320 648
1796330 647
1796340 647
1796350 646
1796360 645
1796370 644
1796380 643
1796390 642
1796400 640
1796410 637
1796420 636
1796430 634
1796440 634
1796450 633
1796460 632
1796470 631
1796480 628
1796490 626
1796500 624
1796510 622
1796520 620
1796530 618
1796540 617
1796550 615
1796560 614
1796570 612
1796580 611
1796590 609
1796600 608
1796610 606
1796620 604
1796630 603
1796640 601
1796650 599
1796660 597
1796670 596
1796680 594
1796690 592
1796700 590
1796710 588
1796720 586
1796730 584
1796740 581
1796750 579
1796760 577
1796770 575
1796780 573
1796790 572
1796800 570
1796810 567
1796820 565
1796830 563
1796840 561
1796850 559
1796860 556
1796870 554
1796880 552
1796890 550
1796900 547
1796910 545
1796920 543
1796930 540
1796940 537
1796950 534
1796960 532
1796970 530
1796980 528
1796990 525
1797000 522
1797010 518
1797020 514
1797030 510
1797040 506
1797050 504
1797060 503
1797070 503
1797080 502
1797090 502
1797100 502
1797110 501
1797120 500
1797130 498
1797140 496
1797150 494
1797160 492
1797170 490
1797180 487
1797190 485
1797200 482
1797210 479
1797220 477
1797230 474
1797240 471
1797250 467
1797260 465
1797270 464
1797280 464
1797290 464
1797300 464
1797310 464
1797320 465
1797330 465
1797340 465
1797350 464
1797360 464
1797370 464
1797380 465
1797390 467
1797400 471
1797410 474
1797420 477
1797430 478
1797440 480
1797450 481
1797460 482
1797470 483
1797480 485
1797490 488
1797500 490
1797510 492
1797520 493
1797530 495
1797540 497
1797550 500
1797560 503
1797570 507
1797580 509
1797590 511
1797600 513
1797610 515
1797620 517
1797630 518
1797640 520
1797650 521
1797660 522
1797670 523
1797680 525
1797690 527
1797700 528
1797710 529
1797720 529
1797730 530
1797740 531
1797750 533
1797760 534
1797770 536
1797780 538
1797790 539
1797800 540
1797810 542
1797820 543
1797830 544
1797840 545
1797850 546
1797860 548
1797870 549
1797880 551
1797890 552
1797900 554
1797910 555
1797920 556
1797930 557
1797940 557
1797950 558
1797960 559
1797970 560
1797980 561
1797990 562
1798000 563
1798010 564
1798020 564
1798030 565
1798040 566
1798050 567
1798060 567
1798070 568
1798080 570
1798090 571
1798100 573
1798110 575
1798120 577
1798130 580
1798140 582
1798150 584
1798160 586
1798170 587
1798180 589
1798190 591
1798200 592
1798210 593
1798220 595
1798230 596
1798240 597
1798250 599
1798260 600
1798270 601
1798280 602
1798290 602
1798300 602
1798310 603
1798320 603
1798330 604
1798340 604
1798350 604
1798360 605
1798370 605
1798380 605
1798390 605
1798400 606
1798410 607
1798420 608
1798430 608
1798440 609
1798450 610
1798460 611
1798470 612
1798480 613
1798490 614
1798500 614
1798510 615
1798520 615
1798530 615
1798540 615
1798550 615
1798560 615
1798570 614
1798580 614
1798590 614
1798600 614
1798610 614
1798620 613
1798630 613
1798640 613
1798650 613
1798660 613
1798670 614
1798680 615
1798690 615
1798700 616
1798710 617
1798720 618
1798730 619
1798740 620
1798750 622
1798760 623
1798770 625
1798780 626
1798790 627
1798800 628
1798810 627
1798820 626
1798830 625
1798840 624
1798850 624
1798860 623
1798870 621
1798880 620
1798890 618
1798900 616
1798910 613
1798920 611
1798930 609
1798940 606
1798950 603
1798960 601
1798970 599
1798980 597
1798990 596
1799000 595
1799010 595
1799020 594
1799030 592
1799040 591
1799050 589
1799060 587
1799070 587
1799080 587
1799090 589
1799100 592
1799110 595
1799120 598
1799130 601
1799140 604
1799150 606
1799160 608
1799170 610
1799180 612
1799190 614
1799200 616
1799210 618
1799220 620
1799230 622
1799240 624
1799250 627
1799260 629
1799270 631
1799280 633
1799290 636
1799300 638
1799310 640
1799320 642
1799330 643
1799340 645
1799350 647
1799360 649
1799370 651
1799380 653
1799390 655
1799400 657
1799410 659
1799420 661
1799430 663
1799440 665
1799450 667
1799460 669
1799470 671
1799480 672
1799490 674
1799500 675
1799510 677
1799520 678
1799530 680
1799540 681
1799550 682
1799560 684
1799570 686
1799580 688
1799590 690
1799600 692
1799610 694
1799620 696
1799630 698
1799640 700
1799650 701
1799660 702
1799670 704
1799680 704
1799690 705
1799700 705
1799710 705
1799720 704
1799730 704
1799740 705
1799750 705
1799760 705
1799770 705
1799780 705
1799790 705
1799800 704
1799810 704
1799820 703
1799830 702
1799840 702
1799850 701
1799860 701
1799870 700
1799880 699
1799890 698
1799900 697
1799910 697
1799920 697
1799930 697
1799940 697
1799950 698
1799960 698
1799970 697
1799980 695
1799990 694
