1780000 668
1780010 669
1780020 670
1780030 670
1780040 670
1780050 670
1780060 669
1780070 669
1780080 668
1780090 666
1780100 664
1780110 662
1780120 660
1780130 657
1780140 655
1780150 653
1780160 651
1780170 649
1780180 647
1780190 644
1780200 642
1780210 640
1780220 638
1780230 636
1780240 635
1780250 633
1780260 632
1780270 630
1780280 629
1780290 628
1780300 626
1780310 625
1780320 624
1780330 623
1780340 621
1780350 621
1780360 620
1780370 620
1780380 619
1780390 618
1780400 616
1780410 615
1780420 614
1780430 614
1780440 613
1780450 613
1780460 612
1780470 611
1780480 611
1780490 610
1780500 609
1780510 609
1780520 608
1780530 608
1780540 607
1780550 606
1780560 606
1780570 605
1780580 604
1780590 603
1780600 602
1780610 602
1780620 601
1780630 601
1780640 600
1780650 600
1780660 600
1780670 599
1780680 599
1780690 599
1780700 599
1780710 599
1780720 599
1780730 598
1780740 598
1780750 598
1780760 598
1780770 598
1780780 599
1780790 600
1780800 600
1780810 600
1780820 600
1780830 600
1780840 600
1780850 600
1780860 600
1780870 600
1780880 601
1780890 601
1780900 601
1780910 600
1780920 600
1780930 601
1780940 601
1780950 601
1780960 601
1780970 600
1780980 600
1780990 600
1781000 600
1781010 599
1781020 599
1781030 599
1781040 598
1781050 598
1781060 597
1781070 597
1781080 597
1781090 597
1781100 597
1781110 597
1781120 596
1781130 596
1781140 595
1781150 595
1781160 594
1781170 594
1781180 594
1781190 593
1781200 594
1781210 594
1781220 594
1781230 594
1781240 594
1781250 594
1781260 594
1781270 594
1781280 595
1781290 595
1781300 595
1781310 596
1781320 596
1781330 597
1781340 598
1781350 599
1781360 599
1781370 599
1781380 600
1781390 601
1781400 601
1781410 602
1781420 602
1781430 602
1781440 603
1781450 603
1781460 603
1781470 603
1781480 603
1781490 603
1781500 603
1781510 603
1781520 603
1781530 603
1781540 604
1781550 604
1781560 604
1781570 605
1781580 605
1781590 605
1781600 605
1781610 605
1781620 605
1781630 605
1781640 606
1781650 607
1781660 609
1781670 610
1781680 610
1781690 609
1781700 608
1781710 607
1781720 606
1781730 606
1781740 605
1781750 605
1781760 605
1781770 605
1781780 605
1781790 605
1781800 605
1781810 605
1781820 605
1781830 606
1781840 606
1781850 606
1781860 607
1781870 607
1781880 608
1781890 608
1781900 607
1781910 606
1781920 606
1781930 606
1781940 607
1781950 607
1781960 607
1781970 607
1781980 607
1781990 607
1782000 607
1782010 607
1782020 607
1782030 607
1782040 607
1782050 608
1782060 610
1782070 611
1782080 612
1782090 611
1782100 612
1782110 613
1782120 614
1782130 612
1782140 610
1782150 611
1782160 611
1782170 611
1782180 610
1782190 612
1782200 613
1782210 615
1782220 616
1782230 617
1782240 618
1782250 619
1782260 620
1782270 622
1782280 623
1782290 623
1782300 623
1782310 623
1782320 623
1782330 623
1782340 624
1782350 624
1782360 623
1782370 623
1782380 623
1782390 623
1782400 624
1782410 625
1782420 626
1782430 626
1782440 626
1782450 627
1782460 627
1782470 627
1782480 628
1782490 628
1782500 629
1782510 630
1782520 631
1782530 631
1782540 632
1782550 633
1782560 634
1782570 634
1782580 635
1782590 636
1782600 636
1782610 637
1782620 638
1782630 639
1782640 640
1782650 640
1782660 641
1782670 642
1782680 642
1782690 642
1782700 642
1782710 642
1782720 642
1782730 642
1782740 642
1782750 642
1782760 642
1782770 642
1782780 643
1782790 643
1782800 643
1782810 643
1782820 642
1782830 642
1782840 641
1782850 640
1782860 639
1782870 637
1782880 636
1782890 635
1782900 635
1782910 634
1782920 634
1782930 633
1782940 632
1782950 631
1782960 630
1782970 629
1782980 628
1782990 627
1783000 626
1783010 625
1783020 626
1783030 626
1783040 626
1783050 626
1783060 626
1783070 626
1783080 626
1783090 626
1783100 626
1783110 626
1783120 626
1783130 626
1783140 627
1783150 627
1783160 627
1783170 627
1783180 627
1783190 627
1783200 627
1783210 627
1783220 627
1783230 627
1783240 627
1783250 627
1783260 627
1783270 627
1783280 627
1783290 627
1783300 627
1783310 627
1783320 627
1783330 627
1783340 627
1783350 627
1783360 627
1783370 627
1783380 627
1783390 627
1783400 627
1783410 626
1783420 626
1783430 626
1783440 625
1783450 625
1783460 624
1783470 624
1783480 624
1783490 623
1783500 622
1783510 621
1783520 621
1783530 620
1783540 619
1783550 618
1783560 616
1783570 615
1783580 613
1783590 611
1783600 608
1783610 606
1783620 603
1783630 601
1783640 597
1783650 594
1783660 591
1783670 588
1783680 585
1783690 582
1783700 581
1783710 581
1783720 582
1783730 585
1783740 588
1783750 591
1783760 593
1783770 594
1783780 595
1783790 596
1783800 596
1783810 597
1783820 598
1783830 599
1783840 600
1783850 601
1783860 601
1783870 601
1783880 601
1783890 601
1783900 602
1783910 603
1783920 604
1783930 605
1783940 606
1783950 607
1783960 608
1783970 609
1783980 610
1783990 610
1784000 611
1784010 612
1784020 612
1784030 613
1784040 614
1784050 614
1784060 614
1784070 615
1784080 615
1784090 615
1784100 616
1784110 616
1784120 616
1784130 617
1784140 616
1784150 616
1784160 615
1784170 615
1784180 614
1784190 612
1784200 611
1784210 610
1784220 608
1784230 606
1784240 604
1784250 602
1784260 600
1784270 598
1784280 596
1784290 593
1784300 591
1784310 588
1784320 585
1784330 583
1784340 580
1784350 578
1784360 577
1784370 578
1784380 577
1784390 577
1784400 575
1784410 575
1784420 577
1784430 578
1784440 579
1784450 580
1784460 580
1784470 581
1784480 582
1784490 583
1784500 584
1784510 584
1784520 585
1784530 584
1784540 583
1784550 581
1784560 579
1784570 576
1784580 573
1784590 569
1784600 565
1784610 561
1784620 556
1784630 552
1784640 548
1784650 544
1784660 541
1784670 537
1784680 535
1784690 532
1784700 529
1784710 525
1784720 523
1784730 521
1784740 520
1784750 520
1784760 519
1784770 519
1784780 519
1784790 519
1784800 519
1784810 520
1784820 521
1784830 523
1784840 525
1784850 527
1784860 529
1784870 531
1784880 533
1784890 536
1784900 539
1784910 541
1784920 543
1784930 545
1784940 546
1784950 547
1784960 548
1784970 550
1784980 551
1784990 553
1785000 555
1785010 557
1785020 559
1785030 560
1785040 562
1785050 563
1785060 566
1785070 568
1785080 571
1785090 573
1785100 574
1785110 576
1785120 578
1785130 580
1785140 581
1785150 582
1785160 583
1785170 583
1785180 583
1785190 583
1785200 583
1785210 582
1785220 582
1785230 581
1785240 580
1785250 580
1785260 580
1785270 580
1785280 580
1785290 580
1785300 580
1785310 580
1785320 579
1785330 579
1785340 580
1785350 580
1785360 580
1785370 581
1785380 581
1785390 581
1785400 581
1785410 581
1785420 581
1785430 581
1785440 581
1785450 581
1785460 581
1785470 580
1785480 580
1785490 579
1785500 578
1785510 576
1785520 575
1785530 573
1785540 572
1785550 571
1785560 569
1785570 567
1785580 565
1785590 564
1785600 563
1785610 561
1785620 560
1785630 560
1785640 559
1785650 558
1785660 558
1785670 557
1785680 556
1785690 554
1785700 554
1785710 553
1785720 552
1785730 551
1785740 550
1785750 550
1785760 549
1785770 548
1785780 548
1785790 548
1785800 548
1785810 548
1785820 547
1785830 547
1785840 546
1785850 545
1785860 544
1785870 544
1785880 544
1785890 544
1785900 544
1785910 544
1785920 544
1785930 544
1785940 544
1785950 543
1785960 543
1785970 541
1785980 539
1785990 537
1786000 536
1786010 536
1786020 536
1786030 536
1786040 536
1786050 536
1786060 535
1786070 534
1786080 533
1786090 532
1786100 531
1786110 530
1786120 528
1786130 527
1786140 525
1786150 522
1786160 520
1786170 518
1786180 516
1786190 516
1786200 516
1786210 517
1786220 517
1786230 518
1786240 518
1786250 519
1786260 521
1786270 522
1786280 522
1786290 523
1786300 523
1786310 522
1786320 522
1786330 522
1786340 523
1786350 523
1786360 524
1786370 524
1786380 525
1786390 525
1786400 526
1786410 527
1786420 527
1786430 527
1786440 527
1786450 526
1786460 525
1786470 524
1786480 523
1786490 522
1786500 521
1786510 520
1786520 519
1786530 518
1786540 517
1786550 516
1786560 515
1786570 515
1786580 514
1786590 514
1786600 514
1786610 514
1786620 514
1786630 513
1786640 513
1786650 512
1786660 512
1786670 511
1786680 511
1786690 512
1786700 512
1786710 511
1786720 510
1786730 509
1786740 507
1786750 508
1786760 511
1786770 513
1786780 515
1786790 516
1786800 517
1786810 517
1786820 518
1786830 518
1786840 518
1786850 518
1786860 518
1786870 518
1786880 518
1786890 517
1786900 517
1786910 517
1786920 517
1786930 517
1786940 517
1786950 516
1786960 516
1786970 517
1786980 517
1786990 518
1787000 519
1787010 520
1787020 521
1787030 522
1787040 522
1787050 522
1787060 522
1787070 522
1787080 522
1787090 523
1787100 523
1787110 523
1787120 523
1787130 523
1787140 523
1787150 523
1787160 523
1787170 523
1787180 523
1787190 523
1787200 523
1787210 523
1787220 522
1787230 523
1787240 523
1787250 523
1787260 523
1787270 523
1787280 523
1787290 523
1787300 523
1787310 523
1787320 523
1787330 523
1787340 522
1787350 519
1787360 514
1787370 510
1787380 508
1787390 508
1787400 508
1787410 509
1787420 510
1787430 511
1787440 512
1787450 513
1787460 514
1787470 516
1787480 517
1787490 518
1787500 519
1787510 519
1787520 519
1787530 518
1787540 517
1787550 516
1787560 515
1787570 515
1787580 514
1787590 514
1787600 513
1787610 511
1787620 509
1787630 507
1787640 506
1787650 504
1787660 502
1787670 500
1787680 499
1787690 497
1787700 495
1787710 494
1787720 493
1787730 492
1787740 491
1787750 489
1787760 488
1787770 486
1787780 485
1787790 483
1787800 481
1787810 480
1787820 479
1787830 478
1787840 478
1787850 477
1787860 477
1787870 477
1787880 476
1787890 476
1787900 476
1787910 476
1787920 476
1787930 476
1787940 476
1787950 476
1787960 476
1787970 476
1787980 476
1787990 476
1788000 475
1788010 475
1788020 475
1788030 475
1788040 475
1788050 475
1788060 475
1788070 474
1788080 474
1788090 474
1788100 474
1788110 474
1788120 473
1788130 473
1788140 473
1788150 473
1788160 473
1788170 473
1788180 473
1788190 473
1788200 473
1788210 473
1788220 473
1788230 473
1788240 473
1788250 473
1788260 473
1788270 473
1788280 473
1788290 473
1788300 472
1788310 472
1788320 472
1788330 472
1788340 472
1788350 472
1788360 472
1788370 472
1788380 472
1788390 472
1788400 472
1788410 472
1788420 472
1788430 472
1788440 472
1788450 472
1788460 472
1788470 471
1788480 471
1788490 471
1788500 471
1788510 471
1788520 471
1788530 471
1788540 471
1788550 471
1788560 471
1788570 471
1788580 471
1788590 470
1788600 470
1788610 470
1788620 470
1788630 471
1788640 471
1788650 470
1788660 470
1788670 470
1788680 470
1788690 469
1788700 469
1788710 469
1788720 469
1788730 469
1788740 470
1788750 470
1788760 471
1788770 472
1788780 474
1788790 477
1788800 480
1788810 483
1788820 487
1788830 490
1788840 493
1788850 497
1788860 500
1788870 503
1788880 506
1788890 509
1788900 512
1788910 514
1788920 515
1788930 517
1788940 518
1788950 518
1788960 518
1788970 517
1788980 516
1788990 515
1789000 513
1789010 510
1789020 508
1789030 506
1789040 504
1789050 505
1789060 505
1789070 505
1789080 507
1789090 510
1789100 514
1789110 516
1789120 519
1789130 522
1789140 525
1789150 528
1789160 532
1789170 535
1789180 538
1789190 541
1789200 544
1789210 548
1789220 551
1789230 554
1789240 556
1789250 558
1789260 560
1789270 563
1789280 566
1789290 570
1789300 573
1789310 574
1789320 574
1789330 575
1789340 575
1789350 576
1789360 576
1789370 576
1789380 577
1789390 577
1789400 578
1789410 578
1789420 578
1789430 578
1789440 578
1789450 579
1789460 581
1789470 584
1789480 584
1789490 585
1789500 586
1789510 588
1789520 589
1789530 590
1789540 591
1789550 592
1789560 592
1789570 593
1789580 593
1789590 594
1789600 594
1789610 595
1789620 596
1789630 597
1789640 597
1789650 598
1789660 597
1789670 597
1789680 597
1789690 597
1789700 597
1789710 597
1789720 596
1789730 596
1789740 596
1789750 596
1789760 596
1789770 597
1789780 596
1789790 596
1789800 596
1789810 595
1789820 596
1789830 596
1789840 597
1789850 598
1789860 599
1789870 600
1789880 600
1789890 600
1789900 601
1789910 601
1789920 602
1789930 602
1789940 602
1789950 603
1789960 603
1789970 604
1789980 604
1789990 605
1790000 606
1790010 607
1790020 607
1790030 607
1790040 607
1790050 606
1790060 608
1790070 610
1790080 612
1790090 614
1790100 616
1790110 617
1790120 618
1790130 619
1790140 620
1790150 621
1790160 622
1790170 622
1790180 622
1790190 623
1790200 623
1790210 624
1790220 624
1790230 625
1790240 625
1790250 626
1790260 627
1790270 628
1790280 628
1790290 630
1790300 631
1790310 632
1790320 633
1790330 635
1790340 636
1790350 636
1790360 636
1790370 636
1790380 636
1790390 635
1790400 635
1790410 634
1790420 634
1790430 633
1790440 632
1790450 631
1790460 632
1790470 632
1790480 633
1790490 634
1790500 635
1790510 636
1790520 636
1790530 637
1790540 637
1790550 637
1790560 638
1790570 639
1790580 640
1790590 641
1790600 642
1790610 644
1790620 645
1790630 647
1790640 648
1790650 649
1790660 651
1790670 652
1790680 653
1790690 654
1790700 655
1790710 657
1790720 658
1790730 659
1790740 659
1790750 660
1790760 660
1790770 661
1790780 662
1790790 662
1790800 663
1790810 664
1790820 664
1790830 665
1790840 665
1790850 666
1790860 666
1790870 667
1790880 668
1790890 668
1790900 669
1790910 669
1790920 669
1790930 670
1790940 670
1790950 670
1790960 670
1790970 671
1790980 671
1790990 672
1791000 672
1791010 672
1791020 672
1791030 673
1791040 673
1791050 673
1791060 674
1791070 674
1791080 674
1791090 675
1791100 675
1791110 675
1791120 675
1791130 676
1791140 676
1791150 677
1791160 677
1791170 677
1791180 677
1791190 677
1791200 676
1791210 677
1791220 677
1791230 676
1791240 676
1791250 676
1791260 676
1791270 676
1791280 676
1791290 676
1791300 675
1791310 675
1791320 675
1791330 674
1791340 674
1791350 673
1791360 673
1791370 672
1791380 671
1791390 671
1791400 670
1791410 669
1791420 668
1791430 668
1791440 667
1791450 666
1791460 665
1791470 664
1791480 663
1791490 663
1791500 662
1791510 661
1791520 660
1791530 660
1791540 659
1791550 659
1791560 658
1791570 658
1791580 657
1791590 657
1791600 656
1791610 656
1791620 655
1791630 655
1791640 654
1791650 653
1791660 652
1791670 651
1791680 650
1791690 649
1791700 648
1791710 648
1791720 647
1791730 646
1791740 645
1791750 645
1791760 644
1791770 643
1791780 643
1791790 642
1791800 641
1791810 641
1791820 640
1791830 639
1791840 638
1791850 638
1791860 637
1791870 635
1791880 635
1791890 634
1791900 634
1791910 633
1791920 633
1791930 632
1791940 632
1791950 632
1791960 631
1791970 631
1791980 631
1791990 631
1792000 631
1792010 631
1792020 631
1792030 631
1792040 631
1792050 631
1792060 631
1792070 630
1792080 630
1792090 629
1792100 628
1792110 628
1792120 627
1792130 626
1792140 625
1792150 625
1792160 624
1792170 624
1792180 624
1792190 623
1792200 623
1792210 622
1792220 622
1792230 621
1792240 621
1792250 621
1792260 621
1792270 620
1792280 620
1792290 620
1792300 619
1792310 619
1792320 619
1792330 618
1792340 617
1792350 617
1792360 617
1792370 616
1792380 616
1792390 615
1792400 614
1792410 614
1792420 613
1792430 612
1792440 611
1792450 610
1792460 608
1792470 607
1792480 605
1792490 604
1792500 602
1792510 601
1792520 599
1792530 598
1792540 596
1792550 594
1792560 593
1792570 592
1792580 590
1792590 589
1792600 588
1792610 587
1792620 586
1792630 585
1792640 584
1792650 583
1792660 583
1792670 582
1792680 582
1792690 581
1792700 580
1792710 580
1792720 579
1792730 578
1792740 577
1792750 576
1792760 574
1792770 572
1792780 570
1792790 568
1792800 566
1792810 565
1792820 563
1792830 562
1792840 561
1792850 559
1792860 558
1792870 557
1792880 555
1792890 553
1792900 550
1792910 548
1792920 546
1792930 543
1792940 541
1792950 539
1792960 537
1792970 535
1792980 533
1792990 532
1793000 531
1793010 530
1793020 529
1793030 527
1793040 525
1793050 523
1793060 520
1793070 518
1793080 516
1793090 515
1793100 513
1793110 511
1793120 510
1793130 508
1793140 506
1793150 504
1793160 502
1793170 500
1793180 498
1793190 495
1793200 493
1793210 490
1793220 487
1793230 484
1793240 481
1793250 478
1793260 475
1793270 471
1793280 467
1793290 464
1793300 460
1793310 456
1793320 452
1793330 450
1793340 448
1793350 446
1793360 446
1793370 446
1793380 446
1793390 448
1793400 451
1793410 456
1793420 460
1793430 464
1793440 467
1793450 471
1793460 474
1793470 478
1793480 482
1793490 486
1793500 489
1793510 493
1793520 495
1793530 498
1793540 500
1793550 503
1793560 505
1793570 507
1793580 508
1793590 508
1793600 508
1793610 508
1793620 508
1793630 507
1793640 504
1793650 501
1793660 499
1793670 496
1793680 493
1793690 490
1793700 488
1793710 485
1793720 481
1793730 478
1793740 474
1793750 470
1793760 466
1793770 462
1793780 457
1793790 453
1793800 448
1793810 444
1793820 440
1793830 435
1793840 431
1793850 429
1793860 427
1793870 426
1793880 425
1793890 425
1793900 425
1793910 424
1793920 424
1793930 424
1793940 424
1793950 424
1793960 423
1793970 423
1793980 423
1793990 423
1794000 423
1794010 422
1794020 422
1794030 423
1794040 423
1794050 423
1794060 423
1794070 423
1794080 423
1794090 423
1794100 423
1794110 423
1794120 423
1794130 422
1794140 421
1794150 420
1794160 421
1794170 422
1794180 422
1794190 422
1794200 422
1794210 423
1794220 424
1794230 425
1794240 425
1794250 425
1794260 425
1794270 425
1794280 424
1794290 424
1794300 424
1794310 424
1794320 424
1794330 423
1794340 423
1794350 423
1794360 423
1794370 423
1794380 424
1794390 425
1794400 425
1794410 426
1794420 426
1794430 426
1794440 426
1794450 426
1794460 426
1794470 426
1794480 426
1794490 426
1794500 426
1794510 426
1794520 426
1794530 426
1794540 426
1794550 426
1794560 427
1794570 429
1794580 432
1794590 435
1794600 438
1794610 440
1794620 441
1794630 443
1794640 444
1794650 445
1794660 447
1794670 448
1794680 450
1794690 452
1794700 454
1794710 456
1794720 458
1794730 460
1794740 462
1794750 464
1794760 466
1794770 468
1794780 469
1794790 470
1794800 471
1794810 472
1794820 473
1794830 475
1794840 476
1794850 477
1794860 479
1794870 480
1794880 482
1794890 483
1794900 485
1794910 486
1794920 487
1794930 487
1794940 487
1794950 487
1794960 488
1794970 489
1794980 491
1794990 491
1795000 493
1795010 495
1795020 499
1795030 502
1795040 502
1795050 503
1795060 504
1795070 506
1795080 507
1795090 508
1795100 510
1795110 511
1795120 512
1795130 514
1795140 516
1795150 517
1795160 519
1795170 521
1795180 522
1795190 524
1795200 526
1795210 528
1795220 530
1795230 531
1795240 533
1795250 535
1795260 537
1795270 539
1795280 541
1795290 543
1795300 545
1795310 547
1795320 549
1795330 551
1795340 553
1795350 555
1795360 557
1795370 559
1795380 560
1795390 562
1795400 563
1795410 565
1795420 568
1795430 570
1795440 572
1795450 574
1795460 576
1795470 577
1795480 579
1795490 580
1795500 581
1795510 583
1795520 584
1795530 585
1795540 586
1795550 586
1795560 587
1795570 589
1795580 589
1795590 590
1795600 591
1795610 592
1795620 593
1795630 593
1795640 594
1795650 595
1795660 596
1795670 596
1795680 596
1795690 597
1795700 597
1795710 597
1795720 598
1795730 598
1795740 598
1795750 597
1795760 597
1795770 596
1795780 595
1795790 594
1795800 593
1795810 592
1795820 590
1795830 589
1795840 587
1795850 585
1795860 583
1795870 581
1795880 579
1795890 577
1795900 575
1795910 573
1795920 571
1795930 569
1795940 567
1795950 565
1795960 564
1795970 562
1795980 560
1795990 559
1796000 558
1796010 557
1796020 556
1796030 555
1796040 554
1796050 553
1796060 552
1796070 551
1796080 550
1796090 549
1796100 548
1796110 547
1796120 547
1796130 546
1796140 545
1796150 544
1796160 543
1796170 543
1796180 542
1796190 541
1796200 540
1796210 539
1796220 538
1796230 537
1796240 536
1796250 535
1796260 534
1796270 534
1796280 534
1796290 534
1796300 534
1796310 534
1796320 533
1796330 533
1796340 531
1796350 529
1796360 527
1796370 525
1796380 522
1796390 519
1796400 516
1796410 513
1796420 510
1796430 507
1796440 504
1796450 501
1796460 497
1796470 494
1796480 491
1796490 488
1796500 485
1796510 482
1796520 479
1796530 476
1796540 473
1796550 471
1796560 469
1796570 469
1796580 469
1796590 469
1796600 468
1796610 468
1796620 467
1796630 466
1796640 463
1796650 460
1796660 456
1796670 452
1796680 449
1796690 448
1796700 447
1796710 447
1796720 447
1796730 447
1796740 447
1796750 447
1796760 447
1796770 447
1796780 448
1796790 448
1796800 448
1796810 449
1796820 449
1796830 449
1796840 449
1796850 450
1796860 450
1796870 450
1796880 450
1796890 450
1796900 450
1796910 450
1796920 451
1796930 451
1796940 451
1796950 450
1796960 450
1796970 450
1796980 451
1796990 451
1797000 452
1797010 453
1797020 454
1797030 456
1797040 458
1797050 461
1797060 464
1797070 468
1797080 471
1797090 474
1797100 477
1797110 480
1797120 482
1797130 485
1797140 488
1797150 491
1797160 495
1797170 498
1797180 500
1797190 503
1797200 505
1797210 507
1797220 509
1797230 511
1797240 513
1797250 515
1797260 518
1797270 520
1797280 523
1797290 526
1797300 529
1797310 532
1797320 535
1797330 538
1797340 540
1797350 543
1797360 545
1797370 547
1797380 550
1797390 552
1797400 553
1797410 555
1797420 555
1797430 556
1797440 557
1797450 558
1797460 558
1797470 559
1797480 560
1797490 561
1797500 562
1797510 564
1797520 565
1797530 567
1797540 568
1797550 570
1797560 572
1797570 574
1797580 576
1797590 578
1797600 580
1797610 582
1797620 584
1797630 586
1797640 587
1797650 589
1797660 591
1797670 592
1797680 594
1797690 596
1797700 597
1797710 599
1797720 600
1797730 602
1797740 604
1797750 606
1797760 608
1797770 611
1797780 613
1797790 615
1797800 618
1797810 619
1797820 621
1797830 623
1797840 625
1797850 627
1797860 628
1797870 630
1797880 631
1797890 632
1797900 632
1797910 632
1797920 633
1797930 633
1797940 634
1797950 634
1797960 635
1797970 634
1797980 634
1797990 633
1798000 633
1798010 633
1798020 633
1798030 633
1798040 634
1798050 634
1798060 635
1798070 636
1798080 637
1798090 637
1798100 638
1798110 639
1798120 639
1798130 639
1798140 639
1798150 640
1798160 640
1798170 640
1798180 640
1798190 640
1798200 639
1798210 639
1798220 639
1798230 638
1798240 638
1798250 637
1798260 637
1798270 637
1798280 637
1798290 637
1798300 638
1798310 638
1798320 639
1798330 639
1798340 640
1798350 641
1798360 641
1798370 642
1798380 643
1798390 644
1798400 645
1798410 646
1798420 646
1798430 646
1798440 647
1798450 647
1798460 646
1798470 646
1798480 646
1798490 645
1798500 645
1798510 646
1798520 646
1798530 646
1798540 647
1798550 647
1798560 647
1798570 648
1798580 648
1798590 648
1798600 649
1798610 649
1798620 650
1798630 650
1798640 650
1798650 650
1798660 650
1798670 650
1798680 649
1798690 649
1798700 649
1798710 649
1798720 648
1798730 648
1798740 648
1798750 647
1798760 647
1798770 647
1798780 646
1798790 645
1798800 645
1798810 644
1798820 643
1798830 642
1798840 640
1798850 640
1798860 639
1798870 638
1798880 638
1798890 638
1798900 637
1798910 636
1798920 635
1798930 635
1798940 634
1798950 633
1798960 631
1798970 630
1798980 630
1798990 629
1799000 629
1799010 630
1799020 630
1799030 631
1799040 632
1799050 633
1799060 634
1799070 634
1799080 635
1799090 636
1799100 636
1799110 636
1799120 636
1799130 635
1799140 633
1799150 632
1799160 630
1799170 628
1799180 626
1799190 625
1799200 623
1799210 623
1799220 622
1799230 621
1799240 619
1799250 617
1799260 616
1799270 616
1799280 616
1799290 621
1799300 625
1799310 630
1799320 632
1799330 633
1799340 635
1799350 638
1799360 642
1799370 646
1799380 648
1799390 650
1799400 652
1799410 654
1799420 656
1799430 658
1799440 659
1799450 661
1799460 663
1799470 665
1799480 666
1799490 668
1799500 669
1799510 672
1799520 674
1799530 676
1799540 678
1799550 681
1799560 683
1799570 686
1799580 688
1799590 690
1799600 693
1799610 696
1799620 698
1799630 701
1799640 703
1799650 705
1799660 707
1799670 708
1799680 710
1799690 712
1799700 714
1799710 716
1799720 717
1799730 718
1799740 719
1799750 720
1799760 721
1799770 722
1799780 723
1799790 724
1799800 725
1799810 726
1799820 726
1799830 727
1799840 727
1799850 728
1799860 728
1799870 728
1799880 729
1799890 729
1799900 729
1799910 729
1799920 729
1799930 730
1799940 730
1799950 731
1799960 731
1799970 732
1799980 733
1799990 734
