1780000 665
1780010 667
1780020 668
1780030 668
1780040 669
1780050 669
1780060 668
1780070 668
1780080 666
1780090 664
1780100 662
1780110 660
1780120 658
1780130 656
1780140 654
1780150 651
1780160 650
1780170 648
1780180 646
1780190 644
1780200 642
1780210 639
1780220 637
1780230 635
1780240 633
1780250 631
1780260 630
1780270 628
1780280 627
1780290 625
1780300 624
1780310 623
1780320 622
1780330 621
1780340 620
1780350 619
1780360 618
1780370 617
1780380 617
1780390 616
1780400 616
1780410 615
1780420 614
1780430 613
1780440 612
1780450 611
1780460 611
1780470 610
1780480 609
1780490 609
1780500 608
1780510 608
1780520 607
1780530 607
1780540 606
1780550 605
1780560 605
1780570 604
1780580 603
1780590 603
1780600 602
1780610 601
1780620 601
1780630 600
1780640 600
1780650 600
1780660 599
1780670 599
1780680 598
1780690 598
1780700 598
1780710 598
1780720 598
1780730 598
1780740 598
1780750 598
1780760 598
1780770 598
1780780 599
1780790 599
1780800 599
1780810 599
1780820 599
1780830 599
1780840 600
1780850 600
1780860 600
1780870 600
1780880 600
1780890 600
1780900 600
1780910 600
1780920 600
1780930 600
1780940 600
1780950 600
1780960 600
1780970 600
1780980 599
1780990 599
1781000 599
1781010 599
1781020 599
1781030 598
1781040 598
1781050 598
1781060 597
1781070 597
1781080 596
1781090 596
1781100 596
1781110 596
1781120 596
1781130 596
1781140 596
1781150 595
1781160 594
1781170 594
1781180 593
1781190 593
1781200 593
1781210 594
1781220 594
1781230 594
1781240 594
1781250 594
1781260 594
1781270 594
1781280 594
1781290 594
1781300 595
1781310 595
1781320 596
1781330 597
1781340 597
1781350 598
1781360 598
1781370 598
1781380 599
1781390 600
1781400 600
1781410 601
1781420 601
1781430 602
1781440 602
1781450 602
1781460 602
1781470 602
1781480 602
1781490 602
1781500 602
1781510 602
1781520 602
1781530 603
1781540 603
1781550 604
1781560 604
1781570 604
1781580 604
1781590 603
1781600 603
1781610 603
1781620 603
1781630 603
1781640 603
1781650 603
1781660 604
1781670 604
1781680 605
1781690 606
1781700 607
1781710 608
1781720 607
1781730 606
1781740 604
1781750 603
1781760 603
1781770 604
1781780 604
1781790 604
1781800 604
1781810 605
1781820 605
1781830 605
1781840 606
1781850 606
1781860 605
1781870 605
1781880 606
1781890 606
1781900 606
1781910 606
1781920 606
1781930 606
1781940 606
1781950 606
1781960 606
1781970 606
1781980 606
1781990 606
1782000 606
1782010 606
1782020 606
1782030 605
1782040 605
1782050 606
1782060 606
1782070 608
1782080 609
1782090 609
1782100 608
1782110 607
1782120 608
1782130 608
1782140 607
1782150 608
1782160 608
1782170 608
1782180 608
1782190 609
1782200 611
1782210 612
1782220 613
1782230 615
1782240 617
1782250 618
1782260 619
1782270 620
1782280 621
1782290 621
1782300 621
1782310 622
1782320 622
1782330 622
1782340 623
1782350 623
1782360 623
1782370 623
1782380 622
1782390 621
1782400 621
1782410 622
1782420 624
1782430 624
1782440 625
1782450 625
1782460 625
1782470 626
1782480 626
1782490 627
1782500 627
1782510 628
1782520 629
1782530 629
1782540 630
1782550 631
1782560 631
1782570 632
1782580 633
1782590 634
1782600 635
1782610 635
1782620 636
1782630 637
1782640 638
1782650 638
1782660 639
1782670 639
1782680 640
1782690 640
1782700 640
1782710 640
1782720 640
1782730 640
1782740 640
1782750 640
1782760 640
1782770 640
1782780 640
1782790 641
1782800 640
1782810 640
1782820 640
1782830 640
1782840 639
1782850 638
1782860 637
1782870 636
1782880 635
1782890 634
1782900 634
1782910 633
1782920 631
1782930 630
1782940 630
1782950 629
1782960 628
1782970 627
1782980 626
1782990 625
1783000 623
1783010 622
1783020 623
1783030 623
1783040 624
1783050 623
1783060 624
1783070 624
1783080 624
1783090 624
1783100 624
1783110 625
1783120 626
1783130 626
1783140 627
1783150 627
1783160 627
1783170 627
1783180 627
1783190 628
1783200 628
1783210 628
1783220 628
1783230 628
1783240 628
1783250 628
1783260 628
1783270 628
1783280 628
1783290 629
1783300 629
1783310 629
1783320 629
1783330 629
1783340 629
1783350 629
1783360 629
1783370 629
1783380 629
1783390 628
1783400 628
1783410 628
1783420 628
1783430 627
1783440 627
1783450 626
1783460 626
1783470 625
1783480 625
1783490 624
1783500 624
1783510 623
1783520 622
1783530 621
1783540 620
1783550 619
1783560 617
1783570 615
1783580 613
1783590 611
1783600 608
1783610 606
1783620 604
1783630 602
1783640 599
1783650 596
1783660 592
1783670 589
1783680 587
1783690 587
1783700 584
1783710 582
1783720 579
1783730 580
1783740 583
1783750 586
1783760 588
1783770 589
1783780 590
1783790 591
1783800 592
1783810 593
1783820 594
1783830 595
1783840 596
1783850 596
1783860 597
1783870 597
1783880 597
1783890 598
1783900 599
1783910 600
1783920 601
1783930 602
1783940 604
1783950 605
1783960 606
1783970 607
1783980 607
1783990 607
1784000 608
1784010 608
1784020 609
1784030 610
1784040 610
1784050 611
1784060 611
1784070 612
1784080 612
1784090 613
1784100 613
1784110 614
1784120 614
1784130 614
1784140 614
1784150 614
1784160 613
1784170 613
1784180 612
1784190 612
1784200 611
1784210 611
1784220 610
1784230 609
1784240 607
1784250 605
1784260 604
1784270 602
1784280 600
1784290 597
1784300 595
1784310 592
1784320 589
1784330 585
1784340 582
1784350 578
1784360 575
1784370 573
1784380 572
1784390 572
1784400 571
1784410 572
1784420 574
1784430 575
1784440 576
1784450 576
1784460 577
1784470 578
1784480 579
1784490 580
1784500 581
1784510 581
1784520 582
1784530 582
1784540 582
1784550 581
1784560 579
1784570 577
1784580 574
1784590 571
1784600 567
1784610 563
1784620 559
1784630 555
1784640 550
1784650 546
1784660 542
1784670 538
1784680 535
1784690 531
1784700 528
1784710 525
1784720 523
1784730 521
1784740 520
1784750 520
1784760 519
1784770 519
1784780 519
1784790 518
1784800 518
1784810 518
1784820 519
1784830 521
1784840 523
1784850 525
1784860 527
1784870 529
1784880 531
1784890 533
1784900 536
1784910 538
1784920 539
1784930 541
1784940 542
1784950 544
1784960 545
1784970 546
1784980 548
1784990 550
1785000 552
1785010 554
1785020 555
1785030 557
1785040 559
1785050 562
1785060 565
1785070 567
1785080 569
1785090 571
1785100 573
1785110 575
1785120 576
1785130 578
1785140 578
1785150 579
1785160 580
1785170 580
1785180 581
1785190 581
1785200 580
1785210 580
1785220 579
1785230 578
1785240 577
1785250 577
1785260 577
1785270 577
1785280 577
1785290 577
1785300 577
1785310 577
1785320 577
1785330 577
1785340 577
1785350 577
1785360 578
1785370 578
1785380 578
1785390 578
1785400 578
1785410 578
1785420 578
1785430 578
1785440 578
1785450 578
1785460 577
1785470 577
1785480 576
1785490 575
1785500 574
1785510 573
1785520 572
1785530 570
1785540 569
1785550 567
1785560 565
1785570 563
1785580 561
1785590 560
1785600 559
1785610 558
1785620 558
1785630 557
1785640 557
1785650 556
1785660 554
1785670 553
1785680 552
1785690 551
1785700 550
1785710 549
1785720 548
1785730 547
1785740 546
1785750 545
1785760 544
1785770 543
1785780 542
1785790 543
1785800 543
1785810 543
1785820 543
1785830 542
1785840 542
1785850 541
1785860 541
1785870 541
1785880 540
1785890 540
1785900 540
1785910 540
1785920 539
1785930 539
1785940 539
1785950 539
1785960 539
1785970 539
1785980 536
1785990 533
1786000 531
1786010 530
1786020 529
1786030 531
1786040 532
1786050 532
1786060 531
1786070 529
1786080 528
1786090 527
1786100 525
1786110 524
1786120 523
1786130 521
1786140 520
1786150 518
1786160 517
1786170 516
1786180 515
1786190 515
1786200 514
1786210 514
1786220 515
1786230 515
1786240 515
1786250 516
1786260 517
1786270 518
1786280 518
1786290 518
1786300 518
1786310 519
1786320 519
1786330 519
1786340 520
1786350 521
1786360 521
1786370 522
1786380 522
1786390 523
1786400 524
1786410 524
1786420 524
1786430 524
1786440 524
1786450 523
1786460 522
1786470 521
1786480 520
1786490 519
1786500 518
1786510 516
1786520 515
1786530 514
1786540 513
1786550 513
1786560 512
1786570 511
1786580 511
1786590 511
1786600 511
1786610 511
1786620 511
1786630 511
1786640 510
1786650 509
1786660 509
1786670 508
1786680 508
1786690 509
1786700 509
1786710 508
1786720 507
1786730 506
1786740 505
1786750 506
1786760 508
1786770 509
1786780 510
1786790 511
1786800 511
1786810 512
1786820 512
1786830 513
1786840 514
1786850 515
1786860 515
1786870 516
1786880 515
1786890 515
1786900 515
1786910 514
1786920 514
1786930 514
1786940 514
1786950 514
1786960 514
1786970 514
1786980 514
1786990 515
1787000 515
1787010 516
1787020 517
1787030 518
1787040 518
1787050 519
1787060 519
1787070 519
1787080 520
1787090 520
1787100 520
1787110 520
1787120 520
1787130 520
1787140 520
1787150 520
1787160 521
1787170 520
1787180 520
1787190 520
1787200 520
1787210 520
1787220 520
1787230 521
1787240 522
1787250 523
1787260 523
1787270 523
1787280 523
1787290 523
1787300 523
1787310 523
1787320 524
1787330 524
1787340 522
1787350 519
1787360 515
1787370 511
1787380 508
1787390 506
1787400 506
1787410 505
1787420 505
1787430 505
1787440 505
1787450 506
1787460 508
1787470 509
1787480 510
1787490 512
1787500 513
1787510 514
1787520 514
1787530 513
1787540 512
1787550 511
1787560 510
1787570 510
1787580 509
1787590 508
1787600 507
1787610 505
1787620 503
1787630 502
1787640 500
1787650 498
1787660 496
1787670 494
1787680 493
1787690 491
1787700 489
1787710 487
1787720 486
1787730 485
1787740 484
1787750 483
1787760 482
1787770 481
1787780 480
1787790 479
1787800 478
1787810 478
1787820 477
1787830 477
1787840 477
1787850 477
1787860 477
1787870 476
1787880 476
1787890 476
1787900 476
1787910 476
1787920 476
1787930 476
1787940 476
1787950 475
1787960 475
1787970 475
1787980 475
1787990 475
1788000 475
1788010 475
1788020 475
1788030 475
1788040 474
1788050 474
1788060 474
1788070 474
1788080 474
1788090 474
1788100 474
1788110 474
1788120 474
1788130 474
1788140 473
1788150 473
1788160 473
1788170 473
1788180 473
1788190 473
1788200 473
1788210 473
1788220 473
1788230 473
1788240 473
1788250 473
1788260 473
1788270 473
1788280 473
1788290 472
1788300 472
1788310 472
1788320 472
1788330 472
1788340 472
1788350 472
1788360 472
1788370 472
1788380 472
1788390 472
1788400 472
1788410 472
1788420 471
1788430 471
1788440 471
1788450 471
1788460 471
1788470 471
1788480 471
1788490 471
1788500 471
1788510 471
1788520 471
1788530 471
1788540 471
1788550 471
1788560 471
1788570 470
1788580 470
1788590 471
1788600 471
1788610 471
1788620 470
1788630 470
1788640 470
1788650 470
1788660 470
1788670 470
1788680 469
1788690 470
1788700 470
1788710 471
1788720 472
1788730 474
1788740 476
1788750 477
1788760 478
1788770 481
1788780 484
1788790 488
1788800 492
1788810 495
1788820 498
1788830 500
1788840 502
1788850 505
1788860 508
1788870 511
1788880 513
1788890 515
1788900 516
1788910 518
1788920 519
1788930 520
1788940 520
1788950 520
1788960 519
1788970 520
1788980 520
1788990 520
1789000 519
1789010 517
1789020 515
1789030 513
1789040 511
1789050 508
1789060 507
1789070 507
1789080 509
1789090 511
1789100 515
1789110 518
1789120 522
1789130 525
1789140 529
1789150 532
1789160 536
1789170 539
1789180 543
1789190 546
1789200 548
1789210 551
1789220 553
1789230 555
1789240 557
1789250 560
1789260 562
1789270 565
1789280 568
1789290 572
1789300 574
1789310 576
1789320 577
1789330 577
1789340 577
1789350 578
1789360 578
1789370 579
1789380 579
1789390 580
1789400 580
1789410 580
1789420 581
1789430 582
1789440 583
1789450 584
1789460 586
1789470 587
1789480 588
1789490 589
1789500 590
1789510 590
1789520 591
1789530 591
1789540 592
1789550 592
1789560 593
1789570 593
1789580 594
1789590 595
1789600 595
1789610 596
1789620 598
1789630 599
1789640 599
1789650 600
1789660 601
1789670 601
1789680 601
1789690 601
1789700 601
1789710 601
1789720 600
1789730 600
1789740 600
1789750 599
1789760 599
1789770 599
1789780 599
1789790 598
1789800 598
1789810 598
1789820 599
1789830 600
1789840 601
1789850 602
1789860 603
1789870 603
1789880 604
1789890 604
1789900 604
1789910 605
1789920 605
1789930 606
1789940 606
1789950 606
1789960 607
1789970 608
1789980 609
1789990 610
1790000 611
1790010 612
1790020 613
1790030 614
1790040 614
1790050 613
1790060 612
1790070 613
1790080 614
1790090 616
1790100 617
1790110 619
1790120 620
1790130 621
1790140 622
1790150 623
1790160 624
1790170 625
1790180 625
1790190 626
1790200 626
1790210 627
1790220 628
1790230 629
1790240 629
1790250 630
1790260 631
1790270 631
1790280 632
1790290 632
1790300 633
1790310 635
1790320 636
1790330 637
1790340 637
1790350 638
1790360 638
1790370 638
1790380 637
1790390 637
1790400 637
1790410 636
1790420 636
1790430 635
1790440 635
1790450 635
1790460 635
1790470 636
1790480 637
1790490 639
1790500 640
1790510 640
1790520 641
1790530 641
1790540 641
1790550 642
1790560 642
1790570 643
1790580 644
1790590 645
1790600 646
1790610 647
1790620 649
1790630 650
1790640 651
1790650 653
1790660 654
1790670 655
1790680 656
1790690 657
1790700 658
1790710 659
1790720 660
1790730 661
1790740 662
1790750 662
1790760 663
1790770 663
1790780 664
1790790 665
1790800 665
1790810 666
1790820 667
1790830 667
1790840 668
1790850 668
1790860 669
1790870 670
1790880 670
1790890 671
1790900 671
1790910 671
1790920 672
1790930 672
1790940 672
1790950 673
1790960 673
1790970 673
1790980 674
1790990 674
1791000 674
1791010 675
1791020 675
1791030 675
1791040 675
1791050 676
1791060 676
1791070 676
1791080 677
1791090 677
1791100 677
1791110 677
1791120 677
1791130 677
1791140 678
1791150 678
1791160 678
1791170 678
1791180 677
1791190 677
1791200 678
1791210 678
1791220 678
1791230 678
1791240 678
1791250 678
1791260 677
1791270 677
1791280 677
1791290 677
1791300 677
1791310 677
1791320 676
1791330 676
1791340 675
1791350 675
1791360 674
1791370 674
1791380 673
1791390 673
1791400 672
1791410 671
1791420 670
1791430 670
1791440 669
1791450 668
1791460 667
1791470 666
1791480 666
1791490 665
1791500 664
1791510 663
1791520 663
1791530 662
1791540 662
1791550 661
1791560 661
1791570 660
1791580 660
1791590 659
1791600 659
1791610 658
1791620 658
1791630 657
1791640 657
1791650 656
1791660 655
1791670 654
1791680 653
1791690 653
1791700 652
1791710 651
1791720 650
1791730 650
1791740 649
1791750 648
1791760 647
1791770 647
1791780 646
1791790 645
1791800 645
1791810 644
1791820 643
1791830 642
1791840 642
1791850 641
1791860 640
1791870 639
1791880 638
1791890 638
1791900 637
1791910 636
1791920 636
1791930 635
1791940 635
1791950 635
1791960 634
1791970 634
1791980 634
1791990 634
1792000 634
1792010 634
1792020 634
1792030 634
1792040 634
1792050 634
1792060 634
1792070 634
1792080 633
1792090 633
1792100 632
1792110 631
1792120 631
1792130 630
1792140 629
1792150 629
1792160 628
1792170 628
1792180 628
1792190 628
1792200 627
1792210 627
1792220 627
1792230 626
1792240 626
1792250 625
1792260 625
1792270 625
1792280 625
1792290 624
1792300 624
1792310 624
1792320 623
1792330 623
1792340 622
1792350 621
1792360 621
1792370 621
1792380 620
1792390 620
1792400 619
1792410 618
1792420 617
1792430 616
1792440 615
1792450 614
1792460 612
1792470 610
1792480 609
1792490 607
1792500 606
1792510 604
1792520 603
1792530 601
1792540 600
1792550 598
1792560 596
1792570 595
1792580 593
1792590 592
1792600 591
1792610 590
1792620 589
1792630 588
1792640 587
1792650 586
1792660 585
1792670 584
1792680 584
1792690 583
1792700 582
1792710 581
1792720 580
1792730 579
1792740 578
1792750 576
1792760 574
1792770 573
1792780 571
1792790 569
1792800 567
1792810 565
1792820 564
1792830 562
1792840 561
1792850 560
1792860 558
1792870 557
1792880 554
1792890 552
1792900 549
1792910 546
1792920 543
1792930 540
1792940 537
1792950 534
1792960 532
1792970 530
1792980 527
1792990 525
1793000 524
1793010 522
1793020 521
1793030 519
1793040 518
1793050 516
1793060 514
1793070 512
1793080 510
1793090 508
1793100 506
1793110 504
1793120 502
1793130 500
1793140 499
1793150 497
1793160 495
1793170 493
1793180 491
1793190 489
1793200 487
1793210 485
1793220 482
1793230 479
1793240 476
1793250 474
1793260 471
1793270 468
1793280 464
1793290 460
1793300 456
1793310 451
1793320 449
1793330 447
1793340 447
1793350 447
1793360 447
1793370 448
1793380 449
1793390 453
1793400 457
1793410 461
1793420 464
1793430 468
1793440 471
1793450 474
1793460 477
1793470 481
1793480 484
1793490 488
1793500 491
1793510 494
1793520 497
1793530 500
1793540 502
1793550 504
1793560 506
1793570 508
1793580 510
1793590 511
1793600 510
1793610 510
1793620 510
1793630 509
1793640 507
1793650 504
1793660 501
1793670 499
1793680 496
1793690 493
1793700 490
1793710 487
1793720 483
1793730 480
1793740 476
1793750 473
1793760 469
1793770 465
1793780 461
1793790 456
1793800 452
1793810 447
1793820 443
1793830 439
1793840 435
1793850 431
1793860 428
1793870 427
1793880 426
1793890 425
1793900 424
1793910 424
1793920 424
1793930 424
1793940 424
1793950 424
1793960 423
1793970 423
1793980 423
1793990 423
1794000 423
1794010 423
1794020 422
1794030 422
1794040 422
1794050 423
1794060 423
1794070 423
1794080 423
1794090 423
1794100 423
1794110 423
1794120 423
1794130 422
1794140 422
1794150 420
1794160 421
1794170 421
1794180 421
1794190 421
1794200 421
1794210 421
1794220 423
1794230 424
1794240 424
1794250 424
1794260 424
1794270 423
1794280 423
1794290 423
1794300 423
1794310 424
1794320 423
1794330 423
1794340 423
1794350 423
1794360 423
1794370 423
1794380 423
1794390 423
1794400 424
1794410 425
1794420 425
1794430 425
1794440 425
1794450 425
1794460 425
1794470 425
1794480 425
1794490 425
1794500 425
1794510 425
1794520 425
1794530 425
1794540 425
1794550 425
1794560 425
1794570 425
1794580 426
1794590 429
1794600 432
1794610 436
1794620 438
1794630 440
1794640 441
1794650 443
1794660 444
1794670 446
1794680 447
1794690 449
1794700 451
1794710 453
1794720 455
1794730 457
1794740 459
1794750 462
1794760 464
1794770 465
1794780 467
1794790 468
1794800 469
1794810 470
1794820 470
1794830 472
1794840 473
1794850 475
1794860 476
1794870 478
1794880 479
1794890 480
1794900 482
1794910 485
1794920 486
1794930 487
1794940 486
1794950 486
1794960 486
1794970 487
1794980 488
1794990 490
1795000 492
1795010 497
1795020 500
1795030 501
1795040 501
1795050 502
1795060 502
1795070 504
1795080 505
1795090 507
1795100 508
1795110 509
1795120 511
1795130 512
1795140 514
1795150 515
1795160 517
1795170 519
1795180 521
1795190 522
1795200 524
1795210 526
1795220 528
1795230 529
1795240 531
1795250 533
1795260 535
1795270 537
1795280 539
1795290 541
1795300 543
1795310 545
1795320 547
1795330 549
1795340 551
1795350 553
1795360 555
1795370 556
1795380 558
1795390 559
1795400 561
1795410 563
1795420 565
1795430 567
1795440 569
1795450 571
1795460 573
1795470 575
1795480 576
1795490 578
1795500 579
1795510 581
1795520 582
1795530 583
1795540 583
1795550 584
1795560 585
1795570 586
1795580 587
1795590 588
1795600 588
1795610 589
1795620 590
1795630 590
1795640 591
1795650 592
1795660 593
1795670 593
1795680 594
1795690 594
1795700 595
1795710 595
1795720 595
1795730 595
1795740 595
1795750 595
1795760 594
1795770 593
1795780 593
1795790 591
1795800 590
1795810 589
1795820 587
1795830 586
1795840 584
1795850 582
1795860 580
1795870 578
1795880 576
1795890 574
1795900 572
1795910 570
1795920 568
1795930 566
1795940 564
1795950 562
1795960 560
1795970 558
1795980 557
1795990 556
1796000 555
1796010 554
1796020 553
1796030 552
1796040 551
1796050 550
1796060 549
1796070 547
1796080 546
1796090 545
1796100 545
1796110 544
1796120 544
1796130 543
1796140 542
1796150 541
1796160 541
1796170 540
1796180 540
1796190 539
1796200 538
1796210 536
1796220 535
1796230 534
1796240 533
1796250 531
1796260 530
1796270 530
1796280 530
1796290 530
1796300 530
1796310 530
1796320 530
1796330 530
1796340 529
1796350 527
1796360 525
1796370 523
1796380 521
1796390 518
1796400 515
1796410 512
1796420 510
1796430 507
1796440 504
1796450 502
1796460 498
1796470 495
1796480 491
1796490 488
1796500 485
1796510 482
1796520 478
1796530 475
1796540 472
1796550 470
1796560 467
1796570 465
1796580 465
1796590 465
1796600 465
1796610 464
1796620 462
1796630 459
1796640 455
1796650 451
1796660 448
1796670 446
1796680 446
1796690 447
1796700 447
1796710 447
1796720 447
1796730 447
1796740 447
1796750 447
1796760 448
1796770 448
1796780 449
1796790 449
1796800 449
1796810 449
1796820 450
1796830 450
1796840 450
1796850 450
1796860 450
1796870 450
1796880 450
1796890 451
1796900 451
1796910 452
1796920 452
1796930 452
1796940 452
1796950 452
1796960 452
1796970 452
1796980 453
1796990 455
1797000 456
1797010 457
1797020 459
1797030 461
1797040 463
1797050 466
1797060 470
1797070 474
1797080 477
1797090 480
1797100 481
1797110 483
1797120 486
1797130 489
1797140 492
1797150 495
1797160 497
1797170 499
1797180 502
1797190 504
1797200 506
1797210 508
1797220 510
1797230 513
1797240 515
1797250 517
1797260 520
1797270 523
1797280 526
1797290 529
1797300 532
1797310 535
1797320 538
1797330 540
1797340 542
1797350 545
1797360 547
1797370 549
1797380 552
1797390 555
1797400 557
1797410 558
1797420 559
1797430 560
1797440 560
1797450 561
1797460 562
1797470 562
1797480 563
1797490 564
1797500 565
1797510 566
1797520 567
1797530 568
1797540 570
1797550 572
1797560 573
1797570 575
1797580 577
1797590 579
1797600 581
1797610 583
1797620 584
1797630 586
1797640 587
1797650 589
1797660 591
1797670 592
1797680 594
1797690 595
1797700 597
1797710 598
1797720 600
1797730 602
1797740 604
1797750 606
1797760 609
1797770 611
1797780 613
1797790 615
1797800 617
1797810 620
1797820 622
1797830 624
1797840 626
1797850 628
1797860 630
1797870 632
1797880 633
1797890 634
1797900 635
1797910 635
1797920 636
1797930 636
1797940 636
1797950 636
1797960 636
1797970 636
1797980 636
1797990 636
1798000 636
1798010 636
1798020 637
1798030 637
1798040 638
1798050 638
1798060 639
1798070 640
1798080 641
1798090 642
1798100 642
1798110 643
1798120 643
1798130 643
1798140 644
1798150 644
1798160 644
1798170 644
1798180 644
1798190 644
1798200 644
1798210 643
1798220 643
1798230 643
1798240 643
1798250 642
1798260 642
1798270 642
1798280 642
1798290 642
1798300 642
1798310 643
1798320 643
1798330 644
1798340 644
1798350 645
1798360 646
1798370 647
1798380 648
1798390 650
1798400 650
1798410 651
1798420 652
1798430 652
1798440 652
1798450 652
1798460 652
1798470 651
1798480 650
1798490 649
1798500 649
1798510 649
1798520 649
1798530 649
1798540 649
1798550 650
1798560 650
1798570 651
1798580 651
1798590 652
1798600 652
1798610 653
1798620 653
1798630 653
1798640 654
1798650 653
1798660 653
1798670 653
1798680 653
1798690 653
1798700 652
1798710 652
1798720 652
1798730 652
1798740 652
1798750 651
1798760 650
1798770 650
1798780 650
1798790 650
1798800 649
1798810 647
1798820 646
1798830 645
1798840 644
1798850 644
1798860 643
1798870 642
1798880 641
1798890 642
1798900 642
1798910 642
1798920 641
1798930 641
1798940 641
1798950 639
1798960 637
1798970 635
1798980 634
1798990 634
1799000 634
1799010 634
1799020 635
1799030 635
1799040 636
1799050 637
1799060 637
1799070 638
1799080 638
1799090 639
1799100 640
1799110 640
1799120 641
1799130 641
1799140 640
1799150 639
1799160 637
1799170 636
1799180 634
1799190 632
1799200 631
1799210 629
1799220 628
1799230 626
1799240 624
1799250 622
1799260 620
1799270 619
1799280 620
1799290 623
1799300 627
1799310 630
1799320 631
1799330 633
1799340 635
1799350 639
1799360 642
1799370 646
1799380 648
1799390 650
1799400 652
1799410 655
1799420 657
1799430 659
1799440 661
1799450 663
1799460 665
1799470 666
1799480 667
1799490 667
1799500 668
1799510 669
1799520 670
1799530 672
1799540 675
1799550 677
1799560 680
1799570 683
1799580 686
1799590 689
1799600 691
1799610 694
1799620 696
1799630 699
1799640 701
1799650 703
1799660 706
1799670 708
1799680 710
1799690 712
1799700 715
1799710 717
1799720 718
1799730 719
1799740 720
1799750 721
1799760 723
1799770 724
1799780 725
1799790 726
1799800 727
1799810 728
1799820 729
1799830 729
1799840 730
1799850 730
1799860 731
1799870 731
1799880 731
1799890 731
1799900 731
1799910 732
1799920 732
1799930 732
1799940 732
1799950 733
1799960 733
1799970 734
1799980 735
1799990 736
