1780000 596
1780010 596
1780020 596
1780030 597
1780040 597
1780050 598
1780060 599
1780070 599
1780080 599
1780090 599
1780100 599
1780110 598
1780120 597
1780130 595
1780140 594
1780150 594
1780160 594
1780170 596
1780180 598
1780190 599
1780200 600
1780210 600
1780220 601
1780230 601
1780240 601
1780250 601
1780260 601
1780270 601
1780280 601
1780290 601
1780300 601
1780310 600
1780320 600
1780330 600
1780340 599
1780350 599
1780360 599
1780370 599
1780380 599
1780390 600
1780400 600
1780410 600
1780420 600
1780430 601
1780440 601
1780450 602
1780460 603
1780470 603
1780480 604
1780490 604
1780500 605
1780510 604
1780520 602
1780530 598
1780540 593
1780550 589
1780560 586
1780570 584
1780580 584
1780590 587
1780600 591
1780610 594
1780620 596
1780630 598
1780640 601
1780650 604
1780660 608
1780670 611
1780680 615
1780690 618
1780700 621
1780710 625
1780720 628
1780730 632
1780740 635
1780750 638
1780760 641
1780770 644
1780780 648
1780790 650
1780800 652
1780810 654
1780820 656
1780830 658
1780840 659
1780850 661
1780860 663
1780870 665
1780880 666
1780890 668
1780900 669
1780910 670
1780920 671
1780930 672
1780940 673
1780950 673
1780960 672
1780970 672
1780980 670
1780990 669
1781000 667
1781010 664
1781020 661
1781030 659
1781040 657
1781050 656
1781060 654
1781070 652
1781080 651
1781090 649
1781100 650
1781110 651
1781120 652
1781130 654
1781140 658
1781150 662
1781160 665
1781170 667
1781180 669
1781190 671
1781200 673
1781210 675
1781220 677
1781230 679
1781240 681
1781250 683
1781260 684
1781270 686
1781280 686
1781290 686
1781300 686
1781310 686
1781320 687
1781330 687
1781340 687
1781350 686
1781360 686
1781370 686
1781380 685
1781390 685
1781400 684
1781410 683
1781420 682
1781430 680
1781440 679
1781450 678
1781460 677
1781470 677
1781480 676
1781490 675
1781500 674
1781510 673
1781520 672
1781530 671
1781540 670
1781550 669
1781560 667
1781570 666
1781580 664
1781590 661
1781600 658
1781610 655
1781620 651
1781630 647
1781640 643
1781650 639
1781660 636
1781670 633
1781680 630
1781690 627
1781700 624
1781710 619
1781720 613
1781730 606
1781740 601
1781750 597
1781760 596
1781770 598
1781780 600
1781790 603
1781800 605
1781810 607
1781820 611
1781830 616
1781840 621
1781850 627
1781860 632
1781870 636
1781880 641
1781890 645
1781900 649
1781910 652
1781920 656
1781930 660
1781940 665
1781950 669
1781960 674
1781970 678
1781980 682
1781990 686
1782000 690
1782010 692
1782020 693
1782030 690
1782040 685
1782050 682
1782060 680
1782070 682
1782080 684
1782090 684
1782100 681
1782110 677
1782120 673
1782130 671
1782140 671
1782150 673
1782160 676
1782170 682
1782180 686
1782190 688
1782200 687
1782210 685
1782220 682
1782230 678
1782240 676
1782250 674
1782260 671
1782270 670
1782280 668
1782290 668
1782300 667
1782310 666
1782320 665
1782330 666
1782340 668
1782350 671
1782360 674
1782370 676
1782380 677
1782390 678
1782400 678
1782410 679
1782420 679
1782430 680
1782440 680
1782450 682
1782460 683
1782470 685
1782480 687
1782490 688
1782500 687
1782510 685
1782520 684
1782530 682
1782540 681
1782550 680
1782560 679
1782570 677
1782580 674
1782590 671
1782600 668
1782610 665
1782620 662
1782630 659
1782640 655
1782650 651
1782660 647
1782670 643
1782680 639
1782690 635
1782700 631
1782710 627
1782720 623
1782730 620
1782740 617
1782750 615
1782760 613
1782770 610
1782780 608
1782790 606
1782800 603
1782810 600
1782820 597
1782830 593
1782840 589
1782850 585
1782860 581
1782870 577
1782880 573
1782890 569
1782900 566
1782910 563
1782920 560
1782930 558
1782940 557
1782950 555
1782960 553
1782970 555
1782980 556
1782990 556
1783000 556
1783010 557
1783020 557
1783030 558
1783040 559
1783050 561
1783060 562
1783070 565
1783080 568
1783090 572
1783100 576
1783110 579
1783120 583
1783130 586
1783140 589
1783150 591
1783160 594
1783170 596
1783180 597
1783190 597
1783200 595
1783210 592
1783220 589
1783230 587
1783240 588
1783250 592
1783260 595
1783270 598
1783280 600
1783290 602
1783300 603
1783310 605
1783320 606
1783330 606
1783340 607
1783350 607
1783360 607
1783370 607
1783380 607
1783390 608
1783400 608
1783410 608
1783420 608
1783430 608
1783440 608
1783450 607
1783460 607
1783470 606
1783480 604
1783490 601
1783500 602
1783510 604
1783520 609
1783530 614
1783540 618
1783550 622
1783560 625
1783570 629
1783580 632
1783590 635
1783600 637
1783610 640
1783620 642
1783630 644
1783640 646
1783650 648
1783660 649
1783670 651
1783680 652
1783690 654
1783700 655
1783710 656
1783720 657
1783730 659
1783740 660
1783750 662
1783760 664
1783770 665
1783780 667
1783790 668
1783800 670
1783810 671
1783820 672
1783830 672
1783840 673
1783850 674
1783860 675
1783870 677
1783880 678
1783890 680
1783900 682
1783910 684
1783920 685
1783930 687
1783940 688
1783950 689
1783960 689
1783970 689
1783980 689
1783990 687
1784000 684
1784010 680
1784020 676
1784030 671
1784040 666
1784050 661
1784060 656
1784070 651
1784080 646
1784090 642
1784100 639
1784110 636
1784120 633
1784130 630
1784140 627
1784150 623
1784160 620
1784170 617
1784180 613
1784190 608
1784200 601
1784210 599
1784220 602
1784230 608
1784240 614
1784250 619
1784260 621
1784270 622
1784280 624
1784290 625
1784300 626
1784310 627
1784320 628
1784330 630
1784340 631
1784350 632
1784360 634
1784370 635
1784380 636
1784390 638
1784400 640
1784410 642
1784420 644
1784430 646
1784440 648
1784450 650
1784460 652
1784470 654
1784480 655
1784490 657
1784500 658
1784510 660
1784520 661
1784530 663
1784540 664
1784550 666
1784560 666
1784570 668
1784580 669
1784590 670
1784600 672
1784610 674
1784620 676
1784630 677
1784640 678
1784650 678
1784660 678
1784670 678
1784680 678
1784690 678
1784700 678
1784710 679
1784720 679
1784730 678
1784740 678
1784750 677
1784760 677
1784770 676
1784780 676
1784790 676
1784800 676
1784810 676
1784820 677
1784830 678
1784840 678
1784850 677
1784860 676
1784870 674
1784880 673
1784890 671
1784900 669
1784910 667
1784920 665
1784930 662
1784940 660
1784950 658
1784960 655
1784970 653
1784980 649
1784990 645
1785000 640
1785010 635
1785020 631
1785030 628
1785040 627
1785050 626
1785060 626
1785070 626
1785080 626
1785090 625
1785100 623
1785110 621
1785120 618
1785130 614
1785140 609
1785150 606
1785160 604
1785170 602
1785180 600
1785190 599
1785200 597
1785210 596
1785220 594
1785230 592
1785240 591
1785250 589
1785260 586
1785270 583
1785280 579
1785290 576
1785300 575
1785310 576
1785320 578
1785330 580
1785340 583
1785350 587
1785360 590
1785370 593
1785380 595
1785390 596
1785400 598
1785410 600
1785420 603
1785430 605
1785440 607
1785450 609
1785460 611
1785470 613
1785480 615
1785490 617
1785500 620
1785510 623
1785520 626
1785530 629
1785540 632
1785550 634
1785560 636
1785570 638
1785580 640
1785590 642
1785600 644
1785610 646
1785620 648
1785630 650
1785640 652
1785650 654
1785660 655
1785670 656
1785680 658
1785690 660
1785700 662
1785710 663
1785720 665
1785730 666
1785740 667
1785750 668
1785760 669
1785770 670
1785780 672
1785790 675
1785800 677
1785810 679
1785820 681
1785830 683
1785840 684
1785850 685
1785860 687
1785870 688
1785880 689
1785890 691
1785900 692
1785910 693
1785920 695
1785930 696
1785940 697
1785950 698
1785960 699
1785970 699
1785980 701
1785990 702
1786000 704
1786010 706
1786020 707
1786030 709
1786040 710
1786050 712
1786060 714
1786070 715
1786080 717
1786090 718
1786100 719
1786110 720
1786120 721
1786130 722
1786140 722
1786150 723
1786160 724
1786170 725
1786180 726
1786190 728
1786200 728
1786210 729
1786220 730
1786230 731
1786240 732
1786250 734
1786260 736
1786270 738
1786280 739
1786290 741
1786300 742
1786310 743
1786320 745
1786330 746
1786340 747
1786350 749
1786360 750
1786370 752
1786380 754
1786390 756
1786400 757
1786410 759
1786420 761
1786430 762
1786440 763
1786450 764
1786460 765
1786470 767
1786480 768
1786490 769
1786500 769
1786510 770
1786520 771
1786530 771
1786540 771
1786550 772
1786560 772
1786570 771
1786580 771
1786590 770
1786600 770
1786610 769
1786620 768
1786630 767
1786640 766
1786650 765
1786660 764
1786670 763
1786680 762
1786690 761
1786700 759
1786710 757
1786720 756
1786730 754
1786740 753
1786750 752
1786760 750
1786770 749
1786780 748
1786790 747
1786800 745
1786810 743
1786820 741
1786830 739
1786840 737
1786850 734
1786860 732
1786870 729
1786880 726
1786890 724
1786900 721
1786910 718
1786920 715
1786930 712
1786940 710
1786950 707
1786960 705
1786970 702
1786980 698
1786990 695
1787000 692
1787010 689
1787020 686
1787030 683
1787040 680
1787050 678
1787060 676
1787070 674
1787080 672
1787090 670
1787100 668
1787110 665
1787120 663
1787130 659
1787140 656
1787150 653
1787160 649
1787170 646
1787180 642
1787190 639
1787200 635
1787210 632
1787220 628
1787230 625
1787240 621
1787250 617
1787260 612
1787270 607
1787280 603
1787290 599
1787300 598
1787310 598
1787320 597
1787330 596
1787340 595
1787350 597
1787360 603
1787370 607
1787380 610
1787390 612
1787400 615
1787410 618
1787420 620
1787430 622
1787440 625
1787450 628
1787460 632
1787470 636
1787480 640
1787490 644
1787500 647
1787510 651
1787520 653
1787530 656
1787540 658
1787550 659
1787560 661
1787570 662
1787580 663
1787590 664
1787600 665
1787610 666
1787620 668
1787630 669
1787640 670
1787650 672
1787660 673
1787670 675
1787680 676
1787690 678
1787700 679
1787710 681
1787720 684
1787730 686
1787740 688
1787750 691
1787760 693
1787770 694
1787780 696
1787790 699
1787800 701
1787810 703
1787820 705
1787830 708
1787840 710
1787850 713
1787860 714
1787870 716
1787880 717
1787890 720
1787900 721
1787910 722
1787920 724
1787930 725
1787940 726
1787950 728
1787960 729
1787970 731
1787980 733
1787990 735
1788000 736
1788010 738
1788020 741
1788030 743
1788040 745
1788050 747
1788060 749
1788070 751
1788080 753
1788090 755
1788100 757
1788110 759
1788120 761
1788130 763
1788140 764
1788150 766
1788160 768
1788170 769
1788180 771
1788190 772
1788200 773
1788210 775
1788220 776
1788230 777
1788240 779
1788250 780
1788260 782
1788270 783
1788280 784
1788290 785
1788300 786
1788310 788
1788320 791
1788330 793
1788340 795
1788350 797
1788360 800
1788370 802
1788380 804
1788390 807
1788400 809
1788410 811
1788420 813
1788430 815
1788440 817
1788450 819
1788460 821
1788470 823
1788480 824
1788490 826
1788500 828
1788510 829
1788520 830
1788530 831
1788540 832
1788550 834
1788560 835
1788570 836
1788580 837
1788590 838
1788600 839
1788610 840
1788620 840
1788630 841
1788640 842
1788650 842
1788660 843
1788670 844
1788680 844
1788690 845
1788700 845
1788710 846
1788720 846
1788730 846
1788740 847
1788750 847
1788760 848
1788770 848
1788780 848
1788790 849
1788800 849
1788810 850
1788820 851
1788830 851
1788840 852
1788850 852
1788860 852
1788870 853
1788880 853
1788890 853
1788900 853
1788910 853
1788920 853
1788930 853
1788940 852
1788950 852
1788960 851
1788970 851
1788980 850
1788990 850
1789000 849
1789010 849
1789020 848
1789030 848
1789040 847
1789050 846
1789060 845
1789070 845
1789080 844
1789090 843
1789100 842
1789110 841
1789120 840
1789130 839
1789140 838
1789150 837
1789160 836
1789170 835
1789180 834
1789190 832
1789200 831
1789210 830
1789220 828
1789230 827
1789240 826
1789250 824
1789260 823
1789270 821
1789280 820
1789290 818
1789300 817
1789310 815
1789320 814
1789330 812
1789340 811
1789350 810
1789360 809
1789370 808
1789380 806
1789390 804
1789400 803
1789410 802
1789420 800
1789430 799
1789440 798
1789450 797
1789460 796
1789470 795
1789480 792
1789490 788
1789500 785
1789510 782
1789520 780
1789530 778
1789540 776
1789550 774
1789560 772
1789570 771
1789580 769
1789590 767
1789600 766
1789610 764
1789620 763
1789630 761
1789640 759
1789650 757
1789660 755
1789670 753
1789680 752
1789690 751
1789700 749
1789710 747
1789720 745
1789730 744
1789740 743
1789750 742
1789760 742
1789770 741
1789780 740
1789790 739
1789800 739
1789810 738
1789820 738
1789830 736
1789840 735
1789850 732
1789860 732
1789870 731
1789880 731
1789890 730
1789900 730
1789910 731
1789920 731
1789930 730
1789940 730
1789950 729
1789960 728
1789970 728
1789980 728
1789990 727
1790000 727
1790010 728
1790020 729
1790030 731
1790040 733
1790050 734
1790060 736
1790070 736
1790080 736
1790090 735
1790100 734
1790110 734
1790120 733
1790130 733
1790140 733
1790150 733
1790160 733
1790170 733
1790180 733
1790190 732
1790200 732
1790210 731
1790220 731
1790230 730
1790240 730
1790250 730
1790260 730
1790270 730
1790280 729
1790290 729
1790300 728
1790310 728
1790320 727
1790330 727
1790340 727
1790350 726
1790360 724
1790370 721
1790380 718
1790390 715
1790400 713
1790410 712
1790420 711
1790430 710
1790440 710
1790450 709
1790460 709
1790470 708
1790480 707
1790490 707
1790500 707
1790510 706
1790520 706
1790530 706
1790540 705
1790550 704
1790560 703
1790570 701
1790580 698
1790590 696
1790600 693
1790610 690
1790620 688
1790630 685
1790640 682
1790650 679
1790660 674
1790670 670
1790680 665
1790690 665
1790700 667
1790710 672
1790720 676
1790730 680
1790740 683
1790750 685
1790760 686
1790770 687
1790780 690
1790790 692
1790800 695
1790810 698
1790820 701
1790830 703
1790840 706
1790850 709
1790860 712
1790870 715
1790880 718
1790890 720
1790900 722
1790910 723
1790920 723
1790930 724
1790940 724
1790950 724
1790960 724
1790970 725
1790980 725
1790990 725
1791000 726
1791010 727
1791020 728
1791030 729
1791040 730
1791050 731
1791060 732
1791070 732
1791080 733
1791090 733
1791100 732
1791110 732
1791120 731
1791130 731
1791140 730
1791150 731
1791160 731
1791170 731
1791180 730
1791190 730
1791200 729
1791210 729
1791220 729
1791230 729
1791240 730
1791250 730
1791260 731
1791270 731
1791280 730
1791290 730
1791300 730
1791310 730
1791320 731
1791330 731
1791340 732
1791350 733
1791360 734
1791370 735
1791380 736
1791390 737
1791400 738
1791410 739
1791420 741
1791430 742
1791440 743
1791450 744
1791460 745
1791470 746
1791480 748
1791490 749
1791500 750
1791510 751
1791520 751
1791530 751
1791540 750
1791550 749
1791560 748
1791570 746
1791580 745
1791590 743
1791600 741
1791610 740
1791620 738
1791630 736
1791640 735
1791650 733
1791660 731
1791670 728
1791680 726
1791690 723
1791700 721
1791710 719
1791720 718
1791730 716
1791740 714
1791750 713
1791760 711
1791770 710
1791780 709
1791790 707
1791800 705
1791810 703
1791820 701
1791830 700
1791840 698
1791850 696
1791860 694
1791870 692
1791880 690
1791890 688
1791900 686
1791910 684
1791920 682
1791930 680
1791940 677
1791950 675
1791960 673
1791970 672
1791980 670
1791990 668
1792000 666
1792010 665
1792020 664
1792030 662
1792040 661
1792050 659
1792060 657
1792070 655
1792080 655
1792090 655
1792100 655
1792110 654
1792120 652
1792130 650
1792140 648
1792150 646
1792160 645
1792170 643
1792180 642
1792190 640
1792200 639
1792210 637
1792220 636
1792230 635
1792240 634
1792250 633
1792260 631
1792270 630
1792280 628
1792290 628
1792300 627
1792310 626
1792320 626
1792330 626
1792340 627
1792350 626
1792360 626
1792370 625
1792380 624
1792390 623
1792400 621
1792410 619
1792420 617
1792430 614
1792440 612
1792450 608
1792460 605
1792470 601
1792480 598
1792490 595
1792500 593
1792510 590
1792520 589
1792530 588
1792540 587
1792550 585
1792560 583
1792570 580
1792580 578
1792590 576
1792600 575
1792610 575
1792620 574
1792630 574
1792640 574
1792650 573
1792660 573
1792670 573
1792680 573
1792690 573
1792700 573
1792710 573
1792720 572
1792730 572
1792740 571
1792750 571
1792760 571
1792770 570
1792780 571
1792790 571
1792800 570
1792810 569
1792820 568
1792830 568
1792840 567
1792850 566
1792860 566
1792870 569
1792880 572
1792890 574
1792900 575
1792910 576
1792920 577
1792930 578
1792940 578
1792950 579
1792960 579
1792970 579
1792980 580
1792990 581
1793000 582
1793010 583
1793020 584
1793030 585
1793040 586
1793050 586
1793060 587
1793070 589
1793080 590
1793090 592
1793100 594
1793110 596
1793120 597
1793130 598
1793140 598
1793150 597
1793160 596
1793170 596
1793180 596
1793190 596
1793200 597
1793210 599
1793220 601
1793230 601
1793240 602
1793250 603
1793260 604
1793270 606
1793280 607
1793290 608
1793300 609
1793310 609
1793320 609
1793330 609
1793340 608
1793350 608
1793360 607
1793370 606
1793380 605
1793390 604
1793400 602
1793410 601
1793420 601
1793430 600
1793440 600
1793450 599
1793460 599
1793470 599
1793480 600
1793490 600
1793500 601
1793510 601
1793520 602
1793530 603
1793540 603
1793550 604
1793560 604
1793570 604
1793580 605
1793590 605
1793600 606
1793610 606
1793620 606
1793630 606
1793640 607
1793650 606
1793660 606
1793670 606
1793680 606
1793690 606
1793700 605
1793710 602
1793720 600
1793730 597
1793740 595
1793750 592
1793760 589
1793770 586
1793780 583
1793790 581
1793800 579
1793810 577
1793820 575
1793830 573
1793840 570
1793850 568
1793860 566
1793870 563
1793880 561
1793890 558
1793900 556
1793910 554
1793920 552
1793930 551
1793940 549
1793950 548
1793960 547
1793970 546
1793980 545
1793990 544
1794000 543
1794010 541
1794020 539
1794030 537
1794040 535
1794050 533
1794060 532
1794070 528
1794080 525
1794090 523
1794100 520
1794110 518
1794120 515
1794130 513
1794140 510
1794150 507
1794160 504
1794170 502
1794180 499
1794190 496
1794200 493
1794210 490
1794220 487
1794230 485
1794240 482
1794250 481
1794260 479
1794270 477
1794280 475
1794290 472
1794300 468
1794310 465
1794320 462
1794330 458
1794340 455
1794350 452
1794360 451
1794370 449
1794380 449
1794390 448
1794400 448
1794410 448
1794420 448
1794430 447
1794440 447
1794450 446
1794460 444
1794470 442
1794480 441
1794490 439
1794500 436
1794510 434
1794520 432
1794530 429
1794540 427
1794550 425
1794560 423
1794570 421
1794580 420
1794590 419
1794600 418
1794610 417
1794620 416
1794630 415
1794640 414
1794650 413
1794660 412
1794670 412
1794680 411
1794690 411
1794700 410
1794710 410
1794720 410
1794730 409
1794740 409
1794750 409
1794760 409
1794770 409
1794780 409
1794790 409
1794800 409
1794810 409
1794820 408
1794830 408
1794840 408
1794850 408
1794860 408
1794870 409
1794880 410
1794890 410
1794900 409
1794910 408
1794920 406
1794930 408
1794940 409
1794950 411
1794960 411
1794970 410
1794980 410
1794990 411
1795000 411
1795010 410
1795020 409
1795030 408
1795040 408
1795050 408
1795060 408
1795070 408
1795080 409
1795090 409
1795100 409
1795110 409
1795120 409
1795130 409
1795140 408
1795150 408
1795160 408
1795170 408
1795180 408
1795190 408
1795200 408
1795210 408
1795220 408
1795230 408
1795240 408
1795250 408
1795260 409
1795270 409
1795280 409
1795290 410
1795300 411
1795310 413
1795320 415
1795330 418
1795340 421
1795350 422
1795360 423
1795370 424
1795380 425
1795390 429
1795400 433
1795410 437
1795420 442
1795430 445
1795440 447
1795450 448
1795460 449
1795470 451
1795480 452
1795490 452
1795500 452
1795510 451
1795520 450
1795530 449
1795540 449
1795550 451
1795560 454
1795570 458
1795580 461
1795590 464
1795600 466
1795610 467
1795620 468
1795630 470
1795640 471
1795650 472
1795660 474
1795670 475
1795680 476
1795690 477
1795700 477
1795710 478
1795720 478
1795730 478
1795740 478
1795750 478
1795760 478
1795770 478
1795780 478
1795790 477
1795800 476
1795810 475
1795820 474
1795830 474
1795840 473
1795850 472
1795860 472
1795870 471
1795880 471
1795890 470
1795900 470
1795910 469
1795920 469
1795930 469
1795940 469
1795950 469
1795960 468
1795970 468
1795980 467
1795990 467
1796000 467
1796010 467
1796020 467
1796030 467
1796040 467
1796050 468
1796060 468
1796070 469
1796080 470
1796090 470
1796100 471
1796110 471
1796120 470
1796130 468
1796140 468
1796150 469
1796160 472
1796170 474
1796180 475
1796190 477
1796200 479
1796210 481
1796220 482
1796230 484
1796240 486
1796250 487
1796260 488
1796270 489
1796280 489
1796290 490
1796300 490
1796310 491
1796320 491
1796330 491
1796340 492
1796350 493
1796360 494
1796370 494
1796380 495
1796390 495
1796400 496
1796410 496
1796420 497
1796430 496
1796440 496
1796450 496
1796460 496
1796470 496
1796480 496
1796490 496
1796500 495
1796510 495
1796520 494
1796530 493
1796540 493
1796550 492
1796560 491
1796570 491
1796580 490
1796590 490
1796600 489
1796610 488
1796620 490
1796630 491
1796640 491
1796650 491
1796660 492
1796670 494
1796680 496
1796690 498
1796700 501
1796710 502
1796720 503
1796730 504
1796740 504
1796750 505
1796760 504
1796770 504
1796780 503
1796790 501
1796800 499
1796810 497
1796820 494
1796830 491
1796840 492
1796850 495
1796860 499
1796870 502
1796880 504
1796890 507
1796900 510
1796910 512
1796920 513
1796930 515
1796940 517
1796950 519
1796960 521
1796970 524
1796980 526
1796990 528
1797000 531
1797010 534
1797020 538
1797030 542
1797040 546
1797050 549
1797060 552
1797070 555
1797080 558
1797090 560
1797100 562
1797110 563
1797120 565
1797130 567
1797140 569
1797150 571
1797160 573
1797170 576
1797180 578
1797190 580
1797200 581
1797210 582
1797220 583
1797230 583
1797240 582
1797250 579
1797260 576
1797270 573
1797280 570
1797290 566
1797300 563
1797310 560
1797320 557
1797330 555
1797340 551
1797350 547
1797360 550
1797370 553
1797380 556
1797390 559
1797400 562
1797410 564
1797420 567
1797430 568
1797440 570
1797450 571
1797460 571
1797470 572
1797480 571
1797490 570
1797500 569
1797510 568
1797520 567
1797530 567
1797540 567
1797550 567
1797560 567
1797570 567
1797580 566
1797590 566
1797600 565
1797610 564
1797620 563
1797630 562
1797640 562
1797650 561
1797660 561
1797670 560
1797680 560
1797690 560
1797700 559
1797710 559
1797720 558
1797730 556
1797740 553
1797750 549
1797760 549
1797770 549
1797780 550
1797790 553
1797800 556
1797810 559
1797820 563
1797830 566
1797840 570
1797850 573
1797860 577
1797870 580
1797880 582
1797890 585
1797900 588
1797910 590
1797920 593
1797930 595
1797940 597
1797950 599
1797960 601
1797970 603
1797980 605
1797990 607
1798000 608
1798010 611
1798020 614
1798030 618
1798040 622
1798050 624
1798060 626
1798070 629
1798080 631
1798090 634
1798100 636
1798110 639
1798120 641
1798130 643
1798140 645
1798150 647
1798160 649
1798170 652
1798180 654
1798190 656
1798200 658
1798210 660
1798220 662
1798230 664
1798240 666
1798250 668
1798260 670
1798270 672
1798280 674
1798290 676
1798300 678
1798310 679
1798320 681
1798330 682
1798340 684
1798350 685
1798360 687
1798370 689
1798380 690
1798390 692
1798400 693
1798410 695
1798420 697
1798430 698
1798440 700
1798450 701
1798460 703
1798470 705
1798480 706
1798490 708
1798500 709
1798510 711
1798520 712
1798530 714
1798540 716
1798550 717
1798560 719
1798570 720
1798580 722
1798590 723
1798600 725
1798610 726
1798620 727
1798630 729
1798640 730
1798650 732
1798660 734
1798670 735
1798680 737
1798690 739
1798700 740
1798710 741
1798720 742
1798730 743
1798740 744
1798750 744
1798760 744
1798770 744
1798780 744
1798790 743
1798800 741
1798810 740
1798820 738
1798830 737
1798840 736
1798850 735
1798860 734
1798870 733
1798880 732
1798890 732
1798900 732
1798910 732
1798920 732
1798930 732
1798940 732
1798950 731
1798960 730
1798970 728
1798980 725
1798990 722
1799000 720
1799010 717
1799020 714
1799030 712
1799040 710
1799050 708
1799060 706
1799070 704
1799080 701
1799090 699
1799100 696
1799110 693
1799120 690
1799130 687
1799140 684
1799150 682
1799160 680
1799170 679
1799180 678
1799190 677
1799200 675
1799210 673
1799220 671
1799230 674
1799240 678
1799250 682
1799260 685
1799270 688
1799280 690
1799290 691
1799300 694
1799310 696
1799320 698
1799330 701
1799340 703
1799350 705
1799360 707
1799370 709
1799380 712
1799390 715
1799400 717
1799410 718
1799420 719
1799430 720
1799440 722
1799450 723
1799460 724
1799470 725
1799480 725
1799490 726
1799500 728
1799510 731
1799520 733
1799530 736
1799540 739
1799550 741
1799560 743
1799570 743
1799580 743
1799590 744
1799600 745
1799610 746
1799620 748
1799630 749
1799640 751
1799650 752
1799660 753
1799670 754
1799680 755
1799690 755
1799700 756
1799710 757
1799720 759
1799730 761
1799740 763
1799750 764
1799760 764
1799770 764
1799780 765
1799790 767
1799800 770
1799810 773
1799820 776
1799830 779
1799840 782
1799850 783
1799860 785
1799870 786
1799880 787
1799890 787
1799900 788
1799910 787
1799920 788
1799930 788
1799940 790
1799950 793
1799960 795
1799970 797
1799980 799
1799990 801
