1780000 625
1780010 625
1780020 625
1780030 625
1780040 625
1780050 624
1780060 624
1780070 624
1780080 624
1780090 624
1780100 623
1780110 623
1780120 622
1780130 622
1780140 622
1780150 622
1780160 622
1780170 622
1780180 621
1780190 620
1780200 619
1780210 618
1780220 617
1780230 616
1780240 616
1780250 616
1780260 617
1780270 618
1780280 619
1780290 620
1780300 621
1780310 622
1780320 622
1780330 623
1780340 624
1780350 625
1780360 626
1780370 627
1780380 627
1780390 628
1780400 628
1780410 629
1780420 629
1780430 629
1780440 629
1780450 628
1780460 627
1780470 626
1780480 624
1780490 620
1780500 616
1780510 611
1780520 606
1780530 601
1780540 598
1780550 598
1780560 602
1780570 606
1780580 611
1780590 614
1780600 618
1780610 621
1780620 625
1780630 629
1780640 633
1780650 635
1780660 638
1780670 640
1780680 641
1780690 641
1780700 640
1780710 639
1780720 638
1780730 637
1780740 640
1780750 645
1780760 650
1780770 654
1780780 657
1780790 660
1780800 663
1780810 666
1780820 670
1780830 673
1780840 676
1780850 679
1780860 682
1780870 685
1780880 688
1780890 690
1780900 693
1780910 695
1780920 698
1780930 700
1780940 702
1780950 705
1780960 707
1780970 709
1780980 711
1780990 713
1781000 715
1781010 717
1781020 718
1781030 720
1781040 721
1781050 722
1781060 722
1781070 722
1781080 722
1781090 722
1781100 723
1781110 723
1781120 723
1781130 723
1781140 723
1781150 721
1781160 719
1781170 715
1781180 712
1781190 708
1781200 705
1781210 701
1781220 699
1781230 700
1781240 701
1781250 704
1781260 706
1781270 708
1781280 710
1781290 712
1781300 714
1781310 717
1781320 719
1781330 721
1781340 723
1781350 725
1781360 727
1781370 729
1781380 731
1781390 732
1781400 734
1781410 736
1781420 735
1781430 734
1781440 731
1781450 728
1781460 724
1781470 721
1781480 717
1781490 713
1781500 710
1781510 706
1781520 702
1781530 698
1781540 695
1781550 691
1781560 687
1781570 683
1781580 679
1781590 675
1781600 671
1781610 666
1781620 661
1781630 655
1781640 651
1781650 647
1781660 645
1781670 643
1781680 642
1781690 641
1781700 638
1781710 635
1781720 632
1781730 627
1781740 624
1781750 623
1781760 627
1781770 633
1781780 638
1781790 643
1781800 647
1781810 652
1781820 655
1781830 658
1781840 661
1781850 664
1781860 667
1781870 670
1781880 673
1781890 676
1781900 679
1781910 682
1781920 684
1781930 687
1781940 689
1781950 691
1781960 693
1781970 694
1781980 695
1781990 697
1782000 699
1782010 701
1782020 702
1782030 704
1782040 707
1782050 709
1782060 713
1782070 717
1782080 721
1782090 726
1782100 729
1782110 732
1782120 736
1782130 739
1782140 742
1782150 746
1782160 749
1782170 752
1782180 754
1782190 756
1782200 758
1782210 759
1782220 758
1782230 757
1782240 755
1782250 752
1782260 749
1782270 746
1782280 743
1782290 739
1782300 736
1782310 732
1782320 728
1782330 725
1782340 721
1782350 718
1782360 714
1782370 711
1782380 708
1782390 705
1782400 702
1782410 699
1782420 695
1782430 692
1782440 689
1782450 686
1782460 683
1782470 680
1782480 678
1782490 677
1782500 675
1782510 674
1782520 672
1782530 671
1782540 669
1782550 668
1782560 666
1782570 663
1782580 661
1782590 658
1782600 655
1782610 652
1782620 649
1782630 647
1782640 645
1782650 643
1782660 641
1782670 640
1782680 638
1782690 636
1782700 634
1782710 630
1782720 626
1782730 622
1782740 619
1782750 615
1782760 612
1782770 610
1782780 608
1782790 606
1782800 604
1782810 602
1782820 600
1782830 598
1782840 596
1782850 594
1782860 592
1782870 589
1782880 586
1782890 582
1782900 577
1782910 573
1782920 569
1782930 567
1782940 566
1782950 566
1782960 565
1782970 565
1782980 564
1782990 564
1783000 564
1783010 566
1783020 569
1783030 572
1783040 577
1783050 580
1783060 583
1783070 587
1783080 590
1783090 594
1783100 598
1783110 602
1783120 606
1783130 610
1783140 614
1783150 618
1783160 623
1783170 627
1783180 631
1783190 636
1783200 640
1783210 644
1783220 647
1783230 650
1783240 651
1783250 651
1783260 651
1783270 652
1783280 652
1783290 652
1783300 654
1783310 656
1783320 658
1783330 660
1783340 662
1783350 663
1783360 664
1783370 666
1783380 668
1783390 670
1783400 671
1783410 673
1783420 673
1783430 673
1783440 673
1783450 670
1783460 668
1783470 664
1783480 661
1783490 659
1783500 656
1783510 654
1783520 653
1783530 652
1783540 651
1783550 651
1783560 652
1783570 656
1783580 659
1783590 660
1783600 662
1783610 663
1783620 665
1783630 666
1783640 668
1783650 670
1783660 672
1783670 675
1783680 678
1783690 681
1783700 684
1783710 688
1783720 692
1783730 696
1783740 700
1783750 704
1783760 707
1783770 711
1783780 715
1783790 719
1783800 722
1783810 726
1783820 728
1783830 731
1783840 733
1783850 734
1783860 734
1783870 734
1783880 732
1783890 730
1783900 729
1783910 727
1783920 725
1783930 724
1783940 722
1783950 721
1783960 720
1783970 718
1783980 717
1783990 715
1784000 713
1784010 711
1784020 708
1784030 705
1784040 702
1784050 699
1784060 694
1784070 689
1784080 684
1784090 679
1784100 675
1784110 672
1784120 667
1784130 661
1784140 655
1784150 649
1784160 644
1784170 640
1784180 636
1784190 635
1784200 637
1784210 640
1784220 644
1784230 647
1784240 649
1784250 651
1784260 654
1784270 656
1784280 658
1784290 659
1784300 661
1784310 662
1784320 663
1784330 664
1784340 666
1784350 668
1784360 670
1784370 672
1784380 674
1784390 676
1784400 678
1784410 680
1784420 682
1784430 683
1784440 684
1784450 685
1784460 686
1784470 687
1784480 688
1784490 689
1784500 690
1784510 691
1784520 691
1784530 691
1784540 692
1784550 692
1784560 692
1784570 692
1784580 692
1784590 692
1784600 692
1784610 692
1784620 692
1784630 692
1784640 692
1784650 691
1784660 691
1784670 691
1784680 691
1784690 690
1784700 690
1784710 689
1784720 688
1784730 688
1784740 687
1784750 686
1784760 685
1784770 682
1784780 679
1784790 676
1784800 674
1784810 675
1784820 676
1784830 676
1784840 677
1784850 678
1784860 679
1784870 679
1784880 680
1784890 680
1784900 680
1784910 680
1784920 680
1784930 679
1784940 679
1784950 678
1784960 678
1784970 678
1784980 678
1784990 677
1785000 676
1785010 675
1785020 673
1785030 671
1785040 668
1785050 666
1785060 663
1785070 661
1785080 659
1785090 656
1785100 654
1785110 651
1785120 649
1785130 646
1785140 644
1785150 641
1785160 638
1785170 634
1785180 631
1785190 628
1785200 625
1785210 622
1785220 619
1785230 616
1785240 613
1785250 609
1785260 605
1785270 602
1785280 598
1785290 595
1785300 593
1785310 590
1785320 588
1785330 586
1785340 584
1785350 582
1785360 584
1785370 587
1785380 591
1785390 595
1785400 599
1785410 601
1785420 602
1785430 604
1785440 606
1785450 609
1785460 611
1785470 614
1785480 618
1785490 622
1785500 626
1785510 628
1785520 629
1785530 630
1785540 633
1785550 636
1785560 638
1785570 640
1785580 643
1785590 646
1785600 649
1785610 651
1785620 654
1785630 655
1785640 657
1785650 658
1785660 660
1785670 661
1785680 662
1785690 663
1785700 664
1785710 665
1785720 667
1785730 669
1785740 671
1785750 673
1785760 675
1785770 676
1785780 678
1785790 680
1785800 682
1785810 683
1785820 684
1785830 686
1785840 687
1785850 688
1785860 690
1785870 691
1785880 693
1785890 696
1785900 698
1785910 699
1785920 701
1785930 702
1785940 704
1785950 705
1785960 706
1785970 707
1785980 709
1785990 711
1786000 713
1786010 714
1786020 716
1786030 718
1786040 720
1786050 721
1786060 723
1786070 725
1786080 726
1786090 728
1786100 730
1786110 731
1786120 733
1786130 734
1786140 736
1786150 738
1786160 739
1786170 741
1786180 743
1786190 744
1786200 746
1786210 748
1786220 750
1786230 752
1786240 754
1786250 756
1786260 757
1786270 759
1786280 760
1786290 761
1786300 762
1786310 763
1786320 765
1786330 766
1786340 766
1786350 767
1786360 768
1786370 769
1786380 770
1786390 771
1786400 772
1786410 774
1786420 775
1786430 777
1786440 778
1786450 780
1786460 782
1786470 784
1786480 786
1786490 787
1786500 788
1786510 790
1786520 791
1786530 792
1786540 792
1786550 793
1786560 794
1786570 794
1786580 793
1786590 792
1786600 790
1786610 789
1786620 788
1786630 786
1786640 785
1786650 783
1786660 781
1786670 779
1786680 777
1786690 775
1786700 773
1786710 771
1786720 769
1786730 767
1786740 765
1786750 763
1786760 761
1786770 759
1786780 758
1786790 756
1786800 753
1786810 750
1786820 748
1786830 744
1786840 741
1786850 738
1786860 736
1786870 733
1786880 730
1786890 727
1786900 724
1786910 722
1786920 719
1786930 715
1786940 712
1786950 709
1786960 706
1786970 703
1786980 699
1786990 696
1787000 692
1787010 688
1787020 685
1787030 682
1787040 679
1787050 676
1787060 673
1787070 670
1787080 667
1787090 665
1787100 662
1787110 659
1787120 656
1787130 653
1787140 649
1787150 645
1787160 642
1787170 638
1787180 635
1787190 631
1787200 628
1787210 625
1787220 622
1787230 621
1787240 621
1787250 623
1787260 626
1787270 629
1787280 632
1787290 634
1787300 636
1787310 637
1787320 637
1787330 636
1787340 634
1787350 632
1787360 630
1787370 627
1787380 625
1787390 622
1787400 619
1787410 617
1787420 615
1787430 613
1787440 612
1787450 612
1787460 611
1787470 610
1787480 612
1787490 615
1787500 619
1787510 622
1787520 625
1787530 627
1787540 628
1787550 629
1787560 630
1787570 631
1787580 633
1787590 634
1787600 637
1787610 641
1787620 644
1787630 647
1787640 650
1787650 653
1787660 656
1787670 659
1787680 661
1787690 663
1787700 665
1787710 667
1787720 670
1787730 672
1787740 674
1787750 676
1787760 678
1787770 680
1787780 682
1787790 684
1787800 686
1787810 688
1787820 690
1787830 692
1787840 694
1787850 696
1787860 698
1787870 700
1787880 703
1787890 706
1787900 708
1787910 711
1787920 714
1787930 717
1787940 720
1787950 722
1787960 724
1787970 726
1787980 728
1787990 731
1788000 733
1788010 736
1788020 738
1788030 740
1788040 743
1788050 745
1788060 747
1788070 748
1788080 750
1788090 752
1788100 754
1788110 756
1788120 757
1788130 759
1788140 760
1788150 761
1788160 762
1788170 763
1788180 764
1788190 765
1788200 766
1788210 768
1788220 770
1788230 773
1788240 775
1788250 777
1788260 779
1788270 780
1788280 782
1788290 784
1788300 786
1788310 787
1788320 789
1788330 791
1788340 792
1788350 794
1788360 797
1788370 799
1788380 802
1788390 804
1788400 806
1788410 809
1788420 811
1788430 813
1788440 815
1788450 818
1788460 820
1788470 822
1788480 825
1788490 826
1788500 828
1788510 830
1788520 832
1788530 833
1788540 834
1788550 835
1788560 836
1788570 837
1788580 838
1788590 839
1788600 840
1788610 841
1788620 841
1788630 842
1788640 843
1788650 843
1788660 844
1788670 844
1788680 845
1788690 846
1788700 846
1788710 847
1788720 848
1788730 848
1788740 849
1788750 849
1788760 850
1788770 850
1788780 851
1788790 851
1788800 851
1788810 851
1788820 851
1788830 852
1788840 852
1788850 851
1788860 850
1788870 849
1788880 849
1788890 848
1788900 847
1788910 846
1788920 845
1788930 844
1788940 843
1788950 842
1788960 841
1788970 841
1788980 840
1788990 839
1789000 838
1789010 837
1789020 836
1789030 835
1789040 834
1789050 833
1789060 832
1789070 831
1789080 830
1789090 829
1789100 828
1789110 827
1789120 826
1789130 825
1789140 824
1789150 822
1789160 821
1789170 820
1789180 819
1789190 818
1789200 817
1789210 815
1789220 814
1789230 812
1789240 811
1789250 810
1789260 808
1789270 806
1789280 804
1789290 803
1789300 801
1789310 799
1789320 797
1789330 795
1789340 793
1789350 792
1789360 791
1789370 789
1789380 788
1789390 787
1789400 785
1789410 784
1789420 781
1789430 778
1789440 777
1789450 776
1789460 775
1789470 775
1789480 775
1789490 776
1789500 776
1789510 776
1789520 777
1789530 778
1789540 779
1789550 780
1789560 781
1789570 782
1789580 783
1789590 784
1789600 785
1789610 786
1789620 787
1789630 787
1789640 787
1789650 787
1789660 787
1789670 787
1789680 787
1789690 786
1789700 786
1789710 785
1789720 785
1789730 784
1789740 783
1789750 783
1789760 782
1789770 781
1789780 781
1789790 781
1789800 780
1789810 780
1789820 780
1789830 779
1789840 779
1789850 779
1789860 778
1789870 777
1789880 777
1789890 776
1789900 775
1789910 775
1789920 774
1789930 774
1789940 774
1789950 773
1789960 773
1789970 773
1789980 773
1789990 773
1790000 772
1790010 772
1790020 771
1790030 771
1790040 770
1790050 769
1790060 768
1790070 767
1790080 767
1790090 768
1790100 768
1790110 768
1790120 769
1790130 769
1790140 769
1790150 768
1790160 768
1790170 767
1790180 767
1790190 766
1790200 766
1790210 765
1790220 765
1790230 764
1790240 763
1790250 763
1790260 762
1790270 760
1790280 759
1790290 758
1790300 757
1790310 755
1790320 754
1790330 753
1790340 751
1790350 750
1790360 749
1790370 748
1790380 746
1790390 745
1790400 743
1790410 741
1790420 739
1790430 737
1790440 734
1790450 732
1790460 730
1790470 727
1790480 724
1790490 722
1790500 720
1790510 718
1790520 716
1790530 713
1790540 711
1790550 707
1790560 704
1790570 700
1790580 695
1790590 692
1790600 692
1790610 694
1790620 697
1790630 700
1790640 702
1790650 704
1790660 706
1790670 709
1790680 712
1790690 715
1790700 717
1790710 719
1790720 721
1790730 724
1790740 727
1790750 729
1790760 731
1790770 732
1790780 734
1790790 735
1790800 737
1790810 739
1790820 741
1790830 743
1790840 745
1790850 747
1790860 749
1790870 751
1790880 753
1790890 754
1790900 756
1790910 757
1790920 758
1790930 759
1790940 760
1790950 761
1790960 761
1790970 762
1790980 762
1790990 763
1791000 763
1791010 763
1791020 763
1791030 763
1791040 762
1791050 762
1791060 761
1791070 761
1791080 760
1791090 760
1791100 759
1791110 759
1791120 759
1791130 759
1791140 759
1791150 759
1791160 759
1791170 759
1791180 759
1791190 759
1791200 759
1791210 759
1791220 758
1791230 758
1791240 757
1791250 756
1791260 756
1791270 755
1791280 754
1791290 753
1791300 752
1791310 751
1791320 751
1791330 750
1791340 750
1791350 749
1791360 748
1791370 748
1791380 747
1791390 746
1791400 746
1791410 745
1791420 745
1791430 744
1791440 744
1791450 744
1791460 743
1791470 743
1791480 743
1791490 743
1791500 743
1791510 743
1791520 742
1791530 742
1791540 741
1791550 741
1791560 740
1791570 738
1791580 737
1791590 735
1791600 734
1791610 732
1791620 730
1791630 729
1791640 727
1791650 725
1791660 723
1791670 721
1791680 720
1791690 718
1791700 716
1791710 713
1791720 711
1791730 709
1791740 707
1791750 705
1791760 702
1791770 700
1791780 698
1791790 696
1791800 693
1791810 692
1791820 690
1791830 689
1791840 688
1791850 687
1791860 686
1791870 685
1791880 682
1791890 679
1791900 676
1791910 673
1791920 670
1791930 668
1791940 668
1791950 669
1791960 671
1791970 672
1791980 673
1791990 674
1792000 675
1792010 676
1792020 676
1792030 676
1792040 676
1792050 676
1792060 675
1792070 675
1792080 674
1792090 673
1792100 673
1792110 672
1792120 671
1792130 670
1792140 670
1792150 669
1792160 668
1792170 668
1792180 667
1792190 667
1792200 665
1792210 664
1792220 663
1792230 661
1792240 660
1792250 658
1792260 657
1792270 655
1792280 652
1792290 649
1792300 646
1792310 643
1792320 641
1792330 643
1792340 644
1792350 645
1792360 646
1792370 647
1792380 649
1792390 649
1792400 650
1792410 650
1792420 650
1792430 649
1792440 648
1792450 647
1792460 646
1792470 645
1792480 645
1792490 645
1792500 646
1792510 645
1792520 644
1792530 644
1792540 643
1792550 642
1792560 642
1792570 641
1792580 641
1792590 641
1792600 641
1792610 641
1792620 641
1792630 642
1792640 642
1792650 642
1792660 643
1792670 643
1792680 644
1792690 643
1792700 643
1792710 643
1792720 642
1792730 642
1792740 641
1792750 641
1792760 640
1792770 639
1792780 638
1792790 638
1792800 637
1792810 636
1792820 635
1792830 634
1792840 634
1792850 633
1792860 633
1792870 634
1792880 635
1792890 635
1792900 636
1792910 636
1792920 636
1792930 637
1792940 637
1792950 637
1792960 637
1792970 637
1792980 637
1792990 637
1793000 637
1793010 637
1793020 637
1793030 637
1793040 636
1793050 636
1793060 635
1793070 635
1793080 635
1793090 634
1793100 634
1793110 634
1793120 634
1793130 634
1793140 634
1793150 634
1793160 634
1793170 634
1793180 633
1793190 633
1793200 633
1793210 633
1793220 633
1793230 633
1793240 633
1793250 633
1793260 632
1793270 632
1793280 632
1793290 631
1793300 632
1793310 632
1793320 632
1793330 633
1793340 634
1793350 635
1793360 635
1793370 636
1793380 637
1793390 638
1793400 638
1793410 638
1793420 638
1793430 638
1793440 638
1793450 639
1793460 640
1793470 641
1793480 643
1793490 644
1793500 644
1793510 644
1793520 644
1793530 644
1793540 643
1793550 642
1793560 639
1793570 637
1793580 634
1793590 631
1793600 629
1793610 628
1793620 627
1793630 625
1793640 623
1793650 620
1793660 617
1793670 615
1793680 612
1793690 610
1793700 607
1793710 604
1793720 602
1793730 600
1793740 598
1793750 596
1793760 594
1793770 592
1793780 591
1793790 590
1793800 589
1793810 588
1793820 587
1793830 586
1793840 584
1793850 583
1793860 581
1793870 579
1793880 577
1793890 575
1793900 573
1793910 571
1793920 569
1793930 567
1793940 565
1793950 563
1793960 561
1793970 559
1793980 557
1793990 555
1794000 554
1794010 553
1794020 552
1794030 550
1794040 549
1794050 548
1794060 547
1794070 545
1794080 544
1794090 542
1794100 540
1794110 537
1794120 534
1794130 532
1794140 529
1794150 527
1794160 525
1794170 524
1794180 523
1794190 522
1794200 521
1794210 518
1794220 516
1794230 515
1794240 514
1794250 513
1794260 512
1794270 510
1794280 508
1794290 506
1794300 504
1794310 502
1794320 501
1794330 499
1794340 497
1794350 494
1794360 492
1794370 490
1794380 488
1794390 485
1794400 483
1794410 481
1794420 479
1794430 476
1794440 473
1794450 471
1794460 468
1794470 465
1794480 461
1794490 457
1794500 453
1794510 449
1794520 446
1794530 442
1794540 438
1794550 434
1794560 431
1794570 427
1794580 425
1794590 422
1794600 419
1794610 416
1794620 413
1794630 411
1794640 411
1794650 410
1794660 410
1794670 410
1794680 410
1794690 410
1794700 410
1794710 410
1794720 411
1794730 411
1794740 412
1794750 412
1794760 411
1794770 410
1794780 409
1794790 409
1794800 409
1794810 409
1794820 409
1794830 409
1794840 408
1794850 408
1794860 408
1794870 408
1794880 408
1794890 408
1794900 408
1794910 408
1794920 407
1794930 407
1794940 407
1794950 407
1794960 406
1794970 405
1794980 406
1794990 406
1795000 407
1795010 408
1795020 408
1795030 409
1795040 409
1795050 410
1795060 410
1795070 409
1795080 409
1795090 409
1795100 409
1795110 409
1795120 409
1795130 409
1795140 409
1795150 409
1795160 409
1795170 410
1795180 410
1795190 410
1795200 410
1795210 410
1795220 410
1795230 409
1795240 409
1795250 409
1795260 409
1795270 410
1795280 411
1795290 414
1795300 417
1795310 419
1795320 420
1795330 420
1795340 420
1795350 421
1795360 423
1795370 424
1795380 425
1795390 427
1795400 428
1795410 429
1795420 430
1795430 430
1795440 431
1795450 432
1795460 433
1795470 435
1795480 436
1795490 438
1795500 439
1795510 439
1795520 439
1795530 438
1795540 437
1795550 437
1795560 435
1795570 434
1795580 433
1795590 432
1795600 431
1795610 430
1795620 430
1795630 429
1795640 428
1795650 428
1795660 428
1795670 428
1795680 428
1795690 428
1795700 429
1795710 429
1795720 429
1795730 430
1795740 430
1795750 431
1795760 431
1795770 431
1795780 432
1795790 432
1795800 433
1795810 434
1795820 435
1795830 436
1795840 436
1795850 437
1795860 438
1795870 440
1795880 441
1795890 443
1795900 445
1795910 447
1795920 449
1795930 450
1795940 452
1795950 454
1795960 456
1795970 458
1795980 460
1795990 462
1796000 464
1796010 465
1796020 466
1796030 467
1796040 468
1796050 469
1796060 469
1796070 469
1796080 469
1796090 470
1796100 471
1796110 472
1796120 474
1796130 475
1796140 477
1796150 478
1796160 479
1796170 480
1796180 481
1796190 482
1796200 482
1796210 483
1796220 483
1796230 484
1796240 485
1796250 486
1796260 488
1796270 490
1796280 491
1796290 492
1796300 493
1796310 494
1796320 494
1796330 494
1796340 494
1796350 494
1796360 494
1796370 494
1796380 494
1796390 494
1796400 495
1796410 495
1796420 496
1796430 496
1796440 497
1796450 497
1796460 497
1796470 498
1796480 498
1796490 498
1796500 498
1796510 498
1796520 498
1796530 498
1796540 496
1796550 495
1796560 494
1796570 497
1796580 498
1796590 499
1796600 500
1796610 500
1796620 500
1796630 500
1796640 500
1796650 500
1796660 501
1796670 501
1796680 501
1796690 501
1796700 501
1796710 500
1796720 498
1796730 497
1796740 495
1796750 493
1796760 494
1796770 496
1796780 499
1796790 501
1796800 504
1796810 505
1796820 507
1796830 508
1796840 508
1796850 509
1796860 509
1796870 509
1796880 508
1796890 507
1796900 507
1796910 506
1796920 504
1796930 503
1796940 502
1796950 501
1796960 500
1796970 499
1796980 497
1796990 496
1797000 495
1797010 495
1797020 495
1797030 494
1797040 494
1797050 494
1797060 495
1797070 495
1797080 497
1797090 500
1797100 504
1797110 507
1797120 510
1797130 512
1797140 514
1797150 516
1797160 519
1797170 521
1797180 522
1797190 524
1797200 525
1797210 526
1797220 527
1797230 528
1797240 529
1797250 528
1797260 527
1797270 525
1797280 523
1797290 521
1797300 519
1797310 518
1797320 517
1797330 516
1797340 515
1797350 514
1797360 515
1797370 515
1797380 516
1797390 517
1797400 517
1797410 519
1797420 521
1797430 523
1797440 525
1797450 526
1797460 526
1797470 526
1797480 526
1797490 525
1797500 526
1797510 527
1797520 528
1797530 528
1797540 529
1797550 530
1797560 531
1797570 532
1797580 533
1797590 536
1797600 538
1797610 541
1797620 543
1797630 544
1797640 546
1797650 548
1797660 549
1797670 551
1797680 553
1797690 555
1797700 557
1797710 559
1797720 562
1797730 564
1797740 567
1797750 569
1797760 571
1797770 573
1797780 576
1797790 579
1797800 582
1797810 584
1797820 587
1797830 589
1797840 592
1797850 593
1797860 594
1797870 596
1797880 598
1797890 600
1797900 603
1797910 605
1797920 608
1797930 610
1797940 613
1797950 615
1797960 618
1797970 620
1797980 622
1797990 624
1798000 625
1798010 627
1798020 629
1798030 632
1798040 635
1798050 637
1798060 638
1798070 640
1798080 642
1798090 644
1798100 646
1798110 648
1798120 650
1798130 652
1798140 654
1798150 656
1798160 658
1798170 660
1798180 662
1798190 664
1798200 666
1798210 667
1798220 669
1798230 671
1798240 673
1798250 675
1798260 677
1798270 679
1798280 681
1798290 683
1798300 684
1798310 686
1798320 688
1798330 689
1798340 691
1798350 692
1798360 693
1798370 694
1798380 696
1798390 696
1798400 697
1798410 697
1798420 698
1798430 699
1798440 699
1798450 699
1798460 700
1798470 700
1798480 700
1798490 701
1798500 701
1798510 702
1798520 702
1798530 702
1798540 701
1798550 700
1798560 699
1798570 698
1798580 697
1798590 696
1798600 695
1798610 695
1798620 694
1798630 694
1798640 694
1798650 695
1798660 696
1798670 697
1798680 699
1798690 700
1798700 702
1798710 703
1798720 705
1798730 707
1798740 708
1798750 707
1798760 705
1798770 703
1798780 700
1798790 697
1798800 695
1798810 693
1798820 690
1798830 688
1798840 686
1798850 685
1798860 684
1798870 684
1798880 684
1798890 683
1798900 683
1798910 682
1798920 682
1798930 681
1798940 680
1798950 678
1798960 677
1798970 675
1798980 673
1798990 672
1799000 670
1799010 669
1799020 667
1799030 666
1799040 664
1799050 662
1799060 659
1799070 656
1799080 654
1799090 651
1799100 649
1799110 648
1799120 646
1799130 643
1799140 641
1799150 642
1799160 646
1799170 650
1799180 653
1799190 657
1799200 660
1799210 663
1799220 665
1799230 668
1799240 671
1799250 674
1799260 676
1799270 678
1799280 679
1799290 681
1799300 683
1799310 685
1799320 686
1799330 687
1799340 689
1799350 690
1799360 692
1799370 694
1799380 696
1799390 697
1799400 699
1799410 700
1799420 702
1799430 704
1799440 706
1799450 708
1799460 710
1799470 712
1799480 714
1799490 715
1799500 717
1799510 719
1799520 721
1799530 723
1799540 725
1799550 726
1799560 728
1799570 729
1799580 730
1799590 731
1799600 733
1799610 734
1799620 736
1799630 736
1799640 737
1799650 738
1799660 739
1799670 742
1799680 743
1799690 744
1799700 744
1799710 746
1799720 747
1799730 748
1799740 749
1799750 751
1799760 752
1799770 753
1799780 753
1799790 754
1799800 755
1799810 756
1799820 757
1799830 759
1799840 760
1799850 762
1799860 764
1799870 767
1799880 769
1799890 771
1799900 772
1799910 773
1799920 774
1799930 775
1799940 776
1799950 777
1799960 778
1799970 780
1799980 781
1799990 783
