1780000 780
1780010 780
1780020 780
1780030 781
1780040 781
1780050 781
1780060 781
1780070 781
1780080 781
1780090 780
1780100 779
1780110 779
1780120 778
1780130 777
1780140 777
1780150 776
1780160 775
1780170 775
1780180 774
1780190 774
1780200 773
1780210 773
1780220 773
1780230 772
1780240 772
1780250 772
1780260 772
1780270 772
1780280 771
1780290 771
1780300 770
1780310 770
1780320 770
1780330 769
1780340 769
1780350 767
1780360 766
1780370 765
1780380 764
1780390 763
1780400 763
1780410 762
1780420 761
1780430 759
1780440 758
1780450 756
1780460 755
1780470 754
1780480 752
1780490 750
1780500 748
1780510 745
1780520 743
1780530 739
1780540 736
1780550 733
1780560 730
1780570 727
1780580 724
1780590 722
1780600 719
1780610 717
1780620 714
1780630 711
1780640 708
1780650 704
1780660 700
1780670 697
1780680 694
1780690 691
1780700 688
1780710 685
1780720 683
1780730 680
1780740 678
1780750 676
1780760 674
1780770 674
1780780 673
1780790 673
1780800 673
1780810 673
1780820 673
1780830 672
1780840 671
1780850 671
1780860 671
1780870 671
1780880 671
1780890 672
1780900 672
1780910 672
1780920 671
1780930 671
1780940 671
1780950 672
1780960 672
1780970 672
1780980 672
1780990 673
1781000 673
1781010 673
1781020 673
1781030 673
1781040 673
1781050 674
1781060 674
1781070 675
1781080 675
1781090 676
1781100 676
1781110 676
1781120 677
1781130 677
1781140 677
1781150 677
1781160 677
1781170 677
1781180 677
1781190 677
1781200 677
1781210 677
1781220 677
1781230 676
1781240 676
1781250 675
1781260 674
1781270 673
1781280 671
1781290 670
1781300 668
1781310 667
1781320 667
1781330 667
1781340 668
1781350 670
1781360 673
1781370 675
1781380 678
1781390 681
1781400 684
1781410 687
1781420 689
1781430 691
1781440 692
1781450 693
1781460 695
1781470 696
1781480 698
1781490 699
1781500 699
1781510 701
1781520 702
1781530 703
1781540 704
1781550 704
1781560 705
1781570 705
1781580 705
1781590 705
1781600 705
1781610 705
1781620 705
1781630 705
1781640 705
1781650 704
1781660 704
1781670 704
1781680 704
1781690 704
1781700 704
1781710 704
1781720 704
1781730 704
1781740 704
1781750 704
1781760 703
1781770 702
1781780 702
1781790 701
1781800 700
1781810 700
1781820 700
1781830 700
1781840 700
1781850 701
1781860 701
1781870 701
1781880 701
1781890 701
1781900 701
1781910 701
1781920 702
1781930 702
1781940 703
1781950 704
1781960 704
1781970 705
1781980 705
1781990 705
1782000 705
1782010 704
1782020 703
1782030 701
1782040 698
1782050 694
1782060 691
1782070 687
1782080 684
1782090 680
1782100 676
1782110 673
1782120 669
1782130 666
1782140 663
1782150 659
1782160 656
1782170 653
1782180 650
1782190 647
1782200 645
1782210 642
1782220 640
1782230 637
1782240 634
1782250 632
1782260 630
1782270 629
1782280 628
1782290 627
1782300 627
1782310 626
1782320 626
1782330 626
1782340 626
1782350 628
1782360 630
1782370 633
1782380 635
1782390 638
1782400 640
1782410 643
1782420 645
1782430 648
1782440 651
1782450 654
1782460 657
1782470 660
1782480 663
1782490 666
1782500 669
1782510 672
1782520 675
1782530 679
1782540 682
1782550 685
1782560 688
1782570 692
1782580 695
1782590 698
1782600 701
1782610 705
1782620 708
1782630 711
1782640 713
1782650 715
1782660 716
1782670 717
1782680 718
1782690 719
1782700 720
1782710 721
1782720 721
1782730 722
1782740 722
1782750 722
1782760 722
1782770 722
1782780 722
1782790 722
1782800 722
1782810 722
1782820 722
1782830 722
1782840 721
1782850 721
1782860 721
1782870 720
1782880 720
1782890 720
1782900 719
1782910 719
1782920 718
1782930 718
1782940 717
1782950 717
1782960 716
1782970 715
1782980 715
1782990 714
1783000 714
1783010 713
1783020 712
1783030 711
1783040 711
1783050 710
1783060 709
1783070 708
1783080 707
1783090 706
1783100 705
1783110 704
1783120 703
1783130 702
1783140 701
1783150 701
1783160 700
1783170 699
1783180 698
1783190 697
1783200 696
1783210 695
1783220 694
1783230 692
1783240 691
1783250 690
1783260 689
1783270 687
1783280 685
1783290 683
1783300 681
1783310 679
1783320 677
1783330 675
1783340 672
1783350 671
1783360 669
1783370 667
1783380 666
1783390 664
1783400 662
1783410 661
1783420 659
1783430 658
1783440 656
1783450 655
1783460 653
1783470 652
1783480 650
1783490 648
1783500 647
1783510 645
1783520 644
1783530 643
1783540 642
1783550 641
1783560 640
1783570 639
1783580 638
1783590 638
1783600 637
1783610 636
1783620 635
1783630 634
1783640 633
1783650 632
1783660 631
1783670 630
1783680 629
1783690 628
1783700 627
1783710 626
1783720 625
1783730 624
1783740 622
1783750 621
1783760 619
1783770 617
1783780 615
1783790 613
1783800 610
1783810 607
1783820 603
1783830 599
1783840 595
1783850 591
1783860 588
1783870 585
1783880 582
1783890 579
1783900 578
1783910 578
1783920 578
1783930 578
1783940 580
1783950 582
1783960 584
1783970 586
1783980 588
1783990 589
1784000 591
1784010 593
1784020 596
1784030 597
1784040 599
1784050 600
1784060 601
1784070 602
1784080 604
1784090 605
1784100 607
1784110 608
1784120 610
1784130 612
1784140 614
1784150 616
1784160 618
1784170 620
1784180 622
1784190 624
1784200 626
1784210 627
1784220 629
1784230 630
1784240 631
1784250 633
1784260 634
1784270 634
1784280 635
1784290 636
1784300 637
1784310 638
1784320 639
1784330 640
1784340 641
1784350 642
1784360 643
1784370 645
1784380 646
1784390 647
1784400 648
1784410 649
1784420 650
1784430 652
1784440 653
1784450 654
1784460 655
1784470 657
1784480 658
1784490 659
1784500 661
1784510 662
1784520 663
1784530 664
1784540 665
1784550 666
1784560 666
1784570 667
1784580 668
1784590 668
1784600 669
1784610 670
1784620 671
1784630 671
1784640 672
1784650 673
1784660 674
1784670 675
1784680 675
1784690 675
1784700 676
1784710 676
1784720 676
1784730 677
1784740 677
1784750 677
1784760 677
1784770 677
1784780 677
1784790 677
1784800 677
1784810 677
1784820 677
1784830 677
1784840 677
1784850 677
1784860 677
1784870 677
1784880 676
1784890 676
1784900 675
1784910 675
1784920 674
1784930 674
1784940 673
1784950 673
1784960 672
1784970 672
1784980 671
1784990 671
1785000 670
1785010 670
1785020 669
1785030 667
1785040 665
1785050 664
1785060 662
1785070 660
1785080 658
1785090 656
1785100 653
1785110 650
1785120 650
1785130 652
1785140 655
1785150 658
1785160 660
1785170 663
1785180 666
1785190 667
1785200 669
1785210 670
1785220 672
1785230 673
1785240 674
1785250 675
1785260 677
1785270 678
1785280 679
1785290 680
1785300 681
1785310 682
1785320 683
1785330 684
1785340 685
1785350 686
1785360 687
1785370 687
1785380 687
1785390 688
1785400 688
1785410 688
1785420 688
1785430 688
1785440 687
1785450 686
1785460 686
1785470 685
1785480 684
1785490 683
1785500 682
1785510 681
1785520 680
1785530 678
1785540 677
1785550 677
1785560 676
1785570 676
1785580 675
1785590 674
1785600 673
1785610 672
1785620 670
1785630 669
1785640 667
1785650 667
1785660 667
1785670 668
1785680 671
1785690 674
1785700 677
1785710 679
1785720 681
1785730 683
1785740 685
1785750 687
1785760 689
1785770 690
1785780 691
1785790 692
1785800 694
1785810 696
1785820 698
1785830 700
1785840 702
1785850 704
1785860 706
1785870 707
1785880 709
1785890 710
1785900 711
1785910 712
1785920 713
1785930 713
1785940 713
1785950 714
1785960 714
1785970 715
1785980 716
1785990 716
1786000 716
1786010 716
1786020 715
1786030 714
1786040 713
1786050 712
1786060 711
1786070 710
1786080 709
1786090 707
1786100 706
1786110 704
1786120 703
1786130 701
1786140 700
1786150 699
1786160 698
1786170 697
1786180 695
1786190 694
1786200 694
1786210 694
1786220 693
1786230 693
1786240 693
1786250 693
1786260 692
1786270 692
1786280 691
1786290 691
1786300 690
1786310 690
1786320 689
1786330 689
1786340 688
1786350 688
1786360 687
1786370 687
1786380 686
1786390 686
1786400 685
1786410 684
1786420 683
1786430 682
1786440 681
1786450 680
1786460 680
1786470 679
1786480 679
1786490 679
1786500 678
1786510 678
1786520 677
1786530 677
1786540 676
1786550 675
1786560 675
1786570 674
1786580 674
1786590 673
1786600 673
1786610 673
1786620 672
1786630 672
1786640 672
1786650 672
1786660 672
1786670 672
1786680 671
1786690 671
1786700 671
1786710 671
1786720 671
1786730 670
1786740 669
1786750 668
1786760 667
1786770 665
1786780 664
1786790 662
1786800 661
1786810 660
1786820 659
1786830 658
1786840 657
1786850 657
1786860 656
1786870 655
1786880 654
1786890 653
1786900 651
1786910 650
1786920 648
1786930 647
1786940 645
1786950 643
1786960 642
1786970 640
1786980 639
1786990 638
1787000 637
1787010 636
1787020 635
1787030 633
1787040 632
1787050 631
1787060 630
1787070 629
1787080 628
1787090 627
1787100 625
1787110 624
1787120 623
1787130 621
1787140 620
1787150 618
1787160 616
1787170 614
1787180 612
1787190 610
1787200 609
1787210 607
1787220 605
1787230 603
1787240 602
1787250 600
1787260 598
1787270 597
1787280 594
1787290 592
1787300 589
1787310 587
1787320 585
1787330 583
1787340 580
1787350 577
1787360 574
1787370 571
1787380 568
1787390 564
1787400 561
1787410 558
1787420 555
1787430 553
1787440 550
1787450 546
1787460 543
1787470 540
1787480 538
1787490 538
1787500 542
1787510 546
1787520 550
1787530 554
1787540 558
1787550 562
1787560 566
1787570 570
1787580 573
1787590 577
1787600 581
1787610 585
1787620 589
1787630 593
1787640 596
1787650 598
1787660 600
1787670 602
1787680 604
1787690 605
1787700 607
1787710 608
1787720 610
1787730 612
1787740 613
1787750 615
1787760 617
1787770 619
1787780 620
1787790 621
1787800 622
1787810 623
1787820 624
1787830 625
1787840 626
1787850 627
1787860 627
1787870 628
1787880 628
1787890 629
1787900 629
1787910 630
1787920 630
1787930 631
1787940 631
1787950 631
1787960 632
1787970 633
1787980 635
1787990 636
1788000 637
1788010 638
1788020 638
1788030 639
1788040 640
1788050 641
1788060 642
1788070 643
1788080 644
1788090 645
1788100 646
1788110 646
1788120 646
1788130 647
1788140 647
1788150 647
1788160 647
1788170 647
1788180 647
1788190 647
1788200 646
1788210 646
1788220 646
1788230 646
1788240 646
1788250 646
1788260 645
1788270 645
1788280 645
1788290 644
1788300 644
1788310 644
1788320 643
1788330 643
1788340 642
1788350 642
1788360 642
1788370 641
1788380 641
1788390 640
1788400 640
1788410 640
1788420 639
1788430 638
1788440 638
1788450 637
1788460 636
1788470 636
1788480 635
1788490 634
1788500 633
1788510 632
1788520 632
1788530 630
1788540 628
1788550 626
1788560 624
1788570 623
1788580 621
1788590 619
1788600 618
1788610 617
1788620 616
1788630 614
1788640 613
1788650 612
1788660 611
1788670 610
1788680 609
1788690 608
1788700 607
1788710 607
1788720 606
1788730 604
1788740 602
1788750 600
1788760 598
1788770 596
1788780 594
1788790 592
1788800 591
1788810 589
1788820 588
1788830 587
1788840 585
1788850 584
1788860 582
1788870 580
1788880 578
1788890 577
1788900 576
1788910 575
1788920 573
1788930 572
1788940 570
1788950 568
1788960 566
1788970 564
1788980 562
1788990 560
1789000 557
1789010 556
1789020 554
1789030 553
1789040 551
1789050 549
1789060 547
1789070 545
1789080 543
1789090 542
1789100 540
1789110 538
1789120 537
1789130 535
1789140 533
1789150 531
1789160 527
1789170 524
1789180 519
1789190 515
1789200 510
1789210 505
1789220 500
1789230 496
1789240 494
1789250 494
1789260 494
1789270 495
1789280 498
1789290 502
1789300 505
1789310 508
1789320 511
1789330 514
1789340 516
1789350 518
1789360 521
1789370 523
1789380 525
1789390 528
1789400 530
1789410 532
1789420 534
1789430 537
1789440 539
1789450 541
1789460 544
1789470 546
1789480 549
1789490 551
1789500 554
1789510 557
1789520 560
1789530 563
1789540 565
1789550 567
1789560 569
1789570 570
1789580 571
1789590 572
1789600 573
1789610 573
1789620 573
1789630 572
1789640 572
1789650 571
1789660 570
1789670 568
1789680 567
1789690 566
1789700 566
1789710 564
1789720 563
1789730 561
1789740 558
1789750 556
1789760 554
1789770 552
1789780 549
1789790 548
1789800 546
1789810 545
1789820 544
1789830 543
1789840 542
1789850 540
1789860 539
1789870 538
1789880 537
1789890 536
1789900 535
1789910 535
1789920 534
1789930 533
1789940 531
1789950 530
1789960 528
1789970 527
1789980 525
1789990 524
1790000 522
1790010 521
1790020 519
1790030 518
1790040 517
1790050 515
1790060 513
1790070 509
1790080 506
1790090 502
1790100 498
1790110 500
1790120 503
1790130 508
1790140 512
1790150 515
1790160 518
1790170 522
1790180 526
1790190 531
1790200 535
1790210 538
1790220 542
1790230 544
1790240 547
1790250 550
1790260 552
1790270 553
1790280 555
1790290 556
1790300 557
1790310 558
1790320 559
1790330 560
1790340 562
1790350 564
1790360 567
1790370 569
1790380 569
1790390 570
1790400 571
1790410 571
1790420 572
1790430 572
1790440 573
1790450 574
1790460 576
1790470 577
1790480 577
1790490 578
1790500 578
1790510 578
1790520 579
1790530 580
1790540 581
1790550 583
1790560 585
1790570 587
1790580 588
1790590 589
1790600 590
1790610 591
1790620 593
1790630 594
1790640 595
1790650 596
1790660 597
1790670 598
1790680 599
1790690 599
1790700 599
1790710 599
1790720 599
1790730 598
1790740 598
1790750 596
1790760 594
1790770 592
1790780 590
1790790 589
1790800 588
1790810 586
1790820 584
1790830 582
1790840 581
1790850 580
1790860 580
1790870 580
1790880 580
1790890 580
1790900 579
1790910 578
1790920 576
1790930 575
1790940 574
1790950 574
1790960 575
1790970 575
1790980 575
1790990 573
1791000 571
1791010 569
1791020 568
1791030 567
1791040 566
1791050 566
1791060 565
1791070 565
1791080 564
1791090 564
1791100 563
1791110 562
1791120 561
1791130 560
1791140 559
1791150 559
1791160 558
1791170 557
1791180 557
1791190 558
1791200 561
1791210 562
1791220 562
1791230 560
1791240 559
1791250 559
1791260 562
1791270 564
1791280 566
1791290 569
1791300 570
1791310 572
1791320 573
1791330 574
1791340 574
1791350 575
1791360 575
1791370 575
1791380 575
1791390 576
1791400 577
1791410 579
1791420 582
1791430 586
1791440 589
1791450 593
1791460 596
1791470 599
1791480 601
1791490 604
1791500 606
1791510 608
1791520 610
1791530 611
1791540 612
1791550 613
1791560 614
1791570 615
1791580 615
1791590 616
1791600 616
1791610 615
1791620 615
1791630 615
1791640 615
1791650 615
1791660 615
1791670 616
1791680 616
1791690 616
1791700 616
1791710 616
1791720 616
1791730 616
1791740 616
1791750 616
1791760 616
1791770 616
1791780 616
1791790 616
1791800 617
1791810 617
1791820 617
1791830 617
1791840 617
1791850 617
1791860 617
1791870 617
1791880 617
1791890 616
1791900 616
1791910 616
1791920 616
1791930 616
1791940 616
1791950 615
1791960 615
1791970 614
1791980 614
1791990 614
1792000 613
1792010 612
1792020 612
1792030 611
1792040 610
1792050 609
1792060 609
1792070 608
1792080 607
1792090 606
1792100 605
1792110 604
1792120 603
1792130 602
1792140 601
1792150 600
1792160 599
1792170 598
1792180 597
1792190 596
1792200 594
1792210 593
1792220 591
1792230 589
1792240 588
1792250 587
1792260 586
1792270 585
1792280 585
1792290 584
1792300 584
1792310 583
1792320 582
1792330 580
1792340 578
1792350 576
1792360 574
1792370 573
1792380 571
1792390 569
1792400 568
1792410 566
1792420 565
1792430 564
1792440 562
1792450 561
1792460 560
1792470 559
1792480 557
1792490 556
1792500 555
1792510 554
1792520 553
1792530 551
1792540 550
1792550 549
1792560 547
1792570 546
1792580 545
1792590 544
1792600 542
1792610 541
1792620 540
1792630 538
1792640 537
1792650 535
1792660 534
1792670 532
1792680 530
1792690 528
1792700 526
1792710 524
1792720 522
1792730 520
1792740 517
1792750 515
1792760 513
1792770 512
1792780 510
1792790 508
1792800 505
1792810 502
1792820 499
1792830 496
1792840 494
1792850 492
1792860 489
1792870 487
1792880 487
1792890 489
1792900 492
1792910 494
1792920 497
1792930 500
1792940 501
1792950 503
1792960 503
1792970 503
1792980 503
1792990 502
1793000 501
1793010 499
1793020 498
1793030 497
1793040 495
1793050 493
1793060 490
1793070 488
1793080 486
1793090 485
1793100 484
1793110 484
1793120 483
1793130 482
1793140 481
1793150 479
1793160 477
1793170 475
1793180 473
1793190 470
1793200 466
1793210 462
1793220 459
1793230 458
1793240 457
1793250 456
1793260 456
1793270 455
1793280 454
1793290 454
1793300 454
1793310 455
1793320 456
1793330 456
1793340 456
1793350 456
1793360 456
1793370 456
1793380 457
1793390 457
1793400 457
1793410 458
1793420 459
1793430 459
1793440 460
1793450 460
1793460 461
1793470 462
1793480 463
1793490 464
1793500 466
1793510 467
1793520 468
1793530 469
1793540 471
1793550 472
1793560 474
1793570 477
1793580 479
1793590 481
1793600 482
1793610 484
1793620 486
1793630 487
1793640 490
1793650 492
1793660 495
1793670 496
1793680 498
1793690 500
1793700 502
1793710 504
1793720 506
1793730 508
1793740 509
1793750 509
1793760 509
1793770 509
1793780 509
1793790 509
1793800 509
1793810 509
1793820 509
1793830 509
1793840 508
1793850 508
1793860 507
1793870 507
1793880 507
1793890 506
1793900 506
1793910 505
1793920 505
1793930 505
1793940 504
1793950 504
1793960 503
1793970 503
1793980 503
1793990 503
1794000 503
1794010 503
1794020 503
1794030 504
1794040 504
1794050 503
1794060 503
1794070 502
1794080 502
1794090 501
1794100 500
1794110 499
1794120 499
1794130 498
1794140 497
1794150 496
1794160 495
1794170 494
1794180 493
1794190 492
1794200 491
1794210 492
1794220 493
1794230 493
1794240 493
1794250 493
1794260 493
1794270 493
1794280 493
1794290 493
1794300 493
1794310 494
1794320 494
1794330 495
1794340 495
1794350 495
1794360 495
1794370 495
1794380 496
1794390 496
1794400 495
1794410 493
1794420 491
1794430 490
1794440 489
1794450 489
1794460 488
1794470 487
1794480 487
1794490 486
1794500 485
1794510 485
1794520 484
1794530 483
1794540 482
1794550 481
1794560 478
1794570 475
1794580 471
1794590 467
1794600 463
1794610 459
1794620 456
1794630 452
1794640 447
1794650 443
1794660 439
1794670 435
1794680 431
1794690 427
1794700 423
1794710 419
1794720 416
1794730 413
1794740 413
1794750 415
1794760 417
1794770 418
1794780 420
1794790 420
1794800 421
1794810 420
1794820 417
1794830 412
1794840 410
1794850 410
1794860 410
1794870 409
1794880 409
1794890 408
1794900 403
1794910 398
1794920 393
1794930 391
1794940 390
1794950 389
1794960 388
1794970 388
1794980 387
1794990 387
1795000 386
1795010 386
1795020 386
1795030 386
1795040 385
1795050 385
1795060 384
1795070 384
1795080 383
1795090 383
1795100 382
1795110 381
1795120 381
1795130 381
1795140 381
1795150 381
1795160 381
1795170 381
1795180 382
1795190 382
1795200 381
1795210 381
1795220 380
1795230 381
1795240 381
1795250 380
1795260 380
1795270 380
1795280 380
1795290 380
1795300 380
1795310 380
1795320 381
1795330 380
1795340 380
1795350 380
1795360 380
1795370 380
1795380 380
1795390 380
1795400 380
1795410 380
1795420 379
1795430 379
1795440 379
1795450 379
1795460 380
1795470 379
1795480 381
1795490 384
1795500 390
1795510 395
1795520 399
1795530 401
1795540 404
1795550 406
1795560 409
1795570 412
1795580 416
1795590 419
1795600 421
1795610 422
1795620 423
1795630 425
1795640 426
1795650 427
1795660 429
1795670 430
1795680 432
1795690 433
1795700 435
1795710 437
1795720 438
1795730 440
1795740 442
1795750 444
1795760 447
1795770 450
1795780 453
1795790 456
1795800 459
1795810 462
1795820 465
1795830 468
1795840 472
1795850 475
1795860 478
1795870 481
1795880 485
1795890 487
1795900 490
1795910 493
1795920 495
1795930 498
1795940 500
1795950 503
1795960 507
1795970 510
1795980 513
1795990 516
1796000 520
1796010 523
1796020 526
1796030 529
1796040 532
1796050 535
1796060 537
1796070 539
1796080 541
1796090 543
1796100 545
1796110 547
1796120 549
1796130 551
1796140 553
1796150 554
1796160 556
1796170 558
1796180 560
1796190 562
1796200 564
1796210 565
1796220 567
1796230 568
1796240 570
1796250 571
1796260 572
1796270 573
1796280 573
1796290 574
1796300 576
1796310 577
1796320 579
1796330 581
1796340 582
1796350 583
1796360 584
1796370 585
1796380 587
1796390 588
1796400 590
1796410 591
1796420 593
1796430 595
1796440 596
1796450 598
1796460 599
1796470 601
1796480 602
1796490 605
1796500 607
1796510 608
1796520 610
1796530 612
1796540 613
1796550 615
1796560 616
1796570 618
1796580 619
1796590 621
1796600 622
1796610 624
1796620 625
1796630 626
1796640 627
1796650 626
1796660 624
1796670 622
1796680 619
1796690 616
1796700 613
1796710 610
1796720 607
1796730 605
1796740 602
1796750 599
1796760 596
1796770 593
1796780 590
1796790 588
1796800 585
1796810 583
1796820 580
1796830 578
1796840 576
1796850 574
1796860 572
1796870 570
1796880 569
1796890 567
1796900 566
1796910 564
1796920 563
1796930 561
1796940 559
1796950 557
1796960 555
1796970 553
1796980 551
1796990 550
1797000 549
1797010 548
1797020 546
1797030 544
1797040 541
1797050 538
1797060 535
1797070 533
1797080 530
1797090 528
1797100 526
1797110 524
1797120 522
1797130 521
1797140 519
1797150 517
1797160 515
1797170 512
1797180 510
1797190 508
1797200 506
1797210 504
1797220 502
1797230 500
1797240 498
1797250 496
1797260 494
1797270 492
1797280 489
1797290 487
1797300 485
1797310 483
1797320 480
1797330 478
1797340 475
1797350 472
1797360 470
1797370 467
1797380 465
1797390 463
1797400 461
1797410 459
1797420 457
1797430 455
1797440 453
1797450 452
1797460 450
1797470 449
1797480 447
1797490 446
1797500 444
1797510 443
1797520 442
1797530 442
1797540 441
1797550 440
1797560 438
1797570 439
1797580 439
1797590 439
1797600 440
1797610 442
1797620 445
1797630 448
1797640 451
1797650 453
1797660 455
1797670 456
1797680 457
1797690 459
1797700 460
1797710 462
1797720 464
1797730 466
1797740 467
1797750 469
1797760 472
1797770 474
1797780 476
1797790 478
1797800 479
1797810 481
1797820 482
1797830 484
1797840 485
1797850 486
1797860 487
1797870 488
1797880 489
1797890 490
1797900 491
1797910 493
1797920 494
1797930 496
1797940 497
1797950 498
1797960 500
1797970 501
1797980 502
1797990 503
1798000 504
1798010 506
1798020 507
1798030 508
1798040 509
1798050 510
1798060 510
1798070 511
1798080 512
1798090 513
1798100 513
1798110 514
1798120 515
1798130 515
1798140 516
1798150 517
1798160 517
1798170 518
1798180 519
1798190 519
1798200 520
1798210 521
1798220 522
1798230 522
1798240 523
1798250 524
1798260 525
1798270 526
1798280 528
1798290 529
1798300 530
1798310 530
1798320 531
1798330 531
1798340 532
1798350 533
1798360 534
1798370 535
1798380 536
1798390 536
1798400 537
1798410 538
1798420 539
1798430 540
1798440 541
1798450 542
1798460 543
1798470 545
1798480 546
1798490 548
1798500 550
1798510 551
1798520 553
1798530 554
1798540 555
1798550 556
1798560 557
1798570 558
1798580 559
1798590 559
1798600 559
1798610 559
1798620 559
1798630 558
1798640 558
1798650 559
1798660 559
1798670 561
1798680 563
1798690 566
1798700 569
1798710 571
1798720 573
1798730 575
1798740 576
1798750 577
1798760 578
1798770 578
1798780 579
1798790 580
1798800 580
1798810 581
1798820 582
1798830 582
1798840 583
1798850 584
1798860 585
1798870 586
1798880 587
1798890 588
1798900 589
1798910 590
1798920 591
1798930 592
1798940 593
1798950 593
1798960 594
1798970 594
1798980 595
1798990 595
1799000 596
1799010 596
1799020 596
1799030 596
1799040 597
1799050 596
1799060 596
1799070 596
1799080 596
1799090 597
1799100 598
1799110 599
1799120 599
1799130 601
1799140 602
1799150 604
1799160 605
1799170 607
1799180 608
1799190 610
1799200 612
1799210 613
1799220 615
1799230 617
1799240 618
1799250 619
1799260 621
1799270 622
1799280 624
1799290 625
1799300 626
1799310 627
1799320 628
1799330 628
1799340 629
1799350 629
1799360 629
1799370 630
1799380 630
1799390 631
1799400 631
1799410 631
1799420 632
1799430 632
1799440 633
1799450 633
1799460 633
1799470 634
1799480 635
1799490 636
1799500 637
1799510 638
1799520 638
1799530 639
1799540 639
1799550 640
1799560 639
1799570 639
1799580 638
1799590 638
1799600 637
1799610 636
1799620 636
1799630 636
1799640 636
1799650 636
1799660 637
1799670 638
1799680 639
1799690 640
1799700 641
1799710 642
1799720 643
1799730 644
1799740 645
1799750 647
1799760 650
1799770 652
1799780 654
1799790 657
1799800 659
1799810 661
1799820 662
1799830 663
1799840 663
1799850 664
1799860 665
1799870 666
1799880 668
1799890 670
1799900 672
1799910 674
1799920 676
1799930 677
1799940 679
1799950 681
1799960 683
1799970 685
1799980 687
1799990 688
