1780000 528
1780010 528
1780020 528
1780030 529
1780040 528
1780050 528
1780060 528
1780070 528
1780080 527
1780090 527
1780100 526
1780110 524
1780120 523
1780130 522
1780140 521
1780150 520
1780160 519
1780170 519
1780180 518
1780190 518
1780200 517
1780210 516
1780220 513
1780230 510
1780240 508
1780250 505
1780260 502
1780270 502
1780280 503
1780290 506
1780300 510
1780310 513
1780320 517
1780330 520
1780340 522
1780350 524
1780360 526
1780370 528
1780380 530
1780390 531
1780400 532
1780410 533
1780420 534
1780430 535
1780440 536
1780450 537
1780460 538
1780470 538
1780480 538
1780490 538
1780500 538
1780510 538
1780520 538
1780530 538
1780540 537
1780550 537
1780560 537
1780570 536
1780580 536
1780590 536
1780600 535
1780610 535
1780620 534
1780630 534
1780640 533
1780650 533
1780660 532
1780670 532
1780680 531
1780690 530
1780700 530
1780710 529
1780720 529
1780730 528
1780740 527
1780750 526
1780760 526
1780770 525
1780780 524
1780790 523
1780800 522
1780810 521
1780820 519
1780830 518
1780840 517
1780850 516
1780860 515
1780870 514
1780880 513
1780890 512
1780900 512
1780910 511
1780920 510
1780930 509
1780940 508
1780950 508
1780960 509
1780970 510
1780980 510
1780990 511
1781000 512
1781010 513
1781020 513
1781030 514
1781040 514
1781050 515
1781060 515
1781070 515
1781080 516
1781090 516
1781100 516
1781110 517
1781120 517
1781130 517
1781140 516
1781150 515
1781160 517
1781170 518
1781180 518
1781190 518
1781200 518
1781210 519
1781220 519
1781230 519
1781240 519
1781250 519
1781260 519
1781270 520
1781280 520
1781290 521
1781300 521
1781310 522
1781320 523
1781330 524
1781340 525
1781350 526
1781360 527
1781370 528
1781380 530
1781390 531
1781400 532
1781410 533
1781420 535
1781430 536
1781440 537
1781450 538
1781460 539
1781470 540
1781480 541
1781490 542
1781500 544
1781510 545
1781520 545
1781530 546
1781540 546
1781550 546
1781560 546
1781570 546
1781580 546
1781590 546
1781600 546
1781610 546
1781620 546
1781630 546
1781640 545
1781650 545
1781660 545
1781670 545
1781680 545
1781690 544
1781700 544
1781710 544
1781720 544
1781730 543
1781740 543
1781750 542
1781760 542
1781770 542
1781780 541
1781790 540
1781800 540
1781810 539
1781820 538
1781830 537
1781840 536
1781850 534
1781860 531
1781870 529
1781880 529
1781890 529
1781900 530
1781910 530
1781920 531
1781930 532
1781940 532
1781950 532
1781960 533
1781970 533
1781980 533
1781990 534
1782000 535
1782010 537
1782020 538
1782030 540
1782040 540
1782050 542
1782060 544
1782070 545
1782080 546
1782090 547
1782100 548
1782110 549
1782120 550
1782130 551
1782140 552
1782150 553
1782160 554
1782170 555
1782180 556
1782190 557
1782200 559
1782210 560
1782220 562
1782230 563
1782240 564
1782250 564
1782260 565
1782270 565
1782280 565
1782290 565
1782300 565
1782310 565
1782320 565
1782330 564
1782340 564
1782350 564
1782360 564
1782370 563
1782380 562
1782390 562
1782400 561
1782410 560
1782420 559
1782430 558
1782440 557
1782450 555
1782460 554
1782470 552
1782480 550
1782490 547
1782500 545
1782510 542
1782520 539
1782530 536
1782540 533
1782550 530
1782560 527
1782570 524
1782580 521
1782590 518
1782600 516
1782610 514
1782620 512
1782630 511
1782640 510
1782650 509
1782660 508
1782670 507
1782680 506
1782690 505
1782700 504
1782710 502
1782720 501
1782730 499
1782740 497
1782750 494
1782760 492
1782770 492
1782780 494
1782790 496
1782800 499
1782810 502
1782820 504
1782830 507
1782840 509
1782850 510
1782860 512
1782870 512
1782880 513
1782890 514
1782900 514
1782910 514
1782920 514
1782930 513
1782940 513
1782950 512
1782960 512
1782970 512
1782980 512
1782990 511
1783000 511
1783010 511
1783020 510
1783030 510
1783040 509
1783050 510
1783060 510
1783070 510
1783080 510
1783090 509
1783100 507
1783110 505
1783120 505
1783130 505
1783140 505
1783150 505
1783160 506
1783170 506
1783180 507
1783190 509
1783200 510
1783210 511
1783220 513
1783230 515
1783240 518
1783250 520
1783260 523
1783270 525
1783280 527
1783290 529
1783300 531
1783310 534
1783320 536
1783330 538
1783340 540
1783350 541
1783360 543
1783370 544
1783380 545
1783390 547
1783400 548
1783410 550
1783420 551
1783430 552
1783440 554
1783450 555
1783460 557
1783470 558
1783480 560
1783490 561
1783500 563
1783510 564
1783520 565
1783530 567
1783540 568
1783550 569
1783560 570
1783570 570
1783580 571
1783590 573
1783600 574
1783610 575
1783620 576
1783630 578
1783640 579
1783650 580
1783660 581
1783670 582
1783680 583
1783690 583
1783700 584
1783710 585
1783720 586
1783730 586
1783740 587
1783750 588
1783760 589
1783770 590
1783780 591
1783790 592
1783800 593
1783810 594
1783820 595
1783830 596
1783840 597
1783850 598
1783860 600
1783870 602
1783880 603
1783890 605
1783900 606
1783910 608
1783920 609
1783930 611
1783940 612
1783950 612
1783960 612
1783970 612
1783980 611
1783990 611
1784000 610
1784010 610
1784020 609
1784030 609
1784040 608
1784050 608
1784060 607
1784070 606
1784080 605
1784090 604
1784100 604
1784110 604
1784120 603
1784130 603
1784140 601
1784150 600
1784160 600
1784170 600
1784180 599
1784190 599
1784200 598
1784210 597
1784220 597
1784230 596
1784240 596
1784250 595
1784260 594
1784270 594
1784280 593
1784290 592
1784300 592
1784310 591
1784320 591
1784330 590
1784340 590
1784350 589
1784360 589
1784370 589
1784380 588
1784390 588
1784400 588
1784410 588
1784420 588
1784430 588
1784440 588
1784450 588
1784460 588
1784470 588
1784480 588
1784490 588
1784500 588
1784510 588
1784520 588
1784530 589
1784540 589
1784550 589
1784560 590
1784570 590
1784580 590
1784590 591
1784600 591
1784610 591
1784620 592
1784630 592
1784640 592
1784650 592
1784660 592
1784670 592
1784680 592
1784690 592
1784700 592
1784710 592
1784720 591
1784730 591
1784740 590
1784750 590
1784760 590
1784770 590
1784780 590
1784790 589
1784800 589
1784810 589
1784820 589
1784830 588
1784840 588
1784850 588
1784860 588
1784870 588
1784880 588
1784890 588
1784900 588
1784910 588
1784920 587
1784930 587
1784940 588
1784950 588
1784960 588
1784970 588
1784980 587
1784990 587
1785000 587
1785010 587
1785020 587
1785030 587
1785040 587
1785050 587
1785060 587
1785070 587
1785080 587
1785090 587
1785100 587
1785110 587
1785120 587
1785130 588
1785140 588
1785150 588
1785160 587
1785170 587
1785180 587
1785190 587
1785200 587
1785210 586
1785220 586
1785230 586
1785240 586
1785250 585
1785260 585
1785270 585
1785280 585
1785290 584
1785300 584
1785310 584
1785320 583
1785330 583
1785340 583
1785350 583
1785360 583
1785370 583
1785380 583
1785390 583
1785400 584
1785410 584
1785420 585
1785430 586
1785440 587
1785450 588
1785460 589
1785470 590
1785480 591
1785490 592
1785500 592
1785510 592
1785520 591
1785530 590
1785540 590
1785550 589
1785560 589
1785570 588
1785580 588
1785590 587
1785600 587
1785610 586
1785620 585
1785630 585
1785640 584
1785650 584
1785660 583
1785670 583
1785680 582
1785690 582
1785700 581
1785710 581
1785720 581
1785730 580
1785740 580
1785750 580
1785760 580
1785770 580
1785780 580
1785790 579
1785800 579
1785810 579
1785820 578
1785830 578
1785840 577
1785850 577
1785860 577
1785870 576
1785880 576
1785890 575
1785900 575
1785910 575
1785920 574
1785930 574
1785940 574
1785950 573
1785960 573
1785970 573
1785980 573
1785990 572
1786000 572
1786010 572
1786020 572
1786030 571
1786040 571
1786050 571
1786060 571
1786070 570
1786080 570
1786090 570
1786100 569
1786110 569
1786120 568
1786130 568
1786140 567
1786150 567
1786160 566
1786170 566
1786180 565
1786190 565
1786200 564
1786210 564
1786220 564
1786230 563
1786240 563
1786250 562
1786260 562
1786270 561
1786280 560
1786290 560
1786300 559
1786310 558
1786320 558
1786330 557
1786340 556
1786350 555
1786360 554
1786370 554
1786380 553
1786390 552
1786400 551
1786410 550
1786420 549
1786430 548
1786440 547
1786450 546
1786460 545
1786470 544
1786480 543
1786490 542
1786500 541
1786510 540
1786520 539
1786530 538
1786540 537
1786550 536
1786560 534
1786570 532
1786580 530
1786590 529
1786600 528
1786610 528
1786620 529
1786630 530
1786640 531
1786650 532
1786660 532
1786670 532
1786680 532
1786690 531
1786700 530
1786710 528
1786720 526
1786730 524
1786740 521
1786750 518
1786760 514
1786770 512
1786780 510
1786790 508
1786800 506
1786810 504
1786820 502
1786830 499
1786840 496
1786850 494
1786860 492
1786870 491
1786880 490
1786890 490
1786900 493
1786910 498
1786920 503
1786930 506
1786940 509
1786950 512
1786960 515
1786970 517
1786980 519
1786990 521
1787000 522
1787010 524
1787020 526
1787030 528
1787040 529
1787050 531
1787060 533
1787070 534
1787080 536
1787090 537
1787100 538
1787110 539
1787120 540
1787130 540
1787140 541
1787150 541
1787160 541
1787170 542
1787180 542
1787190 543
1787200 543
1787210 543
1787220 543
1787230 543
1787240 543
1787250 543
1787260 543
1787270 542
1787280 542
1787290 542
1787300 542
1787310 541
1787320 541
1787330 541
1787340 541
1787350 541
1787360 541
1787370 540
1787380 540
1787390 540
1787400 540
1787410 540
1787420 539
1787430 538
1787440 538
1787450 537
1787460 537
1787470 536
1787480 535
1787490 535
1787500 534
1787510 534
1787520 534
1787530 534
1787540 533
1787550 533
1787560 533
1787570 533
1787580 532
1787590 532
1787600 532
1787610 531
1787620 530
1787630 530
1787640 529
1787650 528
1787660 528
1787670 527
1787680 526
1787690 525
1787700 524
1787710 524
1787720 523
1787730 522
1787740 521
1787750 520
1787760 519
1787770 518
1787780 517
1787790 516
1787800 515
1787810 513
1787820 512
1787830 510
1787840 508
1787850 506
1787860 505
1787870 503
1787880 501
1787890 500
1787900 498
1787910 497
1787920 495
1787930 493
1787940 492
1787950 490
1787960 488
1787970 486
1787980 485
1787990 483
1788000 481
1788010 480
1788020 479
1788030 478
1788040 477
1788050 476
1788060 475
1788070 474
1788080 473
1788090 472
1788100 472
1788110 472
1788120 471
1788130 472
1788140 473
1788150 476
1788160 479
1788170 482
1788180 485
1788190 488
1788200 489
1788210 491
1788220 493
1788230 494
1788240 495
1788250 495
1788260 496
1788270 497
1788280 497
1788290 498
1788300 499
1788310 499
1788320 499
1788330 500
1788340 500
1788350 500
1788360 500
1788370 501
1788380 501
1788390 501
1788400 501
1788410 501
1788420 501
1788430 502
1788440 502
1788450 502
1788460 503
1788470 503
1788480 503
1788490 503
1788500 503
1788510 503
1788520 504
1788530 504
1788540 504
1788550 504
1788560 504
1788570 504
1788580 504
1788590 504
1788600 504
1788610 505
1788620 505
1788630 505
1788640 505
1788650 505
1788660 505
1788670 505
1788680 505
1788690 505
1788700 506
1788710 506
1788720 506
1788730 506
1788740 507
1788750 507
1788760 507
1788770 507
1788780 508
1788790 508
1788800 508
1788810 509
1788820 509
1788830 509
1788840 510
1788850 511
1788860 511
1788870 512
1788880 513
1788890 514
1788900 515
1788910 516
1788920 516
1788930 517
1788940 517
1788950 518
1788960 518
1788970 518
1788980 519
1788990 519
1789000 519
1789010 519
1789020 520
1789030 520
1789040 520
1789050 520
1789060 520
1789070 520
1789080 520
1789090 520
1789100 520
1789110 521
1789120 521
1789130 520
1789140 520
1789150 521
1789160 521
1789170 521
1789180 522
1789190 522
1789200 522
1789210 522
1789220 522
1789230 522
1789240 523
1789250 523
1789260 522
1789270 522
1789280 522
1789290 522
1789300 522
1789310 521
1789320 521
1789330 521
1789340 521
1789350 521
1789360 521
1789370 521
1789380 521
1789390 521
1789400 520
1789410 520
1789420 520
1789430 520
1789440 520
1789450 520
1789460 519
1789470 519
1789480 519
1789490 519
1789500 519
1789510 518
1789520 518
1789530 518
1789540 518
1789550 518
1789560 518
1789570 518
1789580 517
1789590 517
1789600 517
1789610 517
1789620 517
1789630 516
1789640 516
1789650 516
1789660 516
1789670 516
1789680 516
1789690 516
1789700 516
1789710 515
1789720 515
1789730 515
1789740 515
1789750 515
1789760 514
1789770 514
1789780 514
1789790 514
1789800 514
1789810 513
1789820 513
1789830 513
1789840 513
1789850 512
1789860 512
1789870 512
1789880 512
1789890 511
1789900 511
1789910 511
1789920 510
1789930 510
1789940 510
1789950 510
1789960 509
1789970 509
1789980 509
1789990 508
1790000 508
1790010 508
1790020 507
1790030 507
1790040 507
1790050 506
1790060 506
1790070 506
1790080 506
1790090 505
1790100 505
1790110 504
1790120 504
1790130 503
1790140 503
1790150 503
1790160 502
1790170 502
1790180 502
1790190 501
1790200 500
1790210 499
1790220 498
1790230 498
1790240 497
1790250 497
1790260 497
1790270 497
1790280 497
1790290 496
1790300 496
1790310 496
1790320 496
1790330 496
1790340 495
1790350 495
1790360 495
1790370 495
1790380 494
1790390 494
1790400 493
1790410 493
1790420 492
1790430 491
1790440 491
1790450 491
1790460 490
1790470 490
1790480 489
1790490 488
1790500 487
1790510 487
1790520 487
1790530 487
1790540 487
1790550 487
1790560 486
1790570 486
1790580 486
1790590 485
1790600 485
1790610 484
1790620 483
1790630 483
1790640 482
1790650 482
1790660 481
1790670 481
1790680 480
1790690 479
1790700 479
1790710 478
1790720 477
1790730 476
1790740 475
1790750 473
1790760 472
1790770 470
1790780 469
1790790 468
1790800 467
1790810 466
1790820 466
1790830 465
1790840 465
1790850 464
1790860 463
1790870 463
1790880 462
1790890 461
1790900 460
1790910 459
1790920 458
1790930 457
1790940 456
1790950 455
1790960 453
1790970 452
1790980 452
1790990 451
1791000 451
1791010 450
1791020 449
1791030 449
1791040 448
1791050 448
1791060 448
1791070 448
1791080 448
1791090 446
1791100 444
1791110 444
1791120 446
1791130 446
1791140 446
1791150 446
1791160 447
1791170 448
1791180 448
1791190 448
1791200 448
1791210 448
1791220 449
1791230 450
1791240 453
1791250 456
1791260 458
1791270 461
1791280 465
1791290 467
1791300 469
1791310 470
1791320 472
1791330 473
1791340 474
1791350 474
1791360 475
1791370 475
1791380 476
1791390 476
1791400 477
1791410 477
1791420 478
1791430 478
1791440 479
1791450 479
1791460 479
1791470 480
1791480 480
1791490 481
1791500 481
1791510 481
1791520 482
1791530 482
1791540 482
1791550 483
1791560 483
1791570 483
1791580 484
1791590 484
1791600 485
1791610 485
1791620 485
1791630 485
1791640 486
1791650 486
1791660 486
1791670 486
1791680 487
1791690 487
1791700 487
1791710 488
1791720 488
1791730 488
1791740 489
1791750 489
1791760 489
1791770 490
1791780 490
1791790 490
1791800 491
1791810 491
1791820 491
1791830 492
1791840 492
1791850 492
1791860 493
1791870 493
1791880 493
1791890 493
1791900 493
1791910 494
1791920 494
1791930 494
1791940 494
1791950 494
1791960 495
1791970 495
1791980 495
1791990 495
1792000 495
1792010 495
1792020 495
1792030 495
1792040 495
1792050 495
1792060 495
1792070 495
1792080 495
1792090 495
1792100 495
1792110 495
1792120 494
1792130 494
1792140 494
1792150 493
1792160 493
1792170 493
1792180 493
1792190 493
1792200 492
1792210 492
1792220 492
1792230 492
1792240 491
1792250 491
1792260 491
1792270 491
1792280 491
1792290 490
1792300 490
1792310 490
1792320 490
1792330 490
1792340 489
1792350 489
1792360 489
1792370 489
1792380 489
1792390 488
1792400 488
1792410 488
1792420 487
1792430 487
1792440 487
1792450 487
1792460 486
1792470 486
1792480 486
1792490 485
1792500 485
1792510 485
1792520 484
1792530 484
1792540 483
1792550 482
1792560 482
1792570 481
1792580 481
1792590 481
1792600 480
1792610 480
1792620 480
1792630 480
1792640 479
1792650 479
1792660 479
1792670 478
1792680 478
1792690 478
1792700 477
1792710 476
1792720 475
1792730 475
1792740 475
1792750 474
1792760 473
1792770 472
1792780 471
1792790 471
1792800 470
1792810 469
1792820 468
1792830 468
1792840 466
1792850 465
1792860 464
1792870 463
1792880 463
1792890 462
1792900 461
1792910 459
1792920 457
1792930 456
1792940 455
1792950 454
1792960 454
1792970 454
1792980 453
1792990 453
1793000 452
1793010 451
1793020 451
1793030 450
1793040 450
1793050 450
1793060 450
1793070 449
1793080 449
1793090 448
1793100 447
1793110 446
1793120 447
1793130 447
1793140 447
1793150 447
1793160 446
1793170 446
1793180 446
1793190 446
1793200 446
1793210 446
1793220 445
1793230 445
1793240 447
1793250 450
1793260 452
1793270 452
1793280 452
1793290 451
1793300 451
1793310 450
1793320 449
1793330 449
1793340 448
1793350 449
1793360 449
1793370 450
1793380 452
1793390 454
1793400 454
1793410 454
1793420 455
1793430 457
1793440 458
1793450 459
1793460 461
1793470 462
1793480 463
1793490 464
1793500 464
1793510 465
1793520 465
1793530 466
1793540 466
1793550 466
1793560 466
1793570 466
1793580 465
1793590 465
1793600 465
1793610 464
1793620 463
1793630 462
1793640 461
1793650 460
1793660 458
1793670 457
1793680 455
1793690 454
1793700 453
1793710 451
1793720 450
1793730 449
1793740 448
1793750 447
1793760 445
1793770 444
1793780 443
1793790 442
1793800 441
1793810 439
1793820 438
1793830 437
1793840 436
1793850 436
1793860 435
1793870 435
1793880 434
1793890 433
1793900 432
1793910 431
1793920 430
1793930 429
1793940 428
1793950 426
1793960 425
1793970 424
1793980 423
1793990 422
1794000 421
1794010 420
1794020 419
1794030 418
1794040 416
1794050 414
1794060 413
1794070 413
1794080 413
1794090 413
1794100 412
1794110 412
1794120 413
1794130 414
1794140 414
1794150 414
1794160 414
1794170 415
1794180 416
1794190 416
1794200 415
1794210 415
1794220 415
1794230 416
1794240 418
1794250 419
1794260 419
1794270 419
1794280 418
1794290 418
1794300 420
1794310 423
1794320 423
1794330 422
1794340 420
1794350 421
1794360 422
1794370 421
1794380 419
1794390 418
1794400 418
1794410 420
1794420 423
1794430 427
1794440 428
1794450 429
1794460 429
1794470 430
1794480 430
1794490 431
1794500 431
1794510 431
1794520 431
1794530 431
1794540 431
1794550 431
1794560 431
1794570 431
1794580 432
1794590 432
1794600 430
1794610 427
1794620 426
1794630 428
1794640 431
1794650 433
1794660 433
1794670 433
1794680 433
1794690 432
1794700 431
1794710 432
1794720 432
1794730 432
1794740 433
1794750 434
1794760 435
1794770 436
1794780 437
1794790 438
1794800 439
1794810 439
1794820 439
1794830 438
1794840 437
1794850 435
1794860 434
1794870 434
1794880 433
1794890 433
1794900 433
1794910 433
1794920 433
1794930 433
1794940 433
1794950 433
1794960 432
1794970 431
1794980 431
1794990 430
1795000 430
1795010 429
1795020 428
1795030 426
1795040 423
1795050 421
1795060 420
1795070 419
1795080 418
1795090 418
1795100 417
1795110 414
1795120 411
1795130 408
1795140 404
1795150 403
1795160 402
1795170 402
1795180 402
1795190 402
1795200 402
1795210 403
1795220 405
1795230 408
1795240 411
1795250 413
1795260 412
1795270 411
1795280 410
1795290 409
1795300 407
1795310 406
1795320 404
1795330 403
1795340 402
1795350 401
1795360 401
1795370 400
1795380 399
1795390 398
1795400 398
1795410 397
1795420 395
1795430 392
1795440 389
1795450 384
1795460 380
1795470 376
1795480 369
1795490 365
1795500 363
1795510 362
1795520 362
1795530 361
1795540 361
1795550 362
1795560 363
1795570 363
1795580 363
1795590 362
1795600 362
1795610 361
1795620 361
1795630 360
1795640 360
1795650 360
1795660 361
1795670 362
1795680 361
1795690 362
1795700 362
1795710 362
1795720 362
1795730 362
1795740 362
1795750 362
1795760 362
1795770 362
1795780 362
1795790 363
1795800 363
1795810 364
1795820 365
1795830 366
1795840 367
1795850 368
1795860 368
1795870 369
1795880 369
1795890 370
1795900 370
1795910 371
1795920 372
1795930 372
1795940 373
1795950 373
1795960 373
1795970 374
1795980 374
1795990 375
1796000 376
1796010 376
1796020 377
1796030 377
1796040 378
1796050 380
1796060 381
1796070 382
1796080 384
1796090 385
1796100 386
1796110 387
1796120 388
1796130 389
1796140 390
1796150 391
1796160 392
1796170 393
1796180 395
1796190 396
1796200 398
1796210 399
1796220 400
1796230 402
1796240 403
1796250 405
1796260 407
1796270 409
1796280 410
1796290 412
1796300 414
1796310 415
1796320 417
1796330 418
1796340 419
1796350 420
1796360 421
1796370 422
1796380 423
1796390 424
1796400 424
1796410 424
1796420 423
1796430 421
1796440 421
1796450 421
1796460 422
1796470 423
1796480 424
1796490 425
1796500 426
1796510 428
1796520 429
1796530 430
1796540 432
1796550 433
1796560 433
1796570 434
1796580 435
1796590 436
1796600 436
1796610 437
1796620 439
1796630 440
1796640 442
1796650 444
1796660 447
1796670 450
1796680 453
1796690 455
1796700 456
1796710 458
1796720 460
1796730 462
1796740 463
1796750 464
1796760 465
1796770 467
1796780 468
1796790 469
1796800 470
1796810 471
1796820 471
1796830 472
1796840 473
1796850 474
1796860 474
1796870 474
1796880 475
1796890 475
1796900 476
1796910 476
1796920 476
1796930 476
1796940 476
1796950 476
1796960 476
1796970 477
1796980 477
1796990 477
1797000 478
1797010 479
1797020 480
1797030 481
1797040 481
1797050 482
1797060 483
1797070 485
1797080 486
1797090 487
1797100 489
1797110 490
1797120 491
1797130 493
1797140 495
1797150 496
1797160 498
1797170 500
1797180 502
1797190 503
1797200 505
1797210 506
1797220 508
1797230 509
1797240 510
1797250 512
1797260 513
1797270 514
1797280 515
1797290 516
1797300 517
1797310 518
1797320 518
1797330 519
1797340 520
1797350 521
1797360 522
1797370 524
1797380 526
1797390 528
1797400 529
1797410 531
1797420 532
1797430 534
1797440 535
1797450 537
1797460 538
1797470 540
1797480 542
1797490 544
1797500 546
1797510 547
1797520 548
1797530 547
1797540 547
1797550 546
1797560 545
1797570 544
1797580 542
1797590 542
1797600 541
1797610 540
1797620 539
1797630 538
1797640 537
1797650 536
1797660 536
1797670 535
1797680 534
1797690 533
1797700 532
1797710 531
1797720 530
1797730 529
1797740 528
1797750 528
1797760 527
1797770 526
1797780 525
1797790 525
1797800 525
1797810 524
1797820 524
1797830 524
1797840 524
1797850 524
1797860 524
1797870 524
1797880 525
1797890 525
1797900 526
1797910 526
1797920 526
1797930 527
1797940 527
1797950 527
1797960 528
1797970 528
1797980 528
1797990 529
1798000 529
1798010 530
1798020 530
1798030 531
1798040 532
1798050 533
1798060 534
1798070 535
1798080 535
1798090 536
1798100 537
1798110 538
1798120 539
1798130 540
1798140 542
1798150 543
1798160 544
1798170 545
1798180 547
1798190 548
1798200 549
1798210 551
1798220 552
1798230 553
1798240 555
1798250 556
1798260 557
1798270 558
1798280 559
1798290 559
1798300 559
1798310 558
1798320 558
1798330 558
1798340 557
1798350 556
1798360 556
1798370 555
1798380 554
1798390 553
1798400 552
1798410 551
1798420 554
1798430 555
1798440 556
1798450 557
1798460 558
1798470 559
1798480 560
1798490 561
1798500 562
1798510 563
1798520 564
1798530 565
1798540 565
1798550 566
1798560 566
1798570 567
1798580 567
1798590 567
1798600 567
1798610 567
1798620 567
1798630 567
1798640 567
1798650 567
1798660 568
1798670 568
1798680 569
1798690 570
1798700 570
1798710 571
1798720 571
1798730 571
1798740 571
1798750 571
1798760 571
1798770 571
1798780 570
1798790 569
1798800 567
1798810 566
1798820 564
1798830 562
1798840 561
1798850 559
1798860 558
1798870 557
1798880 555
1798890 553
1798900 552
1798910 550
1798920 548
1798930 546
1798940 544
1798950 542
1798960 540
1798970 539
1798980 536
1798990 534
1799000 533
1799010 531
1799020 528
1799030 526
1799040 525
1799050 524
1799060 523
1799070 522
1799080 520
1799090 519
1799100 517
1799110 515
1799120 514
1799130 513
1799140 512
1799150 512
1799160 511
1799170 510
1799180 509
1799190 507
1799200 505
1799210 503
1799220 502
1799230 501
1799240 499
1799250 498
1799260 496
1799270 495
1799280 494
1799290 493
1799300 492
1799310 492
1799320 491
1799330 491
1799340 490
1799350 490
1799360 490
1799370 489
1799380 489
1799390 488
1799400 486
1799410 485
1799420 483
1799430 481
1799440 480
1799450 478
1799460 475
1799470 472
1799480 470
1799490 468
1799500 467
1799510 466
1799520 465
1799530 465
1799540 466
1799550 467
1799560 467
1799570 468
1799580 468
1799590 468
1799600 468
1799610 468
1799620 468
1799630 468
1799640 467
1799650 467
1799660 466
1799670 465
1799680 464
1799690 463
1799700 462
1799710 461
1799720 460
1799730 459
1799740 460
1799750 460
1799760 461
1799770 462
1799780 462
1799790 463
1799800 464
1799810 465
1799820 466
1799830 468
1799840 469
1799850 471
1799860 472
1799870 474
1799880 476
1799890 478
1799900 479
1799910 480
1799920 482
1799930 484
1799940 487
1799950 489
1799960 491
1799970 493
1799980 494
1799990 496
