1780000 417
1780010 418
1780020 418
1780030 418
1780040 418
1780050 418
1780060 418
1780070 418
1780080 418
1780090 418
1780100 419
1780110 419
1780120 419
1780130 419
1780140 419
1780150 419
1780160 419
1780170 420
1780180 420
1780190 420
1780200 420
1780210 420
1780220 420
1780230 421
1780240 421
1780250 421
1780260 421
1780270 421
1780280 421
1780290 422
1780300 422
1780310 422
1780320 422
1780330 422
1780340 422
1780350 423
1780360 423
1780370 423
1780380 423
1780390 423
1780400 423
1780410 423
1780420 423
1780430 423
1780440 423
1780450 423
1780460 423
1780470 423
1780480 423
1780490 423
1780500 423
1780510 424
1780520 424
1780530 424
1780540 424
1780550 424
1780560 424
1780570 423
1780580 423
1780590 423
1780600 423
1780610 423
1780620 423
1780630 423
1780640 423
1780650 423
1780660 424
1780670 424
1780680 424
1780690 424
1780700 424
1780710 424
1780720 424
1780730 424
1780740 424
1780750 424
1780760 424
1780770 424
1780780 424
1780790 424
1780800 424
1780810 424
1780820 424
1780830 425
1780840 425
1780850 425
1780860 425
1780870 425
1780880 425
1780890 426
1780900 426
1780910 426
1780920 426
1780930 427
1780940 427
1780950 427
1780960 427
1780970 427
1780980 427
1780990 427
1781000 427
1781010 427
1781020 427
1781030 428
1781040 428
1781050 428
1781060 428
1781070 429
1781080 429
1781090 429
1781100 430
1781110 430
1781120 430
1781130 431
1781140 431
1781150 432
1781160 432
1781170 431
1781180 432
1781190 432
1781200 433
1781210 433
1781220 434
1781230 435
1781240 436
1781250 436
1781260 437
1781270 438
1781280 439
1781290 439
1781300 440
1781310 440
1781320 440
1781330 441
1781340 441
1781350 441
1781360 442
1781370 442
1781380 443
1781390 443
1781400 444
1781410 444
1781420 445
1781430 446
1781440 447
1781450 447
1781460 448
1781470 448
1781480 449
1781490 450
1781500 450
1781510 450
1781520 450
1781530 449
1781540 449
1781550 448
1781560 446
1781570 445
1781580 443
1781590 442
1781600 441
1781610 442
1781620 442
1781630 442
1781640 442
1781650 443
1781660 443
1781670 443
1781680 443
1781690 443
1781700 443
1781710 443
1781720 443
1781730 442
1781740 442
1781750 442
1781760 442
1781770 441
1781780 441
1781790 441
1781800 441
1781810 440
1781820 439
1781830 438
1781840 437
1781850 437
1781860 437
1781870 436
1781880 436
1781890 436
1781900 436
1781910 436
1781920 436
1781930 435
1781940 435
1781950 435
1781960 436
1781970 436
1781980 436
1781990 435
1782000 435
1782010 435
1782020 435
1782030 435
1782040 435
1782050 436
1782060 436
1782070 438
1782080 440
1782090 442
1782100 444
1782110 446
1782120 447
1782130 449
1782140 450
1782150 450
1782160 451
1782170 454
1782180 457
1782190 459
1782200 462
1782210 464
1782220 466
1782230 468
1782240 470
1782250 472
1782260 472
1782270 472
1782280 472
1782290 471
1782300 470
1782310 470
1782320 470
1782330 470
1782340 470
1782350 470
1782360 471
1782370 472
1782380 473
1782390 474
1782400 476
1782410 477
1782420 479
1782430 480
1782440 482
1782450 483
1782460 484
1782470 485
1782480 487
1782490 488
1782500 489
1782510 491
1782520 492
1782530 493
1782540 494
1782550 494
1782560 495
1782570 495
1782580 495
1782590 496
1782600 496
1782610 497
1782620 497
1782630 497
1782640 497
1782650 497
1782660 498
1782670 498
1782680 498
1782690 498
1782700 498
1782710 498
1782720 498
1782730 499
1782740 499
1782750 500
1782760 500
1782770 500
1782780 501
1782790 501
1782800 501
1782810 501
1782820 502
1782830 502
1782840 502
1782850 502
1782860 503
1782870 503
1782880 503
1782890 503
1782900 503
1782910 504
1782920 504
1782930 504
1782940 504
1782950 504
1782960 503
1782970 502
1782980 500
1782990 498
1783000 497
1783010 498
1783020 499
1783030 500
1783040 501
1783050 501
1783060 501
1783070 501
1783080 501
1783090 500
1783100 499
1783110 498
1783120 497
1783130 495
1783140 494
1783150 493
1783160 492
1783170 491
1783180 490
1783190 489
1783200 488
1783210 487
1783220 486
1783230 485
1783240 484
1783250 484
1783260 483
1783270 482
1783280 481
1783290 480
1783300 479
1783310 478
1783320 477
1783330 475
1783340 474
1783350 473
1783360 472
1783370 472
1783380 471
1783390 470
1783400 470
1783410 469
1783420 468
1783430 467
1783440 467
1783450 466
1783460 466
1783470 466
1783480 467
1783490 468
1783500 469
1783510 469
1783520 469
1783530 469
1783540 469
1783550 468
1783560 467
1783570 468
1783580 470
1783590 471
1783600 472
1783610 472
1783620 473
1783630 473
1783640 474
1783650 474
1783660 475
1783670 476
1783680 477
1783690 477
1783700 477
1783710 477
1783720 477
1783730 477
1783740 478
1783750 478
1783760 478
1783770 479
1783780 479
1783790 479
1783800 479
1783810 480
1783820 479
1783830 479
1783840 479
1783850 479
1783860 478
1783870 478
1783880 478
1783890 477
1783900 477
1783910 477
1783920 477
1783930 476
1783940 476
1783950 476
1783960 476
1783970 476
1783980 475
1783990 475
1784000 475
1784010 475
1784020 474
1784030 474
1784040 473
1784050 473
1784060 472
1784070 472
1784080 472
1784090 471
1784100 471
1784110 471
1784120 470
1784130 470
1784140 470
1784150 470
1784160 469
1784170 468
1784180 468
1784190 467
1784200 467
1784210 466
1784220 466
1784230 466
1784240 467
1784250 466
1784260 466
1784270 466
1784280 466
1784290 467
1784300 468
1784310 469
1784320 470
1784330 471
1784340 472
1784350 473
1784360 474
1784370 475
1784380 476
1784390 477
1784400 479
1784410 480
1784420 482
1784430 484
1784440 485
1784450 485
1784460 485
1784470 485
1784480 484
1784490 482
1784500 482
1784510 481
1784520 482
1784530 483
1784540 484
1784550 485
1784560 485
1784570 485
1784580 486
1784590 486
1784600 486
1784610 486
1784620 487
1784630 487
1784640 488
1784650 489
1784660 489
1784670 490
1784680 490
1784690 491
1784700 492
1784710 493
1784720 494
1784730 495
1784740 496
1784750 497
1784760 497
1784770 498
1784780 498
1784790 499
1784800 499
1784810 500
1784820 500
1784830 501
1784840 501
1784850 502
1784860 502
1784870 503
1784880 503
1784890 503
1784900 503
1784910 503
1784920 503
1784930 503
1784940 503
1784950 503
1784960 503
1784970 503
1784980 503
1784990 503
1785000 503
1785010 503
1785020 503
1785030 503
1785040 503
1785050 503
1785060 502
1785070 502
1785080 502
1785090 502
1785100 502
1785110 502
1785120 502
1785130 502
1785140 502
1785150 502
1785160 502
1785170 502
1785180 502
1785190 502
1785200 502
1785210 502
1785220 502
1785230 501
1785240 500
1785250 500
1785260 499
1785270 499
1785280 499
1785290 498
1785300 498
1785310 498
1785320 497
1785330 497
1785340 497
1785350 497
1785360 497
1785370 496
1785380 496
1785390 496
1785400 496
1785410 496
1785420 496
1785430 495
1785440 495
1785450 495
1785460 495
1785470 495
1785480 495
1785490 494
1785500 494
1785510 494
1785520 493
1785530 493
1785540 493
1785550 492
1785560 492
1785570 492
1785580 492
1785590 492
1785600 492
1785610 492
1785620 492
1785630 491
1785640 491
1785650 491
1785660 491
1785670 491
1785680 492
1785690 491
1785700 491
1785710 491
1785720 490
1785730 490
1785740 490
1785750 489
1785760 489
1785770 488
1785780 488
1785790 488
1785800 487
1785810 487
1785820 487
1785830 486
1785840 486
1785850 485
1785860 484
1785870 484
1785880 483
1785890 482
1785900 482
1785910 480
1785920 479
1785930 478
1785940 478
1785950 479
1785960 479
1785970 479
1785980 479
1785990 479
1786000 479
1786010 479
1786020 479
1786030 478
1786040 478
1786050 477
1786060 477
1786070 477
1786080 477
1786090 477
1786100 476
1786110 476
1786120 476
1786130 476
1786140 476
1786150 476
1786160 475
1786170 475
1786180 476
1786190 475
1786200 475
1786210 474
1786220 474
1786230 474
1786240 473
1786250 473
1786260 471
1786270 470
1786280 470
1786290 471
1786300 471
1786310 472
1786320 474
1786330 477
1786340 479
1786350 481
1786360 483
1786370 484
1786380 485
1786390 486
1786400 487
1786410 488
1786420 489
1786430 490
1786440 491
1786450 491
1786460 492
1786470 493
1786480 493
1786490 494
1786500 494
1786510 495
1786520 495
1786530 495
1786540 496
1786550 496
1786560 497
1786570 497
1786580 498
1786590 498
1786600 498
1786610 498
1786620 499
1786630 499
1786640 499
1786650 499
1786660 498
1786670 498
1786680 497
1786690 497
1786700 496
1786710 495
1786720 494
1786730 494
1786740 493
1786750 493
1786760 492
1786770 492
1786780 491
1786790 490
1786800 490
1786810 489
1786820 489
1786830 488
1786840 488
1786850 487
1786860 487
1786870 486
1786880 486
1786890 485
1786900 485
1786910 484
1786920 484
1786930 483
1786940 482
1786950 482
1786960 481
1786970 481
1786980 480
1786990 479
1787000 479
1787010 478
1787020 477
1787030 477
1787040 476
1787050 475
1787060 475
1787070 474
1787080 474
1787090 473
1787100 472
1787110 472
1787120 471
1787130 470
1787140 469
1787150 468
1787160 466
1787170 465
1787180 464
1787190 463
1787200 463
1787210 463
1787220 463
1787230 463
1787240 462
1787250 461
1787260 460
1787270 459
1787280 459
1787290 459
1787300 458
1787310 458
1787320 457
1787330 456
1787340 455
1787350 454
1787360 453
1787370 452
1787380 452
1787390 451
1787400 451
1787410 451
1787420 452
1787430 454
1787440 458
1787450 461
1787460 464
1787470 465
1787480 466
1787490 466
1787500 466
1787510 466
1787520 465
1787530 464
1787540 463
1787550 462
1787560 461
1787570 460
1787580 460
1787590 460
1787600 460
1787610 460
1787620 461
1787630 461
1787640 461
1787650 461
1787660 461
1787670 460
1787680 459
1787690 458
1787700 457
1787710 457
1787720 458
1787730 460
1787740 462
1787750 463
1787760 465
1787770 466
1787780 467
1787790 468
1787800 468
1787810 468
1787820 469
1787830 469
1787840 470
1787850 471
1787860 471
1787870 472
1787880 472
1787890 472
1787900 473
1787910 473
1787920 473
1787930 473
1787940 474
1787950 474
1787960 474
1787970 474
1787980 473
1787990 473
1788000 473
1788010 473
1788020 473
1788030 473
1788040 472
1788050 472
1788060 472
1788070 472
1788080 472
1788090 471
1788100 471
1788110 471
1788120 471
1788130 471
1788140 471
1788150 471
1788160 471
1788170 471
1788180 471
1788190 471
1788200 471
1788210 471
1788220 471
1788230 470
1788240 470
1788250 470
1788260 469
1788270 469
1788280 469
1788290 469
1788300 469
1788310 469
1788320 469
1788330 469
1788340 468
1788350 468
1788360 468
1788370 468
1788380 467
1788390 467
1788400 467
1788410 466
1788420 466
1788430 465
1788440 465
1788450 465
1788460 464
1788470 464
1788480 464
1788490 463
1788500 463
1788510 463
1788520 463
1788530 462
1788540 462
1788550 462
1788560 461
1788570 461
1788580 461
1788590 460
1788600 460
1788610 460
1788620 459
1788630 459
1788640 459
1788650 459
1788660 458
1788670 458
1788680 458
1788690 457
1788700 457
1788710 456
1788720 456
1788730 456
1788740 455
1788750 455
1788760 454
1788770 454
1788780 454
1788790 453
1788800 453
1788810 452
1788820 452
1788830 451
1788840 451
1788850 450
1788860 450
1788870 449
1788880 449
1788890 449
1788900 448
1788910 448
1788920 447
1788930 447
1788940 446
1788950 446
1788960 446
1788970 445
1788980 445
1788990 445
1789000 444
1789010 444
1789020 443
1789030 443
1789040 442
1789050 441
1789060 441
1789070 440
1789080 439
1789090 438
1789100 437
1789110 437
1789120 436
1789130 435
1789140 434
1789150 434
1789160 433
1789170 433
1789180 432
1789190 432
1789200 432
1789210 432
1789220 431
1789230 432
1789240 432
1789250 433
1789260 435
1789270 438
1789280 439
1789290 441
1789300 443
1789310 443
1789320 444
1789330 444
1789340 444
1789350 444
1789360 445
1789370 445
1789380 445
1789390 446
1789400 446
1789410 447
1789420 448
1789430 449
1789440 450
1789450 451
1789460 451
1789470 452
1789480 453
1789490 454
1789500 455
1789510 455
1789520 456
1789530 456
1789540 456
1789550 456
1789560 456
1789570 455
1789580 455
1789590 455
1789600 455
1789610 454
1789620 454
1789630 454
1789640 453
1789650 453
1789660 453
1789670 452
1789680 452
1789690 452
1789700 452
1789710 451
1789720 451
1789730 451
1789740 450
1789750 450
1789760 449
1789770 449
1789780 448
1789790 448
1789800 447
1789810 446
1789820 445
1789830 443
1789840 441
1789850 440
1789860 440
1789870 440
1789880 440
1789890 440
1789900 441
1789910 441
1789920 442
1789930 442
1789940 442
1789950 440
1789960 441
1789970 441
1789980 441
1789990 441
1790000 441
1790010 440
1790020 440
1790030 440
1790040 440
1790050 439
1790060 439
1790070 439
1790080 439
1790090 438
1790100 438
1790110 438
1790120 438
1790130 438
1790140 438
1790150 438
1790160 437
1790170 437
1790180 437
1790190 437
1790200 436
1790210 436
1790220 435
1790230 434
1790240 434
1790250 433
1790260 432
1790270 432
1790280 432
1790290 431
1790300 430
1790310 430
1790320 429
1790330 428
1790340 427
1790350 427
1790360 426
1790370 424
1790380 423
1790390 421
1790400 420
1790410 420
1790420 419
1790430 419
1790440 420
1790450 420
1790460 420
1790470 420
1790480 420
1790490 420
1790500 422
1790510 423
1790520 425
1790530 427
1790540 429
1790550 431
1790560 433
1790570 435
1790580 437
1790590 439
1790600 440
1790610 441
1790620 441
1790630 442
1790640 444
1790650 445
1790660 446
1790670 448
1790680 450
1790690 451
1790700 452
1790710 454
1790720 455
1790730 456
1790740 457
1790750 459
1790760 460
1790770 461
1790780 462
1790790 463
1790800 463
1790810 464
1790820 464
1790830 465
1790840 466
1790850 466
1790860 467
1790870 468
1790880 468
1790890 469
1790900 469
1790910 469
1790920 470
1790930 470
1790940 470
1790950 471
1790960 471
1790970 471
1790980 472
1790990 472
1791000 473
1791010 473
1791020 473
1791030 474
1791040 474
1791050 474
1791060 475
1791070 475
1791080 475
1791090 476
1791100 477
1791110 477
1791120 478
1791130 478
1791140 479
1791150 479
1791160 479
1791170 479
1791180 479
1791190 479
1791200 479
1791210 479
1791220 479
1791230 480
1791240 480
1791250 480
1791260 480
1791270 480
1791280 480
1791290 480
1791300 481
1791310 481
1791320 481
1791330 482
1791340 482
1791350 482
1791360 482
1791370 482
1791380 482
1791390 482
1791400 482
1791410 483
1791420 483
1791430 483
1791440 483
1791450 483
1791460 483
1791470 483
1791480 484
1791490 484
1791500 484
1791510 484
1791520 484
1791530 485
1791540 485
1791550 486
1791560 487
1791570 487
1791580 488
1791590 489
1791600 490
1791610 490
1791620 491
1791630 491
1791640 491
1791650 492
1791660 492
1791670 492
1791680 493
1791690 493
1791700 493
1791710 494
1791720 494
1791730 495
1791740 495
1791750 496
1791760 496
1791770 497
1791780 497
1791790 497
1791800 498
1791810 498
1791820 499
1791830 499
1791840 500
1791850 500
1791860 500
1791870 501
1791880 501
1791890 501
1791900 502
1791910 502
1791920 502
1791930 503
1791940 503
1791950 503
1791960 503
1791970 503
1791980 503
1791990 504
1792000 504
1792010 503
1792020 503
1792030 503
1792040 503
1792050 503
1792060 502
1792070 502
1792080 502
1792090 501
1792100 501
1792110 501
1792120 501
1792130 501
1792140 501
1792150 500
1792160 500
1792170 500
1792180 500
1792190 500
1792200 500
1792210 500
1792220 500
1792230 500
1792240 499
1792250 499
1792260 499
1792270 499
1792280 498
1792290 498
1792300 498
1792310 498
1792320 497
1792330 497
1792340 497
1792350 496
1792360 496
1792370 496
1792380 496
1792390 495
1792400 495
1792410 494
1792420 494
1792430 494
1792440 493
1792450 493
1792460 492
1792470 492
1792480 492
1792490 491
1792500 491
1792510 491
1792520 490
1792530 490
1792540 490
1792550 489
1792560 488
1792570 488
1792580 490
1792590 490
1792600 491
1792610 491
1792620 491
1792630 491
1792640 491
1792650 492
1792660 492
1792670 492
1792680 492
1792690 493
1792700 493
1792710 493
1792720 493
1792730 494
1792740 494
1792750 494
1792760 494
1792770 495
1792780 495
1792790 495
1792800 496
1792810 496
1792820 497
1792830 497
1792840 498
1792850 498
1792860 499
1792870 500
1792880 500
1792890 501
1792900 501
1792910 501
1792920 502
1792930 502
1792940 503
1792950 503
1792960 504
1792970 504
1792980 504
1792990 505
1793000 505
1793010 506
1793020 506
1793030 506
1793040 506
1793050 507
1793060 507
1793070 507
1793080 507
1793090 508
1793100 508
1793110 508
1793120 508
1793130 508
1793140 508
1793150 508
1793160 508
1793170 508
1793180 508
1793190 508
1793200 508
1793210 508
1793220 508
1793230 508
1793240 507
1793250 507
1793260 507
1793270 507
1793280 507
1793290 507
1793300 506
1793310 506
1793320 506
1793330 506
1793340 506
1793350 505
1793360 505
1793370 505
1793380 505
1793390 504
1793400 504
1793410 504
1793420 503
1793430 503
1793440 503
1793450 502
1793460 502
1793470 502
1793480 501
1793490 501
1793500 500
1793510 500
1793520 499
1793530 499
1793540 497
1793550 494
1793560 490
1793570 486
1793580 482
1793590 479
1793600 479
1793610 480
1793620 480
1793630 477
1793640 475
1793650 474
1793660 474
1793670 475
1793680 475
1793690 476
1793700 476
1793710 476
1793720 476
1793730 476
1793740 476
1793750 477
1793760 477
1793770 477
1793780 477
1793790 476
1793800 475
1793810 473
1793820 474
1793830 474
1793840 475
1793850 475
1793860 475
1793870 475
1793880 473
1793890 472
1793900 473
1793910 473
1793920 473
1793930 472
1793940 471
1793950 470
1793960 469
1793970 469
1793980 470
1793990 470
1794000 470
1794010 470
1794020 470
1794030 470
1794040 470
1794050 470
1794060 470
1794070 469
1794080 469
1794090 469
1794100 469
1794110 468
1794120 468
1794130 468
1794140 467
1794150 467
1794160 466
1794170 466
1794180 465
1794190 465
1794200 464
1794210 463
1794220 462
1794230 461
1794240 461
1794250 460
1794260 458
1794270 457
1794280 456
1794290 455
1794300 454
1794310 452
1794320 451
1794330 450
1794340 449
1794350 448
1794360 447
1794370 445
1794380 444
1794390 443
1794400 442
1794410 441
1794420 440
1794430 439
1794440 438
1794450 437
1794460 436
1794470 435
1794480 434
1794490 433
1794500 432
1794510 431
1794520 430
1794530 429
1794540 428
1794550 426
1794560 424
1794570 423
1794580 422
1794590 420
1794600 419
1794610 418
1794620 417
1794630 415
1794640 414
1794650 413
1794660 411
1794670 410
1794680 409
1794690 408
1794700 406
1794710 405
1794720 404
1794730 402
1794740 401
1794750 399
1794760 398
1794770 396
1794780 395
1794790 394
1794800 394
1794810 394
1794820 394
1794830 393
1794840 393
1794850 393
1794860 393
1794870 392
1794880 391
1794890 387
1794900 383
1794910 380
1794920 378
1794930 377
1794940 376
1794950 375
1794960 374
1794970 373
1794980 373
1794990 372
1795000 372
1795010 371
1795020 370
1795030 370
1795040 369
1795050 369
1795060 368
1795070 368
1795080 367
1795090 367
1795100 366
1795110 366
1795120 366
1795130 365
1795140 365
1795150 364
1795160 364
1795170 364
1795180 363
1795190 363
1795200 363
1795210 362
1795220 362
1795230 362
1795240 362
1795250 361
1795260 361
1795270 361
1795280 361
1795290 361
1795300 361
1795310 361
1795320 361
1795330 361
1795340 361
1795350 361
1795360 361
1795370 361
1795380 362
1795390 362
1795400 362
1795410 362
1795420 362
1795430 362
1795440 361
1795450 360
1795460 360
1795470 360
1795480 360
1795490 360
1795500 360
1795510 360
1795520 359
1795530 359
1795540 359
1795550 359
1795560 359
1795570 359
1795580 359
1795590 359
1795600 358
1795610 358
1795620 358
1795630 357
1795640 357
1795650 357
1795660 357
1795670 357
1795680 357
1795690 357
1795700 357
1795710 356
1795720 357
1795730 356
1795740 356
1795750 356
1795760 356
1795770 356
1795780 356
1795790 356
1795800 357
1795810 357
1795820 356
1795830 356
1795840 355
1795850 355
1795860 356
1795870 357
1795880 357
1795890 357
1795900 358
1795910 359
1795920 361
1795930 363
1795940 367
1795950 371
1795960 376
1795970 380
1795980 385
1795990 391
1796000 396
1796010 401
1796020 406
1796030 411
1796040 416
1796050 421
1796060 426
1796070 430
1796080 435
1796090 439
1796100 443
1796110 447
1796120 452
1796130 456
1796140 460
1796150 464
1796160 469
1796170 473
1796180 478
1796190 483
1796200 488
1796210 493
1796220 499
1796230 504
1796240 510
1796250 517
1796260 525
1796270 530
1796280 536
1796290 543
1796300 548
1796310 553
1796320 556
1796330 561
1796340 568
1796350 575
1796360 580
1796370 582
1796380 584
1796390 584
1796400 583
1796410 582
1796420 581
1796430 581
1796440 581
1796450 581
1796460 581
1796470 581
1796480 582
1796490 583
1796500 584
1796510 585
1796520 584
1796530 584
1796540 584
1796550 583
1796560 583
1796570 583
1796580 583
1796590 583
1796600 583
1796610 583
1796620 583
1796630 582
1796640 581
1796650 580
1796660 578
1796670 576
1796680 574
1796690 572
1796700 571
1796710 570
1796720 569
1796730 568
1796740 567
1796750 565
1796760 565
1796770 564
1796780 564
1796790 563
1796800 562
1796810 562
1796820 561
1796830 561
1796840 560
1796850 560
1796860 560
1796870 560
1796880 560
1796890 561
1796900 561
1796910 562
1796920 563
1796930 565
1796940 567
1796950 568
1796960 570
1796970 572
1796980 573
1796990 574
1797000 575
1797010 576
1797020 576
1797030 576
1797040 575
1797050 573
1797060 571
1797070 569
1797080 566
1797090 564
1797100 562
1797110 560
1797120 558
1797130 556
1797140 553
1797150 551
1797160 548
1797170 545
1797180 543
1797190 543
1797200 542
1797210 542
1797220 541
1797230 540
1797240 540
1797250 538
1797260 537
1797270 536
1797280 534
1797290 532
1797300 530
1797310 528
1797320 526
1797330 525
1797340 523
1797350 520
1797360 518
1797370 515
1797380 514
1797390 514
1797400 517
1797410 520
1797420 524
1797430 527
1797440 530
1797450 532
1797460 533
1797470 534
1797480 533
1797490 532
1797500 530
1797510 528
1797520 526
1797530 523
1797540 521
1797550 520
1797560 518
1797570 517
1797580 515
1797590 511
1797600 508
1797610 506
1797620 503
1797630 502
1797640 501
1797650 500
1797660 499
1797670 497
1797680 496
1797690 495
1797700 493
1797710 492
1797720 491
1797730 492
1797740 494
1797750 496
1797760 497
1797770 499
1797780 500
1797790 502
1797800 504
1797810 505
1797820 507
1797830 509
1797840 511
1797850 513
1797860 515
1797870 517
1797880 519
1797890 521
1797900 522
1797910 524
1797920 526
1797930 527
1797940 529
1797950 530
1797960 532
1797970 533
1797980 535
1797990 537
1798000 538
1798010 540
1798020 542
1798030 544
1798040 546
1798050 548
1798060 550
1798070 551
1798080 553
1798090 555
1798100 557
1798110 559
1798120 561
1798130 563
1798140 564
1798150 566
1798160 567
1798170 569
1798180 571
1798190 573
1798200 575
1798210 577
1798220 578
1798230 580
1798240 581
1798250 582
1798260 583
1798270 584
1798280 584
1798290 585
1798300 586
1798310 588
1798320 589
1798330 591
1798340 593
1798350 595
1798360 595
1798370 596
1798380 596
1798390 596
1798400 596
1798410 595
1798420 595
1798430 594
1798440 594
1798450 593
1798460 592
1798470 592
1798480 591
1798490 590
1798500 589
1798510 588
1798520 586
1798530 585
1798540 584
1798550 582
1798560 581
1798570 578
1798580 575
1798590 572
1798600 569
1798610 566
1798620 563
1798630 560
1798640 558
1798650 556
1798660 554
1798670 552
1798680 550
1798690 548
1798700 545
1798710 543
1798720 541
1798730 539
1798740 537
1798750 535
1798760 533
1798770 531
1798780 530
1798790 528
1798800 526
1798810 525
1798820 523
1798830 521
1798840 520
1798850 518
1798860 516
1798870 515
1798880 513
1798890 511
1798900 509
1798910 507
1798920 506
1798930 504
1798940 503
1798950 502
1798960 500
1798970 498
1798980 496
1798990 494
1799000 493
1799010 492
1799020 490
1799030 489
1799040 488
1799050 487
1799060 487
1799070 486
1799080 484
1799090 483
1799100 481
1799110 480
1799120 479
1799130 479
1799140 478
1799150 477
1799160 476
1799170 475
1799180 475
1799190 474
1799200 472
1799210 471
1799220 470
1799230 468
1799240 466
1799250 464
1799260 462
1799270 459
1799280 456
1799290 454
1799300 451
1799310 448
1799320 445
1799330 442
1799340 438
1799350 435
1799360 433
1799370 429
1799380 426
1799390 423
1799400 422
1799410 421
1799420 420
1799430 420
1799440 419
1799450 418
1799460 416
1799470 416
1799480 418
1799490 422
1799500 426
1799510 430
1799520 434
1799530 436
1799540 438
1799550 440
1799560 441
1799570 443
1799580 444
1799590 446
1799600 447
1799610 449
1799620 450
1799630 451
1799640 452
1799650 454
1799660 455
1799670 456
1799680 457
1799690 458
1799700 458
1799710 459
1799720 459
1799730 460
1799740 461
1799750 463
1799760 465
1799770 468
1799780 471
1799790 475
1799800 479
1799810 483
1799820 487
1799830 491
1799840 494
1799850 497
1799860 500
1799870 502
1799880 503
1799890 505
1799900 506
1799910 507
1799920 508
1799930 508
1799940 508
1799950 509
1799960 508
1799970 508
1799980 508
1799990 508
