1780000 479
1780010 478
1780020 477
1780030 475
1780040 474
1780050 473
1780060 473
1780070 472
1780080 471
1780090 470
1780100 469
1780110 468
1780120 467
1780130 466
1780140 465
1780150 464
1780160 464
1780170 463
1780180 462
1780190 461
1780200 460
1780210 460
1780220 459
1780230 459
1780240 458
1780250 458
1780260 457
1780270 455
1780280 454
1780290 453
1780300 451
1780310 449
1780320 448
1780330 446
1780340 445
1780350 444
1780360 444
1780370 444
1780380 444
1780390 445
1780400 447
1780410 449
1780420 451
1780430 453
1780440 454
1780450 456
1780460 458
1780470 460
1780480 462
1780490 464
1780500 466
1780510 468
1780520 469
1780530 471
1780540 472
1780550 473
1780560 473
1780570 474
1780580 474
1780590 475
1780600 476
1780610 477
1780620 477
1780630 478
1780640 479
1780650 479
1780660 480
1780670 480
1780680 481
1780690 481
1780700 482
1780710 483
1780720 483
1780730 483
1780740 483
1780750 484
1780760 485
1780770 485
1780780 485
1780790 485
1780800 484
1780810 484
1780820 481
1780830 479
1780840 478
1780850 478
1780860 479
1780870 481
1780880 481
1780890 480
1780900 480
1780910 479
1780920 477
1780930 474
1780940 471
1780950 469
1780960 469
1780970 470
1780980 470
1780990 470
1781000 470
1781010 469
1781020 468
1781030 466
1781040 465
1781050 464
1781060 461
1781070 460
1781080 459
1781090 458
1781100 457
1781110 456
1781120 455
1781130 453
1781140 452
1781150 450
1781160 448
1781170 446
1781180 444
1781190 443
1781200 441
1781210 439
1781220 437
1781230 435
1781240 433
1781250 430
1781260 428
1781270 425
1781280 423
1781290 421
1781300 420
1781310 419
1781320 418
1781330 417
1781340 416
1781350 414
1781360 413
1781370 411
1781380 410
1781390 408
1781400 408
1781410 407
1781420 408
1781430 407
1781440 406
1781450 405
1781460 405
1781470 404
1781480 404
1781490 404
1781500 404
1781510 404
1781520 404
1781530 403
1781540 403
1781550 403
1781560 403
1781570 403
1781580 403
1781590 403
1781600 404
1781610 404
1781620 404
1781630 404
1781640 404
1781650 404
1781660 403
1781670 403
1781680 403
1781690 403
1781700 403
1781710 403
1781720 403
1781730 403
1781740 403
1781750 403
1781760 403
1781770 403
1781780 403
1781790 403
1781800 403
1781810 403
1781820 403
1781830 403
1781840 403
1781850 403
1781860 403
1781870 402
1781880 402
1781890 402
1781900 402
1781910 402
1781920 402
1781930 402
1781940 402
1781950 402
1781960 402
1781970 401
1781980 401
1781990 401
1782000 401
1782010 401
1782020 401
1782030 401
1782040 401
1782050 401
1782060 401
1782070 401
1782080 401
1782090 401
1782100 401
1782110 401
1782120 401
1782130 401
1782140 400
1782150 400
1782160 400
1782170 400
1782180 400
1782190 400
1782200 400
1782210 399
1782220 399
1782230 399
1782240 399
1782250 399
1782260 399
1782270 399
1782280 399
1782290 399
1782300 399
1782310 399
1782320 399
1782330 399
1782340 399
1782350 399
1782360 399
1782370 399
1782380 399
1782390 399
1782400 399
1782410 399
1782420 399
1782430 399
1782440 399
1782450 399
1782460 399
1782470 399
1782480 399
1782490 399
1782500 399
1782510 399
1782520 399
1782530 399
1782540 399
1782550 399
1782560 399
1782570 399
1782580 399
1782590 399
1782600 398
1782610 398
1782620 398
1782630 398
1782640 398
1782650 398
1782660 398
1782670 398
1782680 398
1782690 398
1782700 398
1782710 398
1782720 398
1782730 398
1782740 398
1782750 398
1782760 398
1782770 398
1782780 398
1782790 398
1782800 398
1782810 398
1782820 397
1782830 395
1782840 394
1782850 394
1782860 394
1782870 394
1782880 395
1782890 397
1782900 397
1782910 397
1782920 397
1782930 397
1782940 397
1782950 397
1782960 397
1782970 397
1782980 398
1782990 398
1783000 398
1783010 399
1783020 399
1783030 399
1783040 399
1783050 399
1783060 399
1783070 399
1783080 399
1783090 399
1783100 399
1783110 399
1783120 399
1783130 399
1783140 399
1783150 399
1783160 399
1783170 399
1783180 399
1783190 399
1783200 399
1783210 399
1783220 399
1783230 399
1783240 399
1783250 399
1783260 399
1783270 399
1783280 399
1783290 398
1783300 398
1783310 398
1783320 398
1783330 398
1783340 398
1783350 398
1783360 398
1783370 398
1783380 398
1783390 399
1783400 399
1783410 399
1783420 399
1783430 399
1783440 399
1783450 399
1783460 399
1783470 399
1783480 398
1783490 398
1783500 398
1783510 398
1783520 398
1783530 398
1783540 398
1783550 398
1783560 398
1783570 398
1783580 398
1783590 398
1783600 398
1783610 398
1783620 398
1783630 399
1783640 399
1783650 399
1783660 399
1783670 399
1783680 399
1783690 399
1783700 400
1783710 400
1783720 401
1783730 401
1783740 402
1783750 404
1783760 406
1783770 409
1783780 413
1783790 416
1783800 420
1783810 424
1783820 428
1783830 432
1783840 437
1783850 442
1783860 446
1783870 451
1783880 454
1783890 457
1783900 459
1783910 460
1783920 460
1783930 460
1783940 460
1783950 460
1783960 460
1783970 460
1783980 459
1783990 459
1784000 458
1784010 457
1784020 457
1784030 456
1784040 456
1784050 455
1784060 455
1784070 454
1784080 453
1784090 452
1784100 450
1784110 448
1784120 447
1784130 445
1784140 445
1784150 444
1784160 443
1784170 443
1784180 442
1784190 442
1784200 442
1784210 442
1784220 442
1784230 442
1784240 442
1784250 442
1784260 442
1784270 442
1784280 442
1784290 442
1784300 443
1784310 443
1784320 443
1784330 443
1784340 443
1784350 444
1784360 444
1784370 445
1784380 445
1784390 446
1784400 448
1784410 449
1784420 450
1784430 451
1784440 453
1784450 454
1784460 455
1784470 456
1784480 456
1784490 456
1784500 457
1784510 457
1784520 457
1784530 458
1784540 458
1784550 458
1784560 458
1784570 458
1784580 458
1784590 458
1784600 458
1784610 457
1784620 457
1784630 457
1784640 457
1784650 457
1784660 457
1784670 457
1784680 457
1784690 457
1784700 456
1784710 456
1784720 456
1784730 456
1784740 455
1784750 455
1784760 455
1784770 455
1784780 455
1784790 455
1784800 454
1784810 454
1784820 454
1784830 454
1784840 453
1784850 453
1784860 453
1784870 453
1784880 452
1784890 452
1784900 452
1784910 452
1784920 451
1784930 451
1784940 451
1784950 451
1784960 450
1784970 450
1784980 450
1784990 450
1785000 449
1785010 449
1785020 449
1785030 449
1785040 448
1785050 448
1785060 448
1785070 448
1785080 448
1785090 447
1785100 447
1785110 447
1785120 447
1785130 447
1785140 447
1785150 447
1785160 447
1785170 447
1785180 446
1785190 446
1785200 446
1785210 446
1785220 446
1785230 446
1785240 446
1785250 446
1785260 446
1785270 446
1785280 446
1785290 446
1785300 446
1785310 446
1785320 446
1785330 446
1785340 446
1785350 446
1785360 446
1785370 446
1785380 446
1785390 446
1785400 446
1785410 445
1785420 445
1785430 445
1785440 446
1785450 446
1785460 446
1785470 446
1785480 446
1785490 446
1785500 446
1785510 446
1785520 446
1785530 446
1785540 446
1785550 446
1785560 446
1785570 446
1785580 446
1785590 447
1785600 446
1785610 446
1785620 446
1785630 446
1785640 446
1785650 446
1785660 446
1785670 445
1785680 445
1785690 445
1785700 445
1785710 445
1785720 445
1785730 445
1785740 445
1785750 445
1785760 445
1785770 445
1785780 445
1785790 445
1785800 445
1785810 445
1785820 445
1785830 445
1785840 445
1785850 445
1785860 445
1785870 445
1785880 445
1785890 445
1785900 445
1785910 445
1785920 445
1785930 446
1785940 446
1785950 446
1785960 446
1785970 447
1785980 447
1785990 447
1786000 447
1786010 448
1786020 448
1786030 448
1786040 448
1786050 448
1786060 449
1786070 449
1786080 449
1786090 449
1786100 450
1786110 450
1786120 450
1786130 450
1786140 450
1786150 451
1786160 451
1786170 451
1786180 451
1786190 451
1786200 451
1786210 451
1786220 451
1786230 451
1786240 452
1786250 452
1786260 452
1786270 452
1786280 452
1786290 452
1786300 452
1786310 452
1786320 452
1786330 452
1786340 452
1786350 452
1786360 452
1786370 452
1786380 452
1786390 452
1786400 452
1786410 452
1786420 453
1786430 453
1786440 452
1786450 453
1786460 453
1786470 453
1786480 453
1786490 453
1786500 453
1786510 453
1786520 453
1786530 453
1786540 453
1786550 453
1786560 453
1786570 453
1786580 453
1786590 453
1786600 453
1786610 454
1786620 454
1786630 454
1786640 454
1786650 454
1786660 454
1786670 454
1786680 454
1786690 454
1786700 454
1786710 454
1786720 454
1786730 454
1786740 454
1786750 454
1786760 454
1786770 454
1786780 454
1786790 453
1786800 453
1786810 453
1786820 453
1786830 453
1786840 453
1786850 453
1786860 453
1786870 453
1786880 453
1786890 453
1786900 453
1786910 453
1786920 453
1786930 453
1786940 453
1786950 453
1786960 453
1786970 453
1786980 453
1786990 453
1787000 453
1787010 452
1787020 452
1787030 452
1787040 452
1787050 452
1787060 452
1787070 452
1787080 451
1787090 451
1787100 451
1787110 451
1787120 451
1787130 451
1787140 451
1787150 451
1787160 451
1787170 451
1787180 450
1787190 450
1787200 450
1787210 450
1787220 450
1787230 449
1787240 449
1787250 449
1787260 449
1787270 449
1787280 449
1787290 448
1787300 448
1787310 448
1787320 448
1787330 448
1787340 447
1787350 447
1787360 447
1787370 447
1787380 447
1787390 446
1787400 446
1787410 446
1787420 446
1787430 446
1787440 445
1787450 445
1787460 445
1787470 445
1787480 444
1787490 444
1787500 444
1787510 444
1787520 443
1787530 443
1787540 443
1787550 443
1787560 442
1787570 442
1787580 442
1787590 441
1787600 441
1787610 441
1787620 441
1787630 440
1787640 440
1787650 440
1787660 440
1787670 440
1787680 440
1787690 440
1787700 439
1787710 439
1787720 439
1787730 439
1787740 439
1787750 439
1787760 439
1787770 438
1787780 438
1787790 438
1787800 438
1787810 438
1787820 438
1787830 438
1787840 438
1787850 438
1787860 437
1787870 437
1787880 437
1787890 437
1787900 437
1787910 436
1787920 436
1787930 436
1787940 436
1787950 435
1787960 435
1787970 435
1787980 435
1787990 434
1788000 434
1788010 434
1788020 434
1788030 433
1788040 433
1788050 433
1788060 433
1788070 432
1788080 432
1788090 432
1788100 431
1788110 431
1788120 431
1788130 430
1788140 430
1788150 430
1788160 429
1788170 429
1788180 429
1788190 429
1788200 428
1788210 428
1788220 428
1788230 427
1788240 427
1788250 427
1788260 427
1788270 426
1788280 426
1788290 426
1788300 426
1788310 425
1788320 425
1788330 425
1788340 425
1788350 425
1788360 424
1788370 424
1788380 424
1788390 424
1788400 423
1788410 423
1788420 423
1788430 423
1788440 423
1788450 423
1788460 422
1788470 422
1788480 422
1788490 421
1788500 421
1788510 421
1788520 421
1788530 420
1788540 420
1788550 419
1788560 419
1788570 419
1788580 418
1788590 418
1788600 418
1788610 417
1788620 417
1788630 417
1788640 417
1788650 416
1788660 416
1788670 416
1788680 416
1788690 416
1788700 416
1788710 416
1788720 416
1788730 416
1788740 415
1788750 415
1788760 415
1788770 414
1788780 413
1788790 413
1788800 412
1788810 411
1788820 411
1788830 410
1788840 410
1788850 409
1788860 409
1788870 408
1788880 408
1788890 408
1788900 408
1788910 407
1788920 407
1788930 407
1788940 406
1788950 405
1788960 405
1788970 405
1788980 406
1788990 405
1789000 405
1789010 405
1789020 404
1789030 404
1789040 404
1789050 403
1789060 403
1789070 403
1789080 403
1789090 403
1789100 403
1789110 402
1789120 402
1789130 402
1789140 402
1789150 402
1789160 402
1789170 402
1789180 402
1789190 401
1789200 401
1789210 401
1789220 401
1789230 401
1789240 401
1789250 401
1789260 401
1789270 400
1789280 400
1789290 400
1789300 400
1789310 400
1789320 400
1789330 400
1789340 399
1789350 399
1789360 399
1789370 399
1789380 399
1789390 399
1789400 399
1789410 399
1789420 399
1789430 399
1789440 398
1789450 398
1789460 398
1789470 398
1789480 399
1789490 399
1789500 398
1789510 398
1789520 398
1789530 398
1789540 397
1789550 397
1789560 397
1789570 397
1789580 397
1789590 397
1789600 397
1789610 397
1789620 397
1789630 397
1789640 397
1789650 397
1789660 396
1789670 396
1789680 396
1789690 396
1789700 396
1789710 396
1789720 396
1789730 396
1789740 396
1789750 396
1789760 396
1789770 395
1789780 395
1789790 395
1789800 395
1789810 395
1789820 395
1789830 395
1789840 394
1789850 394
1789860 394
1789870 394
1789880 394
1789890 394
1789900 394
1789910 394
1789920 394
1789930 394
1789940 394
1789950 394
1789960 394
1789970 394
1789980 394
1789990 394
1790000 394
1790010 393
1790020 393
1790030 393
1790040 393
1790050 393
1790060 393
1790070 393
1790080 393
1790090 393
1790100 392
1790110 392
1790120 392
1790130 392
1790140 392
1790150 392
1790160 392
1790170 392
1790180 392
1790190 392
1790200 392
1790210 392
1790220 392
1790230 392
1790240 391
1790250 391
1790260 391
1790270 391
1790280 391
1790290 391
1790300 391
1790310 391
1790320 391
1790330 391
1790340 391
1790350 391
1790360 390
1790370 390
1790380 390
1790390 390
1790400 390
1790410 390
1790420 390
1790430 390
1790440 390
1790450 390
1790460 390
1790470 390
1790480 390
1790490 390
1790500 390
1790510 390
1790520 390
1790530 390
1790540 390
1790550 390
1790560 390
1790570 390
1790580 390
1790590 390
1790600 390
1790610 390
1790620 390
1790630 390
1790640 389
1790650 389
1790660 389
1790670 389
1790680 389
1790690 388
1790700 388
1790710 388
1790720 388
1790730 387
1790740 387
1790750 387
1790760 387
1790770 388
1790780 389
1790790 389
1790800 389
1790810 389
1790820 389
1790830 389
1790840 389
1790850 389
1790860 389
1790870 389
1790880 389
1790890 389
1790900 389
1790910 389
1790920 388
1790930 388
1790940 388
1790950 388
1790960 388
1790970 388
1790980 388
1790990 388
1791000 388
1791010 388
1791020 388
1791030 387
1791040 387
1791050 387
1791060 387
1791070 387
1791080 387
1791090 387
1791100 386
1791110 386
1791120 386
1791130 386
1791140 386
1791150 386
1791160 386
1791170 386
1791180 387
1791190 387
1791200 387
1791210 387
1791220 387
1791230 387
1791240 387
1791250 387
1791260 388
1791270 388
1791280 387
1791290 387
1791300 387
1791310 387
1791320 387
1791330 387
1791340 387
1791350 387
1791360 387
1791370 387
1791380 386
1791390 387
1791400 387
1791410 387
1791420 387
1791430 387
1791440 386
1791450 387
1791460 387
1791470 387
1791480 387
1791490 388
1791500 388
1791510 389
1791520 390
1791530 391
1791540 392
1791550 393
1791560 394
1791570 394
1791580 394
1791590 394
1791600 394
1791610 394
1791620 395
1791630 396
1791640 397
1791650 397
1791660 398
1791670 398
1791680 398
1791690 398
1791700 399
1791710 399
1791720 399
1791730 399
1791740 399
1791750 399
1791760 400
1791770 400
1791780 400
1791790 399
1791800 399
1791810 400
1791820 401
1791830 401
1791840 402
1791850 403
1791860 403
1791870 404
1791880 405
1791890 405
1791900 406
1791910 407
1791920 408
1791930 409
1791940 409
1791950 410
1791960 411
1791970 412
1791980 413
1791990 414
1792000 415
1792010 416
1792020 416
1792030 417
1792040 417
1792050 418
1792060 418
1792070 419
1792080 419
1792090 420
1792100 421
1792110 421
1792120 422
1792130 423
1792140 423
1792150 424
1792160 424
1792170 425
1792180 425
1792190 426
1792200 426
1792210 427
1792220 428
1792230 429
1792240 429
1792250 430
1792260 430
1792270 431
1792280 431
1792290 432
1792300 432
1792310 433
1792320 433
1792330 434
1792340 434
1792350 434
1792360 435
1792370 435
1792380 435
1792390 436
1792400 436
1792410 437
1792420 437
1792430 437
1792440 438
1792450 438
1792460 438
1792470 438
1792480 439
1792490 439
1792500 440
1792510 440
1792520 441
1792530 441
1792540 441
1792550 441
1792560 441
1792570 441
1792580 441
1792590 442
1792600 442
1792610 442
1792620 442
1792630 442
1792640 442
1792650 442
1792660 442
1792670 442
1792680 442
1792690 441
1792700 441
1792710 441
1792720 441
1792730 440
1792740 440
1792750 440
1792760 439
1792770 439
1792780 439
1792790 438
1792800 438
1792810 438
1792820 438
1792830 438
1792840 437
1792850 437
1792860 436
1792870 436
1792880 435
1792890 435
1792900 435
1792910 434
1792920 434
1792930 434
1792940 433
1792950 433
1792960 433
1792970 432
1792980 432
1792990 431
1793000 431
1793010 430
1793020 429
1793030 428
1793040 428
1793050 428
1793060 427
1793070 427
1793080 426
1793090 426
1793100 426
1793110 425
1793120 424
1793130 424
1793140 424
1793150 426
1793160 428
1793170 428
1793180 427
1793190 428
1793200 428
1793210 429
1793220 430
1793230 432
1793240 433
1793250 435
1793260 436
1793270 438
1793280 440
1793290 440
1793300 441
1793310 441
1793320 442
1793330 444
1793340 445
1793350 447
1793360 449
1793370 450
1793380 451
1793390 452
1793400 453
1793410 454
1793420 455
1793430 456
1793440 457
1793450 458
1793460 459
1793470 459
1793480 460
1793490 461
1793500 462
1793510 463
1793520 464
1793530 464
1793540 465
1793550 466
1793560 466
1793570 467
1793580 467
1793590 468
1793600 469
1793610 469
1793620 470
1793630 470
1793640 471
1793650 471
1793660 472
1793670 472
1793680 472
1793690 473
1793700 473
1793710 473
1793720 473
1793730 474
1793740 474
1793750 474
1793760 474
1793770 474
1793780 474
1793790 474
1793800 474
1793810 475
1793820 475
1793830 475
1793840 475
1793850 475
1793860 475
1793870 475
1793880 475
1793890 475
1793900 475
1793910 475
1793920 475
1793930 475
1793940 475
1793950 474
1793960 474
1793970 474
1793980 474
1793990 474
1794000 474
1794010 474
1794020 474
1794030 473
1794040 473
1794050 473
1794060 473
1794070 473
1794080 472
1794090 472
1794100 472
1794110 471
1794120 471
1794130 470
1794140 470
1794150 470
1794160 469
1794170 469
1794180 468
1794190 468
1794200 467
1794210 467
1794220 466
1794230 466
1794240 465
1794250 465
1794260 464
1794270 463
1794280 462
1794290 460
1794300 458
1794310 456
1794320 455
1794330 454
1794340 452
1794350 451
1794360 451
1794370 450
1794380 449
1794390 448
1794400 446
1794410 445
1794420 445
1794430 446
1794440 448
1794450 449
1794460 450
1794470 451
1794480 452
1794490 452
1794500 453
1794510 454
1794520 455
1794530 455
1794540 456
1794550 457
1794560 457
1794570 458
1794580 458
1794590 459
1794600 459
1794610 460
1794620 460
1794630 461
1794640 461
1794650 461
1794660 462
1794670 462
1794680 462
1794690 462
1794700 462
1794710 463
1794720 463
1794730 463
1794740 463
1794750 463
1794760 463
1794770 463
1794780 462
1794790 462
1794800 462
1794810 462
1794820 462
1794830 461
1794840 461
1794850 461
1794860 460
1794870 460
1794880 460
1794890 459
1794900 459
1794910 458
1794920 458
1794930 457
1794940 457
1794950 456
1794960 456
1794970 455
1794980 455
1794990 455
1795000 454
1795010 454
1795020 453
1795030 453
1795040 452
1795050 452
1795060 452
1795070 451
1795080 451
1795090 450
1795100 450
1795110 449
1795120 449
1795130 448
1795140 448
1795150 447
1795160 447
1795170 446
1795180 446
1795190 445
1795200 445
1795210 444
1795220 444
1795230 443
1795240 443
1795250 442
1795260 441
1795270 440
1795280 438
1795290 437
1795300 437
1795310 436
1795320 435
1795330 435
1795340 434
1795350 434
1795360 434
1795370 435
1795380 435
1795390 435
1795400 435
1795410 435
1795420 435
1795430 435
1795440 435
1795450 435
1795460 435
1795470 435
1795480 435
1795490 435
1795500 435
1795510 434
1795520 434
1795530 433
1795540 433
1795550 432
1795560 431
1795570 430
1795580 425
1795590 422
1795600 420
1795610 420
1795620 420
1795630 420
1795640 421
1795650 422
1795660 423
1795670 422
1795680 421
1795690 420
1795700 419
1795710 418
1795720 417
1795730 416
1795740 415
1795750 414
1795760 413
1795770 412
1795780 410
1795790 409
1795800 407
1795810 406
1795820 403
1795830 401
1795840 398
1795850 396
1795860 394
1795870 391
1795880 389
1795890 387
1795900 385
1795910 383
1795920 381
1795930 379
1795940 378
1795950 376
1795960 375
1795970 373
1795980 371
1795990 369
1796000 367
1796010 364
1796020 362
1796030 360
1796040 358
1796050 357
1796060 357
1796070 355
1796080 355
1796090 355
1796100 354
1796110 353
1796120 351
1796130 351
1796140 351
1796150 351
1796160 351
1796170 351
1796180 351
1796190 351
1796200 351
1796210 351
1796220 351
1796230 351
1796240 350
1796250 350
1796260 350
1796270 350
1796280 350
1796290 350
1796300 350
1796310 350
1796320 350
1796330 350
1796340 350
1796350 349
1796360 349
1796370 349
1796380 349
1796390 349
1796400 348
1796410 347
1796420 346
1796430 346
1796440 346
1796450 346
1796460 346
1796470 347
1796480 347
1796490 348
1796500 347
1796510 347
1796520 347
1796530 347
1796540 347
1796550 347
1796560 347
1796570 347
1796580 347
1796590 347
1796600 347
1796610 346
1796620 346
1796630 346
1796640 347
1796650 347
1796660 347
1796670 347
1796680 348
1796690 348
1796700 348
1796710 348
1796720 348
1796730 347
1796740 347
1796750 347
1796760 347
1796770 347
1796780 347
1796790 347
1796800 347
1796810 347
1796820 347
1796830 347
1796840 347
1796850 348
1796860 349
1796870 351
1796880 352
1796890 352
1796900 352
1796910 353
1796920 356
1796930 359
1796940 362
1796950 364
1796960 366
1796970 368
1796980 370
1796990 372
1797000 374
1797010 377
1797020 379
1797030 382
1797040 384
1797050 387
1797060 389
1797070 391
1797080 393
1797090 396
1797100 398
1797110 401
1797120 404
1797130 406
1797140 409
1797150 411
1797160 414
1797170 416
1797180 419
1797190 421
1797200 424
1797210 425
1797220 426
1797230 427
1797240 425
1797250 424
1797260 422
1797270 420
1797280 419
1797290 417
1797300 414
1797310 412
1797320 409
1797330 407
1797340 405
1797350 402
1797360 400
1797370 398
1797380 397
1797390 396
1797400 396
1797410 395
1797420 395
1797430 394
1797440 392
1797450 392
1797460 392
1797470 392
1797480 393
1797490 393
1797500 393
1797510 394
1797520 395
1797530 396
1797540 397
1797550 398
1797560 399
1797570 400
1797580 400
1797590 400
1797600 400
1797610 400
1797620 399
1797630 399
1797640 399
1797650 398
1797660 399
1797670 399
1797680 399
1797690 400
1797700 400
1797710 400
1797720 401
1797730 401
1797740 402
1797750 402
1797760 403
1797770 403
1797780 403
1797790 404
1797800 404
1797810 404
1797820 404
1797830 404
1797840 403
1797850 403
1797860 402
1797870 401
1797880 401
1797890 400
1797900 400
1797910 399
1797920 399
1797930 398
1797940 397
1797950 396
1797960 395
1797970 394
1797980 394
1797990 393
1798000 393
1798010 392
1798020 392
1798030 391
1798040 391
1798050 392
1798060 393
1798070 395
1798080 397
1798090 398
1798100 398
1798110 399
1798120 400
1798130 400
1798140 401
1798150 401
1798160 399
1798170 397
1798180 394
1798190 389
1798200 385
1798210 381
1798220 377
1798230 374
1798240 370
1798250 369
1798260 369
1798270 369
1798280 371
1798290 373
1798300 374
1798310 376
1798320 377
1798330 379
1798340 380
1798350 381
1798360 381
1798370 381
1798380 380
1798390 380
1798400 379
1798410 378
1798420 378
1798430 377
1798440 377
1798450 377
1798460 376
1798470 375
1798480 375
1798490 374
1798500 372
1798510 370
1798520 368
1798530 367
1798540 367
1798550 366
1798560 365
1798570 364
1798580 364
1798590 365
1798600 365
1798610 367
1798620 368
1798630 369
1798640 370
1798650 372
1798660 373
1798670 374
1798680 376
1798690 377
1798700 379
1798710 380
1798720 381
1798730 382
1798740 384
1798750 385
1798760 386
1798770 388
1798780 389
1798790 389
1798800 391
1798810 392
1798820 393
1798830 394
1798840 395
1798850 395
1798860 396
1798870 396
1798880 398
1798890 399
1798900 400
1798910 401
1798920 402
1798930 403
1798940 403
1798950 404
1798960 404
1798970 404
1798980 404
1798990 404
1799000 404
1799010 403
1799020 403
1799030 402
1799040 402
1799050 402
1799060 402
1799070 402
1799080 402
1799090 403
1799100 405
1799110 406
1799120 408
1799130 410
1799140 412
1799150 414
1799160 415
1799170 416
1799180 417
1799190 418
1799200 418
1799210 419
1799220 419
1799230 419
1799240 419
1799250 419
1799260 419
1799270 419
1799280 419
1799290 419
1799300 419
1799310 419
1799320 418
1799330 417
1799340 415
1799350 411
1799360 406
1799370 402
1799380 398
1799390 394
1799400 390
1799410 386
1799420 388
1799430 391
1799440 394
1799450 398
1799460 401
1799470 405
1799480 408
1799490 412
1799500 415
1799510 418
1799520 421
1799530 422
1799540 423
1799550 423
1799560 424
1799570 424
1799580 424
1799590 423
1799600 422
1799610 421
1799620 419
1799630 417
1799640 415
1799650 412
1799660 409
1799670 406
1799680 402
1799690 398
1799700 394
1799710 390
1799720 386
1799730 383
1799740 379
1799750 376
1799760 373
1799770 370
1799780 368
1799790 365
1799800 362
1799810 359
1799820 356
1799830 354
1799840 353
1799850 353
1799860 353
1799870 353
1799880 353
1799890 353
1799900 354
1799910 354
1799920 355
1799930 355
1799940 356
1799950 357
1799960 357
1799970 359
1799980 361
1799990 364
