1780000 492
1780010 494
1780020 496
1780030 498
1780040 501
1780050 504
1780060 507
1780070 510
1780080 512
1780090 515
1780100 517
1780110 520
1780120 523
1780130 527
1780140 530
1780150 533
1780160 537
1780170 540
1780180 544
1780190 547
1780200 551
1780210 554
1780220 557
1780230 559
1780240 561
1780250 563
1780260 564
1780270 565
1780280 565
1780290 565
1780300 564
1780310 566
1780320 567
1780330 569
1780340 570
1780350 572
1780360 573
1780370 573
1780380 573
1780390 573
1780400 572
1780410 571
1780420 571
1780430 570
1780440 569
1780450 568
1780460 567
1780470 566
1780480 566
1780490 566
1780500 566
1780510 565
1780520 565
1780530 565
1780540 564
1780550 564
1780560 564
1780570 564
1780580 564
1780590 564
1780600 563
1780610 562
1780620 562
1780630 561
1780640 560
1780650 559
1780660 558
1780670 557
1780680 556
1780690 555
1780700 554
1780710 555
1780720 555
1780730 554
1780740 553
1780750 551
1780760 550
1780770 548
1780780 546
1780790 543
1780800 540
1780810 536
1780820 533
1780830 530
1780840 526
1780850 522
1780860 518
1780870 514
1780880 511
1780890 508
1780900 507
1780910 506
1780920 505
1780930 504
1780940 503
1780950 503
1780960 504
1780970 504
1780980 506
1780990 508
1781000 510
1781010 512
1781020 513
1781030 515
1781040 516
1781050 518
1781060 519
1781070 521
1781080 522
1781090 524
1781100 525
1781110 525
1781120 526
1781130 527
1781140 526
1781150 526
1781160 526
1781170 525
1781180 524
1781190 524
1781200 523
1781210 523
1781220 522
1781230 521
1781240 520
1781250 519
1781260 519
1781270 518
1781280 517
1781290 516
1781300 516
1781310 515
1781320 514
1781330 513
1781340 512
1781350 512
1781360 511
1781370 510
1781380 508
1781390 507
1781400 506
1781410 504
1781420 503
1781430 501
1781440 500
1781450 499
1781460 498
1781470 496
1781480 495
1781490 494
1781500 494
1781510 493
1781520 492
1781530 491
1781540 490
1781550 488
1781560 487
1781570 486
1781580 485
1781590 482
1781600 479
1781610 475
1781620 473
1781630 471
1781640 471
1781650 470
1781660 470
1781670 471
1781680 472
1781690 473
1781700 475
1781710 477
1781720 479
1781730 481
1781740 483
1781750 486
1781760 489
1781770 491
1781780 494
1781790 497
1781800 499
1781810 502
1781820 504
1781830 506
1781840 508
1781850 510
1781860 512
1781870 514
1781880 516
1781890 518
1781900 519
1781910 520
1781920 521
1781930 521
1781940 521
1781950 520
1781960 520
1781970 519
1781980 519
1781990 517
1782000 516
1782010 516
1782020 515
1782030 514
1782040 514
1782050 513
1782060 513
1782070 512
1782080 511
1782090 510
1782100 509
1782110 508
1782120 507
1782130 506
1782140 505
1782150 505
1782160 504
1782170 503
1782180 502
1782190 501
1782200 500
1782210 499
1782220 499
1782230 498
1782240 498
1782250 497
1782260 497
1782270 496
1782280 496
1782290 495
1782300 494
1782310 493
1782320 492
1782330 491
1782340 490
1782350 489
1782360 489
1782370 488
1782380 487
1782390 486
1782400 486
1782410 486
1782420 486
1782430 486
1782440 486
1782450 486
1782460 486
1782470 486
1782480 487
1782490 487
1782500 486
1782510 484
1782520 482
1782530 483
1782540 486
1782550 488
1782560 491
1782570 492
1782580 493
1782590 494
1782600 494
1782610 494
1782620 495
1782630 496
1782640 497
1782650 498
1782660 498
1782670 499
1782680 500
1782690 500
1782700 500
1782710 499
1782720 498
1782730 497
1782740 497
1782750 496
1782760 496
1782770 496
1782780 496
1782790 496
1782800 496
1782810 496
1782820 497
1782830 497
1782840 497
1782850 499
1782860 500
1782870 501
1782880 502
1782890 502
1782900 502
1782910 502
1782920 502
1782930 501
1782940 501
1782950 500
1782960 499
1782970 499
1782980 498
1782990 497
1783000 497
1783010 496
1783020 496
1783030 496
1783040 495
1783050 495
1783060 495
1783070 495
1783080 495
1783090 494
1783100 494
1783110 494
1783120 493
1783130 491
1783140 490
1783150 489
1783160 488
1783170 487
1783180 485
1783190 484
1783200 483
1783210 482
1783220 481
1783230 480
1783240 479
1783250 478
1783260 477
1783270 476
1783280 476
1783290 475
1783300 474
1783310 474
1783320 473
1783330 472
1783340 472
1783350 471
1783360 471
1783370 470
1783380 470
1783390 468
1783400 468
1783410 467
1783420 466
1783430 466
1783440 465
1783450 465
1783460 465
1783470 464
1783480 463
1783490 463
1783500 462
1783510 462
1783520 461
1783530 461
1783540 460
1783550 460
1783560 460
1783570 459
1783580 459
1783590 459
1783600 458
1783610 458
1783620 458
1783630 458
1783640 458
1783650 458
1783660 458
1783670 459
1783680 459
1783690 459
1783700 459
1783710 459
1783720 460
1783730 460
1783740 460
1783750 459
1783760 459
1783770 459
1783780 459
1783790 459
1783800 459
1783810 459
1783820 459
1783830 459
1783840 459
1783850 459
1783860 459
1783870 459
1783880 459
1783890 460
1783900 460
1783910 461
1783920 461
1783930 462
1783940 463
1783950 463
1783960 464
1783970 464
1783980 464
1783990 464
1784000 464
1784010 464
1784020 464
1784030 464
1784040 464
1784050 465
1784060 465
1784070 465
1784080 466
1784090 466
1784100 467
1784110 468
1784120 468
1784130 468
1784140 468
1784150 467
1784160 466
1784170 465
1784180 464
1784190 463
1784200 462
1784210 461
1784220 460
1784230 459
1784240 458
1784250 457
1784260 457
1784270 456
1784280 455
1784290 455
1784300 454
1784310 454
1784320 453
1784330 453
1784340 453
1784350 452
1784360 452
1784370 452
1784380 451
1784390 451
1784400 451
1784410 450
1784420 450
1784430 449
1784440 448
1784450 447
1784460 447
1784470 446
1784480 446
1784490 446
1784500 445
1784510 444
1784520 444
1784530 444
1784540 444
1784550 444
1784560 444
1784570 444
1784580 443
1784590 444
1784600 443
1784610 443
1784620 443
1784630 443
1784640 443
1784650 444
1784660 444
1784670 445
1784680 445
1784690 445
1784700 446
1784710 446
1784720 447
1784730 447
1784740 448
1784750 449
1784760 450
1784770 451
1784780 452
1784790 452
1784800 453
1784810 453
1784820 454
1784830 454
1784840 454
1784850 454
1784860 454
1784870 454
1784880 454
1784890 455
1784900 455
1784910 455
1784920 455
1784930 455
1784940 455
1784950 455
1784960 454
1784970 454
1784980 454
1784990 454
1785000 454
1785010 453
1785020 453
1785030 453
1785040 453
1785050 452
1785060 452
1785070 451
1785080 451
1785090 451
1785100 450
1785110 450
1785120 449
1785130 449
1785140 449
1785150 448
1785160 448
1785170 447
1785180 447
1785190 447
1785200 446
1785210 446
1785220 445
1785230 445
1785240 444
1785250 444
1785260 443
1785270 443
1785280 442
1785290 442
1785300 442
1785310 441
1785320 441
1785330 441
1785340 441
1785350 441
1785360 441
1785370 441
1785380 441
1785390 441
1785400 441
1785410 441
1785420 441
1785430 441
1785440 440
1785450 440
1785460 440
1785470 440
1785480 439
1785490 439
1785500 439
1785510 439
1785520 439
1785530 439
1785540 439
1785550 438
1785560 438
1785570 437
1785580 436
1785590 435
1785600 435
1785610 434
1785620 434
1785630 433
1785640 432
1785650 432
1785660 431
1785670 430
1785680 430
1785690 429
1785700 429
1785710 429
1785720 428
1785730 428
1785740 428
1785750 427
1785760 427
1785770 426
1785780 426
1785790 425
1785800 425
1785810 424
1785820 423
1785830 423
1785840 422
1785850 422
1785860 422
1785870 421
1785880 421
1785890 420
1785900 419
1785910 419
1785920 418
1785930 418
1785940 417
1785950 417
1785960 416
1785970 416
1785980 416
1785990 415
1786000 415
1786010 414
1786020 414
1786030 413
1786040 413
1786050 412
1786060 411
1786070 411
1786080 410
1786090 410
1786100 409
1786110 408
1786120 408
1786130 407
1786140 406
1786150 406
1786160 405
1786170 405
1786180 405
1786190 404
1786200 404
1786210 404
1786220 403
1786230 403
1786240 402
1786250 402
1786260 401
1786270 401
1786280 400
1786290 400
1786300 399
1786310 399
1786320 398
1786330 398
1786340 398
1786350 397
1786360 397
1786370 396
1786380 396
1786390 395
1786400 395
1786410 395
1786420 394
1786430 394
1786440 394
1786450 394
1786460 394
1786470 395
1786480 395
1786490 395
1786500 396
1786510 397
1786520 397
1786530 398
1786540 399
1786550 399
1786560 400
1786570 400
1786580 401
1786590 401
1786600 401
1786610 401
1786620 402
1786630 402
1786640 402
1786650 402
1786660 402
1786670 402
1786680 402
1786690 402
1786700 403
1786710 403
1786720 403
1786730 403
1786740 403
1786750 403
1786760 403
1786770 403
1786780 404
1786790 404
1786800 404
1786810 404
1786820 403
1786830 403
1786840 403
1786850 403
1786860 402
1786870 402
1786880 402
1786890 402
1786900 402
1786910 402
1786920 402
1786930 401
1786940 401
1786950 401
1786960 400
1786970 398
1786980 397
1786990 397
1787000 396
1787010 396
1787020 397
1787030 398
1787040 400
1787050 401
1787060 401
1787070 401
1787080 401
1787090 401
1787100 400
1787110 400
1787120 400
1787130 399
1787140 399
1787150 398
1787160 398
1787170 397
1787180 396
1787190 396
1787200 395
1787210 395
1787220 394
1787230 394
1787240 393
1787250 392
1787260 392
1787270 391
1787280 390
1787290 389
1787300 389
1787310 388
1787320 387
1787330 386
1787340 384
1787350 382
1787360 380
1787370 379
1787380 378
1787390 378
1787400 378
1787410 377
1787420 377
1787430 377
1787440 377
1787450 377
1787460 377
1787470 377
1787480 377
1787490 377
1787500 377
1787510 377
1787520 376
1787530 376
1787540 376
1787550 376
1787560 376
1787570 376
1787580 376
1787590 376
1787600 376
1787610 377
1787620 377
1787630 377
1787640 376
1787650 376
1787660 376
1787670 376
1787680 376
1787690 376
1787700 376
1787710 376
1787720 376
1787730 376
1787740 376
1787750 376
1787760 376
1787770 376
1787780 375
1787790 375
1787800 375
1787810 375
1787820 376
1787830 376
1787840 376
1787850 376
1787860 376
1787870 376
1787880 376
1787890 376
1787900 376
1787910 376
1787920 376
1787930 376
1787940 376
1787950 376
1787960 376
1787970 376
1787980 376
1787990 376
1788000 376
1788010 376
1788020 375
1788030 375
1788040 375
1788050 375
1788060 375
1788070 375
1788080 375
1788090 375
1788100 375
1788110 375
1788120 375
1788130 375
1788140 375
1788150 375
1788160 375
1788170 375
1788180 375
1788190 375
1788200 375
1788210 375
1788220 375
1788230 375
1788240 375
1788250 375
1788260 375
1788270 375
1788280 375
1788290 375
1788300 375
1788310 375
1788320 374
1788330 374
1788340 374
1788350 374
1788360 374
1788370 374
1788380 374
1788390 374
1788400 374
1788410 374
1788420 374
1788430 374
1788440 374
1788450 374
1788460 374
1788470 374
1788480 374
1788490 374
1788500 374
1788510 374
1788520 373
1788530 373
1788540 373
1788550 373
1788560 373
1788570 373
1788580 373
1788590 373
1788600 373
1788610 373
1788620 373
1788630 373
1788640 373
1788650 373
1788660 373
1788670 373
1788680 373
1788690 373
1788700 373
1788710 372
1788720 372
1788730 372
1788740 372
1788750 372
1788760 372
1788770 372
1788780 372
1788790 372
1788800 372
1788810 372
1788820 372
1788830 372
1788840 372
1788850 372
1788860 372
1788870 372
1788880 372
1788890 372
1788900 372
1788910 372
1788920 372
1788930 372
1788940 372
1788950 372
1788960 372
1788970 372
1788980 372
1788990 372
1789000 372
1789010 372
1789020 372
1789030 371
1789040 371
1789050 371
1789060 371
1789070 371
1789080 371
1789090 371
1789100 371
1789110 371
1789120 371
1789130 371
1789140 371
1789150 371
1789160 371
1789170 371
1789180 371
1789190 371
1789200 371
1789210 371
1789220 371
1789230 371
1789240 371
1789250 371
1789260 371
1789270 371
1789280 371
1789290 371
1789300 371
1789310 371
1789320 371
1789330 371
1789340 371
1789350 371
1789360 371
1789370 371
1789380 370
1789390 370
1789400 370
1789410 370
1789420 370
1789430 370
1789440 370
1789450 370
1789460 370
1789470 370
1789480 370
1789490 370
1789500 370
1789510 370
1789520 370
1789530 370
1789540 370
1789550 370
1789560 370
1789570 370
1789580 370
1789590 370
1789600 370
1789610 370
1789620 370
1789630 370
1789640 370
1789650 370
1789660 370
1789670 369
1789680 369
1789690 369
1789700 369
1789710 369
1789720 369
1789730 369
1789740 369
1789750 369
1789760 369
1789770 369
1789780 369
1789790 369
1789800 369
1789810 369
1789820 369
1789830 369
1789840 369
1789850 369
1789860 369
1789870 369
1789880 369
1789890 369
1789900 369
1789910 369
1789920 369
1789930 369
1789940 368
1789950 368
1789960 368
1789970 368
1789980 368
1789990 368
1790000 368
1790010 368
1790020 368
1790030 368
1790040 368
1790050 368
1790060 368
1790070 368
1790080 368
1790090 368
1790100 368
1790110 368
1790120 368
1790130 368
1790140 368
1790150 368
1790160 368
1790170 368
1790180 368
1790190 368
1790200 368
1790210 368
1790220 368
1790230 368
1790240 368
1790250 368
1790260 368
1790270 368
1790280 368
1790290 367
1790300 367
1790310 367
1790320 367
1790330 367
1790340 367
1790350 367
1790360 367
1790370 367
1790380 367
1790390 367
1790400 367
1790410 367
1790420 367
1790430 367
1790440 367
1790450 367
1790460 367
1790470 367
1790480 367
1790490 367
1790500 367
1790510 367
1790520 367
1790530 367
1790540 367
1790550 367
1790560 367
1790570 367
1790580 367
1790590 367
1790600 366
1790610 366
1790620 366
1790630 366
1790640 366
1790650 367
1790660 367
1790670 367
1790680 366
1790690 367
1790700 367
1790710 367
1790720 367
1790730 367
1790740 367
1790750 367
1790760 367
1790770 367
1790780 367
1790790 366
1790800 366
1790810 366
1790820 366
1790830 366
1790840 366
1790850 366
1790860 366
1790870 366
1790880 366
1790890 365
1790900 365
1790910 365
1790920 366
1790930 366
1790940 366
1790950 366
1790960 366
1790970 365
1790980 365
1790990 365
1791000 365
1791010 365
1791020 365
1791030 365
1791040 365
1791050 365
1791060 365
1791070 365
1791080 365
1791090 365
1791100 365
1791110 365
1791120 365
1791130 364
1791140 364
1791150 364
1791160 364
1791170 364
1791180 364
1791190 364
1791200 364
1791210 365
1791220 365
1791230 365
1791240 365
1791250 365
1791260 365
1791270 365
1791280 365
1791290 365
1791300 365
1791310 365
1791320 365
1791330 364
1791340 364
1791350 364
1791360 364
1791370 364
1791380 364
1791390 364
1791400 364
1791410 364
1791420 364
1791430 364
1791440 364
1791450 364
1791460 364
1791470 363
1791480 363
1791490 362
1791500 362
1791510 363
1791520 363
1791530 363
1791540 363
1791550 364
1791560 364
1791570 364
1791580 364
1791590 364
1791600 364
1791610 364
1791620 364
1791630 363
1791640 363
1791650 363
1791660 363
1791670 363
1791680 363
1791690 363
1791700 363
1791710 363
1791720 362
1791730 362
1791740 362
1791750 362
1791760 362
1791770 362
1791780 362
1791790 362
1791800 362
1791810 362
1791820 362
1791830 362
1791840 362
1791850 362
1791860 362
1791870 362
1791880 362
1791890 361
1791900 361
1791910 361
1791920 361
1791930 361
1791940 362
1791950 362
1791960 362
1791970 362
1791980 362
1791990 362
1792000 361
1792010 361
1792020 361
1792030 361
1792040 361
1792050 361
1792060 362
1792070 362
1792080 361
1792090 361
1792100 361
1792110 361
1792120 361
1792130 361
1792140 361
1792150 361
1792160 361
1792170 361
1792180 361
1792190 361
1792200 361
1792210 360
1792220 360
1792230 360
1792240 360
1792250 360
1792260 360
1792270 360
1792280 360
1792290 360
1792300 360
1792310 360
1792320 360
1792330 360
1792340 360
1792350 360
1792360 360
1792370 360
1792380 360
1792390 360
1792400 360
1792410 360
1792420 360
1792430 360
1792440 360
1792450 360
1792460 360
1792470 360
1792480 360
1792490 360
1792500 360
1792510 360
1792520 359
1792530 359
1792540 359
1792550 359
1792560 359
1792570 359
1792580 359
1792590 359
1792600 359
1792610 359
1792620 359
1792630 359
1792640 359
1792650 359
1792660 359
1792670 359
1792680 359
1792690 359
1792700 359
1792710 359
1792720 359
1792730 359
1792740 359
1792750 359
1792760 359
1792770 358
1792780 358
1792790 358
1792800 358
1792810 358
1792820 358
1792830 358
1792840 358
1792850 355
1792860 351
1792870 346
1792880 345
1792890 345
1792900 345
1792910 345
1792920 345
1792930 345
1792940 345
1792950 345
1792960 344
1792970 342
1792980 342
1792990 343
1793000 346
1793010 348
1793020 351
1793030 355
1793040 357
1793050 357
1793060 357
1793070 357
1793080 357
1793090 357
1793100 357
1793110 357
1793120 357
1793130 357
1793140 357
1793150 357
1793160 357
1793170 357
1793180 357
1793190 357
1793200 357
1793210 357
1793220 357
1793230 357
1793240 357
1793250 357
1793260 357
1793270 357
1793280 356
1793290 356
1793300 356
1793310 356
1793320 356
1793330 356
1793340 356
1793350 356
1793360 356
1793370 356
1793380 356
1793390 356
1793400 356
1793410 356
1793420 356
1793430 356
1793440 356
1793450 356
1793460 356
1793470 356
1793480 356
1793490 356
1793500 356
1793510 356
1793520 356
1793530 356
1793540 356
1793550 355
1793560 356
1793570 356
1793580 355
1793590 355
1793600 355
1793610 355
1793620 355
1793630 355
1793640 355
1793650 355
1793660 355
1793670 355
1793680 355
1793690 355
1793700 355
1793710 355
1793720 355
1793730 355
1793740 355
1793750 355
1793760 355
1793770 355
1793780 355
1793790 355
1793800 355
1793810 355
1793820 355
1793830 355
1793840 354
1793850 354
1793860 354
1793870 354
1793880 354
1793890 354
1793900 354
1793910 354
1793920 354
1793930 353
1793940 353
1793950 353
1793960 353
1793970 353
1793980 353
1793990 353
1794000 353
1794010 353
1794020 353
1794030 353
1794040 353
1794050 353
1794060 353
1794070 353
1794080 353
1794090 353
1794100 353
1794110 353
1794120 353
1794130 353
1794140 353
1794150 353
1794160 352
1794170 352
1794180 352
1794190 352
1794200 352
1794210 352
1794220 352
1794230 352
1794240 352
1794250 352
1794260 352
1794270 352
1794280 352
1794290 352
1794300 352
1794310 352
1794320 352
1794330 352
1794340 352
1794350 352
1794360 352
1794370 352
1794380 352
1794390 352
1794400 352
1794410 352
1794420 351
1794430 351
1794440 351
1794450 351
1794460 351
1794470 351
1794480 351
1794490 351
1794500 351
1794510 351
1794520 351
1794530 351
1794540 351
1794550 351
1794560 351
1794570 351
1794580 351
1794590 351
1794600 351
1794610 351
1794620 351
1794630 351
1794640 351
1794650 350
1794660 350
1794670 350
1794680 350
1794690 350
1794700 350
1794710 350
1794720 350
1794730 350
1794740 350
1794750 350
1794760 350
1794770 350
1794780 350
1794790 350
1794800 350
1794810 350
1794820 350
1794830 350
1794840 350
1794850 350
1794860 350
1794870 350
1794880 349
1794890 349
1794900 349
1794910 349
1794920 349
1794930 349
1794940 349
1794950 349
1794960 349
1794970 349
1794980 349
1794990 349
1795000 349
1795010 349
1795020 349
1795030 349
1795040 349
1795050 349
1795060 349
1795070 348
1795080 348
1795090 348
1795100 348
1795110 348
1795120 348
1795130 348
1795140 348
1795150 347
1795160 347
1795170 347
1795180 347
1795190 347
1795200 347
1795210 347
1795220 347
1795230 347
1795240 347
1795250 347
1795260 348
1795270 348
1795280 348
1795290 348
1795300 348
1795310 348
1795320 348
1795330 347
1795340 347
1795350 347
1795360 347
1795370 347
1795380 347
1795390 347
1795400 347
1795410 347
1795420 347
1795430 347
1795440 347
1795450 347
1795460 347
1795470 347
1795480 347
1795490 347
1795500 347
1795510 347
1795520 347
1795530 347
1795540 347
1795550 346
1795560 346
1795570 346
1795580 346
1795590 346
1795600 346
1795610 346
1795620 346
1795630 346
1795640 346
1795650 346
1795660 346
1795670 346
1795680 346
1795690 346
1795700 346
1795710 346
1795720 346
1795730 345
1795740 345
1795750 345
1795760 345
1795770 345
1795780 345
1795790 345
1795800 345
1795810 345
1795820 345
1795830 345
1795840 345
1795850 345
1795860 345
1795870 345
1795880 345
1795890 344
1795900 344
1795910 344
1795920 344
1795930 344
1795940 344
1795950 344
1795960 344
1795970 344
1795980 344
1795990 344
1796000 344
1796010 344
1796020 344
1796030 344
1796040 344
1796050 344
1796060 344
1796070 344
1796080 344
1796090 344
1796100 344
1796110 344
1796120 344
1796130 344
1796140 344
1796150 344
1796160 343
1796170 343
1796180 343
1796190 343
1796200 343
1796210 343
1796220 343
1796230 343
1796240 343
1796250 343
1796260 343
1796270 343
1796280 343
1796290 343
1796300 343
1796310 343
1796320 343
1796330 343
1796340 343
1796350 343
1796360 343
1796370 343
1796380 343
1796390 343
1796400 343
1796410 343
1796420 343
1796430 343
1796440 343
1796450 343
1796460 343
1796470 343
1796480 343
1796490 343
1796500 343
1796510 342
1796520 342
1796530 342
1796540 342
1796550 342
1796560 342
1796570 342
1796580 342
1796590 342
1796600 342
1796610 342
1796620 343
1796630 343
1796640 342
1796650 342
1796660 342
1796670 342
1796680 342
1796690 342
1796700 341
1796710 342
1796720 342
1796730 342
1796740 342
1796750 342
1796760 341
1796770 341
1796780 341
1796790 341
1796800 341
1796810 341
1796820 341
1796830 341
1796840 341
1796850 341
1796860 341
1796870 341
1796880 341
1796890 341
1796900 341
1796910 341
1796920 341
1796930 341
1796940 341
1796950 341
1796960 341
1796970 341
1796980 341
1796990 341
1797000 341
1797010 341
1797020 341
1797030 341
1797040 341
1797050 341
1797060 341
1797070 340
1797080 340
1797090 340
1797100 340
1797110 340
1797120 340
1797130 340
1797140 340
1797150 340
1797160 340
1797170 340
1797180 340
1797190 340
1797200 340
1797210 340
1797220 340
1797230 340
1797240 340
1797250 340
1797260 340
1797270 340
1797280 340
1797290 339
1797300 339
1797310 339
1797320 339
1797330 339
1797340 339
1797350 339
1797360 339
1797370 339
1797380 339
1797390 340
1797400 340
1797410 339
1797420 339
1797430 339
1797440 339
1797450 339
1797460 339
1797470 339
1797480 339
1797490 339
1797500 339
1797510 339
1797520 339
1797530 339
1797540 338
1797550 338
1797560 338
1797570 338
1797580 338
1797590 338
1797600 338
1797610 338
1797620 338
1797630 338
1797640 338
1797650 338
1797660 338
1797670 338
1797680 338
1797690 338
1797700 338
1797710 338
1797720 338
1797730 338
1797740 338
1797750 338
1797760 338
1797770 338
1797780 338
1797790 338
1797800 338
1797810 338
1797820 338
1797830 337
1797840 337
1797850 337
1797860 337
1797870 337
1797880 337
1797890 337
1797900 337
1797910 337
1797920 337
1797930 337
1797940 337
1797950 337
1797960 336
1797970 336
1797980 336
1797990 336
1798000 336
1798010 336
1798020 336
1798030 336
1798040 336
1798050 337
1798060 337
1798070 337
1798080 337
1798090 338
1798100 338
1798110 339
1798120 339
1798130 339
1798140 339
1798150 339
1798160 338
1798170 338
1798180 338
1798190 337
1798200 336
1798210 336
1798220 336
1798230 335
1798240 335
1798250 335
1798260 334
1798270 334
1798280 334
1798290 334
1798300 334
1798310 334
1798320 334
1798330 334
1798340 334
1798350 334
1798360 334
1798370 334
1798380 334
1798390 333
1798400 333
1798410 333
1798420 333
1798430 333
1798440 333
1798450 333
1798460 333
1798470 333
1798480 333
1798490 334
1798500 334
1798510 334
1798520 334
1798530 334
1798540 334
1798550 334
1798560 333
1798570 333
1798580 333
1798590 333
1798600 333
1798610 333
1798620 333
1798630 333
1798640 333
1798650 333
1798660 333
1798670 333
1798680 333
1798690 333
1798700 333
1798710 333
1798720 333
1798730 333
1798740 333
1798750 333
1798760 333
1798770 333
1798780 333
1798790 333
1798800 333
1798810 333
1798820 333
1798830 333
1798840 333
1798850 333
1798860 333
1798870 333
1798880 332
1798890 332
1798900 332
1798910 332
1798920 332
1798930 332
1798940 332
1798950 332
1798960 332
1798970 332
1798980 332
1798990 332
1799000 332
1799010 332
1799020 332
1799030 332
1799040 332
1799050 332
1799060 332
1799070 332
1799080 332
1799090 332
1799100 332
1799110 332
1799120 332
1799130 332
1799140 332
1799150 332
1799160 332
1799170 332
1799180 331
1799190 331
1799200 331
1799210 331
1799220 331
1799230 331
1799240 331
1799250 331
1799260 331
1799270 331
1799280 331
1799290 331
1799300 331
1799310 331
1799320 331
1799330 331
1799340 330
1799350 330
1799360 330
1799370 330
1799380 330
1799390 330
1799400 330
1799410 330
1799420 330
1799430 330
1799440 330
1799450 330
1799460 330
1799470 330
1799480 330
1799490 330
1799500 330
1799510 330
1799520 329
1799530 329
1799540 329
1799550 329
1799560 329
1799570 329
1799580 329
1799590 329
1799600 329
1799610 329
1799620 329
1799630 329
1799640 329
1799650 329
1799660 329
1799670 329
1799680 329
1799690 329
1799700 329
1799710 329
1799720 329
1799730 329
1799740 329
1799750 329
1799760 329
1799770 329
1799780 329
1799790 329
1799800 329
1799810 329
1799820 329
1799830 329
1799840 329
1799850 329
1799860 328
1799870 328
1799880 328
1799890 328
1799900 328
1799910 328
1799920 328
1799930 328
1799940 328
1799950 328
1799960 328
1799970 328
1799980 328
1799990 328
