1780000 801
1780010 802
1780020 805
1780030 807
1780040 809
1780050 809
1780060 809
1780070 809
1780080 808
1780090 807
1780100 806
1780110 805
1780120 805
1780130 804
1780140 803
1780150 802
1780160 801
1780170 801
1780180 799
1780190 798
1780200 796
1780210 795
1780220 793
1780230 791
1780240 789
1780250 787
1780260 785
1780270 782
1780280 779
1780290 776
1780300 773
1780310 769
1780320 766
1780330 764
1780340 761
1780350 759
1780360 757
1780370 755
1780380 753
1780390 751
1780400 749
1780410 747
1780420 745
1780430 743
1780440 741
1780450 739
1780460 737
1780470 735
1780480 733
1780490 731
1780500 729
1780510 728
1780520 727
1780530 726
1780540 725
1780550 724
1780560 722
1780570 719
1780580 716
1780590 713
1780600 711
1780610 710
1780620 709
1780630 708
1780640 707
1780650 707
1780660 706
1780670 706
1780680 705
1780690 705
1780700 705
1780710 704
1780720 704
1780730 704
1780740 704
1780750 704
1780760 704
1780770 704
1780780 705
1780790 706
1780800 707
1780810 707
1780820 708
1780830 708
1780840 708
1780850 708
1780860 707
1780870 707
1780880 706
1780890 705
1780900 704
1780910 704
1780920 703
1780930 702
1780940 701
1780950 700
1780960 699
1780970 698
1780980 698
1780990 697
1781000 697
1781010 696
1781020 696
1781030 695
1781040 695
1781050 695
1781060 694
1781070 693
1781080 692
1781090 692
1781100 691
1781110 690
1781120 689
1781130 688
1781140 687
1781150 686
1781160 685
1781170 684
1781180 683
1781190 682
1781200 680
1781210 679
1781220 678
1781230 677
1781240 676
1781250 675
1781260 673
1781270 672
1781280 671
1781290 670
1781300 668
1781310 667
1781320 665
1781330 664
1781340 663
1781350 662
1781360 661
1781370 660
1781380 658
1781390 657
1781400 656
1781410 654
1781420 651
1781430 644
1781440 639
1781450 634
1781460 629
1781470 624
1781480 619
1781490 615
1781500 611
1781510 607
1781520 604
1781530 602
1781540 599
1781550 596
1781560 594
1781570 591
1781580 589
1781590 587
1781600 585
1781610 584
1781620 583
1781630 582
1781640 581
1781650 580
1781660 579
1781670 577
1781680 577
1781690 577
1781700 576
1781710 576
1781720 576
1781730 576
1781740 576
1781750 576
1781760 576
1781770 576
1781780 576
1781790 576
1781800 576
1781810 576
1781820 576
1781830 576
1781840 577
1781850 577
1781860 577
1781870 578
1781880 579
1781890 580
1781900 581
1781910 583
1781920 584
1781930 585
1781940 587
1781950 588
1781960 590
1781970 591
1781980 593
1781990 595
1782000 597
1782010 599
1782020 600
1782030 602
1782040 604
1782050 606
1782060 608
1782070 609
1782080 611
1782090 613
1782100 614
1782110 615
1782120 616
1782130 617
1782140 617
1782150 618
1782160 619
1782170 619
1782180 620
1782190 621
1782200 621
1782210 622
1782220 622
1782230 623
1782240 623
1782250 623
1782260 623
1782270 623
1782280 623
1782290 624
1782300 624
1782310 624
1782320 624
1782330 624
1782340 625
1782350 625
1782360 625
1782370 624
1782380 624
1782390 624
1782400 625
1782410 625
1782420 625
1782430 625
1782440 625
1782450 625
1782460 626
1782470 626
1782480 626
1782490 627
1782500 627
1782510 627
1782520 627
1782530 627
1782540 626
1782550 626
1782560 626
1782570 626
1782580 626
1782590 625
1782600 624
1782610 623
1782620 622
1782630 620
1782640 619
1782650 618
1782660 617
1782670 617
1782680 617
1782690 617
1782700 616
1782710 616
1782720 616
1782730 616
1782740 616
1782750 616
1782760 616
1782770 615
1782780 615
1782790 615
1782800 615
1782810 614
1782820 614
1782830 614
1782840 614
1782850 615
1782860 615
1782870 616
1782880 616
1782890 617
1782900 617
1782910 618
1782920 618
1782930 618
1782940 619
1782950 619
1782960 620
1782970 621
1782980 623
1782990 623
1783000 623
1783010 623
1783020 622
1783030 619
1783040 617
1783050 616
1783060 616
1783070 615
1783080 614
1783090 613
1783100 612
1783110 611
1783120 610
1783130 609
1783140 608
1783150 606
1783160 605
1783170 603
1783180 602
1783190 600
1783200 599
1783210 597
1783220 596
1783230 595
1783240 594
1783250 593
1783260 592
1783270 590
1783280 589
1783290 588
1783300 587
1783310 586
1783320 586
1783330 585
1783340 584
1783350 583
1783360 582
1783370 581
1783380 580
1783390 578
1783400 577
1783410 575
1783420 573
1783430 570
1783440 568
1783450 566
1783460 564
1783470 562
1783480 559
1783490 557
1783500 555
1783510 553
1783520 551
1783530 549
1783540 547
1783550 545
1783560 543
1783570 541
1783580 538
1783590 536
1783600 534
1783610 532
1783620 530
1783630 528
1783640 526
1783650 524
1783660 521
1783670 519
1783680 517
1783690 515
1783700 513
1783710 511
1783720 509
1783730 507
1783740 505
1783750 503
1783760 502
1783770 500
1783780 498
1783790 495
1783800 494
1783810 492
1783820 491
1783830 490
1783840 489
1783850 487
1783860 486
1783870 484
1783880 483
1783890 482
1783900 481
1783910 480
1783920 479
1783930 477
1783940 476
1783950 474
1783960 473
1783970 472
1783980 471
1783990 470
1784000 469
1784010 468
1784020 467
1784030 466
1784040 465
1784050 464
1784060 464
1784070 462
1784080 460
1784090 459
1784100 459
1784110 458
1784120 457
1784130 456
1784140 455
1784150 455
1784160 454
1784170 453
1784180 452
1784190 452
1784200 451
1784210 451
1784220 450
1784230 449
1784240 449
1784250 448
1784260 448
1784270 447
1784280 447
1784290 446
1784300 446
1784310 446
1784320 445
1784330 445
1784340 445
1784350 444
1784360 444
1784370 444
1784380 443
1784390 443
1784400 443
1784410 443
1784420 443
1784430 443
1784440 443
1784450 443
1784460 444
1784470 444
1784480 444
1784490 445
1784500 445
1784510 445
1784520 445
1784530 445
1784540 445
1784550 445
1784560 445
1784570 445
1784580 444
1784590 444
1784600 443
1784610 443
1784620 443
1784630 443
1784640 442
1784650 442
1784660 442
1784670 442
1784680 442
1784690 441
1784700 441
1784710 441
1784720 441
1784730 440
1784740 440
1784750 440
1784760 439
1784770 439
1784780 439
1784790 439
1784800 438
1784810 438
1784820 438
1784830 438
1784840 437
1784850 437
1784860 436
1784870 435
1784880 435
1784890 434
1784900 434
1784910 433
1784920 433
1784930 433
1784940 432
1784950 432
1784960 432
1784970 432
1784980 431
1784990 431
1785000 432
1785010 432
1785020 432
1785030 432
1785040 432
1785050 433
1785060 433
1785070 435
1785080 436
1785090 437
1785100 438
1785110 439
1785120 439
1785130 440
1785140 441
1785150 443
1785160 444
1785170 444
1785180 444
1785190 444
1785200 444
1785210 444
1785220 445
1785230 444
1785240 444
1785250 444
1785260 443
1785270 443
1785280 443
1785290 443
1785300 443
1785310 442
1785320 442
1785330 442
1785340 441
1785350 441
1785360 441
1785370 441
1785380 440
1785390 440
1785400 439
1785410 439
1785420 439
1785430 439
1785440 438
1785450 438
1785460 438
1785470 437
1785480 437
1785490 437
1785500 436
1785510 436
1785520 435
1785530 435
1785540 435
1785550 434
1785560 434
1785570 434
1785580 434
1785590 433
1785600 433
1785610 433
1785620 432
1785630 432
1785640 432
1785650 432
1785660 432
1785670 432
1785680 432
1785690 431
1785700 431
1785710 430
1785720 430
1785730 429
1785740 428
1785750 428
1785760 428
1785770 427
1785780 427
1785790 426
1785800 426
1785810 425
1785820 425
1785830 424
1785840 424
1785850 424
1785860 423
1785870 423
1785880 422
1785890 422
1785900 422
1785910 422
1785920 422
1785930 421
1785940 421
1785950 421
1785960 421
1785970 420
1785980 420
1785990 420
1786000 419
1786010 419
1786020 419
1786030 418
1786040 417
1786050 417
1786060 416
1786070 416
1786080 416
1786090 415
1786100 415
1786110 414
1786120 414
1786130 414
1786140 413
1786150 413
1786160 413
1786170 413
1786180 413
1786190 412
1786200 412
1786210 412
1786220 412
1786230 412
1786240 412
1786250 411
1786260 411
1786270 411
1786280 410
1786290 410
1786300 410
1786310 409
1786320 409
1786330 408
1786340 408
1786350 408
1786360 407
1786370 407
1786380 407
1786390 407
1786400 406
1786410 406
1786420 406
1786430 405
1786440 405
1786450 404
1786460 404
1786470 404
1786480 403
1786490 403
1786500 402
1786510 402
1786520 401
1786530 401
1786540 400
1786550 399
1786560 399
1786570 398
1786580 398
1786590 398
1786600 397
1786610 397
1786620 397
1786630 396
1786640 396
1786650 395
1786660 394
1786670 394
1786680 393
1786690 393
1786700 393
1786710 392
1786720 392
1786730 391
1786740 391
1786750 390
1786760 390
1786770 389
1786780 389
1786790 388
1786800 388
1786810 388
1786820 387
1786830 387
1786840 387
1786850 386
1786860 386
1786870 386
1786880 386
1786890 386
1786900 386
1786910 385
1786920 385
1786930 385
1786940 385
1786950 386
1786960 386
1786970 387
1786980 387
1786990 387
1787000 387
1787010 387
1787020 388
1787030 388
1787040 388
1787050 388
1787060 389
1787070 389
1787080 390
1787090 390
1787100 390
1787110 391
1787120 391
1787130 392
1787140 392
1787150 393
1787160 394
1787170 394
1787180 395
1787190 395
1787200 396
1787210 397
1787220 397
1787230 398
1787240 398
1787250 399
1787260 400
1787270 400
1787280 401
1787290 401
1787300 402
1787310 403
1787320 404
1787330 404
1787340 405
1787350 405
1787360 405
1787370 406
1787380 407
1787390 407
1787400 408
1787410 409
1787420 409
1787430 409
1787440 410
1787450 410
1787460 410
1787470 410
1787480 410
1787490 410
1787500 411
1787510 411
1787520 411
1787530 411
1787540 411
1787550 410
1787560 410
1787570 410
1787580 410
1787590 410
1787600 410
1787610 410
1787620 410
1787630 410
1787640 410
1787650 410
1787660 410
1787670 410
1787680 409
1787690 409
1787700 409
1787710 408
1787720 408
1787730 408
1787740 408
1787750 408
1787760 408
1787770 408
1787780 408
1787790 408
1787800 408
1787810 408
1787820 408
1787830 407
1787840 407
1787850 407
1787860 406
1787870 406
1787880 406
1787890 405
1787900 405
1787910 405
1787920 405
1787930 404
1787940 404
1787950 404
1787960 404
1787970 404
1787980 403
1787990 403
1788000 403
1788010 403
1788020 403
1788030 403
1788040 403
1788050 403
1788060 403
1788070 402
1788080 402
1788090 402
1788100 402
1788110 401
1788120 401
1788130 401
1788140 401
1788150 401
1788160 402
1788170 403
1788180 404
1788190 407
1788200 408
1788210 408
1788220 407
1788230 405
1788240 403
1788250 401
1788260 401
1788270 400
1788280 400
1788290 400
1788300 399
1788310 399
1788320 398
1788330 398
1788340 397
1788350 397
1788360 397
1788370 397
1788380 397
1788390 397
1788400 397
1788410 397
1788420 397
1788430 397
1788440 396
1788450 396
1788460 395
1788470 394
1788480 394
1788490 394
1788500 393
1788510 393
1788520 393
1788530 392
1788540 392
1788550 392
1788560 392
1788570 391
1788580 391
1788590 391
1788600 391
1788610 391
1788620 391
1788630 391
1788640 390
1788650 390
1788660 389
1788670 389
1788680 389
1788690 388
1788700 388
1788710 387
1788720 387
1788730 387
1788740 386
1788750 386
1788760 386
1788770 385
1788780 385
1788790 385
1788800 385
1788810 384
1788820 384
1788830 384
1788840 384
1788850 384
1788860 384
1788870 383
1788880 383
1788890 383
1788900 382
1788910 382
1788920 382
1788930 381
1788940 381
1788950 381
1788960 381
1788970 381
1788980 380
1788990 380
1789000 380
1789010 380
1789020 381
1789030 381
1789040 381
1789050 381
1789060 381
1789070 381
1789080 381
1789090 381
1789100 381
1789110 381
1789120 381
1789130 381
1789140 381
1789150 381
1789160 381
1789170 381
1789180 381
1789190 380
1789200 379
1789210 379
1789220 379
1789230 378
1789240 378
1789250 378
1789260 377
1789270 377
1789280 377
1789290 377
1789300 377
1789310 377
1789320 377
1789330 378
1789340 379
1789350 380
1789360 381
1789370 381
1789380 382
1789390 382
1789400 383
1789410 383
1789420 384
1789430 384
1789440 385
1789450 385
1789460 384
1789470 384
1789480 384
1789490 384
1789500 384
1789510 384
1789520 384
1789530 384
1789540 384
1789550 384
1789560 383
1789570 383
1789580 383
1789590 382
1789600 382
1789610 382
1789620 382
1789630 381
1789640 381
1789650 380
1789660 379
1789670 378
1789680 378
1789690 377
1789700 375
1789710 374
1789720 372
1789730 371
1789740 371
1789750 370
1789760 370
1789770 370
1789780 370
1789790 370
1789800 369
1789810 369
1789820 369
1789830 369
1789840 369
1789850 369
1789860 369
1789870 369
1789880 369
1789890 369
1789900 369
1789910 369
1789920 369
1789930 369
1789940 369
1789950 369
1789960 369
1789970 369
1789980 369
1789990 369
1790000 368
1790010 368
1790020 368
1790030 368
1790040 368
1790050 368
1790060 368
1790070 368
1790080 368
1790090 368
1790100 368
1790110 368
1790120 368
1790130 368
1790140 368
1790150 368
1790160 368
1790170 368
1790180 368
1790190 368
1790200 368
1790210 368
1790220 368
1790230 368
1790240 368
1790250 367
1790260 367
1790270 367
1790280 367
1790290 367
1790300 367
1790310 367
1790320 367
1790330 367
1790340 367
1790350 367
1790360 367
1790370 367
1790380 367
1790390 367
1790400 367
1790410 367
1790420 367
1790430 367
1790440 367
1790450 366
1790460 367
1790470 367
1790480 367
1790490 367
1790500 367
1790510 367
1790520 367
1790530 367
1790540 367
1790550 367
1790560 367
1790570 367
1790580 366
1790590 366
1790600 366
1790610 366
1790620 366
1790630 366
1790640 366
1790650 367
1790660 367
1790670 367
1790680 366
1790690 366
1790700 366
1790710 366
1790720 366
1790730 366
1790740 366
1790750 366
1790760 366
1790770 366
1790780 366
1790790 366
1790800 366
1790810 366
1790820 366
1790830 366
1790840 366
1790850 366
1790860 366
1790870 366
1790880 366
1790890 366
1790900 365
1790910 365
1790920 365
1790930 365
1790940 365
1790950 365
1790960 365
1790970 365
1790980 365
1790990 365
1791000 365
1791010 365
1791020 365
1791030 365
1791040 365
1791050 365
1791060 365
1791070 365
1791080 365
1791090 365
1791100 365
1791110 365
1791120 365
1791130 365
1791140 365
1791150 365
1791160 364
1791170 364
1791180 364
1791190 364
1791200 364
1791210 364
1791220 364
1791230 364
1791240 364
1791250 364
1791260 364
1791270 364
1791280 364
1791290 364
1791300 364
1791310 364
1791320 364
1791330 364
1791340 364
1791350 364
1791360 364
1791370 363
1791380 363
1791390 363
1791400 363
1791410 363
1791420 363
1791430 363
1791440 363
1791450 363
1791460 363
1791470 363
1791480 363
1791490 363
1791500 363
1791510 363
1791520 363
1791530 363
1791540 363
1791550 363
1791560 363
1791570 363
1791580 363
1791590 363
1791600 363
1791610 363
1791620 363
1791630 363
1791640 363
1791650 363
1791660 363
1791670 362
1791680 363
1791690 363
1791700 363
1791710 362
1791720 362
1791730 362
1791740 362
1791750 362
1791760 362
1791770 362
1791780 362
1791790 362
1791800 362
1791810 362
1791820 361
1791830 361
1791840 361
1791850 361
1791860 361
1791870 361
1791880 361
1791890 361
1791900 361
1791910 361
1791920 361
1791930 362
1791940 364
1791950 365
1791960 365
1791970 365
1791980 364
1791990 362
1792000 361
1792010 361
1792020 361
1792030 361
1792040 361
1792050 361
1792060 361
1792070 361
1792080 361
1792090 361
1792100 361
1792110 361
1792120 361
1792130 361
1792140 360
1792150 360
1792160 360
1792170 360
1792180 360
1792190 360
1792200 360
1792210 360
1792220 360
1792230 360
1792240 360
1792250 360
1792260 360
1792270 360
1792280 360
1792290 360
1792300 360
1792310 360
1792320 360
1792330 360
1792340 360
1792350 360
1792360 360
1792370 360
1792380 360
1792390 360
1792400 359
1792410 359
1792420 359
1792430 359
1792440 359
1792450 359
1792460 359
1792470 359
1792480 359
1792490 359
1792500 359
1792510 359
1792520 359
1792530 359
1792540 359
1792550 359
1792560 359
1792570 359
1792580 359
1792590 359
1792600 359
1792610 359
1792620 359
1792630 358
1792640 358
1792650 358
1792660 358
1792670 358
1792680 358
1792690 358
1792700 358
1792710 358
1792720 358
1792730 358
1792740 358
1792750 358
1792760 358
1792770 358
1792780 359
1792790 359
1792800 359
1792810 358
1792820 358
1792830 358
1792840 358
1792850 358
1792860 358
1792870 357
1792880 357
1792890 357
1792900 357
1792910 357
1792920 357
1792930 357
1792940 357
1792950 357
1792960 357
1792970 357
1792980 357
1792990 357
1793000 357
1793010 357
1793020 357
1793030 357
1793040 357
1793050 357
1793060 357
1793070 357
1793080 357
1793090 357
1793100 357
1793110 357
1793120 357
1793130 356
1793140 356
1793150 356
1793160 356
1793170 356
1793180 356
1793190 356
1793200 356
1793210 356
1793220 356
1793230 356
1793240 356
1793250 356
1793260 356
1793270 356
1793280 356
1793290 356
1793300 356
1793310 356
1793320 356
1793330 356
1793340 356
1793350 356
1793360 356
1793370 356
1793380 355
1793390 355
1793400 355
1793410 355
1793420 355
1793430 355
1793440 355
1793450 355
1793460 355
1793470 355
1793480 355
1793490 355
1793500 355
1793510 355
1793520 355
1793530 355
1793540 355
1793550 355
1793560 355
1793570 355
1793580 355
1793590 355
1793600 354
1793610 354
1793620 354
1793630 354
1793640 354
1793650 354
1793660 354
1793670 354
1793680 354
1793690 354
1793700 354
1793710 354
1793720 354
1793730 354
1793740 354
1793750 354
1793760 354
1793770 354
1793780 354
1793790 354
1793800 354
1793810 354
1793820 354
1793830 353
1793840 353
1793850 353
1793860 353
1793870 353
1793880 353
1793890 353
1793900 353
1793910 353
1793920 353
1793930 353
1793940 353
1793950 353
1793960 353
1793970 353
1793980 353
1793990 353
1794000 353
1794010 353
1794020 353
1794030 353
1794040 353
1794050 353
1794060 353
1794070 352
1794080 352
1794090 352
1794100 352
1794110 352
1794120 352
1794130 352
1794140 352
1794150 352
1794160 352
1794170 352
1794180 352
1794190 352
1794200 352
1794210 352
1794220 352
1794230 352
1794240 352
1794250 351
1794260 351
1794270 351
1794280 351
1794290 351
1794300 351
1794310 351
1794320 351
1794330 351
1794340 351
1794350 351
1794360 351
1794370 351
1794380 351
1794390 351
1794400 351
1794410 351
1794420 351
1794430 351
1794440 351
1794450 351
1794460 351
1794470 351
1794480 351
1794490 351
1794500 351
1794510 350
1794520 350
1794530 350
1794540 350
1794550 350
1794560 350
1794570 350
1794580 350
1794590 350
1794600 350
1794610 350
1794620 350
1794630 350
1794640 350
1794650 350
1794660 350
1794670 350
1794680 350
1794690 350
1794700 350
1794710 350
1794720 350
1794730 350
1794740 350
1794750 350
1794760 350
1794770 349
1794780 349
1794790 349
1794800 349
1794810 349
1794820 349
1794830 349
1794840 349
1794850 349
1794860 349
1794870 349
1794880 349
1794890 349
1794900 349
1794910 349
1794920 349
1794930 349
1794940 349
1794950 349
1794960 349
1794970 349
1794980 349
1794990 348
1795000 348
1795010 348
1795020 348
1795030 348
1795040 348
1795050 348
1795060 348
1795070 348
1795080 348
1795090 348
1795100 348
1795110 348
1795120 348
1795130 348
1795140 348
1795150 348
1795160 348
1795170 348
1795180 348
1795190 348
1795200 348
1795210 348
1795220 348
1795230 348
1795240 348
1795250 347
1795260 347
1795270 347
1795280 347
1795290 347
1795300 347
1795310 347
1795320 347
1795330 347
1795340 347
1795350 347
1795360 347
1795370 347
1795380 347
1795390 347
1795400 347
1795410 347
1795420 347
1795430 347
1795440 347
1795450 347
1795460 347
1795470 347
1795480 347
1795490 347
1795500 347
1795510 347
1795520 347
1795530 347
1795540 347
1795550 346
1795560 346
1795570 346
1795580 346
1795590 346
1795600 346
1795610 346
1795620 346
1795630 346
1795640 346
1795650 346
1795660 346
1795670 346
1795680 346
1795690 346
1795700 346
1795710 346
1795720 346
1795730 346
1795740 346
1795750 346
1795760 346
1795770 346
1795780 346
1795790 343
1795800 339
1795810 336
1795820 334
1795830 333
1795840 333
1795850 333
1795860 334
1795870 335
1795880 337
1795890 339
1795900 343
1795910 346
1795920 347
1795930 347
1795940 346
1795950 346
1795960 346
1795970 345
1795980 345
1795990 345
1796000 344
1796010 344
1796020 344
1796030 344
1796040 344
1796050 344
1796060 344
1796070 344
1796080 344
1796090 344
1796100 344
1796110 344
1796120 344
1796130 344
1796140 344
1796150 344
1796160 343
1796170 343
1796180 343
1796190 343
1796200 343
1796210 343
1796220 343
1796230 343
1796240 343
1796250 343
1796260 343
1796270 343
1796280 343
1796290 343
1796300 343
1796310 343
1796320 343
1796330 343
1796340 343
1796350 343
1796360 343
1796370 343
1796380 343
1796390 342
1796400 342
1796410 342
1796420 342
1796430 342
1796440 342
1796450 342
1796460 342
1796470 342
1796480 342
1796490 342
1796500 342
1796510 342
1796520 342
1796530 342
1796540 342
1796550 342
1796560 342
1796570 342
1796580 342
1796590 342
1796600 341
1796610 341
1796620 341
1796630 341
1796640 341
1796650 341
1796660 341
1796670 341
1796680 341
1796690 341
1796700 341
1796710 341
1796720 341
1796730 341
1796740 341
1796750 341
1796760 341
1796770 341
1796780 341
1796790 341
1796800 341
1796810 341
1796820 341
1796830 340
1796840 340
1796850 340
1796860 340
1796870 340
1796880 340
1796890 340
1796900 340
1796910 340
1796920 340
1796930 340
1796940 340
1796950 340
1796960 340
1796970 340
1796980 340
1796990 340
1797000 340
1797010 340
1797020 339
1797030 339
1797040 339
1797050 339
1797060 339
1797070 339
1797080 339
1797090 339
1797100 339
1797110 339
1797120 339
1797130 339
1797140 339
1797150 339
1797160 339
1797170 339
1797180 339
1797190 339
1797200 338
1797210 338
1797220 339
1797230 339
1797240 339
1797250 339
1797260 338
1797270 338
1797280 338
1797290 338
1797300 338
1797310 338
1797320 338
1797330 338
1797340 338
1797350 338
1797360 338
1797370 338
1797380 338
1797390 338
1797400 338
1797410 338
1797420 338
1797430 338
1797440 338
1797450 338
1797460 338
1797470 338
1797480 338
1797490 338
1797500 337
1797510 337
1797520 337
1797530 337
1797540 337
1797550 337
1797560 337
1797570 337
1797580 337
1797590 337
1797600 337
1797610 337
1797620 337
1797630 337
1797640 337
1797650 337
1797660 337
1797670 337
1797680 337
1797690 337
1797700 337
1797710 337
1797720 337
1797730 337
1797740 337
1797750 337
1797760 337
1797770 337
1797780 337
1797790 336
1797800 336
1797810 336
1797820 336
1797830 336
1797840 336
1797850 336
1797860 336
1797870 336
1797880 336
1797890 336
1797900 336
1797910 336
1797920 336
1797930 336
1797940 336
1797950 336
1797960 336
1797970 336
1797980 336
1797990 336
1798000 336
1798010 336
1798020 336
1798030 336
1798040 336
1798050 336
1798060 336
1798070 336
1798080 336
1798090 336
1798100 336
1798110 336
1798120 336
1798130 336
1798140 336
1798150 336
1798160 336
1798170 336
1798180 335
1798190 335
1798200 335
1798210 335
1798220 335
1798230 335
1798240 335
1798250 335
1798260 335
1798270 335
1798280 335
1798290 335
1798300 335
1798310 335
1798320 335
1798330 335
1798340 335
1798350 335
1798360 335
1798370 335
1798380 335
1798390 335
1798400 335
1798410 335
1798420 334
1798430 334
1798440 334
1798450 334
1798460 334
1798470 334
1798480 335
1798490 335
1798500 335
1798510 334
1798520 333
1798530 333
1798540 333
1798550 333
1798560 333
1798570 333
1798580 333
1798590 333
1798600 333
1798610 333
1798620 333
1798630 333
1798640 333
1798650 333
1798660 333
1798670 333
1798680 333
1798690 333
1798700 333
1798710 333
1798720 332
1798730 332
1798740 332
1798750 332
1798760 332
1798770 332
1798780 332
1798790 332
1798800 332
1798810 332
1798820 332
1798830 332
1798840 332
1798850 332
1798860 332
1798870 332
1798880 332
1798890 332
1798900 332
1798910 332
1798920 332
1798930 332
1798940 332
1798950 332
1798960 332
1798970 332
1798980 332
1798990 332
1799000 332
1799010 332
1799020 332
1799030 332
1799040 332
1799050 332
1799060 332
1799070 332
1799080 332
1799090 332
1799100 332
1799110 332
1799120 332
1799130 332
1799140 332
1799150 331
1799160 331
1799170 331
1799180 331
1799190 331
1799200 331
1799210 331
1799220 331
1799230 331
1799240 331
1799250 331
1799260 331
1799270 331
1799280 331
1799290 331
1799300 331
1799310 332
1799320 332
1799330 332
1799340 333
1799350 333
1799360 333
1799370 333
1799380 332
1799390 332
1799400 332
1799410 331
1799420 331
1799430 331
1799440 331
1799450 331
1799460 331
1799470 331
1799480 331
1799490 331
1799500 331
1799510 331
1799520 331
1799530 331
1799540 331
1799550 331
1799560 331
1799570 331
1799580 331
1799590 331
1799600 331
1799610 331
1799620 331
1799630 331
1799640 331
1799650 330
1799660 330
1799670 330
1799680 330
1799690 330
1799700 330
1799710 330
1799720 329
1799730 329
1799740 329
1799750 328
1799760 328
1799770 328
1799780 328
1799790 328
1799800 328
1799810 328
1799820 328
1799830 328
1799840 328
1799850 328
1799860 328
1799870 328
1799880 328
1799890 328
1799900 328
1799910 328
1799920 328
1799930 328
1799940 328
1799950 328
1799960 328
1799970 328
1799980 328
1799990 328
