1780000 823
1780010 823
1780020 823
1780030 822
1780040 822
1780050 822
1780060 821
1780070 821
1780080 821
1780090 820
1780100 820
1780110 819
1780120 819
1780130 819
1780140 819
1780150 818
1780160 818
1780170 817
1780180 817
1780190 816
1780200 816
1780210 815
1780220 815
1780230 815
1780240 814
1780250 814
1780260 814
1780270 813
1780280 813
1780290 812
1780300 811
1780310 811
1780320 810
1780330 809
1780340 808
1780350 807
1780360 806
1780370 805
1780380 804
1780390 803
1780400 802
1780410 801
1780420 799
1780430 798
1780440 797
1780450 795
1780460 794
1780470 792
1780480 791
1780490 790
1780500 788
1780510 787
1780520 785
1780530 784
1780540 782
1780550 781
1780560 779
1780570 778
1780580 777
1780590 775
1780600 774
1780610 772
1780620 771
1780630 770
1780640 769
1780650 767
1780660 766
1780670 765
1780680 764
1780690 763
1780700 762
1780710 761
1780720 760
1780730 759
1780740 758
1780750 757
1780760 756
1780770 755
1780780 755
1780790 754
1780800 754
1780810 753
1780820 753
1780830 753
1780840 753
1780850 754
1780860 755
1780870 755
1780880 755
1780890 756
1780900 756
1780910 757
1780920 757
1780930 757
1780940 757
1780950 757
1780960 757
1780970 757
1780980 757
1780990 757
1781000 757
1781010 757
1781020 757
1781030 757
1781040 758
1781050 758
1781060 758
1781070 758
1781080 758
1781090 758
1781100 757
1781110 757
1781120 757
1781130 756
1781140 756
1781150 756
1781160 755
1781170 755
1781180 755
1781190 754
1781200 754
1781210 753
1781220 753
1781230 752
1781240 751
1781250 751
1781260 750
1781270 749
1781280 749
1781290 748
1781300 747
1781310 746
1781320 745
1781330 744
1781340 743
1781350 742
1781360 742
1781370 741
1781380 740
1781390 739
1781400 738
1781410 737
1781420 737
1781430 736
1781440 735
1781450 734
1781460 732
1781470 731
1781480 730
1781490 729
1781500 728
1781510 727
1781520 726
1781530 725
1781540 724
1781550 722
1781560 721
1781570 720
1781580 719
1781590 718
1781600 716
1781610 715
1781620 713
1781630 712
1781640 711
1781650 710
1781660 708
1781670 707
1781680 705
1781690 704
1781700 702
1781710 700
1781720 699
1781730 697
1781740 696
1781750 694
1781760 692
1781770 691
1781780 690
1781790 688
1781800 686
1781810 684
1781820 682
1781830 681
1781840 679
1781850 678
1781860 676
1781870 674
1781880 673
1781890 671
1781900 669
1781910 668
1781920 666
1781930 665
1781940 663
1781950 661
1781960 658
1781970 656
1781980 653
1781990 650
1782000 646
1782010 642
1782020 637
1782030 631
1782040 627
1782050 621
1782060 616
1782070 611
1782080 607
1782090 603
1782100 600
1782110 596
1782120 593
1782130 589
1782140 586
1782150 583
1782160 580
1782170 578
1782180 575
1782190 573
1782200 571
1782210 568
1782220 566
1782230 565
1782240 563
1782250 561
1782260 559
1782270 557
1782280 556
1782290 554
1782300 553
1782310 551
1782320 550
1782330 548
1782340 546
1782350 545
1782360 543
1782370 540
1782380 538
1782390 537
1782400 535
1782410 533
1782420 532
1782430 531
1782440 529
1782450 528
1782460 527
1782470 525
1782480 524
1782490 522
1782500 521
1782510 520
1782520 519
1782530 518
1782540 517
1782550 516
1782560 514
1782570 511
1782580 508
1782590 506
1782600 504
1782610 503
1782620 501
1782630 500
1782640 499
1782650 499
1782660 498
1782670 497
1782680 497
1782690 496
1782700 495
1782710 495
1782720 494
1782730 494
1782740 493
1782750 493
1782760 492
1782770 491
1782780 491
1782790 490
1782800 490
1782810 489
1782820 488
1782830 488
1782840 487
1782850 486
1782860 485
1782870 484
1782880 483
1782890 482
1782900 481
1782910 480
1782920 479
1782930 478
1782940 477
1782950 477
1782960 476
1782970 475
1782980 474
1782990 474
1783000 473
1783010 472
1783020 472
1783030 471
1783040 471
1783050 471
1783060 470
1783070 470
1783080 469
1783090 469
1783100 468
1783110 468
1783120 468
1783130 467
1783140 467
1783150 467
1783160 466
1783170 465
1783180 465
1783190 464
1783200 463
1783210 462
1783220 462
1783230 461
1783240 460
1783250 460
1783260 459
1783270 459
1783280 458
1783290 458
1783300 457
1783310 457
1783320 456
1783330 456
1783340 456
1783350 455
1783360 455
1783370 455
1783380 454
1783390 454
1783400 454
1783410 453
1783420 453
1783430 452
1783440 452
1783450 452
1783460 451
1783470 451
1783480 450
1783490 450
1783500 450
1783510 449
1783520 449
1783530 449
1783540 448
1783550 448
1783560 448
1783570 447
1783580 447
1783590 447
1783600 447
1783610 447
1783620 447
1783630 446
1783640 446
1783650 446
1783660 446
1783670 445
1783680 445
1783690 445
1783700 445
1783710 444
1783720 444
1783730 443
1783740 443
1783750 442
1783760 442
1783770 442
1783780 441
1783790 441
1783800 441
1783810 441
1783820 441
1783830 440
1783840 440
1783850 440
1783860 440
1783870 439
1783880 439
1783890 439
1783900 439
1783910 439
1783920 439
1783930 438
1783940 438
1783950 438
1783960 438
1783970 438
1783980 438
1783990 438
1784000 438
1784010 438
1784020 438
1784030 437
1784040 437
1784050 437
1784060 437
1784070 436
1784080 436
1784090 436
1784100 435
1784110 435
1784120 435
1784130 435
1784140 435
1784150 434
1784160 434
1784170 434
1784180 433
1784190 433
1784200 433
1784210 433
1784220 432
1784230 432
1784240 432
1784250 432
1784260 432
1784270 432
1784280 431
1784290 431
1784300 431
1784310 431
1784320 431
1784330 431
1784340 431
1784350 431
1784360 431
1784370 431
1784380 431
1784390 430
1784400 430
1784410 430
1784420 430
1784430 430
1784440 430
1784450 429
1784460 429
1784470 429
1784480 429
1784490 429
1784500 428
1784510 428
1784520 428
1784530 428
1784540 428
1784550 427
1784560 427
1784570 427
1784580 427
1784590 427
1784600 427
1784610 426
1784620 426
1784630 426
1784640 426
1784650 426
1784660 426
1784670 426
1784680 426
1784690 426
1784700 425
1784710 425
1784720 425
1784730 425
1784740 426
1784750 426
1784760 426
1784770 426
1784780 425
1784790 425
1784800 425
1784810 425
1784820 425
1784830 425
1784840 425
1784850 426
1784860 426
1784870 426
1784880 426
1784890 426
1784900 426
1784910 426
1784920 427
1784930 427
1784940 427
1784950 427
1784960 427
1784970 428
1784980 428
1784990 428
1785000 429
1785010 429
1785020 430
1785030 430
1785040 431
1785050 431
1785060 432
1785070 432
1785080 433
1785090 434
1785100 434
1785110 435
1785120 437
1785130 438
1785140 439
1785150 440
1785160 441
1785170 441
1785180 441
1785190 441
1785200 441
1785210 440
1785220 440
1785230 440
1785240 440
1785250 439
1785260 439
1785270 439
1785280 438
1785290 438
1785300 438
1785310 437
1785320 437
1785330 437
1785340 437
1785350 436
1785360 436
1785370 436
1785380 436
1785390 436
1785400 436
1785410 435
1785420 435
1785430 435
1785440 435
1785450 435
1785460 434
1785470 434
1785480 434
1785490 433
1785500 433
1785510 433
1785520 433
1785530 432
1785540 432
1785550 432
1785560 432
1785570 431
1785580 431
1785590 431
1785600 431
1785610 430
1785620 430
1785630 430
1785640 430
1785650 430
1785660 430
1785670 430
1785680 430
1785690 430
1785700 431
1785710 431
1785720 431
1785730 431
1785740 431
1785750 431
1785760 431
1785770 431
1785780 431
1785790 431
1785800 430
1785810 430
1785820 430
1785830 429
1785840 429
1785850 429
1785860 429
1785870 429
1785880 428
1785890 428
1785900 428
1785910 428
1785920 428
1785930 428
1785940 428
1785950 428
1785960 428
1785970 428
1785980 427
1785990 427
1786000 427
1786010 426
1786020 426
1786030 426
1786040 426
1786050 425
1786060 425
1786070 425
1786080 425
1786090 425
1786100 425
1786110 425
1786120 424
1786130 424
1786140 424
1786150 424
1786160 424
1786170 424
1786180 423
1786190 423
1786200 423
1786210 423
1786220 422
1786230 422
1786240 422
1786250 422
1786260 422
1786270 421
1786280 421
1786290 421
1786300 421
1786310 420
1786320 420
1786330 420
1786340 420
1786350 420
1786360 420
1786370 420
1786380 420
1786390 420
1786400 420
1786410 419
1786420 419
1786430 419
1786440 419
1786450 419
1786460 419
1786470 419
1786480 418
1786490 418
1786500 418
1786510 418
1786520 418
1786530 418
1786540 418
1786550 418
1786560 418
1786570 418
1786580 418
1786590 417
1786600 417
1786610 417
1786620 417
1786630 417
1786640 417
1786650 417
1786660 417
1786670 417
1786680 417
1786690 417
1786700 417
1786710 416
1786720 416
1786730 416
1786740 416
1786750 416
1786760 416
1786770 416
1786780 416
1786790 416
1786800 416
1786810 416
1786820 416
1786830 416
1786840 415
1786850 415
1786860 415
1786870 415
1786880 415
1786890 414
1786900 414
1786910 414
1786920 414
1786930 414
1786940 414
1786950 413
1786960 413
1786970 413
1786980 413
1786990 413
1787000 413
1787010 412
1787020 412
1787030 412
1787040 412
1787050 411
1787060 411
1787070 411
1787080 411
1787090 411
1787100 410
1787110 410
1787120 410
1787130 410
1787140 409
1787150 409
1787160 409
1787170 409
1787180 409
1787190 408
1787200 408
1787210 408
1787220 408
1787230 408
1787240 407
1787250 407
1787260 407
1787270 407
1787280 407
1787290 407
1787300 407
1787310 407
1787320 407
1787330 407
1787340 407
1787350 407
1787360 407
1787370 407
1787380 406
1787390 406
1787400 406
1787410 406
1787420 405
1787430 405
1787440 405
1787450 405
1787460 405
1787470 405
1787480 405
1787490 405
1787500 405
1787510 405
1787520 405
1787530 405
1787540 404
1787550 404
1787560 404
1787570 404
1787580 403
1787590 403
1787600 403
1787610 403
1787620 403
1787630 403
1787640 403
1787650 404
1787660 404
1787670 404
1787680 404
1787690 403
1787700 403
1787710 403
1787720 403
1787730 403
1787740 403
1787750 403
1787760 403
1787770 403
1787780 403
1787790 402
1787800 402
1787810 402
1787820 402
1787830 402
1787840 402
1787850 402
1787860 402
1787870 402
1787880 402
1787890 402
1787900 402
1787910 402
1787920 402
1787930 402
1787940 402
1787950 402
1787960 402
1787970 402
1787980 402
1787990 402
1788000 402
1788010 402
1788020 403
1788030 403
1788040 403
1788050 403
1788060 404
1788070 404
1788080 403
1788090 403
1788100 403
1788110 402
1788120 402
1788130 402
1788140 402
1788150 402
1788160 403
1788170 403
1788180 403
1788190 404
1788200 404
1788210 404
1788220 405
1788230 405
1788240 405
1788250 405
1788260 405
1788270 405
1788280 405
1788290 405
1788300 405
1788310 405
1788320 405
1788330 405
1788340 405
1788350 405
1788360 405
1788370 405
1788380 405
1788390 405
1788400 405
1788410 406
1788420 406
1788430 406
1788440 406
1788450 407
1788460 407
1788470 407
1788480 407
1788490 407
1788500 406
1788510 406
1788520 406
1788530 406
1788540 406
1788550 406
1788560 406
1788570 405
1788580 405
1788590 405
1788600 405
1788610 404
1788620 404
1788630 404
1788640 404
1788650 404
1788660 404
1788670 404
1788680 404
1788690 404
1788700 404
1788710 404
1788720 404
1788730 404
1788740 404
1788750 404
1788760 404
1788770 404
1788780 404
1788790 404
1788800 404
1788810 404
1788820 404
1788830 404
1788840 404
1788850 404
1788860 404
1788870 405
1788880 405
1788890 405
1788900 405
1788910 405
1788920 405
1788930 405
1788940 405
1788950 405
1788960 405
1788970 405
1788980 405
1788990 405
1789000 405
1789010 405
1789020 405
1789030 405
1789040 405
1789050 405
1789060 405
1789070 405
1789080 405
1789090 405
1789100 405
1789110 405
1789120 404
1789130 404
1789140 404
1789150 404
1789160 403
1789170 403
1789180 403
1789190 403
1789200 403
1789210 402
1789220 402
1789230 402
1789240 402
1789250 401
1789260 401
1789270 401
1789280 400
1789290 400
1789300 400
1789310 399
1789320 399
1789330 399
1789340 398
1789350 398
1789360 398
1789370 398
1789380 397
1789390 397
1789400 396
1789410 396
1789420 396
1789430 395
1789440 395
1789450 395
1789460 394
1789470 394
1789480 394
1789490 393
1789500 393
1789510 393
1789520 393
1789530 393
1789540 392
1789550 392
1789560 392
1789570 392
1789580 392
1789590 392
1789600 392
1789610 392
1789620 391
1789630 391
1789640 391
1789650 390
1789660 390
1789670 389
1789680 389
1789690 389
1789700 388
1789710 388
1789720 388
1789730 388
1789740 387
1789750 387
1789760 387
1789770 387
1789780 386
1789790 386
1789800 386
1789810 386
1789820 385
1789830 385
1789840 385
1789850 385
1789860 384
1789870 384
1789880 384
1789890 383
1789900 383
1789910 383
1789920 383
1789930 382
1789940 382
1789950 381
1789960 381
1789970 381
1789980 381
1789990 380
1790000 380
1790010 380
1790020 380
1790030 379
1790040 379
1790050 378
1790060 378
1790070 378
1790080 377
1790090 377
1790100 377
1790110 377
1790120 376
1790130 376
1790140 376
1790150 376
1790160 375
1790170 375
1790180 375
1790190 375
1790200 374
1790210 374
1790220 374
1790230 373
1790240 373
1790250 373
1790260 372
1790270 372
1790280 372
1790290 371
1790300 371
1790310 371
1790320 371
1790330 370
1790340 370
1790350 370
1790360 370
1790370 369
1790380 369
1790390 369
1790400 368
1790410 368
1790420 368
1790430 367
1790440 367
1790450 367
1790460 366
1790470 366
1790480 366
1790490 365
1790500 365
1790510 365
1790520 364
1790530 364
1790540 364
1790550 363
1790560 363
1790570 363
1790580 363
1790590 363
1790600 363
1790610 363
1790620 363
1790630 363
1790640 363
1790650 363
1790660 363
1790670 363
1790680 363
1790690 362
1790700 362
1790710 362
1790720 362
1790730 362
1790740 362
1790750 362
1790760 362
1790770 362
1790780 362
1790790 362
1790800 362
1790810 362
1790820 362
1790830 362
1790840 362
1790850 362
1790860 361
1790870 361
1790880 361
1790890 361
1790900 361
1790910 361
1790920 361
1790930 361
1790940 361
1790950 361
1790960 361
1790970 361
1790980 361
1790990 361
1791000 361
1791010 361
1791020 361
1791030 361
1791040 361
1791050 361
1791060 361
1791070 361
1791080 361
1791090 361
1791100 361
1791110 361
1791120 361
1791130 361
1791140 361
1791150 361
1791160 361
1791170 361
1791180 361
1791190 361
1791200 361
1791210 361
1791220 361
1791230 361
1791240 361
1791250 361
1791260 362
1791270 362
1791280 363
1791290 362
1791300 361
1791310 361
1791320 361
1791330 361
1791340 361
1791350 362
1791360 363
1791370 363
1791380 362
1791390 361
1791400 361
1791410 361
1791420 360
1791430 360
1791440 360
1791450 360
1791460 360
1791470 360
1791480 360
1791490 360
1791500 360
1791510 360
1791520 360
1791530 360
1791540 360
1791550 360
1791560 360
1791570 360
1791580 360
1791590 360
1791600 360
1791610 360
1791620 360
1791630 360
1791640 360
1791650 360
1791660 360
1791670 360
1791680 360
1791690 359
1791700 359
1791710 359
1791720 359
1791730 359
1791740 359
1791750 359
1791760 359
1791770 359
1791780 359
1791790 359
1791800 359
1791810 359
1791820 359
1791830 359
1791840 359
1791850 359
1791860 359
1791870 359
1791880 359
1791890 359
1791900 359
1791910 359
1791920 359
1791930 359
1791940 359
1791950 359
1791960 359
1791970 359
1791980 358
1791990 358
1792000 358
1792010 358
1792020 358
1792030 358
1792040 358
1792050 358
1792060 358
1792070 358
1792080 358
1792090 358
1792100 358
1792110 358
1792120 358
1792130 358
1792140 358
1792150 358
1792160 358
1792170 358
1792180 358
1792190 358
1792200 358
1792210 358
1792220 358
1792230 358
1792240 358
1792250 358
1792260 358
1792270 358
1792280 358
1792290 358
1792300 358
1792310 358
1792320 358
1792330 358
1792340 358
1792350 358
1792360 358
1792370 358
1792380 358
1792390 358
1792400 357
1792410 357
1792420 357
1792430 357
1792440 357
1792450 357
1792460 357
1792470 357
1792480 357
1792490 357
1792500 357
1792510 357
1792520 357
1792530 357
1792540 357
1792550 357
1792560 357
1792570 357
1792580 357
1792590 357
1792600 357
1792610 357
1792620 357
1792630 357
1792640 357
1792650 357
1792660 357
1792670 356
1792680 356
1792690 356
1792700 356
1792710 356
1792720 356
1792730 356
1792740 356
1792750 356
1792760 356
1792770 356
1792780 356
1792790 356
1792800 356
1792810 356
1792820 356
1792830 356
1792840 356
1792850 356
1792860 356
1792870 356
1792880 356
1792890 356
1792900 356
1792910 355
1792920 355
1792930 355
1792940 355
1792950 355
1792960 355
1792970 355
1792980 355
1792990 355
1793000 355
1793010 355
1793020 355
1793030 355
1793040 355
1793050 355
1793060 355
1793070 355
1793080 355
1793090 355
1793100 355
1793110 355
1793120 355
1793130 355
1793140 354
1793150 354
1793160 354
1793170 354
1793180 354
1793190 354
1793200 354
1793210 354
1793220 354
1793230 354
1793240 354
1793250 354
1793260 354
1793270 354
1793280 354
1793290 354
1793300 354
1793310 354
1793320 354
1793330 354
1793340 354
1793350 354
1793360 354
1793370 354
1793380 354
1793390 354
1793400 354
1793410 354
1793420 354
1793430 354
1793440 353
1793450 353
1793460 353
1793470 353
1793480 353
1793490 353
1793500 353
1793510 353
1793520 353
1793530 353
1793540 353
1793550 353
1793560 353
1793570 353
1793580 353
1793590 353
1793600 353
1793610 353
1793620 353
1793630 353
1793640 353
1793650 352
1793660 352
1793670 352
1793680 352
1793690 352
1793700 352
1793710 352
1793720 352
1793730 352
1793740 352
1793750 352
1793760 352
1793770 352
1793780 352
1793790 352
1793800 352
1793810 352
1793820 352
1793830 352
1793840 352
1793850 352
1793860 352
1793870 351
1793880 351
1793890 351
1793900 351
1793910 351
1793920 351
1793930 351
1793940 351
1793950 351
1793960 351
1793970 351
1793980 351
1793990 351
1794000 351
1794010 351
1794020 351
1794030 351
1794040 351
1794050 351
1794060 351
1794070 351
1794080 351
1794090 351
1794100 351
1794110 351
1794120 351
1794130 351
1794140 351
1794150 350
1794160 350
1794170 350
1794180 350
1794190 350
1794200 350
1794210 350
1794220 350
1794230 350
1794240 350
1794250 350
1794260 350
1794270 350
1794280 350
1794290 350
1794300 350
1794310 350
1794320 350
1794330 350
1794340 350
1794350 350
1794360 350
1794370 350
1794380 350
1794390 350
1794400 350
1794410 351
1794420 351
1794430 352
1794440 353
1794450 353
1794460 354
1794470 354
1794480 354
1794490 354
1794500 355
1794510 355
1794520 355
1794530 354
1794540 354
1794550 354
1794560 354
1794570 354
1794580 354
1794590 353
1794600 352
1794610 351
1794620 350
1794630 349
1794640 348
1794650 348
1794660 348
1794670 348
1794680 348
1794690 349
1794700 348
1794710 348
1794720 348
1794730 348
1794740 348
1794750 348
1794760 348
1794770 348
1794780 348
1794790 348
1794800 348
1794810 348
1794820 348
1794830 348
1794840 348
1794850 347
1794860 347
1794870 347
1794880 347
1794890 347
1794900 347
1794910 347
1794920 347
1794930 347
1794940 347
1794950 347
1794960 347
1794970 347
1794980 347
1794990 347
1795000 347
1795010 347
1795020 347
1795030 347
1795040 347
1795050 347
1795060 347
1795070 346
1795080 346
1795090 346
1795100 346
1795110 346
1795120 346
1795130 346
1795140 346
1795150 346
1795160 346
1795170 346
1795180 346
1795190 346
1795200 346
1795210 346
1795220 346
1795230 346
1795240 346
1795250 346
1795260 346
1795270 346
1795280 346
1795290 346
1795300 346
1795310 346
1795320 346
1795330 346
1795340 346
1795350 346
1795360 347
1795370 347
1795380 348
1795390 348
1795400 347
1795410 346
1795420 346
1795430 345
1795440 345
1795450 345
1795460 345
1795470 345
1795480 345
1795490 345
1795500 345
1795510 345
1795520 345
1795530 345
1795540 345
1795550 345
1795560 344
1795570 344
1795580 344
1795590 344
1795600 344
1795610 344
1795620 344
1795630 344
1795640 344
1795650 344
1795660 344
1795670 344
1795680 344
1795690 344
1795700 344
1795710 344
1795720 344
1795730 344
1795740 344
1795750 344
1795760 344
1795770 344
1795780 344
1795790 343
1795800 343
1795810 343
1795820 343
1795830 343
1795840 343
1795850 343
1795860 343
1795870 343
1795880 343
1795890 343
1795900 343
1795910 343
1795920 343
1795930 343
1795940 343
1795950 343
1795960 343
1795970 343
1795980 343
1795990 343
1796000 343
1796010 342
1796020 342
1796030 342
1796040 342
1796050 342
1796060 342
1796070 342
1796080 341
1796090 339
1796100 337
1796110 335
1796120 334
1796130 334
1796140 335
1796150 336
1796160 337
1796170 337
1796180 337
1796190 337
1796200 338
1796210 338
1796220 339
1796230 341
1796240 341
1796250 341
1796260 341
1796270 341
1796280 341
1796290 341
1796300 341
1796310 341
1796320 341
1796330 341
1796340 341
1796350 341
1796360 341
1796370 341
1796380 341
1796390 340
1796400 337
1796410 333
1796420 330
1796430 327
1796440 325
1796450 325
1796460 326
1796470 327
1796480 326
1796490 326
1796500 326
1796510 327
1796520 327
1796530 327
1796540 327
1796550 327
1796560 327
1796570 326
1796580 326
1796590 325
1796600 324
1796610 323
1796620 323
1796630 323
1796640 324
1796650 324
1796660 324
1796670 323
1796680 323
1796690 323
1796700 324
1796710 324
1796720 324
1796730 323
1796740 323
1796750 323
1796760 323
1796770 324
1796780 324
1796790 325
1796800 325
1796810 326
1796820 326
1796830 325
1796840 323
1796850 323
1796860 322
1796870 322
1796880 322
1796890 322
1796900 322
1796910 322
1796920 322
1796930 322
1796940 325
1796950 329
1796960 333
1796970 337
1796980 338
1796990 338
1797000 338
1797010 338
1797020 338
1797030 338
1797040 338
1797050 338
1797060 338
1797070 338
1797080 338
1797090 337
1797100 337
1797110 337
1797120 337
1797130 337
1797140 337
1797150 337
1797160 337
1797170 337
1797180 337
1797190 337
1797200 337
1797210 337
1797220 337
1797230 337
1797240 337
1797250 337
1797260 337
1797270 337
1797280 337
1797290 337
1797300 337
1797310 337
1797320 336
1797330 336
1797340 336
1797350 336
1797360 336
1797370 336
1797380 336
1797390 336
1797400 336
1797410 336
1797420 336
1797430 336
1797440 336
1797450 336
1797460 336
1797470 336
1797480 336
1797490 336
1797500 336
1797510 336
1797520 336
1797530 336
1797540 336
1797550 335
1797560 335
1797570 335
1797580 335
1797590 335
1797600 335
1797610 335
1797620 335
1797630 335
1797640 335
1797650 335
1797660 335
1797670 335
1797680 335
1797690 335
1797700 335
1797710 335
1797720 335
1797730 335
1797740 335
1797750 335
1797760 335
1797770 335
1797780 335
1797790 335
1797800 335
1797810 335
1797820 335
1797830 335
1797840 335
1797850 334
1797860 334
1797870 334
1797880 334
1797890 334
1797900 334
1797910 334
1797920 334
1797930 334
1797940 334
1797950 334
1797960 334
1797970 334
1797980 334
1797990 334
1798000 334
1798010 334
1798020 334
1798030 334
1798040 333
1798050 333
1798060 333
1798070 333
1798080 333
1798090 333
1798100 333
1798110 333
1798120 333
1798130 333
1798140 333
1798150 333
1798160 333
1798170 333
1798180 333
1798190 333
1798200 333
1798210 333
1798220 333
1798230 333
1798240 332
1798250 332
1798260 332
1798270 332
1798280 332
1798290 332
1798300 332
1798310 332
1798320 332
1798330 332
1798340 332
1798350 332
1798360 332
1798370 332
1798380 332
1798390 332
1798400 332
1798410 332
1798420 332
1798430 332
1798440 331
1798450 331
1798460 331
1798470 331
1798480 331
1798490 331
1798500 331
1798510 331
1798520 331
1798530 331
1798540 331
1798550 331
1798560 331
1798570 331
1798580 331
1798590 331
1798600 331
1798610 331
1798620 331
1798630 331
1798640 331
1798650 331
1798660 330
1798670 330
1798680 330
1798690 330
1798700 330
1798710 330
1798720 330
1798730 330
1798740 330
1798750 330
1798760 330
1798770 330
1798780 330
1798790 330
1798800 330
1798810 330
1798820 330
1798830 330
1798840 330
1798850 330
1798860 330
1798870 330
1798880 330
1798890 330
1798900 330
1798910 330
1798920 330
1798930 330
1798940 330
1798950 330
1798960 330
1798970 330
1798980 330
1798990 329
1799000 329
1799010 329
1799020 329
1799030 329
1799040 329
1799050 329
1799060 328
1799070 328
1799080 328
1799090 327
1799100 327
1799110 327
1799120 327
1799130 327
1799140 327
1799150 327
1799160 327
1799170 327
1799180 327
1799190 327
1799200 327
1799210 327
1799220 327
1799230 327
1799240 327
1799250 327
1799260 327
1799270 327
1799280 327
1799290 327
1799300 327
1799310 327
1799320 327
1799330 327
1799340 327
1799350 327
1799360 327
1799370 327
1799380 327
1799390 327
1799400 327
1799410 327
1799420 327
1799430 327
1799440 327
1799450 327
1799460 327
1799470 327
1799480 327
1799490 327
1799500 327
1799510 327
1799520 327
1799530 327
1799540 327
1799550 327
1799560 327
1799570 327
1799580 327
1799590 327
1799600 327
1799610 327
1799620 327
1799630 327
1799640 327
1799650 327
1799660 327
1799670 327
1799680 327
1799690 327
1799700 327
1799710 327
1799720 327
1799730 326
1799740 326
1799750 326
1799760 326
1799770 326
1799780 326
1799790 326
1799800 326
1799810 326
1799820 326
1799830 326
1799840 326
1799850 326
1799860 326
1799870 326
1799880 326
1799890 326
1799900 326
1799910 326
1799920 326
1799930 326
1799940 326
1799950 326
1799960 326
1799970 326
1799980 326
1799990 326
