1780000 744
1780010 740
1780020 735
1780030 731
1780040 728
1780050 726
1780060 725
1780070 724
1780080 723
1780090 722
1780100 722
1780110 722
1780120 721
1780130 720
1780140 720
1780150 719
1780160 718
1780170 717
1780180 717
1780190 716
1780200 716
1780210 715
1780220 714
1780230 714
1780240 713
1780250 713
1780260 712
1780270 712
1780280 711
1780290 711
1780300 710
1780310 710
1780320 709
1780330 708
1780340 708
1780350 707
1780360 707
1780370 707
1780380 706
1780390 706
1780400 705
1780410 705
1780420 704
1780430 703
1780440 703
1780450 703
1780460 702
1780470 701
1780480 701
1780490 700
1780500 700
1780510 699
1780520 698
1780530 697
1780540 696
1780550 696
1780560 696
1780570 696
1780580 696
1780590 695
1780600 694
1780610 693
1780620 692
1780630 690
1780640 689
1780650 688
1780660 686
1780670 684
1780680 685
1780690 686
1780700 687
1780710 689
1780720 691
1780730 693
1780740 694
1780750 696
1780760 697
1780770 698
1780780 699
1780790 700
1780800 699
1780810 697
1780820 693
1780830 687
1780840 681
1780850 677
1780860 675
1780870 674
1780880 673
1780890 673
1780900 672
1780910 672
1780920 672
1780930 672
1780940 672
1780950 672
1780960 673
1780970 674
1780980 677
1780990 679
1781000 680
1781010 682
1781020 685
1781030 691
1781040 696
1781050 698
1781060 698
1781070 705
1781080 710
1781090 715
1781100 718
1781110 721
1781120 724
1781130 727
1781140 730
1781150 733
1781160 737
1781170 740
1781180 743
1781190 745
1781200 748
1781210 750
1781220 751
1781230 752
1781240 752
1781250 753
1781260 754
1781270 755
1781280 756
1781290 757
1781300 758
1781310 758
1781320 758
1781330 758
1781340 758
1781350 757
1781360 756
1781370 757
1781380 757
1781390 758
1781400 758
1781410 759
1781420 760
1781430 760
1781440 761
1781450 761
1781460 761
1781470 763
1781480 764
1781490 765
1781500 767
1781510 771
1781520 775
1781530 778
1781540 781
1781550 784
1781560 786
1781570 787
1781580 788
1781590 788
1781600 788
1781610 787
1781620 787
1781630 788
1781640 788
1781650 787
1781660 786
1781670 786
1781680 785
1781690 785
1781700 784
1781710 783
1781720 782
1781730 781
1781740 779
1781750 778
1781760 777
1781770 776
1781780 775
1781790 775
1781800 774
1781810 773
1781820 773
1781830 773
1781840 772
1781850 772
1781860 772
1781870 772
1781880 772
1781890 772
1781900 771
1781910 771
1781920 771
1781930 771
1781940 771
1781950 770
1781960 770
1781970 770
1781980 770
1781990 769
1782000 769
1782010 770
1782020 770
1782030 770
1782040 770
1782050 770
1782060 771
1782070 771
1782080 770
1782090 770
1782100 770
1782110 770
1782120 770
1782130 770
1782140 770
1782150 770
1782160 770
1782170 770
1782180 770
1782190 770
1782200 770
1782210 770
1782220 769
1782230 769
1782240 769
1782250 769
1782260 769
1782270 769
1782280 768
1782290 768
1782300 767
1782310 767
1782320 766
1782330 766
1782340 765
1782350 764
1782360 763
1782370 762
1782380 760
1782390 759
1782400 758
1782410 757
1782420 757
1782430 757
1782440 757
1782450 757
1782460 757
1782470 757
1782480 757
1782490 757
1782500 757
1782510 756
1782520 756
1782530 756
1782540 755
1782550 754
1782560 753
1782570 752
1782580 752
1782590 751
1782600 750
1782610 749
1782620 748
1782630 747
1782640 746
1782650 745
1782660 744
1782670 742
1782680 741
1782690 740
1782700 738
1782710 737
1782720 735
1782730 734
1782740 733
1782750 732
1782760 731
1782770 730
1782780 730
1782790 729
1782800 729
1782810 728
1782820 727
1782830 726
1782840 725
1782850 724
1782860 724
1782870 723
1782880 723
1782890 722
1782900 722
1782910 721
1782920 720
1782930 720
1782940 719
1782950 719
1782960 719
1782970 718
1782980 718
1782990 718
1783000 718
1783010 718
1783020 718
1783030 718
1783040 719
1783050 719
1783060 720
1783070 720
1783080 720
1783090 721
1783100 721
1783110 720
1783120 720
1783130 719
1783140 717
1783150 716
1783160 715
1783170 715
1783180 714
1783190 713
1783200 713
1783210 712
1783220 711
1783230 709
1783240 708
1783250 706
1783260 705
1783270 703
1783280 700
1783290 698
1783300 695
1783310 693
1783320 691
1783330 689
1783340 686
1783350 684
1783360 682
1783370 680
1783380 679
1783390 678
1783400 676
1783410 675
1783420 673
1783430 672
1783440 670
1783450 669
1783460 667
1783470 666
1783480 665
1783490 663
1783500 662
1783510 661
1783520 660
1783530 660
1783540 659
1783550 658
1783560 658
1783570 657
1783580 657
1783590 656
1783600 656
1783610 656
1783620 655
1783630 655
1783640 655
1783650 655
1783660 655
1783670 655
1783680 655
1783690 655
1783700 655
1783710 655
1783720 655
1783730 654
1783740 654
1783750 654
1783760 654
1783770 654
1783780 654
1783790 653
1783800 653
1783810 652
1783820 651
1783830 650
1783840 649
1783850 649
1783860 648
1783870 648
1783880 647
1783890 647
1783900 646
1783910 646
1783920 645
1783930 645
1783940 645
1783950 646
1783960 646
1783970 645
1783980 643
1783990 641
1784000 639
1784010 636
1784020 633
1784030 631
1784040 629
1784050 629
1784060 630
1784070 633
1784080 635
1784090 638
1784100 640
1784110 642
1784120 643
1784130 643
1784140 642
1784150 642
1784160 641
1784170 640
1784180 639
1784190 639
1784200 638
1784210 637
1784220 636
1784230 635
1784240 635
1784250 634
1784260 633
1784270 632
1784280 632
1784290 631
1784300 630
1784310 630
1784320 629
1784330 629
1784340 628
1784350 627
1784360 627
1784370 626
1784380 625
1784390 624
1784400 623
1784410 622
1784420 621
1784430 620
1784440 619
1784450 618
1784460 617
1784470 616
1784480 615
1784490 614
1784500 613
1784510 612
1784520 610
1784530 609
1784540 608
1784550 607
1784560 606
1784570 605
1784580 604
1784590 603
1784600 602
1784610 601
1784620 600
1784630 599
1784640 597
1784650 596
1784660 595
1784670 594
1784680 593
1784690 592
1784700 591
1784710 590
1784720 589
1784730 588
1784740 588
1784750 587
1784760 586
1784770 586
1784780 585
1784790 584
1784800 584
1784810 583
1784820 583
1784830 582
1784840 581
1784850 581
1784860 580
1784870 580
1784880 579
1784890 579
1784900 579
1784910 578
1784920 577
1784930 577
1784940 576
1784950 576
1784960 576
1784970 575
1784980 575
1784990 575
1785000 575
1785010 574
1785020 574
1785030 574
1785040 573
1785050 572
1785060 572
1785070 572
1785080 571
1785090 571
1785100 571
1785110 571
1785120 571
1785130 570
1785140 570
1785150 569
1785160 569
1785170 569
1785180 568
1785190 568
1785200 567
1785210 567
1785220 566
1785230 566
1785240 565
1785250 565
1785260 564
1785270 563
1785280 563
1785290 562
1785300 562
1785310 561
1785320 560
1785330 560
1785340 559
1785350 558
1785360 557
1785370 557
1785380 556
1785390 555
1785400 554
1785410 553
1785420 552
1785430 551
1785440 550
1785450 549
1785460 548
1785470 547
1785480 547
1785490 546
1785500 545
1785510 545
1785520 544
1785530 543
1785540 542
1785550 541
1785560 541
1785570 540
1785580 540
1785590 539
1785600 538
1785610 538
1785620 537
1785630 536
1785640 536
1785650 535
1785660 534
1785670 534
1785680 533
1785690 533
1785700 533
1785710 532
1785720 532
1785730 533
1785740 533
1785750 533
1785760 534
1785770 534
1785780 534
1785790 534
1785800 534
1785810 534
1785820 533
1785830 533
1785840 533
1785850 532
1785860 531
1785870 531
1785880 530
1785890 530
1785900 529
1785910 528
1785920 528
1785930 527
1785940 526
1785950 525
1785960 524
1785970 523
1785980 522
1785990 520
1786000 519
1786010 518
1786020 517
1786030 516
1786040 515
1786050 514
1786060 513
1786070 511
1786080 510
1786090 509
1786100 508
1786110 507
1786120 506
1786130 505
1786140 504
1786150 503
1786160 501
1786170 500
1786180 498
1786190 497
1786200 496
1786210 495
1786220 493
1786230 492
1786240 491
1786250 490
1786260 489
1786270 489
1786280 489
1786290 488
1786300 488
1786310 487
1786320 486
1786330 486
1786340 485
1786350 484
1786360 484
1786370 483
1786380 482
1786390 481
1786400 480
1786410 479
1786420 478
1786430 478
1786440 477
1786450 476
1786460 476
1786470 475
1786480 475
1786490 474
1786500 474
1786510 473
1786520 472
1786530 472
1786540 471
1786550 471
1786560 470
1786570 470
1786580 469
1786590 469
1786600 468
1786610 467
1786620 467
1786630 466
1786640 465
1786650 464
1786660 464
1786670 463
1786680 462
1786690 461
1786700 460
1786710 459
1786720 458
1786730 457
1786740 457
1786750 456
1786760 455
1786770 454
1786780 454
1786790 453
1786800 452
1786810 452
1786820 451
1786830 450
1786840 449
1786850 449
1786860 448
1786870 447
1786880 447
1786890 446
1786900 445
1786910 445
1786920 444
1786930 443
1786940 443
1786950 442
1786960 441
1786970 441
1786980 440
1786990 439
1787000 439
1787010 438
1787020 437
1787030 436
1787040 435
1787050 435
1787060 434
1787070 433
1787080 432
1787090 431
1787100 430
1787110 429
1787120 429
1787130 429
1787140 430
1787150 429
1787160 429
1787170 428
1787180 427
1787190 426
1787200 426
1787210 426
1787220 425
1787230 425
1787240 424
1787250 424
1787260 424
1787270 423
1787280 423
1787290 422
1787300 421
1787310 420
1787320 420
1787330 419
1787340 419
1787350 418
1787360 418
1787370 417
1787380 417
1787390 416
1787400 416
1787410 416
1787420 416
1787430 415
1787440 415
1787450 414
1787460 414
1787470 414
1787480 413
1787490 413
1787500 412
1787510 412
1787520 411
1787530 411
1787540 411
1787550 411
1787560 411
1787570 410
1787580 409
1787590 409
1787600 408
1787610 408
1787620 408
1787630 407
1787640 407
1787650 406
1787660 406
1787670 406
1787680 405
1787690 404
1787700 404
1787710 404
1787720 403
1787730 403
1787740 402
1787750 402
1787760 402
1787770 401
1787780 401
1787790 401
1787800 400
1787810 400
1787820 400
1787830 400
1787840 400
1787850 399
1787860 399
1787870 399
1787880 399
1787890 399
1787900 398
1787910 397
1787920 397
1787930 397
1787940 396
1787950 396
1787960 396
1787970 396
1787980 395
1787990 395
1788000 395
1788010 395
1788020 395
1788030 395
1788040 394
1788050 394
1788060 394
1788070 394
1788080 394
1788090 394
1788100 394
1788110 394
1788120 394
1788130 394
1788140 394
1788150 394
1788160 394
1788170 393
1788180 393
1788190 393
1788200 393
1788210 393
1788220 393
1788230 393
1788240 393
1788250 393
1788260 393
1788270 393
1788280 393
1788290 392
1788300 392
1788310 392
1788320 392
1788330 392
1788340 392
1788350 392
1788360 392
1788370 392
1788380 391
1788390 391
1788400 391
1788410 391
1788420 391
1788430 391
1788440 391
1788450 391
1788460 391
1788470 390
1788480 390
1788490 390
1788500 390
1788510 390
1788520 390
1788530 390
1788540 390
1788550 391
1788560 390
1788570 390
1788580 390
1788590 390
1788600 390
1788610 390
1788620 390
1788630 390
1788640 390
1788650 390
1788660 390
1788670 390
1788680 390
1788690 390
1788700 390
1788710 390
1788720 390
1788730 391
1788740 391
1788750 391
1788760 391
1788770 392
1788780 392
1788790 392
1788800 393
1788810 393
1788820 394
1788830 394
1788840 394
1788850 395
1788860 395
1788870 395
1788880 395
1788890 395
1788900 395
1788910 395
1788920 395
1788930 395
1788940 395
1788950 396
1788960 396
1788970 396
1788980 396
1788990 397
1789000 397
1789010 397
1789020 397
1789030 397
1789040 396
1789050 395
1789060 395
1789070 394
1789080 394
1789090 394
1789100 393
1789110 393
1789120 393
1789130 393
1789140 393
1789150 392
1789160 392
1789170 392
1789180 391
1789190 391
1789200 391
1789210 391
1789220 391
1789230 391
1789240 390
1789250 390
1789260 390
1789270 390
1789280 390
1789290 390
1789300 390
1789310 390
1789320 390
1789330 390
1789340 390
1789350 390
1789360 390
1789370 390
1789380 390
1789390 390
1789400 390
1789410 390
1789420 390
1789430 390
1789440 390
1789450 390
1789460 389
1789470 389
1789480 389
1789490 389
1789500 389
1789510 389
1789520 389
1789530 389
1789540 389
1789550 389
1789560 389
1789570 389
1789580 389
1789590 389
1789600 389
1789610 389
1789620 389
1789630 390
1789640 390
1789650 390
1789660 391
1789670 391
1789680 391
1789690 391
1789700 392
1789710 392
1789720 392
1789730 392
1789740 392
1789750 392
1789760 392
1789770 392
1789780 392
1789790 392
1789800 392
1789810 392
1789820 392
1789830 392
1789840 392
1789850 392
1789860 392
1789870 392
1789880 392
1789890 392
1789900 392
1789910 392
1789920 391
1789930 391
1789940 392
1789950 392
1789960 392
1789970 392
1789980 392
1789990 393
1790000 393
1790010 393
1790020 393
1790030 393
1790040 394
1790050 394
1790060 394
1790070 394
1790080 393
1790090 393
1790100 393
1790110 393
1790120 393
1790130 392
1790140 392
1790150 392
1790160 391
1790170 390
1790180 390
1790190 389
1790200 389
1790210 389
1790220 389
1790230 389
1790240 389
1790250 389
1790260 388
1790270 388
1790280 388
1790290 388
1790300 388
1790310 388
1790320 388
1790330 389
1790340 388
1790350 388
1790360 386
1790370 385
1790380 385
1790390 385
1790400 384
1790410 384
1790420 384
1790430 383
1790440 383
1790450 383
1790460 382
1790470 382
1790480 382
1790490 382
1790500 382
1790510 382
1790520 382
1790530 383
1790540 383
1790550 383
1790560 383
1790570 383
1790580 383
1790590 383
1790600 383
1790610 383
1790620 383
1790630 382
1790640 382
1790650 381
1790660 381
1790670 381
1790680 380
1790690 380
1790700 380
1790710 380
1790720 380
1790730 379
1790740 379
1790750 379
1790760 379
1790770 379
1790780 379
1790790 379
1790800 378
1790810 378
1790820 378
1790830 378
1790840 378
1790850 378
1790860 377
1790870 377
1790880 377
1790890 377
1790900 377
1790910 377
1790920 377
1790930 376
1790940 376
1790950 376
1790960 376
1790970 376
1790980 376
1790990 376
1791000 375
1791010 375
1791020 375
1791030 375
1791040 375
1791050 374
1791060 374
1791070 374
1791080 374
1791090 374
1791100 374
1791110 374
1791120 373
1791130 373
1791140 373
1791150 373
1791160 373
1791170 373
1791180 373
1791190 373
1791200 373
1791210 373
1791220 373
1791230 373
1791240 374
1791250 374
1791260 374
1791270 374
1791280 374
1791290 374
1791300 374
1791310 373
1791320 373
1791330 373
1791340 373
1791350 373
1791360 373
1791370 373
1791380 373
1791390 373
1791400 373
1791410 373
1791420 373
1791430 373
1791440 373
1791450 373
1791460 373
1791470 373
1791480 373
1791490 372
1791500 372
1791510 372
1791520 372
1791530 372
1791540 372
1791550 372
1791560 371
1791570 371
1791580 371
1791590 371
1791600 370
1791610 370
1791620 369
1791630 369
1791640 369
1791650 368
1791660 368
1791670 368
1791680 367
1791690 367
1791700 367
1791710 367
1791720 366
1791730 366
1791740 366
1791750 366
1791760 366
1791770 366
1791780 366
1791790 366
1791800 366
1791810 366
1791820 365
1791830 365
1791840 365
1791850 365
1791860 365
1791870 364
1791880 364
1791890 363
1791900 363
1791910 362
1791920 362
1791930 362
1791940 362
1791950 361
1791960 361
1791970 361
1791980 360
1791990 360
1792000 360
1792010 360
1792020 360
1792030 359
1792040 359
1792050 359
1792060 359
1792070 359
1792080 359
1792090 359
1792100 359
1792110 359
1792120 359
1792130 359
1792140 359
1792150 358
1792160 358
1792170 358
1792180 358
1792190 358
1792200 358
1792210 357
1792220 357
1792230 357
1792240 356
1792250 356
1792260 355
1792270 355
1792280 355
1792290 355
1792300 354
1792310 354
1792320 354
1792330 354
1792340 353
1792350 353
1792360 353
1792370 353
1792380 352
1792390 352
1792400 352
1792410 351
1792420 351
1792430 351
1792440 350
1792450 350
1792460 350
1792470 349
1792480 349
1792490 349
1792500 348
1792510 348
1792520 348
1792530 348
1792540 347
1792550 347
1792560 347
1792570 346
1792580 346
1792590 346
1792600 346
1792610 345
1792620 345
1792630 344
1792640 344
1792650 344
1792660 343
1792670 343
1792680 343
1792690 343
1792700 342
1792710 342
1792720 342
1792730 341
1792740 341
1792750 341
1792760 340
1792770 340
1792780 340
1792790 340
1792800 340
1792810 339
1792820 339
1792830 339
1792840 338
1792850 338
1792860 337
1792870 337
1792880 337
1792890 337
1792900 337
1792910 337
1792920 337
1792930 337
1792940 336
1792950 336
1792960 336
1792970 336
1792980 336
1792990 335
1793000 335
1793010 335
1793020 335
1793030 335
1793040 335
1793050 335
1793060 335
1793070 335
1793080 334
1793090 334
1793100 334
1793110 334
1793120 334
1793130 334
1793140 334
1793150 334
1793160 334
1793170 334
1793180 334
1793190 334
1793200 334
1793210 334
1793220 334
1793230 334
1793240 334
1793250 334
1793260 334
1793270 334
1793280 334
1793290 334
1793300 334
1793310 334
1793320 334
1793330 334
1793340 334
1793350 334
1793360 334
1793370 334
1793380 334
1793390 334
1793400 334
1793410 334
1793420 334
1793430 334
1793440 334
1793450 334
1793460 334
1793470 334
1793480 334
1793490 335
1793500 335
1793510 338
1793520 340
1793530 341
1793540 342
1793550 342
1793560 342
1793570 342
1793580 342
1793590 342
1793600 342
1793610 342
1793620 342
1793630 342
1793640 342
1793650 342
1793660 342
1793670 342
1793680 342
1793690 342
1793700 342
1793710 341
1793720 341
1793730 341
1793740 341
1793750 341
1793760 340
1793770 338
1793780 336
1793790 335
1793800 334
1793810 334
1793820 334
1793830 334
1793840 334
1793850 334
1793860 334
1793870 334
1793880 334
1793890 333
1793900 333
1793910 333
1793920 333
1793930 333
1793940 333
1793950 333
1793960 333
1793970 333
1793980 333
1793990 333
1794000 333
1794010 333
1794020 333
1794030 333
1794040 332
1794050 332
1794060 332
1794070 332
1794080 332
1794090 332
1794100 332
1794110 332
1794120 333
1794130 333
1794140 333
1794150 333
1794160 333
1794170 333
1794180 332
1794190 332
1794200 332
1794210 332
1794220 332
1794230 332
1794240 332
1794250 332
1794260 332
1794270 332
1794280 332
1794290 333
1794300 333
1794310 333
1794320 332
1794330 332
1794340 332
1794350 332
1794360 332
1794370 332
1794380 332
1794390 332
1794400 332
1794410 332
1794420 332
1794430 332
1794440 332
1794450 331
1794460 331
1794470 331
1794480 332
1794490 332
1794500 332
1794510 332
1794520 332
1794530 332
1794540 332
1794550 332
1794560 332
1794570 331
1794580 331
1794590 331
1794600 331
1794610 331
1794620 331
1794630 331
1794640 331
1794650 331
1794660 331
1794670 331
1794680 331
1794690 331
1794700 331
1794710 331
1794720 331
1794730 331
1794740 331
1794750 331
1794760 331
1794770 331
1794780 331
1794790 331
1794800 331
1794810 331
1794820 331
1794830 331
1794840 331
1794850 331
1794860 331
1794870 331
1794880 330
1794890 330
1794900 330
1794910 330
1794920 330
1794930 330
1794940 330
1794950 330
1794960 330
1794970 330
1794980 330
1794990 330
1795000 330
1795010 330
1795020 330
1795030 330
1795040 330
1795050 330
1795060 330
1795070 330
1795080 330
1795090 330
1795100 330
1795110 330
1795120 330
1795130 330
1795140 330
1795150 330
1795160 330
1795170 330
1795180 330
1795190 330
1795200 330
1795210 330
1795220 330
1795230 330
1795240 330
1795250 330
1795260 330
1795270 329
1795280 329
1795290 329
1795300 329
1795310 329
1795320 329
1795330 329
1795340 329
1795350 329
1795360 329
1795370 329
1795380 329
1795390 329
1795400 329
1795410 329
1795420 329
1795430 329
1795440 329
1795450 329
1795460 329
1795470 329
1795480 329
1795490 329
1795500 329
1795510 329
1795520 329
1795530 329
1795540 328
1795550 328
1795560 328
1795570 328
1795580 328
1795590 328
1795600 328
1795610 328
1795620 328
1795630 328
1795640 328
1795650 328
1795660 328
1795670 328
1795680 328
1795690 328
1795700 328
1795710 328
1795720 328
1795730 328
1795740 328
1795750 328
1795760 328
1795770 328
1795780 328
1795790 328
1795800 328
1795810 328
1795820 328
1795830 328
1795840 327
1795850 327
1795860 327
1795870 327
1795880 327
1795890 327
1795900 327
1795910 327
1795920 327
1795930 327
1795940 327
1795950 327
1795960 327
1795970 327
1795980 327
1795990 327
1796000 327
1796010 327
1796020 327
1796030 327
1796040 327
1796050 327
1796060 327
1796070 327
1796080 327
1796090 327
1796100 327
1796110 326
1796120 326
1796130 326
1796140 326
1796150 326
1796160 326
1796170 326
1796180 326
1796190 326
1796200 326
1796210 326
1796220 326
1796230 326
1796240 326
1796250 326
1796260 326
1796270 326
1796280 326
1796290 326
1796300 326
1796310 326
1796320 326
1796330 326
1796340 326
1796350 326
1796360 326
1796370 326
1796380 326
1796390 326
1796400 326
1796410 326
1796420 325
1796430 325
1796440 325
1796450 325
1796460 325
1796470 325
1796480 325
1796490 325
1796500 325
1796510 325
1796520 325
1796530 325
1796540 325
1796550 325
1796560 325
1796570 325
1796580 325
1796590 325
1796600 325
1796610 325
1796620 325
1796630 325
1796640 325
1796650 325
1796660 325
1796670 325
1796680 325
1796690 324
1796700 324
1796710 324
1796720 324
1796730 324
1796740 324
1796750 324
1796760 324
1796770 324
1796780 324
1796790 324
1796800 324
1796810 324
1796820 324
1796830 324
1796840 324
1796850 324
1796860 324
1796870 324
1796880 324
1796890 324
1796900 324
1796910 324
1796920 324
1796930 323
1796940 323
1796950 323
1796960 323
1796970 323
1796980 323
1796990 323
1797000 323
1797010 323
1797020 323
1797030 323
1797040 323
1797050 323
1797060 323
1797070 323
1797080 323
1797090 323
1797100 323
1797110 322
1797120 322
1797130 322
1797140 322
1797150 322
1797160 322
1797170 322
1797180 322
1797190 322
1797200 322
1797210 322
1797220 322
1797230 322
1797240 322
1797250 322
1797260 322
1797270 322
1797280 322
1797290 322
1797300 322
1797310 322
1797320 322
1797330 322
1797340 322
1797350 321
1797360 321
1797370 321
1797380 321
1797390 321
1797400 321
1797410 321
1797420 321
1797430 321
1797440 321
1797450 321
1797460 321
1797470 321
1797480 321
1797490 321
1797500 321
1797510 321
1797520 321
1797530 320
1797540 320
1797550 320
1797560 320
1797570 320
1797580 320
1797590 320
1797600 320
1797610 320
1797620 320
1797630 320
1797640 320
1797650 320
1797660 320
1797670 320
1797680 320
1797690 320
1797700 320
1797710 320
1797720 320
1797730 320
1797740 320
1797750 320
1797760 320
1797770 320
1797780 320
1797790 320
1797800 320
1797810 320
1797820 319
1797830 319
1797840 319
1797850 319
1797860 319
1797870 319
1797880 319
1797890 319
1797900 319
1797910 319
1797920 319
1797930 319
1797940 319
1797950 319
1797960 319
1797970 319
1797980 319
1797990 319
1798000 319
1798010 319
1798020 319
1798030 319
1798040 319
1798050 319
1798060 319
1798070 319
1798080 319
1798090 319
1798100 319
1798110 319
1798120 319
1798130 319
1798140 319
1798150 319
1798160 319
1798170 318
1798180 318
1798190 318
1798200 318
1798210 318
1798220 318
1798230 318
1798240 318
1798250 318
1798260 318
1798270 318
1798280 318
1798290 318
1798300 318
1798310 318
1798320 318
1798330 318
1798340 318
1798350 318
1798360 318
1798370 318
1798380 317
1798390 317
1798400 317
1798410 317
1798420 317
1798430 317
1798440 317
1798450 317
1798460 317
1798470 317
1798480 317
1798490 317
1798500 317
1798510 317
1798520 317
1798530 317
1798540 317
1798550 317
1798560 317
1798570 317
1798580 316
1798590 316
1798600 316
1798610 316
1798620 316
1798630 316
1798640 316
1798650 316
1798660 316
1798670 316
1798680 316
1798690 316
1798700 316
1798710 316
1798720 316
1798730 316
1798740 316
1798750 316
1798760 316
1798770 316
1798780 316
1798790 316
1798800 316
1798810 316
1798820 316
1798830 315
1798840 315
1798850 315
1798860 315
1798870 315
1798880 315
1798890 315
1798900 315
1798910 315
1798920 315
1798930 315
1798940 315
1798950 315
1798960 315
1798970 315
1798980 315
1798990 315
1799000 315
1799010 315
1799020 315
1799030 315
1799040 315
1799050 315
1799060 315
1799070 315
1799080 315
1799090 315
1799100 315
1799110 315
1799120 315
1799130 314
1799140 314
1799150 314
1799160 314
1799170 314
1799180 314
1799190 314
1799200 314
1799210 314
1799220 314
1799230 314
1799240 314
1799250 314
1799260 314
1799270 314
1799280 314
1799290 314
1799300 314
1799310 314
1799320 314
1799330 314
1799340 314
1799350 314
1799360 314
1799370 313
1799380 313
1799390 313
1799400 313
1799410 313
1799420 313
1799430 313
1799440 313
1799450 313
1799460 313
1799470 313
1799480 313
1799490 313
1799500 313
1799510 313
1799520 313
1799530 313
1799540 313
1799550 313
1799560 313
1799570 313
1799580 313
1799590 313
1799600 313
1799610 313
1799620 313
1799630 313
1799640 313
1799650 313
1799660 312
1799670 312
1799680 312
1799690 312
1799700 312
1799710 312
1799720 312
1799730 312
1799740 312
1799750 312
1799760 312
1799770 312
1799780 312
1799790 312
1799800 312
1799810 312
1799820 312
1799830 312
1799840 312
1799850 312
1799860 312
1799870 311
1799880 311
1799890 311
1799900 311
1799910 311
1799920 311
1799930 311
1799940 311
1799950 311
1799960 311
1799970 311
1799980 311
1799990 311
