1780000 543
1780010 538
1780020 533
1780030 531
1780040 529
1780050 529
1780060 529
1780070 529
1780080 529
1780090 529
1780100 531
1780110 534
1780120 538
1780130 542
1780140 546
1780150 550
1780160 554
1780170 558
1780180 562
1780190 566
1780200 570
1780210 574
1780220 577
1780230 580
1780240 581
1780250 581
1780260 581
1780270 581
1780280 582
1780290 582
1780300 582
1780310 582
1780320 582
1780330 582
1780340 582
1780350 583
1780360 584
1780370 584
1780380 584
1780390 583
1780400 581
1780410 579
1780420 577
1780430 574
1780440 572
1780450 571
1780460 569
1780470 569
1780480 568
1780490 567
1780500 566
1780510 565
1780520 564
1780530 564
1780540 564
1780550 563
1780560 563
1780570 563
1780580 563
1780590 564
1780600 564
1780610 564
1780620 564
1780630 564
1780640 564
1780650 565
1780660 564
1780670 563
1780680 562
1780690 561
1780700 560
1780710 558
1780720 557
1780730 557
1780740 556
1780750 555
1780760 554
1780770 553
1780780 552
1780790 551
1780800 551
1780810 550
1780820 550
1780830 549
1780840 549
1780850 548
1780860 548
1780870 548
1780880 548
1780890 547
1780900 547
1780910 547
1780920 547
1780930 546
1780940 546
1780950 546
1780960 546
1780970 546
1780980 546
1780990 545
1781000 545
1781010 545
1781020 544
1781030 544
1781040 544
1781050 543
1781060 543
1781070 542
1781080 541
1781090 540
1781100 539
1781110 538
1781120 537
1781130 537
1781140 536
1781150 536
1781160 535
1781170 535
1781180 535
1781190 535
1781200 535
1781210 535
1781220 535
1781230 535
1781240 535
1781250 536
1781260 536
1781270 536
1781280 537
1781290 537
1781300 538
1781310 538
1781320 538
1781330 538
1781340 538
1781350 538
1781360 538
1781370 539
1781380 539
1781390 539
1781400 540
1781410 540
1781420 541
1781430 541
1781440 541
1781450 541
1781460 541
1781470 541
1781480 541
1781490 541
1781500 541
1781510 541
1781520 541
1781530 541
1781540 541
1781550 540
1781560 540
1781570 541
1781580 541
1781590 540
1781600 540
1781610 540
1781620 540
1781630 540
1781640 539
1781650 539
1781660 539
1781670 539
1781680 539
1781690 539
1781700 539
1781710 539
1781720 539
1781730 539
1781740 539
1781750 539
1781760 539
1781770 539
1781780 538
1781790 538
1781800 538
1781810 538
1781820 538
1781830 538
1781840 538
1781850 538
1781860 538
1781870 538
1781880 538
1781890 538
1781900 537
1781910 537
1781920 536
1781930 536
1781940 535
1781950 533
1781960 532
1781970 532
1781980 532
1781990 531
1782000 530
1782010 530
1782020 529
1782030 528
1782040 527
1782050 527
1782060 526
1782070 526
1782080 526
1782090 526
1782100 526
1782110 526
1782120 526
1782130 526
1782140 526
1782150 526
1782160 526
1782170 526
1782180 526
1782190 526
1782200 526
1782210 527
1782220 526
1782230 526
1782240 526
1782250 526
1782260 525
1782270 525
1782280 525
1782290 524
1782300 524
1782310 524
1782320 524
1782330 524
1782340 524
1782350 523
1782360 523
1782370 523
1782380 523
1782390 522
1782400 522
1782410 522
1782420 522
1782430 522
1782440 521
1782450 521
1782460 521
1782470 521
1782480 521
1782490 521
1782500 521
1782510 521
1782520 520
1782530 520
1782540 520
1782550 520
1782560 520
1782570 520
1782580 519
1782590 519
1782600 519
1782610 519
1782620 518
1782630 518
1782640 518
1782650 518
1782660 518
1782670 517
1782680 517
1782690 516
1782700 515
1782710 515
1782720 515
1782730 514
1782740 514
1782750 513
1782760 513
1782770 513
1782780 513
1782790 512
1782800 513
1782810 513
1782820 513
1782830 514
1782840 514
1782850 514
1782860 515
1782870 516
1782880 516
1782890 517
1782900 518
1782910 518
1782920 518
1782930 518
1782940 518
1782950 518
1782960 518
1782970 518
1782980 517
1782990 517
1783000 516
1783010 516
1783020 516
1783030 516
1783040 516
1783050 516
1783060 515
1783070 515
1783080 515
1783090 514
1783100 514
1783110 513
1783120 512
1783130 510
1783140 508
1783150 507
1783160 505
1783170 504
1783180 503
1783190 502
1783200 501
1783210 500
1783220 499
1783230 498
1783240 497
1783250 496
1783260 495
1783270 495
1783280 494
1783290 494
1783300 493
1783310 493
1783320 492
1783330 492
1783340 492
1783350 492
1783360 492
1783370 491
1783380 491
1783390 490
1783400 489
1783410 488
1783420 487
1783430 486
1783440 485
1783450 485
1783460 484
1783470 483
1783480 483
1783490 482
1783500 481
1783510 479
1783520 478
1783530 477
1783540 477
1783550 478
1783560 477
1783570 477
1783580 476
1783590 476
1783600 475
1783610 475
1783620 474
1783630 473
1783640 472
1783650 471
1783660 471
1783670 470
1783680 469
1783690 469
1783700 469
1783710 468
1783720 468
1783730 467
1783740 467
1783750 467
1783760 466
1783770 466
1783780 466
1783790 465
1783800 465
1783810 464
1783820 464
1783830 463
1783840 463
1783850 462
1783860 462
1783870 461
1783880 460
1783890 460
1783900 459
1783910 458
1783920 457
1783930 457
1783940 456
1783950 455
1783960 454
1783970 453
1783980 452
1783990 451
1784000 451
1784010 450
1784020 451
1784030 452
1784040 454
1784050 453
1784060 454
1784070 454
1784080 454
1784090 454
1784100 454
1784110 454
1784120 454
1784130 454
1784140 454
1784150 454
1784160 453
1784170 453
1784180 452
1784190 450
1784200 447
1784210 444
1784220 441
1784230 441
1784240 441
1784250 440
1784260 439
1784270 438
1784280 438
1784290 438
1784300 438
1784310 438
1784320 438
1784330 438
1784340 438
1784350 437
1784360 437
1784370 438
1784380 438
1784390 438
1784400 437
1784410 437
1784420 437
1784430 437
1784440 437
1784450 437
1784460 436
1784470 436
1784480 436
1784490 435
1784500 435
1784510 435
1784520 435
1784530 435
1784540 435
1784550 435
1784560 435
1784570 435
1784580 435
1784590 434
1784600 434
1784610 434
1784620 434
1784630 434
1784640 434
1784650 434
1784660 433
1784670 433
1784680 433
1784690 433
1784700 434
1784710 434
1784720 434
1784730 434
1784740 434
1784750 434
1784760 435
1784770 435
1784780 435
1784790 435
1784800 435
1784810 435
1784820 435
1784830 435
1784840 435
1784850 436
1784860 436
1784870 436
1784880 436
1784890 436
1784900 436
1784910 436
1784920 437
1784930 437
1784940 437
1784950 438
1784960 439
1784970 440
1784980 441
1784990 442
1785000 443
1785010 445
1785020 446
1785030 447
1785040 448
1785050 449
1785060 450
1785070 452
1785080 453
1785090 454
1785100 455
1785110 456
1785120 458
1785130 459
1785140 460
1785150 461
1785160 462
1785170 463
1785180 464
1785190 465
1785200 466
1785210 466
1785220 467
1785230 467
1785240 466
1785250 465
1785260 464
1785270 462
1785280 460
1785290 458
1785300 456
1785310 455
1785320 453
1785330 452
1785340 451
1785350 450
1785360 448
1785370 448
1785380 447
1785390 445
1785400 444
1785410 443
1785420 442
1785430 441
1785440 440
1785450 440
1785460 439
1785470 438
1785480 437
1785490 437
1785500 436
1785510 436
1785520 436
1785530 435
1785540 435
1785550 435
1785560 435
1785570 434
1785580 434
1785590 434
1785600 433
1785610 433
1785620 433
1785630 433
1785640 433
1785650 433
1785660 433
1785670 433
1785680 433
1785690 433
1785700 433
1785710 433
1785720 433
1785730 433
1785740 433
1785750 434
1785760 434
1785770 435
1785780 435
1785790 436
1785800 437
1785810 438
1785820 439
1785830 440
1785840 440
1785850 440
1785860 439
1785870 438
1785880 438
1785890 440
1785900 442
1785910 446
1785920 449
1785930 452
1785940 453
1785950 455
1785960 456
1785970 458
1785980 459
1785990 459
1786000 460
1786010 461
1786020 461
1786030 462
1786040 462
1786050 462
1786060 463
1786070 463
1786080 463
1786090 463
1786100 464
1786110 464
1786120 464
1786130 465
1786140 465
1786150 465
1786160 465
1786170 465
1786180 465
1786190 465
1786200 465
1786210 465
1786220 465
1786230 465
1786240 465
1786250 465
1786260 465
1786270 465
1786280 465
1786290 465
1786300 465
1786310 465
1786320 465
1786330 466
1786340 466
1786350 466
1786360 466
1786370 467
1786380 468
1786390 469
1786400 471
1786410 472
1786420 473
1786430 475
1786440 476
1786450 477
1786460 478
1786470 477
1786480 477
1786490 476
1786500 474
1786510 473
1786520 472
1786530 471
1786540 471
1786550 471
1786560 470
1786570 470
1786580 469
1786590 469
1786600 468
1786610 466
1786620 465
1786630 463
1786640 461
1786650 458
1786660 456
1786670 453
1786680 451
1786690 449
1786700 446
1786710 444
1786720 442
1786730 440
1786740 439
1786750 437
1786760 435
1786770 434
1786780 432
1786790 431
1786800 429
1786810 428
1786820 426
1786830 425
1786840 424
1786850 423
1786860 423
1786870 423
1786880 422
1786890 422
1786900 422
1786910 421
1786920 421
1786930 420
1786940 420
1786950 420
1786960 420
1786970 420
1786980 420
1786990 420
1787000 420
1787010 420
1787020 420
1787030 420
1787040 420
1787050 420
1787060 419
1787070 419
1787080 419
1787090 419
1787100 418
1787110 418
1787120 418
1787130 417
1787140 417
1787150 417
1787160 417
1787170 416
1787180 416
1787190 416
1787200 415
1787210 415
1787220 415
1787230 414
1787240 414
1787250 414
1787260 413
1787270 413
1787280 412
1787290 412
1787300 411
1787310 411
1787320 411
1787330 410
1787340 410
1787350 409
1787360 409
1787370 408
1787380 408
1787390 407
1787400 407
1787410 406
1787420 406
1787430 405
1787440 405
1787450 404
1787460 404
1787470 403
1787480 403
1787490 402
1787500 402
1787510 402
1787520 401
1787530 401
1787540 400
1787550 400
1787560 399
1787570 399
1787580 398
1787590 398
1787600 397
1787610 397
1787620 396
1787630 396
1787640 396
1787650 395
1787660 395
1787670 394
1787680 394
1787690 394
1787700 393
1787710 393
1787720 392
1787730 392
1787740 391
1787750 391
1787760 390
1787770 390
1787780 389
1787790 388
1787800 388
1787810 387
1787820 386
1787830 386
1787840 385
1787850 385
1787860 384
1787870 384
1787880 384
1787890 384
1787900 383
1787910 383
1787920 383
1787930 382
1787940 382
1787950 382
1787960 382
1787970 382
1787980 381
1787990 381
1788000 381
1788010 381
1788020 381
1788030 381
1788040 380
1788050 380
1788060 380
1788070 380
1788080 379
1788090 379
1788100 379
1788110 379
1788120 379
1788130 379
1788140 378
1788150 378
1788160 378
1788170 378
1788180 378
1788190 378
1788200 377
1788210 377
1788220 377
1788230 377
1788240 377
1788250 377
1788260 377
1788270 377
1788280 376
1788290 376
1788300 376
1788310 376
1788320 376
1788330 376
1788340 375
1788350 375
1788360 375
1788370 375
1788380 375
1788390 375
1788400 375
1788410 374
1788420 374
1788430 374
1788440 374
1788450 374
1788460 374
1788470 374
1788480 373
1788490 373
1788500 373
1788510 372
1788520 372
1788530 372
1788540 372
1788550 371
1788560 371
1788570 371
1788580 371
1788590 370
1788600 370
1788610 370
1788620 370
1788630 370
1788640 369
1788650 369
1788660 369
1788670 369
1788680 369
1788690 369
1788700 369
1788710 368
1788720 368
1788730 368
1788740 368
1788750 368
1788760 368
1788770 368
1788780 367
1788790 367
1788800 367
1788810 368
1788820 368
1788830 368
1788840 368
1788850 367
1788860 367
1788870 366
1788880 366
1788890 366
1788900 366
1788910 365
1788920 365
1788930 365
1788940 365
1788950 365
1788960 365
1788970 365
1788980 365
1788990 364
1789000 364
1789010 364
1789020 364
1789030 364
1789040 364
1789050 364
1789060 364
1789070 364
1789080 364
1789090 364
1789100 364
1789110 364
1789120 364
1789130 364
1789140 363
1789150 363
1789160 363
1789170 363
1789180 363
1789190 363
1789200 363
1789210 363
1789220 363
1789230 363
1789240 363
1789250 363
1789260 363
1789270 363
1789280 363
1789290 362
1789300 362
1789310 362
1789320 362
1789330 362
1789340 362
1789350 362
1789360 362
1789370 362
1789380 362
1789390 361
1789400 361
1789410 361
1789420 361
1789430 361
1789440 361
1789450 361
1789460 361
1789470 361
1789480 361
1789490 361
1789500 360
1789510 360
1789520 360
1789530 360
1789540 360
1789550 360
1789560 360
1789570 360
1789580 360
1789590 360
1789600 360
1789610 359
1789620 359
1789630 359
1789640 359
1789650 359
1789660 359
1789670 359
1789680 359
1789690 359
1789700 359
1789710 359
1789720 359
1789730 358
1789740 358
1789750 358
1789760 358
1789770 358
1789780 358
1789790 358
1789800 358
1789810 358
1789820 358
1789830 358
1789840 358
1789850 358
1789860 357
1789870 357
1789880 357
1789890 357
1789900 357
1789910 357
1789920 357
1789930 357
1789940 357
1789950 357
1789960 357
1789970 357
1789980 357
1789990 356
1790000 356
1790010 356
1790020 356
1790030 356
1790040 356
1790050 356
1790060 356
1790070 356
1790080 356
1790090 356
1790100 356
1790110 355
1790120 355
1790130 355
1790140 355
1790150 355
1790160 355
1790170 355
1790180 355
1790190 355
1790200 355
1790210 354
1790220 354
1790230 354
1790240 354
1790250 354
1790260 354
1790270 354
1790280 354
1790290 354
1790300 354
1790310 354
1790320 354
1790330 354
1790340 353
1790350 353
1790360 353
1790370 353
1790380 353
1790390 353
1790400 353
1790410 353
1790420 353
1790430 353
1790440 353
1790450 353
1790460 353
1790470 352
1790480 352
1790490 352
1790500 352
1790510 352
1790520 352
1790530 352
1790540 352
1790550 352
1790560 352
1790570 352
1790580 352
1790590 352
1790600 352
1790610 352
1790620 351
1790630 351
1790640 351
1790650 351
1790660 351
1790670 351
1790680 351
1790690 351
1790700 350
1790710 350
1790720 350
1790730 350
1790740 350
1790750 350
1790760 350
1790770 350
1790780 350
1790790 350
1790800 350
1790810 349
1790820 349
1790830 349
1790840 349
1790850 349
1790860 349
1790870 349
1790880 349
1790890 349
1790900 349
1790910 349
1790920 349
1790930 349
1790940 349
1790950 348
1790960 348
1790970 348
1790980 348
1790990 348
1791000 348
1791010 348
1791020 348
1791030 348
1791040 348
1791050 348
1791060 348
1791070 348
1791080 348
1791090 347
1791100 347
1791110 347
1791120 347
1791130 347
1791140 347
1791150 347
1791160 346
1791170 346
1791180 346
1791190 346
1791200 346
1791210 346
1791220 346
1791230 346
1791240 346
1791250 346
1791260 346
1791270 346
1791280 346
1791290 346
1791300 346
1791310 346
1791320 346
1791330 346
1791340 345
1791350 345
1791360 345
1791370 345
1791380 345
1791390 345
1791400 345
1791410 345
1791420 345
1791430 345
1791440 345
1791450 345
1791460 345
1791470 344
1791480 344
1791490 344
1791500 344
1791510 344
1791520 344
1791530 344
1791540 344
1791550 344
1791560 344
1791570 344
1791580 344
1791590 344
1791600 343
1791610 343
1791620 343
1791630 343
1791640 343
1791650 343
1791660 343
1791670 343
1791680 343
1791690 343
1791700 343
1791710 343
1791720 343
1791730 343
1791740 342
1791750 342
1791760 342
1791770 342
1791780 342
1791790 342
1791800 342
1791810 342
1791820 342
1791830 342
1791840 342
1791850 342
1791860 342
1791870 342
1791880 341
1791890 341
1791900 341
1791910 341
1791920 341
1791930 341
1791940 341
1791950 341
1791960 341
1791970 341
1791980 341
1791990 340
1792000 340
1792010 340
1792020 340
1792030 340
1792040 340
1792050 340
1792060 340
1792070 340
1792080 340
1792090 340
1792100 339
1792110 339
1792120 339
1792130 339
1792140 339
1792150 339
1792160 339
1792170 339
1792180 338
1792190 338
1792200 338
1792210 338
1792220 338
1792230 338
1792240 338
1792250 338
1792260 338
1792270 338
1792280 338
1792290 338
1792300 337
1792310 337
1792320 337
1792330 337
1792340 337
1792350 337
1792360 337
1792370 337
1792380 337
1792390 337
1792400 337
1792410 336
1792420 336
1792430 336
1792440 336
1792450 336
1792460 336
1792470 336
1792480 336
1792490 336
1792500 336
1792510 336
1792520 336
1792530 336
1792540 336
1792550 336
1792560 336
1792570 335
1792580 335
1792590 335
1792600 335
1792610 335
1792620 335
1792630 335
1792640 335
1792650 335
1792660 335
1792670 335
1792680 335
1792690 335
1792700 335
1792710 335
1792720 335
1792730 335
1792740 335
1792750 335
1792760 335
1792770 335
1792780 335
1792790 335
1792800 335
1792810 335
1792820 335
1792830 335
1792840 335
1792850 335
1792860 335
1792870 335
1792880 335
1792890 335
1792900 335
1792910 335
1792920 336
1792930 336
1792940 336
1792950 336
1792960 336
1792970 336
1792980 336
1792990 336
1793000 335
1793010 335
1793020 335
1793030 335
1793040 334
1793050 334
1793060 334
1793070 334
1793080 334
1793090 334
1793100 334
1793110 334
1793120 334
1793130 334
1793140 334
1793150 334
1793160 334
1793170 334
1793180 334
1793190 334
1793200 334
1793210 334
1793220 334
1793230 334
1793240 335
1793250 335
1793260 335
1793270 335
1793280 336
1793290 336
1793300 337
1793310 337
1793320 338
1793330 338
1793340 338
1793350 338
1793360 338
1793370 339
1793380 339
1793390 339
1793400 339
1793410 340
1793420 340
1793430 340
1793440 339
1793450 339
1793460 339
1793470 339
1793480 339
1793490 339
1793500 339
1793510 339
1793520 339
1793530 339
1793540 339
1793550 339
1793560 339
1793570 339
1793580 339
1793590 339
1793600 339
1793610 339
1793620 339
1793630 339
1793640 339
1793650 339
1793660 339
1793670 340
1793680 340
1793690 340
1793700 341
1793710 341
1793720 342
1793730 342
1793740 343
1793750 343
1793760 344
1793770 344
1793780 343
1793790 342
1793800 341
1793810 341
1793820 340
1793830 340
1793840 339
1793850 339
1793860 339
1793870 339
1793880 338
1793890 338
1793900 338
1793910 338
1793920 338
1793930 338
1793940 338
1793950 338
1793960 338
1793970 338
1793980 338
1793990 337
1794000 337
1794010 337
1794020 337
1794030 337
1794040 336
1794050 336
1794060 335
1794070 335
1794080 335
1794090 334
1794100 333
1794110 333
1794120 332
1794130 332
1794140 331
1794150 331
1794160 331
1794170 330
1794180 330
1794190 329
1794200 328
1794210 328
1794220 327
1794230 326
1794240 325
1794250 324
1794260 324
1794270 323
1794280 323
1794290 322
1794300 322
1794310 322
1794320 321
1794330 321
1794340 321
1794350 321
1794360 321
1794370 320
1794380 320
1794390 320
1794400 320
1794410 320
1794420 320
1794430 320
1794440 320
1794450 320
1794460 319
1794470 319
1794480 319
1794490 319
1794500 319
1794510 318
1794520 318
1794530 318
1794540 318
1794550 318
1794560 318
1794570 318
1794580 318
1794590 318
1794600 318
1794610 318
1794620 318
1794630 318
1794640 318
1794650 318
1794660 318
1794670 318
1794680 318
1794690 318
1794700 318
1794710 318
1794720 317
1794730 317
1794740 317
1794750 317
1794760 317
1794770 317
1794780 317
1794790 317
1794800 317
1794810 317
1794820 317
1794830 317
1794840 317
1794850 317
1794860 317
1794870 316
1794880 316
1794890 316
1794900 316
1794910 316
1794920 316
1794930 316
1794940 316
1794950 316
1794960 316
1794970 316
1794980 316
1794990 316
1795000 316
1795010 316
1795020 316
1795030 316
1795040 316
1795050 316
1795060 316
1795070 316
1795080 316
1795090 316
1795100 315
1795110 315
1795120 315
1795130 315
1795140 315
1795150 315
1795160 315
1795170 315
1795180 315
1795190 315
1795200 315
1795210 315
1795220 315
1795230 315
1795240 315
1795250 315
1795260 315
1795270 315
1795280 315
1795290 315
1795300 315
1795310 315
1795320 315
1795330 315
1795340 315
1795350 315
1795360 315
1795370 315
1795380 314
1795390 314
1795400 314
1795410 314
1795420 314
1795430 314
1795440 314
1795450 314
1795460 314
1795470 314
1795480 314
1795490 314
1795500 314
1795510 314
1795520 314
1795530 314
1795540 314
1795550 314
1795560 314
1795570 314
1795580 314
1795590 314
1795600 314
1795610 314
1795620 314
1795630 314
1795640 313
1795650 313
1795660 313
1795670 314
1795680 314
1795690 314
1795700 314
1795710 314
1795720 314
1795730 314
1795740 314
1795750 314
1795760 314
1795770 314
1795780 314
1795790 314
1795800 314
1795810 314
1795820 314
1795830 314
1795840 314
1795850 314
1795860 314
1795870 314
1795880 314
1795890 314
1795900 314
1795910 314
1795920 314
1795930 314
1795940 314
1795950 314
1795960 314
1795970 314
1795980 314
1795990 314
1796000 314
1796010 314
1796020 314
1796030 314
1796040 314
1796050 314
1796060 314
1796070 314
1796080 314
1796090 314
1796100 313
1796110 313
1796120 313
1796130 313
1796140 313
1796150 313
1796160 313
1796170 313
1796180 313
1796190 313
1796200 313
1796210 313
1796220 313
1796230 313
1796240 313
1796250 313
1796260 313
1796270 313
1796280 313
1796290 313
1796300 313
1796310 313
1796320 313
1796330 313
1796340 313
1796350 313
1796360 313
1796370 313
1796380 313
1796390 313
1796400 313
1796410 313
1796420 312
1796430 312
1796440 312
1796450 312
1796460 312
1796470 312
1796480 312
1796490 312
1796500 312
1796510 312
1796520 312
1796530 312
1796540 312
1796550 312
1796560 312
1796570 312
1796580 312
1796590 312
1796600 312
1796610 312
1796620 312
1796630 312
1796640 312
1796650 312
1796660 312
1796670 312
1796680 312
1796690 312
1796700 312
1796710 312
1796720 312
1796730 312
1796740 312
1796750 312
1796760 312
1796770 312
1796780 312
1796790 311
1796800 311
1796810 311
1796820 311
1796830 311
1796840 311
1796850 311
1796860 311
1796870 311
1796880 311
1796890 311
1796900 311
1796910 311
1796920 311
1796930 311
1796940 311
1796950 311
1796960 311
1796970 311
1796980 311
1796990 311
1797000 311
1797010 311
1797020 311
1797030 311
1797040 311
1797050 311
1797060 311
1797070 311
1797080 310
1797090 310
1797100 310
1797110 310
1797120 310
1797130 310
1797140 310
1797150 310
1797160 310
1797170 310
1797180 310
1797190 310
1797200 310
1797210 310
1797220 310
1797230 310
1797240 310
1797250 310
1797260 310
1797270 310
1797280 310
1797290 310
1797300 310
1797310 309
1797320 309
1797330 309
1797340 309
1797350 309
1797360 309
1797370 309
1797380 309
1797390 309
1797400 309
1797410 309
1797420 309
1797430 309
1797440 309
1797450 309
1797460 309
1797470 309
1797480 309
1797490 309
1797500 309
1797510 309
1797520 309
1797530 309
1797540 309
1797550 309
1797560 309
1797570 309
1797580 308
1797590 308
1797600 308
1797610 308
1797620 308
1797630 308
1797640 308
1797650 308
1797660 308
1797670 308
1797680 308
1797690 308
1797700 308
1797710 308
1797720 308
1797730 308
1797740 308
1797750 308
1797760 308
1797770 308
1797780 308
1797790 308
1797800 308
1797810 308
1797820 308
1797830 308
1797840 307
1797850 307
1797860 307
1797870 307
1797880 307
1797890 307
1797900 307
1797910 307
1797920 307
1797930 307
1797940 307
1797950 307
1797960 307
1797970 307
1797980 307
1797990 307
1798000 307
1798010 307
1798020 307
1798030 307
1798040 307
1798050 307
1798060 307
1798070 307
1798080 307
1798090 307
1798100 307
1798110 307
1798120 307
1798130 307
1798140 307
1798150 307
1798160 307
1798170 307
1798180 307
1798190 307
1798200 307
1798210 307
1798220 307
1798230 307
1798240 306
1798250 306
1798260 306
1798270 306
1798280 306
1798290 306
1798300 306
1798310 306
1798320 306
1798330 306
1798340 306
1798350 306
1798360 306
1798370 306
1798380 306
1798390 306
1798400 306
1798410 306
1798420 306
1798430 306
1798440 306
1798450 306
1798460 306
1798470 306
1798480 306
1798490 305
1798500 305
1798510 305
1798520 305
1798530 305
1798540 305
1798550 305
1798560 305
1798570 305
1798580 305
1798590 305
1798600 305
1798610 305
1798620 305
1798630 305
1798640 305
1798650 305
1798660 305
1798670 305
1798680 305
1798690 305
1798700 305
1798710 305
1798720 304
1798730 304
1798740 304
1798750 304
1798760 304
1798770 304
1798780 304
1798790 304
1798800 304
1798810 304
1798820 304
1798830 304
1798840 304
1798850 304
1798860 304
1798870 304
1798880 304
1798890 304
1798900 304
1798910 304
1798920 304
1798930 304
1798940 304
1798950 304
1798960 304
1798970 303
1798980 303
1798990 303
1799000 303
1799010 303
1799020 303
1799030 303
1799040 303
1799050 303
1799060 303
1799070 303
1799080 303
1799090 303
1799100 303
1799110 303
1799120 303
1799130 303
1799140 303
1799150 303
1799160 303
1799170 303
1799180 303
1799190 302
1799200 302
1799210 302
1799220 302
1799230 302
1799240 302
1799250 302
1799260 302
1799270 302
1799280 302
1799290 302
1799300 302
1799310 302
1799320 302
1799330 302
1799340 302
1799350 302
1799360 302
1799370 302
1799380 302
1799390 302
1799400 302
1799410 302
1799420 301
1799430 301
1799440 301
1799450 301
1799460 301
1799470 301
1799480 301
1799490 301
1799500 301
1799510 301
1799520 301
1799530 301
1799540 301
1799550 301
1799560 301
1799570 301
1799580 301
1799590 301
1799600 301
1799610 301
1799620 301
1799630 301
1799640 301
1799650 301
1799660 301
1799670 301
1799680 301
1799690 301
1799700 301
1799710 300
1799720 300
1799730 300
1799740 300
1799750 300
1799760 300
1799770 300
1799780 300
1799790 300
1799800 300
1799810 300
1799820 300
1799830 300
1799840 300
1799850 300
1799860 300
1799870 300
1799880 300
1799890 300
1799900 300
1799910 300
1799920 300
1799930 300
1799940 300
1799950 299
1799960 299
1799970 299
1799980 299
1799990 299
