1780000 558
1780010 559
1780020 560
1780030 561
1780040 562
1780050 563
1780060 564
1780070 564
1780080 565
1780090 566
1780100 566
1780110 567
1780120 567
1780130 567
1780140 568
1780150 568
1780160 568
1780170 569
1780180 569
1780190 569
1780200 570
1780210 570
1780220 570
1780230 570
1780240 570
1780250 570
1780260 570
1780270 570
1780280 569
1780290 569
1780300 568
1780310 568
1780320 567
1780330 566
1780340 566
1780350 565
1780360 565
1780370 564
1780380 564
1780390 563
1780400 563
1780410 562
1780420 561
1780430 561
1780440 560
1780450 559
1780460 558
1780470 557
1780480 557
1780490 556
1780500 556
1780510 556
1780520 555
1780530 555
1780540 555
1780550 555
1780560 555
1780570 555
1780580 555
1780590 555
1780600 555
1780610 555
1780620 556
1780630 556
1780640 556
1780650 556
1780660 556
1780670 556
1780680 556
1780690 556
1780700 556
1780710 556
1780720 557
1780730 557
1780740 557
1780750 557
1780760 557
1780770 557
1780780 557
1780790 558
1780800 558
1780810 558
1780820 558
1780830 558
1780840 558
1780850 559
1780860 559
1780870 559
1780880 559
1780890 559
1780900 560
1780910 560
1780920 560
1780930 561
1780940 561
1780950 561
1780960 561
1780970 562
1780980 562
1780990 562
1781000 562
1781010 562
1781020 563
1781030 563
1781040 563
1781050 563
1781060 563
1781070 563
1781080 563
1781090 564
1781100 564
1781110 564
1781120 564
1781130 564
1781140 564
1781150 564
1781160 564
1781170 564
1781180 564
1781190 564
1781200 563
1781210 563
1781220 563
1781230 563
1781240 563
1781250 563
1781260 564
1781270 564
1781280 564
1781290 564
1781300 564
1781310 565
1781320 565
1781330 565
1781340 566
1781350 566
1781360 566
1781370 566
1781380 567
1781390 567
1781400 567
1781410 567
1781420 568
1781430 568
1781440 568
1781450 568
1781460 569
1781470 569
1781480 570
1781490 570
1781500 571
1781510 571
1781520 572
1781530 574
1781540 575
1781550 576
1781560 577
1781570 578
1781580 578
1781590 579
1781600 580
1781610 581
1781620 582
1781630 584
1781640 585
1781650 586
1781660 587
1781670 588
1781680 589
1781690 590
1781700 591
1781710 592
1781720 593
1781730 594
1781740 595
1781750 596
1781760 596
1781770 598
1781780 599
1781790 601
1781800 602
1781810 604
1781820 605
1781830 607
1781840 608
1781850 609
1781860 610
1781870 611
1781880 612
1781890 613
1781900 615
1781910 616
1781920 618
1781930 620
1781940 622
1781950 624
1781960 626
1781970 628
1781980 630
1781990 631
1782000 632
1782010 632
1782020 632
1782030 632
1782040 631
1782050 631
1782060 631
1782070 631
1782080 631
1782090 631
1782100 631
1782110 632
1782120 632
1782130 633
1782140 634
1782150 635
1782160 637
1782170 639
1782180 640
1782190 641
1782200 642
1782210 643
1782220 645
1782230 647
1782240 649
1782250 651
1782260 653
1782270 655
1782280 657
1782290 660
1782300 662
1782310 665
1782320 668
1782330 671
1782340 674
1782350 676
1782360 678
1782370 680
1782380 681
1782390 682
1782400 683
1782410 683
1782420 684
1782430 685
1782440 685
1782450 685
1782460 686
1782470 686
1782480 686
1782490 686
1782500 686
1782510 685
1782520 685
1782530 684
1782540 684
1782550 685
1782560 685
1782570 685
1782580 685
1782590 684
1782600 684
1782610 684
1782620 683
1782630 683
1782640 682
1782650 682
1782660 681
1782670 681
1782680 680
1782690 680
1782700 679
1782710 679
1782720 678
1782730 678
1782740 678
1782750 677
1782760 676
1782770 676
1782780 675
1782790 674
1782800 674
1782810 673
1782820 673
1782830 673
1782840 673
1782850 672
1782860 672
1782870 672
1782880 671
1782890 671
1782900 671
1782910 671
1782920 671
1782930 670
1782940 670
1782950 669
1782960 669
1782970 668
1782980 666
1782990 664
1783000 661
1783010 658
1783020 655
1783030 653
1783040 651
1783050 649
1783060 647
1783070 645
1783080 643
1783090 641
1783100 638
1783110 636
1783120 633
1783130 631
1783140 629
1783150 627
1783160 625
1783170 623
1783180 621
1783190 619
1783200 617
1783210 615
1783220 614
1783230 613
1783240 611
1783250 610
1783260 609
1783270 608
1783280 606
1783290 605
1783300 604
1783310 603
1783320 603
1783330 602
1783340 601
1783350 600
1783360 599
1783370 598
1783380 598
1783390 597
1783400 597
1783410 596
1783420 595
1783430 595
1783440 594
1783450 593
1783460 592
1783470 592
1783480 591
1783490 591
1783500 590
1783510 589
1783520 588
1783530 587
1783540 586
1783550 585
1783560 583
1783570 582
1783580 580
1783590 579
1783600 577
1783610 575
1783620 573
1783630 571
1783640 569
1783650 567
1783660 565
1783670 563
1783680 561
1783690 560
1783700 558
1783710 557
1783720 555
1783730 554
1783740 553
1783750 552
1783760 550
1783770 549
1783780 548
1783790 546
1783800 545
1783810 543
1783820 542
1783830 540
1783840 538
1783850 536
1783860 535
1783870 533
1783880 532
1783890 531
1783900 529
1783910 527
1783920 525
1783930 523
1783940 521
1783950 519
1783960 517
1783970 516
1783980 514
1783990 512
1784000 510
1784010 508
1784020 506
1784030 504
1784040 502
1784050 500
1784060 498
1784070 496
1784080 494
1784090 492
1784100 490
1784110 489
1784120 488
1784130 487
1784140 486
1784150 485
1784160 484
1784170 483
1784180 481
1784190 480
1784200 477
1784210 475
1784220 472
1784230 470
1784240 468
1784250 467
1784260 466
1784270 466
1784280 466
1784290 465
1784300 464
1784310 463
1784320 461
1784330 461
1784340 461
1784350 461
1784360 461
1784370 461
1784380 461
1784390 461
1784400 461
1784410 462
1784420 462
1784430 462
1784440 462
1784450 462
1784460 462
1784470 462
1784480 462
1784490 463
1784500 463
1784510 463
1784520 463
1784530 463
1784540 463
1784550 463
1784560 463
1784570 463
1784580 462
1784590 462
1784600 462
1784610 462
1784620 462
1784630 462
1784640 462
1784650 462
1784660 461
1784670 461
1784680 461
1784690 461
1784700 461
1784710 461
1784720 461
1784730 461
1784740 461
1784750 461
1784760 461
1784770 461
1784780 460
1784790 460
1784800 460
1784810 460
1784820 459
1784830 459
1784840 459
1784850 458
1784860 458
1784870 458
1784880 457
1784890 457
1784900 457
1784910 457
1784920 457
1784930 457
1784940 457
1784950 457
1784960 457
1784970 457
1784980 457
1784990 458
1785000 458
1785010 458
1785020 458
1785030 459
1785040 459
1785050 459
1785060 460
1785070 460
1785080 461
1785090 461
1785100 462
1785110 462
1785120 462
1785130 462
1785140 462
1785150 463
1785160 463
1785170 464
1785180 464
1785190 465
1785200 465
1785210 466
1785220 466
1785230 467
1785240 468
1785250 469
1785260 470
1785270 471
1785280 472
1785290 473
1785300 474
1785310 475
1785320 476
1785330 478
1785340 479
1785350 480
1785360 481
1785370 483
1785380 484
1785390 486
1785400 488
1785410 490
1785420 492
1785430 494
1785440 495
1785450 497
1785460 499
1785470 500
1785480 502
1785490 503
1785500 505
1785510 506
1785520 508
1785530 509
1785540 511
1785550 512
1785560 513
1785570 515
1785580 516
1785590 518
1785600 519
1785610 521
1785620 523
1785630 525
1785640 527
1785650 528
1785660 529
1785670 531
1785680 532
1785690 533
1785700 534
1785710 535
1785720 536
1785730 537
1785740 538
1785750 538
1785760 539
1785770 541
1785780 542
1785790 543
1785800 544
1785810 545
1785820 546
1785830 547
1785840 548
1785850 548
1785860 549
1785870 550
1785880 551
1785890 552
1785900 553
1785910 555
1785920 556
1785930 556
1785940 557
1785950 557
1785960 558
1785970 558
1785980 558
1785990 558
1786000 558
1786010 558
1786020 558
1786030 558
1786040 558
1786050 558
1786060 558
1786070 557
1786080 557
1786090 557
1786100 556
1786110 556
1786120 555
1786130 555
1786140 555
1786150 555
1786160 554
1786170 554
1786180 554
1786190 554
1786200 554
1786210 554
1786220 553
1786230 553
1786240 553
1786250 553
1786260 553
1786270 553
1786280 553
1786290 553
1786300 554
1786310 554
1786320 554
1786330 554
1786340 554
1786350 554
1786360 554
1786370 554
1786380 555
1786390 555
1786400 555
1786410 555
1786420 555
1786430 555
1786440 556
1786450 556
1786460 556
1786470 556
1786480 557
1786490 557
1786500 557
1786510 558
1786520 558
1786530 558
1786540 558
1786550 558
1786560 558
1786570 559
1786580 559
1786590 559
1786600 559
1786610 559
1786620 560
1786630 560
1786640 560
1786650 560
1786660 560
1786670 561
1786680 561
1786690 561
1786700 561
1786710 562
1786720 562
1786730 562
1786740 562
1786750 562
1786760 562
1786770 562
1786780 563
1786790 563
1786800 563
1786810 563
1786820 564
1786830 564
1786840 564
1786850 565
1786860 565
1786870 565
1786880 566
1786890 566
1786900 567
1786910 567
1786920 567
1786930 568
1786940 568
1786950 568
1786960 569
1786970 569
1786980 570
1786990 570
1787000 571
1787010 571
1787020 572
1787030 572
1787040 572
1787050 572
1787060 572
1787070 572
1787080 573
1787090 573
1787100 573
1787110 574
1787120 574
1787130 574
1787140 574
1787150 573
1787160 573
1787170 572
1787180 571
1787190 571
1787200 571
1787210 570
1787220 569
1787230 567
1787240 565
1787250 564
1787260 562
1787270 559
1787280 557
1787290 555
1787300 553
1787310 551
1787320 550
1787330 548
1787340 547
1787350 545
1787360 544
1787370 543
1787380 542
1787390 541
1787400 541
1787410 539
1787420 538
1787430 537
1787440 535
1787450 534
1787460 532
1787470 530
1787480 528
1787490 526
1787500 524
1787510 521
1787520 519
1787530 517
1787540 515
1787550 512
1787560 510
1787570 507
1787580 504
1787590 501
1787600 497
1787610 494
1787620 491
1787630 488
1787640 485
1787650 483
1787660 481
1787670 480
1787680 478
1787690 478
1787700 477
1787710 476
1787720 475
1787730 474
1787740 473
1787750 471
1787760 470
1787770 468
1787780 466
1787790 464
1787800 462
1787810 461
1787820 459
1787830 458
1787840 456
1787850 455
1787860 453
1787870 452
1787880 450
1787890 448
1787900 445
1787910 443
1787920 442
1787930 440
1787940 439
1787950 438
1787960 438
1787970 437
1787980 437
1787990 435
1788000 432
1788010 428
1788020 424
1788030 421
1788040 419
1788050 419
1788060 422
1788070 425
1788080 428
1788090 431
1788100 432
1788110 431
1788120 430
1788130 428
1788140 427
1788150 425
1788160 423
1788170 420
1788180 418
1788190 416
1788200 413
1788210 411
1788220 410
1788230 408
1788240 407
1788250 406
1788260 405
1788270 404
1788280 402
1788290 401
1788300 400
1788310 398
1788320 397
1788330 395
1788340 394
1788350 393
1788360 392
1788370 391
1788380 390
1788390 389
1788400 388
1788410 387
1788420 387
1788430 386
1788440 386
1788450 385
1788460 385
1788470 384
1788480 384
1788490 383
1788500 383
1788510 382
1788520 382
1788530 382
1788540 382
1788550 381
1788560 381
1788570 380
1788580 380
1788590 380
1788600 379
1788610 379
1788620 379
1788630 379
1788640 379
1788650 378
1788660 378
1788670 378
1788680 378
1788690 378
1788700 378
1788710 378
1788720 378
1788730 378
1788740 378
1788750 378
1788760 378
1788770 377
1788780 377
1788790 377
1788800 377
1788810 377
1788820 377
1788830 377
1788840 376
1788850 376
1788860 376
1788870 376
1788880 376
1788890 375
1788900 375
1788910 375
1788920 375
1788930 374
1788940 374
1788950 374
1788960 374
1788970 373
1788980 373
1788990 373
1789000 372
1789010 372
1789020 372
1789030 372
1789040 371
1789050 371
1789060 371
1789070 371
1789080 371
1789090 371
1789100 370
1789110 370
1789120 369
1789130 369
1789140 369
1789150 369
1789160 368
1789170 367
1789180 367
1789190 367
1789200 366
1789210 366
1789220 366
1789230 366
1789240 366
1789250 366
1789260 365
1789270 365
1789280 365
1789290 365
1789300 364
1789310 364
1789320 364
1789330 364
1789340 364
1789350 364
1789360 363
1789370 363
1789380 363
1789390 363
1789400 362
1789410 362
1789420 362
1789430 361
1789440 361
1789450 361
1789460 360
1789470 360
1789480 360
1789490 359
1789500 359
1789510 359
1789520 359
1789530 359
1789540 358
1789550 358
1789560 358
1789570 358
1789580 358
1789590 358
1789600 358
1789610 358
1789620 357
1789630 357
1789640 357
1789650 357
1789660 357
1789670 357
1789680 356
1789690 356
1789700 356
1789710 356
1789720 356
1789730 356
1789740 356
1789750 356
1789760 356
1789770 355
1789780 355
1789790 355
1789800 355
1789810 355
1789820 355
1789830 355
1789840 355
1789850 355
1789860 355
1789870 355
1789880 355
1789890 355
1789900 355
1789910 355
1789920 355
1789930 355
1789940 354
1789950 354
1789960 354
1789970 354
1789980 353
1789990 353
1790000 353
1790010 353
1790020 353
1790030 353
1790040 353
1790050 352
1790060 352
1790070 352
1790080 352
1790090 352
1790100 352
1790110 352
1790120 352
1790130 352
1790140 352
1790150 351
1790160 351
1790170 351
1790180 351
1790190 351
1790200 351
1790210 351
1790220 351
1790230 351
1790240 351
1790250 351
1790260 351
1790270 351
1790280 351
1790290 351
1790300 351
1790310 351
1790320 352
1790330 352
1790340 352
1790350 352
1790360 352
1790370 352
1790380 352
1790390 351
1790400 351
1790410 351
1790420 351
1790430 351
1790440 351
1790450 351
1790460 351
1790470 351
1790480 352
1790490 352
1790500 352
1790510 353
1790520 353
1790530 353
1790540 353
1790550 354
1790560 354
1790570 355
1790580 355
1790590 355
1790600 356
1790610 356
1790620 356
1790630 356
1790640 356
1790650 357
1790660 357
1790670 357
1790680 357
1790690 358
1790700 358
1790710 358
1790720 358
1790730 358
1790740 358
1790750 358
1790760 358
1790770 358
1790780 358
1790790 359
1790800 358
1790810 358
1790820 359
1790830 358
1790840 358
1790850 358
1790860 358
1790870 358
1790880 358
1790890 358
1790900 358
1790910 357
1790920 357
1790930 356
1790940 356
1790950 356
1790960 355
1790970 355
1790980 354
1790990 353
1791000 352
1791010 352
1791020 351
1791030 351
1791040 351
1791050 350
1791060 350
1791070 350
1791080 349
1791090 349
1791100 348
1791110 348
1791120 348
1791130 347
1791140 347
1791150 347
1791160 346
1791170 346
1791180 346
1791190 346
1791200 346
1791210 346
1791220 345
1791230 345
1791240 345
1791250 345
1791260 345
1791270 345
1791280 344
1791290 344
1791300 344
1791310 344
1791320 344
1791330 344
1791340 344
1791350 344
1791360 344
1791370 344
1791380 343
1791390 343
1791400 343
1791410 343
1791420 343
1791430 343
1791440 343
1791450 343
1791460 342
1791470 342
1791480 342
1791490 342
1791500 342
1791510 342
1791520 342
1791530 342
1791540 342
1791550 342
1791560 342
1791570 342
1791580 342
1791590 342
1791600 341
1791610 341
1791620 341
1791630 341
1791640 341
1791650 341
1791660 341
1791670 340
1791680 340
1791690 340
1791700 340
1791710 340
1791720 340
1791730 340
1791740 340
1791750 340
1791760 339
1791770 339
1791780 339
1791790 339
1791800 339
1791810 339
1791820 339
1791830 339
1791840 339
1791850 339
1791860 339
1791870 339
1791880 339
1791890 339
1791900 338
1791910 338
1791920 338
1791930 338
1791940 338
1791950 338
1791960 338
1791970 338
1791980 338
1791990 338
1792000 338
1792010 337
1792020 337
1792030 337
1792040 337
1792050 337
1792060 337
1792070 337
1792080 337
1792090 337
1792100 337
1792110 336
1792120 336
1792130 336
1792140 336
1792150 336
1792160 336
1792170 336
1792180 336
1792190 336
1792200 336
1792210 336
1792220 336
1792230 335
1792240 335
1792250 335
1792260 335
1792270 335
1792280 335
1792290 335
1792300 335
1792310 335
1792320 335
1792330 335
1792340 335
1792350 334
1792360 334
1792370 334
1792380 334
1792390 334
1792400 334
1792410 334
1792420 334
1792430 334
1792440 334
1792450 334
1792460 333
1792470 333
1792480 333
1792490 333
1792500 333
1792510 333
1792520 333
1792530 333
1792540 333
1792550 333
1792560 333
1792570 333
1792580 333
1792590 332
1792600 332
1792610 332
1792620 332
1792630 332
1792640 332
1792650 332
1792660 332
1792670 332
1792680 332
1792690 332
1792700 332
1792710 332
1792720 332
1792730 332
1792740 332
1792750 332
1792760 332
1792770 332
1792780 331
1792790 331
1792800 331
1792810 331
1792820 331
1792830 331
1792840 331
1792850 331
1792860 331
1792870 332
1792880 332
1792890 332
1792900 332
1792910 331
1792920 331
1792930 330
1792940 330
1792950 330
1792960 330
1792970 330
1792980 330
1792990 330
1793000 330
1793010 330
1793020 330
1793030 330
1793040 330
1793050 330
1793060 330
1793070 330
1793080 329
1793090 329
1793100 329
1793110 329
1793120 329
1793130 329
1793140 329
1793150 329
1793160 329
1793170 329
1793180 329
1793190 329
1793200 329
1793210 329
1793220 329
1793230 328
1793240 328
1793250 328
1793260 328
1793270 328
1793280 328
1793290 328
1793300 328
1793310 328
1793320 328
1793330 328
1793340 328
1793350 328
1793360 328
1793370 328
1793380 327
1793390 327
1793400 327
1793410 327
1793420 327
1793430 327
1793440 327
1793450 327
1793460 327
1793470 327
1793480 327
1793490 327
1793500 327
1793510 327
1793520 327
1793530 327
1793540 327
1793550 327
1793560 327
1793570 327
1793580 327
1793590 326
1793600 326
1793610 326
1793620 326
1793630 326
1793640 326
1793650 326
1793660 326
1793670 326
1793680 326
1793690 326
1793700 326
1793710 326
1793720 325
1793730 325
1793740 325
1793750 325
1793760 325
1793770 325
1793780 325
1793790 325
1793800 325
1793810 325
1793820 325
1793830 325
1793840 325
1793850 325
1793860 325
1793870 325
1793880 325
1793890 325
1793900 325
1793910 325
1793920 324
1793930 324
1793940 324
1793950 324
1793960 324
1793970 324
1793980 323
1793990 323
1794000 323
1794010 323
1794020 323
1794030 323
1794040 323
1794050 323
1794060 323
1794070 323
1794080 323
1794090 323
1794100 323
1794110 323
1794120 323
1794130 323
1794140 323
1794150 323
1794160 323
1794170 323
1794180 322
1794190 322
1794200 322
1794210 322
1794220 322
1794230 322
1794240 322
1794250 322
1794260 322
1794270 322
1794280 322
1794290 321
1794300 321
1794310 321
1794320 321
1794330 321
1794340 321
1794350 321
1794360 321
1794370 321
1794380 321
1794390 321
1794400 321
1794410 321
1794420 321
1794430 321
1794440 321
1794450 321
1794460 321
1794470 321
1794480 321
1794490 320
1794500 320
1794510 320
1794520 320
1794530 320
1794540 320
1794550 320
1794560 319
1794570 319
1794580 319
1794590 319
1794600 319
1794610 319
1794620 319
1794630 319
1794640 319
1794650 319
1794660 319
1794670 319
1794680 319
1794690 319
1794700 318
1794710 318
1794720 318
1794730 318
1794740 318
1794750 318
1794760 318
1794770 318
1794780 318
1794790 318
1794800 318
1794810 318
1794820 317
1794830 317
1794840 317
1794850 317
1794860 317
1794870 317
1794880 317
1794890 317
1794900 317
1794910 317
1794920 317
1794930 317
1794940 317
1794950 317
1794960 317
1794970 317
1794980 317
1794990 316
1795000 316
1795010 316
1795020 316
1795030 316
1795040 316
1795050 316
1795060 316
1795070 316
1795080 316
1795090 316
1795100 316
1795110 316
1795120 316
1795130 316
1795140 316
1795150 316
1795160 316
1795170 316
1795180 316
1795190 315
1795200 315
1795210 315
1795220 315
1795230 315
1795240 315
1795250 315
1795260 315
1795270 315
1795280 315
1795290 315
1795300 314
1795310 314
1795320 314
1795330 314
1795340 314
1795350 314
1795360 314
1795370 314
1795380 314
1795390 314
1795400 314
1795410 314
1795420 314
1795430 313
1795440 313
1795450 313
1795460 313
1795470 313
1795480 313
1795490 313
1795500 313
1795510 313
1795520 313
1795530 313
1795540 313
1795550 313
1795560 313
1795570 313
1795580 312
1795590 312
1795600 312
1795610 312
1795620 312
1795630 312
1795640 312
1795650 312
1795660 312
1795670 312
1795680 312
1795690 312
1795700 312
1795710 312
1795720 311
1795730 311
1795740 311
1795750 311
1795760 311
1795770 311
1795780 311
1795790 311
1795800 311
1795810 311
1795820 311
1795830 311
1795840 311
1795850 311
1795860 311
1795870 311
1795880 311
1795890 311
1795900 311
1795910 310
1795920 310
1795930 310
1795940 310
1795950 310
1795960 310
1795970 310
1795980 310
1795990 310
1796000 310
1796010 310
1796020 310
1796030 310
1796040 310
1796050 310
1796060 310
1796070 310
1796080 310
1796090 310
1796100 310
1796110 310
1796120 310
1796130 310
1796140 310
1796150 310
1796160 310
1796170 310
1796180 310
1796190 310
1796200 310
1796210 309
1796220 309
1796230 309
1796240 309
1796250 309
1796260 309
1796270 309
1796280 309
1796290 309
1796300 309
1796310 309
1796320 309
1796330 309
1796340 309
1796350 309
1796360 309
1796370 309
1796380 309
1796390 309
1796400 309
1796410 309
1796420 309
1796430 309
1796440 309
1796450 309
1796460 309
1796470 309
1796480 309
1796490 309
1796500 309
1796510 309
1796520 309
1796530 309
1796540 309
1796550 309
1796560 309
1796570 309
1796580 309
1796590 309
1796600 309
1796610 309
1796620 309
1796630 309
1796640 309
1796650 309
1796660 309
1796670 309
1796680 309
1796690 309
1796700 309
1796710 309
1796720 308
1796730 308
1796740 308
1796750 308
1796760 308
1796770 308
1796780 308
1796790 308
1796800 308
1796810 308
1796820 308
1796830 308
1796840 308
1796850 308
1796860 308
1796870 308
1796880 308
1796890 308
1796900 308
1796910 308
1796920 308
1796930 308
1796940 308
1796950 308
1796960 307
1796970 307
1796980 307
1796990 307
1797000 307
1797010 307
1797020 307
1797030 307
1797040 307
1797050 307
1797060 307
1797070 307
1797080 307
1797090 307
1797100 307
1797110 307
1797120 307
1797130 307
1797140 307
1797150 307
1797160 307
1797170 307
1797180 307
1797190 307
1797200 306
1797210 306
1797220 306
1797230 306
1797240 306
1797250 306
1797260 306
1797270 306
1797280 306
1797290 306
1797300 306
1797310 306
1797320 306
1797330 306
1797340 306
1797350 306
1797360 306
1797370 306
1797380 306
1797390 306
1797400 306
1797410 306
1797420 305
1797430 305
1797440 305
1797450 305
1797460 305
1797470 305
1797480 305
1797490 305
1797500 305
1797510 305
1797520 305
1797530 305
1797540 305
1797550 305
1797560 305
1797570 305
1797580 305
1797590 305
1797600 305
1797610 305
1797620 305
1797630 305
1797640 305
1797650 305
1797660 305
1797670 304
1797680 304
1797690 304
1797700 304
1797710 304
1797720 304
1797730 304
1797740 305
1797750 305
1797760 305
1797770 305
1797780 304
1797790 304
1797800 304
1797810 304
1797820 304
1797830 304
1797840 304
1797850 304
1797860 304
1797870 304
1797880 304
1797890 304
1797900 304
1797910 304
1797920 304
1797930 304
1797940 304
1797950 304
1797960 304
1797970 304
1797980 303
1797990 303
1798000 303
1798010 303
1798020 303
1798030 303
1798040 303
1798050 303
1798060 303
1798070 303
1798080 303
1798090 303
1798100 303
1798110 303
1798120 303
1798130 303
1798140 303
1798150 303
1798160 303
1798170 303
1798180 303
1798190 303
1798200 303
1798210 303
1798220 303
1798230 303
1798240 303
1798250 303
1798260 303
1798270 302
1798280 302
1798290 302
1798300 302
1798310 302
1798320 302
1798330 302
1798340 302
1798350 302
1798360 302
1798370 302
1798380 302
1798390 302
1798400 302
1798410 302
1798420 302
1798430 302
1798440 302
1798450 302
1798460 302
1798470 302
1798480 302
1798490 302
1798500 302
1798510 302
1798520 302
1798530 302
1798540 302
1798550 302
1798560 302
1798570 301
1798580 301
1798590 302
1798600 302
1798610 302
1798620 302
1798630 302
1798640 302
1798650 302
1798660 301
1798670 301
1798680 301
1798690 301
1798700 301
1798710 301
1798720 301
1798730 301
1798740 301
1798750 301
1798760 301
1798770 301
1798780 301
1798790 301
1798800 301
1798810 301
1798820 301
1798830 301
1798840 301
1798850 301
1798860 301
1798870 301
1798880 300
1798890 300
1798900 300
1798910 300
1798920 300
1798930 300
1798940 300
1798950 300
1798960 300
1798970 300
1798980 300
1798990 300
1799000 300
1799010 300
1799020 300
1799030 300
1799040 300
1799050 300
1799060 300
1799070 300
1799080 300
1799090 300
1799100 300
1799110 299
1799120 299
1799130 299
1799140 299
1799150 299
1799160 299
1799170 299
1799180 299
1799190 299
1799200 299
1799210 299
1799220 299
1799230 299
1799240 299
1799250 299
1799260 299
1799270 299
1799280 299
1799290 299
1799300 299
1799310 299
1799320 299
1799330 299
1799340 299
1799350 299
1799360 299
1799370 298
1799380 298
1799390 298
1799400 298
1799410 298
1799420 298
1799430 298
1799440 298
1799450 298
1799460 298
1799470 298
1799480 298
1799490 298
1799500 298
1799510 298
1799520 298
1799530 298
1799540 298
1799550 298
1799560 298
1799570 298
1799580 298
1799590 298
1799600 297
1799610 297
1799620 297
1799630 297
1799640 297
1799650 297
1799660 297
1799670 297
1799680 297
1799690 297
1799700 297
1799710 297
1799720 297
1799730 297
1799740 297
1799750 297
1799760 297
1799770 297
1799780 297
1799790 297
1799800 297
1799810 297
1799820 297
1799830 297
1799840 296
1799850 296
1799860 296
1799870 296
1799880 296
1799890 296
1799900 296
1799910 296
1799920 296
1799930 296
1799940 296
1799950 296
1799960 296
1799970 296
1799980 296
1799990 296
