1780000 701
1780010 701
1780020 700
1780030 698
1780040 698
1780050 697
1780060 696
1780070 695
1780080 695
1780090 694
1780100 693
1780110 693
1780120 692
1780130 692
1780140 692
1780150 691
1780160 691
1780170 691
1780180 693
1780190 696
1780200 698
1780210 700
1780220 702
1780230 704
1780240 705
1780250 706
1780260 707
1780270 709
1780280 710
1780290 711
1780300 712
1780310 713
1780320 714
1780330 715
1780340 716
1780350 717
1780360 718
1780370 719
1780380 720
1780390 722
1780400 723
1780410 725
1780420 726
1780430 727
1780440 729
1780450 730
1780460 730
1780470 732
1780480 732
1780490 733
1780500 734
1780510 735
1780520 736
1780530 738
1780540 739
1780550 741
1780560 742
1780570 744
1780580 745
1780590 746
1780600 747
1780610 747
1780620 748
1780630 748
1780640 749
1780650 751
1780660 753
1780670 755
1780680 757
1780690 759
1780700 761
1780710 762
1780720 763
1780730 764
1780740 765
1780750 765
1780760 766
1780770 767
1780780 768
1780790 769
1780800 770
1780810 770
1780820 770
1780830 771
1780840 772
1780850 773
1780860 774
1780870 775
1780880 775
1780890 775
1780900 775
1780910 775
1780920 775
1780930 775
1780940 775
1780950 775
1780960 775
1780970 776
1780980 776
1780990 777
1781000 777
1781010 778
1781020 778
1781030 779
1781040 780
1781050 780
1781060 780
1781070 780
1781080 780
1781090 779
1781100 779
1781110 778
1781120 778
1781130 778
1781140 778
1781150 778
1781160 778
1781170 777
1781180 776
1781190 776
1781200 775
1781210 774
1781220 773
1781230 773
1781240 772
1781250 771
1781260 771
1781270 770
1781280 769
1781290 768
1781300 768
1781310 767
1781320 766
1781330 765
1781340 763
1781350 762
1781360 761
1781370 760
1781380 760
1781390 760
1781400 760
1781410 759
1781420 758
1781430 757
1781440 756
1781450 756
1781460 755
1781470 755
1781480 755
1781490 754
1781500 755
1781510 755
1781520 755
1781530 756
1781540 757
1781550 758
1781560 759
1781570 758
1781580 758
1781590 758
1781600 757
1781610 757
1781620 756
1781630 754
1781640 752
1781650 751
1781660 750
1781670 750
1781680 751
1781690 751
1781700 751
1781710 750
1781720 750
1781730 749
1781740 749
1781750 749
1781760 749
1781770 749
1781780 749
1781790 749
1781800 750
1781810 750
1781820 751
1781830 751
1781840 751
1781850 752
1781860 753
1781870 755
1781880 758
1781890 761
1781900 764
1781910 766
1781920 768
1781930 768
1781940 768
1781950 768
1781960 767
1781970 766
1781980 765
1781990 764
1782000 763
1782010 762
1782020 760
1782030 759
1782040 757
1782050 755
1782060 754
1782070 753
1782080 753
1782090 752
1782100 752
1782110 750
1782120 749
1782130 748
1782140 747
1782150 746
1782160 744
1782170 742
1782180 741
1782190 740
1782200 739
1782210 739
1782220 740
1782230 740
1782240 741
1782250 742
1782260 743
1782270 743
1782280 743
1782290 742
1782300 742
1782310 741
1782320 741
1782330 740
1782340 740
1782350 739
1782360 739
1782370 739
1782380 738
1782390 738
1782400 738
1782410 738
1782420 738
1782430 738
1782440 738
1782450 737
1782460 736
1782470 735
1782480 734
1782490 733
1782500 732
1782510 732
1782520 731
1782530 731
1782540 730
1782550 729
1782560 727
1782570 725
1782580 723
1782590 722
1782600 721
1782610 721
1782620 720
1782630 720
1782640 719
1782650 718
1782660 717
1782670 716
1782680 716
1782690 716
1782700 715
1782710 715
1782720 714
1782730 714
1782740 714
1782750 714
1782760 714
1782770 715
1782780 715
1782790 715
1782800 715
1782810 716
1782820 716
1782830 717
1782840 717
1782850 717
1782860 717
1782870 717
1782880 717
1782890 716
1782900 716
1782910 715
1782920 715
1782930 714
1782940 713
1782950 712
1782960 711
1782970 710
1782980 709
1782990 708
1783000 709
1783010 708
1783020 708
1783030 707
1783040 706
1783050 706
1783060 705
1783070 705
1783080 704
1783090 703
1783100 703
1783110 702
1783120 702
1783130 701
1783140 700
1783150 699
1783160 699
1783170 699
1783180 698
1783190 698
1783200 697
1783210 697
1783220 696
1783230 696
1783240 694
1783250 693
1783260 693
1783270 693
1783280 695
1783290 696
1783300 696
1783310 696
1783320 695
1783330 694
1783340 694
1783350 693
1783360 693
1783370 693
1783380 692
1783390 692
1783400 692
1783410 691
1783420 691
1783430 691
1783440 691
1783450 691
1783460 690
1783470 689
1783480 688
1783490 687
1783500 686
1783510 686
1783520 686
1783530 686
1783540 686
1783550 686
1783560 686
1783570 686
1783580 686
1783590 686
1783600 685
1783610 684
1783620 684
1783630 684
1783640 684
1783650 684
1783660 684
1783670 683
1783680 681
1783690 679
1783700 677
1783710 675
1783720 674
1783730 674
1783740 673
1783750 673
1783760 672
1783770 670
1783780 668
1783790 666
1783800 664
1783810 663
1783820 661
1783830 659
1783840 657
1783850 657
1783860 656
1783870 656
1783880 655
1783890 654
1783900 654
1783910 654
1783920 654
1783930 653
1783940 652
1783950 652
1783960 651
1783970 651
1783980 650
1783990 649
1784000 647
1784010 646
1784020 644
1784030 642
1784040 641
1784050 640
1784060 640
1784070 638
1784080 637
1784090 635
1784100 636
1784110 634
1784120 631
1784130 628
1784140 626
1784150 623
1784160 622
1784170 620
1784180 618
1784190 616
1784200 615
1784210 614
1784220 613
1784230 613
1784240 613
1784250 613
1784260 613
1784270 612
1784280 612
1784290 611
1784300 610
1784310 610
1784320 610
1784330 610
1784340 609
1784350 609
1784360 608
1784370 607
1784380 606
1784390 605
1784400 604
1784410 603
1784420 602
1784430 601
1784440 599
1784450 598
1784460 597
1784470 596
1784480 595
1784490 593
1784500 592
1784510 591
1784520 590
1784530 588
1784540 587
1784550 586
1784560 584
1784570 583
1784580 581
1784590 580
1784600 578
1784610 576
1784620 575
1784630 573
1784640 572
1784650 570
1784660 568
1784670 566
1784680 565
1784690 564
1784700 563
1784710 561
1784720 559
1784730 558
1784740 556
1784750 555
1784760 553
1784770 551
1784780 549
1784790 547
1784800 545
1784810 544
1784820 542
1784830 541
1784840 541
1784850 540
1784860 540
1784870 539
1784880 538
1784890 537
1784900 537
1784910 538
1784920 537
1784930 537
1784940 537
1784950 537
1784960 536
1784970 535
1784980 535
1784990 534
1785000 533
1785010 532
1785020 531
1785030 530
1785040 530
1785050 529
1785060 528
1785070 528
1785080 527
1785090 526
1785100 525
1785110 525
1785120 524
1785130 523
1785140 522
1785150 520
1785160 519
1785170 517
1785180 516
1785190 513
1785200 512
1785210 511
1785220 510
1785230 509
1785240 508
1785250 507
1785260 506
1785270 505
1785280 504
1785290 503
1785300 502
1785310 501
1785320 501
1785330 500
1785340 499
1785350 498
1785360 497
1785370 496
1785380 495
1785390 494
1785400 492
1785410 491
1785420 490
1785430 488
1785440 487
1785450 486
1785460 485
1785470 484
1785480 483
1785490 481
1785500 480
1785510 479
1785520 478
1785530 478
1785540 477
1785550 476
1785560 475
1785570 474
1785580 473
1785590 472
1785600 471
1785610 470
1785620 469
1785630 468
1785640 467
1785650 467
1785660 466
1785670 465
1785680 464
1785690 463
1785700 463
1785710 462
1785720 461
1785730 460
1785740 459
1785750 459
1785760 458
1785770 458
1785780 457
1785790 456
1785800 456
1785810 455
1785820 455
1785830 454
1785840 454
1785850 453
1785860 453
1785870 452
1785880 452
1785890 452
1785900 451
1785910 451
1785920 451
1785930 451
1785940 450
1785950 450
1785960 449
1785970 449
1785980 448
1785990 448
1786000 448
1786010 447
1786020 447
1786030 447
1786040 446
1786050 446
1786060 446
1786070 445
1786080 445
1786090 445
1786100 444
1786110 444
1786120 444
1786130 444
1786140 443
1786150 443
1786160 443
1786170 443
1786180 442
1786190 442
1786200 442
1786210 442
1786220 441
1786230 441
1786240 441
1786250 441
1786260 441
1786270 440
1786280 440
1786290 440
1786300 440
1786310 439
1786320 439
1786330 439
1786340 438
1786350 438
1786360 438
1786370 438
1786380 437
1786390 437
1786400 437
1786410 436
1786420 436
1786430 436
1786440 436
1786450 435
1786460 435
1786470 435
1786480 434
1786490 434
1786500 434
1786510 434
1786520 434
1786530 433
1786540 433
1786550 433
1786560 433
1786570 432
1786580 432
1786590 432
1786600 431
1786610 431
1786620 431
1786630 430
1786640 430
1786650 430
1786660 430
1786670 430
1786680 430
1786690 430
1786700 429
1786710 429
1786720 429
1786730 429
1786740 429
1786750 429
1786760 428
1786770 428
1786780 428
1786790 428
1786800 428
1786810 427
1786820 427
1786830 427
1786840 426
1786850 426
1786860 426
1786870 426
1786880 426
1786890 426
1786900 426
1786910 425
1786920 425
1786930 425
1786940 425
1786950 425
1786960 425
1786970 425
1786980 425
1786990 424
1787000 424
1787010 424
1787020 424
1787030 424
1787040 424
1787050 424
1787060 424
1787070 424
1787080 424
1787090 424
1787100 424
1787110 425
1787120 426
1787130 426
1787140 427
1787150 427
1787160 428
1787170 428
1787180 429
1787190 429
1787200 429
1787210 430
1787220 430
1787230 431
1787240 431
1787250 431
1787260 431
1787270 431
1787280 432
1787290 432
1787300 432
1787310 432
1787320 432
1787330 433
1787340 433
1787350 433
1787360 434
1787370 434
1787380 435
1787390 436
1787400 436
1787410 437
1787420 438
1787430 438
1787440 439
1787450 440
1787460 441
1787470 442
1787480 443
1787490 444
1787500 445
1787510 447
1787520 449
1787530 450
1787540 452
1787550 453
1787560 455
1787570 457
1787580 459
1787590 461
1787600 463
1787610 465
1787620 467
1787630 469
1787640 471
1787650 473
1787660 475
1787670 477
1787680 478
1787690 479
1787700 481
1787710 482
1787720 483
1787730 484
1787740 484
1787750 484
1787760 484
1787770 486
1787780 488
1787790 490
1787800 492
1787810 494
1787820 495
1787830 496
1787840 497
1787850 497
1787860 496
1787870 495
1787880 494
1787890 493
1787900 492
1787910 491
1787920 489
1787930 488
1787940 488
1787950 487
1787960 487
1787970 486
1787980 485
1787990 485
1788000 485
1788010 484
1788020 484
1788030 484
1788040 483
1788050 483
1788060 482
1788070 482
1788080 481
1788090 481
1788100 481
1788110 481
1788120 481
1788130 481
1788140 481
1788150 482
1788160 483
1788170 483
1788180 484
1788190 484
1788200 484
1788210 484
1788220 486
1788230 487
1788240 489
1788250 491
1788260 493
1788270 495
1788280 498
1788290 500
1788300 502
1788310 503
1788320 505
1788330 507
1788340 508
1788350 508
1788360 509
1788370 507
1788380 504
1788390 502
1788400 500
1788410 498
1788420 496
1788430 494
1788440 492
1788450 490
1788460 488
1788470 485
1788480 481
1788490 478
1788500 476
1788510 473
1788520 471
1788530 469
1788540 467
1788550 465
1788560 464
1788570 462
1788580 460
1788590 458
1788600 456
1788610 455
1788620 453
1788630 452
1788640 451
1788650 449
1788660 448
1788670 448
1788680 447
1788690 447
1788700 447
1788710 447
1788720 447
1788730 447
1788740 446
1788750 446
1788760 445
1788770 445
1788780 445
1788790 444
1788800 444
1788810 444
1788820 444
1788830 443
1788840 443
1788850 443
1788860 443
1788870 443
1788880 443
1788890 443
1788900 443
1788910 443
1788920 442
1788930 442
1788940 442
1788950 441
1788960 441
1788970 440
1788980 439
1788990 438
1789000 437
1789010 436
1789020 435
1789030 434
1789040 433
1789050 432
1789060 431
1789070 430
1789080 429
1789090 429
1789100 428
1789110 427
1789120 427
1789130 427
1789140 426
1789150 425
1789160 425
1789170 424
1789180 423
1789190 423
1789200 422
1789210 421
1789220 420
1789230 420
1789240 419
1789250 419
1789260 418
1789270 417
1789280 417
1789290 416
1789300 415
1789310 415
1789320 414
1789330 413
1789340 412
1789350 411
1789360 411
1789370 410
1789380 409
1789390 409
1789400 408
1789410 407
1789420 407
1789430 406
1789440 406
1789450 405
1789460 405
1789470 405
1789480 404
1789490 404
1789500 404
1789510 404
1789520 403
1789530 403
1789540 403
1789550 403
1789560 403
1789570 402
1789580 402
1789590 401
1789600 400
1789610 399
1789620 398
1789630 397
1789640 396
1789650 395
1789660 394
1789670 394
1789680 393
1789690 392
1789700 391
1789710 391
1789720 390
1789730 390
1789740 389
1789750 389
1789760 388
1789770 387
1789780 386
1789790 385
1789800 384
1789810 383
1789820 382
1789830 381
1789840 380
1789850 379
1789860 379
1789870 378
1789880 378
1789890 378
1789900 378
1789910 377
1789920 377
1789930 376
1789940 376
1789950 376
1789960 376
1789970 376
1789980 375
1789990 375
1790000 375
1790010 375
1790020 375
1790030 374
1790040 374
1790050 374
1790060 374
1790070 374
1790080 374
1790090 374
1790100 373
1790110 373
1790120 373
1790130 373
1790140 372
1790150 372
1790160 372
1790170 372
1790180 371
1790190 371
1790200 371
1790210 371
1790220 371
1790230 370
1790240 370
1790250 370
1790260 370
1790270 370
1790280 370
1790290 369
1790300 369
1790310 369
1790320 369
1790330 369
1790340 369
1790350 369
1790360 369
1790370 369
1790380 369
1790390 369
1790400 369
1790410 369
1790420 369
1790430 369
1790440 369
1790450 368
1790460 368
1790470 368
1790480 368
1790490 368
1790500 368
1790510 369
1790520 369
1790530 369
1790540 369
1790550 369
1790560 369
1790570 369
1790580 369
1790590 369
1790600 370
1790610 370
1790620 370
1790630 370
1790640 370
1790650 370
1790660 371
1790670 371
1790680 371
1790690 371
1790700 371
1790710 372
1790720 372
1790730 372
1790740 372
1790750 372
1790760 373
1790770 373
1790780 373
1790790 374
1790800 374
1790810 374
1790820 375
1790830 375
1790840 376
1790850 376
1790860 377
1790870 377
1790880 378
1790890 379
1790900 380
1790910 381
1790920 383
1790930 385
1790940 387
1790950 389
1790960 390
1790970 392
1790980 394
1790990 396
1791000 398
1791010 400
1791020 402
1791030 404
1791040 406
1791050 408
1791060 410
1791070 412
1791080 414
1791090 415
1791100 417
1791110 419
1791120 420
1791130 422
1791140 424
1791150 425
1791160 426
1791170 428
1791180 429
1791190 430
1791200 432
1791210 433
1791220 435
1791230 436
1791240 437
1791250 438
1791260 439
1791270 439
1791280 439
1791290 439
1791300 439
1791310 439
1791320 439
1791330 439
1791340 438
1791350 438
1791360 438
1791370 438
1791380 438
1791390 438
1791400 438
1791410 438
1791420 438
1791430 437
1791440 437
1791450 436
1791460 435
1791470 435
1791480 433
1791490 432
1791500 431
1791510 429
1791520 428
1791530 427
1791540 426
1791550 426
1791560 425
1791570 425
1791580 424
1791590 424
1791600 423
1791610 423
1791620 423
1791630 422
1791640 422
1791650 421
1791660 421
1791670 421
1791680 421
1791690 421
1791700 421
1791710 421
1791720 420
1791730 420
1791740 420
1791750 420
1791760 420
1791770 420
1791780 419
1791790 419
1791800 419
1791810 419
1791820 419
1791830 419
1791840 419
1791850 419
1791860 419
1791870 419
1791880 419
1791890 419
1791900 419
1791910 418
1791920 418
1791930 418
1791940 418
1791950 418
1791960 418
1791970 418
1791980 418
1791990 418
1792000 418
1792010 418
1792020 418
1792030 418
1792040 419
1792050 419
1792060 418
1792070 417
1792080 417
1792090 416
1792100 416
1792110 415
1792120 415
1792130 414
1792140 413
1792150 412
1792160 412
1792170 412
1792180 412
1792190 412
1792200 413
1792210 414
1792220 416
1792230 417
1792240 418
1792250 420
1792260 421
1792270 423
1792280 424
1792290 425
1792300 427
1792310 428
1792320 429
1792330 430
1792340 430
1792350 431
1792360 432
1792370 432
1792380 433
1792390 434
1792400 436
1792410 437
1792420 438
1792430 439
1792440 440
1792450 441
1792460 441
1792470 442
1792480 443
1792490 443
1792500 443
1792510 444
1792520 444
1792530 445
1792540 445
1792550 445
1792560 446
1792570 446
1792580 446
1792590 446
1792600 446
1792610 446
1792620 446
1792630 446
1792640 446
1792650 445
1792660 445
1792670 444
1792680 443
1792690 442
1792700 441
1792710 440
1792720 439
1792730 438
1792740 436
1792750 435
1792760 433
1792770 431
1792780 428
1792790 425
1792800 421
1792810 416
1792820 411
1792830 407
1792840 402
1792850 398
1792860 394
1792870 389
1792880 384
1792890 380
1792900 376
1792910 372
1792920 368
1792930 365
1792940 362
1792950 359
1792960 357
1792970 355
1792980 354
1792990 353
1793000 352
1793010 351
1793020 350
1793030 349
1793040 348
1793050 346
1793060 345
1793070 344
1793080 344
1793090 343
1793100 342
1793110 341
1793120 340
1793130 339
1793140 338
1793150 337
1793160 337
1793170 336
1793180 336
1793190 335
1793200 334
1793210 334
1793220 333
1793230 333
1793240 332
1793250 331
1793260 331
1793270 330
1793280 330
1793290 330
1793300 330
1793310 329
1793320 328
1793330 327
1793340 327
1793350 326
1793360 326
1793370 326
1793380 326
1793390 326
1793400 326
1793410 325
1793420 325
1793430 325
1793440 325
1793450 325
1793460 325
1793470 325
1793480 325
1793490 325
1793500 325
1793510 325
1793520 325
1793530 325
1793540 325
1793550 325
1793560 325
1793570 325
1793580 325
1793590 325
1793600 325
1793610 325
1793620 325
1793630 325
1793640 325
1793650 325
1793660 325
1793670 325
1793680 324
1793690 324
1793700 324
1793710 324
1793720 324
1793730 324
1793740 324
1793750 324
1793760 324
1793770 324
1793780 324
1793790 324
1793800 324
1793810 324
1793820 324
1793830 324
1793840 324
1793850 324
1793860 324
1793870 324
1793880 324
1793890 324
1793900 324
1793910 324
1793920 324
1793930 324
1793940 324
1793950 324
1793960 324
1793970 323
1793980 323
1793990 323
1794000 323
1794010 323
1794020 323
1794030 323
1794040 323
1794050 322
1794060 322
1794070 322
1794080 322
1794090 321
1794100 321
1794110 321
1794120 321
1794130 321
1794140 320
1794150 320
1794160 320
1794170 320
1794180 320
1794190 319
1794200 319
1794210 319
1794220 319
1794230 319
1794240 319
1794250 319
1794260 319
1794270 318
1794280 318
1794290 318
1794300 318
1794310 318
1794320 318
1794330 318
1794340 318
1794350 318
1794360 318
1794370 318
1794380 318
1794390 318
1794400 318
1794410 318
1794420 318
1794430 318
1794440 318
1794450 318
1794460 318
1794470 318
1794480 318
1794490 318
1794500 318
1794510 318
1794520 318
1794530 318
1794540 318
1794550 319
1794560 319
1794570 319
1794580 319
1794590 319
1794600 319
1794610 319
1794620 319
1794630 319
1794640 319
1794650 319
1794660 319
1794670 319
1794680 319
1794690 319
1794700 319
1794710 319
1794720 319
1794730 319
1794740 318
1794750 318
1794760 318
1794770 318
1794780 318
1794790 318
1794800 318
1794810 318
1794820 318
1794830 318
1794840 318
1794850 318
1794860 318
1794870 318
1794880 318
1794890 318
1794900 318
1794910 318
1794920 318
1794930 318
1794940 318
1794950 317
1794960 317
1794970 317
1794980 317
1794990 317
1795000 317
1795010 317
1795020 317
1795030 317
1795040 317
1795050 317
1795060 317
1795070 317
1795080 316
1795090 316
1795100 316
1795110 316
1795120 316
1795130 316
1795140 316
1795150 316
1795160 316
1795170 316
1795180 316
1795190 316
1795200 316
1795210 316
1795220 316
1795230 316
1795240 315
1795250 315
1795260 315
1795270 315
1795280 315
1795290 315
1795300 315
1795310 315
1795320 315
1795330 315
1795340 315
1795350 315
1795360 315
1795370 314
1795380 314
1795390 314
1795400 314
1795410 314
1795420 314
1795430 314
1795440 314
1795450 314
1795460 314
1795470 314
1795480 314
1795490 314
1795500 313
1795510 313
1795520 313
1795530 313
1795540 313
1795550 313
1795560 313
1795570 313
1795580 313
1795590 313
1795600 313
1795610 313
1795620 313
1795630 312
1795640 312
1795650 312
1795660 312
1795670 312
1795680 312
1795690 312
1795700 312
1795710 312
1795720 312
1795730 312
1795740 311
1795750 311
1795760 311
1795770 311
1795780 311
1795790 311
1795800 311
1795810 311
1795820 311
1795830 311
1795840 311
1795850 311
1795860 311
1795870 311
1795880 310
1795890 310
1795900 310
1795910 310
1795920 310
1795930 310
1795940 310
1795950 310
1795960 310
1795970 310
1795980 310
1795990 310
1796000 310
1796010 309
1796020 309
1796030 309
1796040 309
1796050 309
1796060 309
1796070 309
1796080 309
1796090 309
1796100 309
1796110 309
1796120 309
1796130 309
1796140 309
1796150 309
1796160 309
1796170 309
1796180 309
1796190 309
1796200 309
1796210 309
1796220 309
1796230 309
1796240 309
1796250 309
1796260 309
1796270 309
1796280 309
1796290 309
1796300 309
1796310 309
1796320 309
1796330 308
1796340 308
1796350 308
1796360 308
1796370 307
1796380 307
1796390 307
1796400 307
1796410 307
1796420 307
1796430 307
1796440 307
1796450 306
1796460 306
1796470 307
1796480 307
1796490 306
1796500 306
1796510 306
1796520 306
1796530 306
1796540 306
1796550 306
1796560 306
1796570 305
1796580 305
1796590 306
1796600 306
1796610 305
1796620 305
1796630 305
1796640 305
1796650 305
1796660 305
1796670 305
1796680 305
1796690 305
1796700 305
1796710 305
1796720 305
1796730 305
1796740 305
1796750 305
1796760 305
1796770 304
1796780 304
1796790 304
1796800 304
1796810 304
1796820 304
1796830 304
1796840 304
1796850 304
1796860 304
1796870 304
1796880 304
1796890 304
1796900 304
1796910 304
1796920 304
1796930 304
1796940 303
1796950 303
1796960 303
1796970 303
1796980 303
1796990 303
1797000 303
1797010 303
1797020 303
1797030 303
1797040 303
1797050 302
1797060 302
1797070 302
1797080 302
1797090 302
1797100 302
1797110 302
1797120 302
1797130 302
1797140 302
1797150 302
1797160 302
1797170 302
1797180 302
1797190 302
1797200 302
1797210 302
1797220 302
1797230 302
1797240 302
1797250 302
1797260 302
1797270 302
1797280 302
1797290 302
1797300 302
1797310 302
1797320 301
1797330 301
1797340 301
1797350 301
1797360 301
1797370 301
1797380 301
1797390 301
1797400 301
1797410 301
1797420 301
1797430 301
1797440 301
1797450 301
1797460 301
1797470 301
1797480 301
1797490 301
1797500 301
1797510 301
1797520 300
1797530 300
1797540 300
1797550 300
1797560 300
1797570 300
1797580 300
1797590 300
1797600 300
1797610 301
1797620 301
1797630 301
1797640 300
1797650 300
1797660 300
1797670 300
1797680 300
1797690 300
1797700 300
1797710 300
1797720 300
1797730 299
1797740 299
1797750 299
1797760 299
1797770 299
1797780 299
1797790 299
1797800 299
1797810 299
1797820 299
1797830 300
1797840 300
1797850 299
1797860 299
1797870 299
1797880 299
1797890 299
1797900 299
1797910 299
1797920 299
1797930 299
1797940 299
1797950 299
1797960 299
1797970 299
1797980 299
1797990 299
1798000 299
1798010 299
1798020 299
1798030 299
1798040 298
1798050 298
1798060 298
1798070 298
1798080 298
1798090 298
1798100 298
1798110 298
1798120 298
1798130 298
1798140 298
1798150 298
1798160 298
1798170 298
1798180 298
1798190 298
1798200 298
1798210 298
1798220 298
1798230 297
1798240 297
1798250 297
1798260 297
1798270 297
1798280 297
1798290 297
1798300 297
1798310 297
1798320 297
1798330 297
1798340 297
1798350 297
1798360 297
1798370 296
1798380 296
1798390 296
1798400 296
1798410 296
1798420 296
1798430 296
1798440 296
1798450 296
1798460 296
1798470 296
1798480 296
1798490 296
1798500 296
1798510 296
1798520 296
1798530 296
1798540 296
1798550 296
1798560 296
1798570 296
1798580 295
1798590 295
1798600 295
1798610 295
1798620 295
1798630 295
1798640 295
1798650 295
1798660 295
1798670 295
1798680 295
1798690 295
1798700 295
1798710 295
1798720 295
1798730 295
1798740 295
1798750 295
1798760 295
1798770 295
1798780 295
1798790 295
1798800 295
1798810 294
1798820 294
1798830 294
1798840 294
1798850 294
1798860 294
1798870 294
1798880 294
1798890 294
1798900 294
1798910 294
1798920 294
1798930 294
1798940 294
1798950 294
1798960 294
1798970 294
1798980 294
1798990 294
1799000 294
1799010 294
1799020 294
1799030 294
1799040 294
1799050 293
1799060 293
1799070 293
1799080 293
1799090 293
1799100 293
1799110 293
1799120 293
1799130 293
1799140 293
1799150 293
1799160 293
1799170 293
1799180 293
1799190 293
1799200 293
1799210 293
1799220 293
1799230 293
1799240 293
1799250 293
1799260 293
1799270 293
1799280 293
1799290 293
1799300 293
1799310 293
1799320 293
1799330 293
1799340 293
1799350 293
1799360 292
1799370 292
1799380 292
1799390 292
1799400 292
1799410 292
1799420 291
1799430 292
1799440 292
1799450 292
1799460 292
1799470 292
1799480 292
1799490 292
1799500 292
1799510 292
1799520 292
1799530 292
1799540 292
1799550 292
1799560 291
1799570 291
1799580 291
1799590 291
1799600 291
1799610 291
1799620 291
1799630 291
1799640 291
1799650 291
1799660 291
1799670 291
1799680 291
1799690 291
1799700 291
1799710 291
1799720 291
1799730 291
1799740 290
1799750 290
1799760 290
1799770 290
1799780 290
1799790 290
1799800 290
1799810 290
1799820 290
1799830 290
1799840 290
1799850 290
1799860 290
1799870 290
1799880 290
1799890 290
1799900 290
1799910 290
1799920 290
1799930 290
1799940 290
1799950 290
1799960 290
1799970 290
1799980 290
1799990 290
