1780000 885
1780010 880
1780020 876
1780030 872
1780040 868
1780050 864
1780060 860
1780070 857
1780080 853
1780090 849
1780100 846
1780110 843
1780120 841
1780130 840
1780140 840
1780150 842
1780160 843
1780170 846
1780180 848
1780190 851
1780200 854
1780210 857
1780220 859
1780230 862
1780240 864
1780250 865
1780260 866
1780270 865
1780280 864
1780290 862
1780300 859
1780310 855
1780320 852
1780330 852
1780340 852
1780350 853
1780360 853
1780370 853
1780380 853
1780390 855
1780400 858
1780410 860
1780420 863
1780430 866
1780440 868
1780450 871
1780460 873
1780470 875
1780480 876
1780490 874
1780500 873
1780510 871
1780520 869
1780530 867
1780540 866
1780550 863
1780560 861
1780570 859
1780580 857
1780590 856
1780600 853
1780610 851
1780620 849
1780630 847
1780640 845
1780650 844
1780660 843
1780670 845
1780680 847
1780690 851
1780700 855
1780710 858
1780720 862
1780730 865
1780740 869
1780750 872
1780760 876
1780770 880
1780780 884
1780790 888
1780800 892
1780810 896
1780820 900
1780830 904
1780840 908
1780850 913
1780860 917
1780870 922
1780880 926
1780890 931
1780900 935
1780910 940
1780920 945
1780930 949
1780940 954
1780950 959
1780960 964
1780970 969
1780980 973
1780990 978
1781000 983
1781010 987
1781020 992
1781030 997
1781040 1001
1781050 1005
1781060 1009
1781070 1014
1781080 1018
1781090 1022
1781100 1026
1781110 1028
1781120 1029
1781130 1028
1781140 1027
1781150 1026
1781160 1025
1781170 1024
1781180 1022
1781190 1020
1781200 1019
1781210 1017
1781220 1015
1781230 1012
1781240 1010
1781250 1007
1781260 1004
1781270 1000
1781280 997
1781290 994
1781300 990
1781310 987
1781320 983
1781330 980
1781340 976
1781350 973
1781360 969
1781370 966
1781380 962
1781390 959
1781400 955
1781410 952
1781420 949
1781430 950
1781440 951
1781450 953
1781460 955
1781470 957
1781480 958
1781490 960
1781500 962
1781510 963
1781520 964
1781530 965
1781540 965
1781550 965
1781560 966
1781570 966
1781580 966
1781590 966
1781600 965
1781610 965
1781620 964
1781630 964
1781640 963
1781650 961
1781660 961
1781670 963
1781680 966
1781690 970
1781700 975
1781710 983
1781720 991
1781730 998
1781740 999
1781750 998
1781760 996
1781770 994
1781780 992
1781790 990
1781800 989
1781810 987
1781820 986
1781830 986
1781840 987
1781850 988
1781860 990
1781870 991
1781880 993
1781890 994
1781900 995
1781910 996
1781920 997
1781930 996
1781940 996
1781950 998
1781960 1000
1781970 1003
1781980 1005
1781990 1007
1782000 1009
1782010 1010
1782020 1011
1782030 1011
1782040 1008
1782050 1008
1782060 1008
1782070 1009
1782080 1009
1782090 1010
1782100 1012
1782110 1014
1782120 1017
1782130 1020
1782140 1023
1782150 1025
1782160 1028
1782170 1030
1782180 1031
1782190 1031
1782200 1029
1782210 1027
1782220 1025
1782230 1023
1782240 1022
1782250 1022
1782260 1023
1782270 1024
1782280 1024
1782290 1024
1782300 1023
1782310 1022
1782320 1019
1782330 1015
1782340 1013
1782350 1012
1782360 1011
1782370 1012
1782380 1014
1782390 1014
1782400 1014
1782410 1013
1782420 1013
1782430 1015
1782440 1014
1782450 1015
1782460 1017
1782470 1014
1782480 1009
1782490 1004
1782500 1010
1782510 1016
1782520 1024
1782530 1025
1782540 1029
1782550 1036
1782560 1040
1782570 1044
1782580 1046
1782590 1046
1782600 1046
1782610 1046
1782620 1046
1782630 1046
1782640 1045
1782650 1045
1782660 1044
1782670 1044
1782680 1043
1782690 1042
1782700 1039
1782710 1034
1782720 1028
1782730 1021
1782740 1014
1782750 1009
1782760 1005
1782770 1004
1782780 1002
1782790 1001
1782800 999
1782810 997
1782820 995
1782830 994
1782840 992
1782850 990
1782860 989
1782870 991
1782880 993
1782890 997
1782900 998
1782910 999
1782920 1000
1782930 1004
1782940 1008
1782950 1012
1782960 1017
1782970 1020
1782980 1021
1782990 1021
1783000 1019
1783010 1018
1783020 1016
1783030 1015
1783040 1014
1783050 1013
1783060 1011
1783070 1010
1783080 1009
1783090 1007
1783100 1006
1783110 1004
1783120 1003
1783130 1002
1783140 1001
1783150 1000
1783160 999
1783170 998
1783180 997
1783190 996
1783200 995
1783210 994
1783220 993
1783230 992
1783240 992
1783250 991
1783260 990
1783270 989
1783280 987
1783290 986
1783300 985
1783310 984
1783320 983
1783330 983
1783340 982
1783350 981
1783360 979
1783370 978
1783380 977
1783390 977
1783400 976
1783410 975
1783420 974
1783430 973
1783440 972
1783450 971
1783460 970
1783470 969
1783480 968
1783490 967
1783500 966
1783510 964
1783520 963
1783530 962
1783540 961
1783550 961
1783560 960
1783570 960
1783580 960
1783590 959
1783600 959
1783610 959
1783620 958
1783630 958
1783640 957
1783650 957
1783660 957
1783670 956
1783680 955
1783690 955
1783700 954
1783710 953
1783720 952
1783730 951
1783740 950
1783750 949
1783760 948
1783770 947
1783780 945
1783790 944
1783800 944
1783810 943
1783820 942
1783830 941
1783840 940
1783850 939
1783860 938
1783870 937
1783880 933
1783890 928
1783900 919
1783910 913
1783920 909
1783930 905
1783940 901
1783950 897
1783960 895
1783970 892
1783980 889
1783990 889
1784000 888
1784010 885
1784020 881
1784030 877
1784040 874
1784050 871
1784060 869
1784070 868
1784080 868
1784090 866
1784100 862
1784110 858
1784120 852
1784130 846
1784140 840
1784150 837
1784160 834
1784170 833
1784180 832
1784190 830
1784200 826
1784210 822
1784220 821
1784230 821
1784240 822
1784250 821
1784260 818
1784270 813
1784280 805
1784290 794
1784300 783
1784310 777
1784320 777
1784330 776
1784340 774
1784350 772
1784360 766
1784370 761
1784380 756
1784390 746
1784400 733
1784410 719
1784420 712
1784430 707
1784440 704
1784450 700
1784460 697
1784470 693
1784480 690
1784490 687
1784500 685
1784510 684
1784520 682
1784530 680
1784540 677
1784550 675
1784560 673
1784570 671
1784580 669
1784590 668
1784600 666
1784610 664
1784620 662
1784630 660
1784640 658
1784650 655
1784660 653
1784670 650
1784680 647
1784690 644
1784700 641
1784710 638
1784720 636
1784730 634
1784740 632
1784750 631
1784760 630
1784770 628
1784780 625
1784790 622
1784800 618
1784810 614
1784820 610
1784830 607
1784840 605
1784850 605
1784860 604
1784870 604
1784880 603
1784890 601
1784900 599
1784910 597
1784920 594
1784930 591
1784940 588
1784950 587
1784960 586
1784970 585
1784980 583
1784990 582
1785000 581
1785010 579
1785020 577
1785030 576
1785040 574
1785050 573
1785060 571
1785070 569
1785080 568
1785090 566
1785100 564
1785110 562
1785120 561
1785130 559
1785140 556
1785150 554
1785160 553
1785170 551
1785180 549
1785190 548
1785200 546
1785210 544
1785220 542
1785230 540
1785240 538
1785250 537
1785260 536
1785270 535
1785280 533
1785290 531
1785300 529
1785310 527
1785320 526
1785330 524
1785340 522
1785350 520
1785360 518
1785370 516
1785380 515
1785390 514
1785400 512
1785410 510
1785420 509
1785430 508
1785440 506
1785450 505
1785460 504
1785470 503
1785480 502
1785490 500
1785500 499
1785510 497
1785520 496
1785530 494
1785540 493
1785550 491
1785560 490
1785570 488
1785580 487
1785590 485
1785600 484
1785610 482
1785620 481
1785630 480
1785640 479
1785650 478
1785660 477
1785670 476
1785680 475
1785690 474
1785700 473
1785710 473
1785720 472
1785730 471
1785740 471
1785750 470
1785760 470
1785770 470
1785780 470
1785790 469
1785800 469
1785810 468
1785820 468
1785830 468
1785840 467
1785850 467
1785860 467
1785870 466
1785880 466
1785890 466
1785900 465
1785910 465
1785920 465
1785930 465
1785940 464
1785950 464
1785960 463
1785970 463
1785980 463
1785990 462
1786000 462
1786010 462
1786020 461
1786030 461
1786040 460
1786050 460
1786060 460
1786070 459
1786080 459
1786090 458
1786100 458
1786110 458
1786120 458
1786130 458
1786140 457
1786150 457
1786160 457
1786170 457
1786180 456
1786190 456
1786200 456
1786210 455
1786220 455
1786230 455
1786240 454
1786250 454
1786260 454
1786270 453
1786280 453
1786290 453
1786300 452
1786310 452
1786320 452
1786330 451
1786340 451
1786350 451
1786360 450
1786370 450
1786380 449
1786390 449
1786400 449
1786410 448
1786420 448
1786430 448
1786440 447
1786450 447
1786460 447
1786470 447
1786480 446
1786490 446
1786500 445
1786510 445
1786520 445
1786530 445
1786540 445
1786550 444
1786560 444
1786570 444
1786580 443
1786590 443
1786600 443
1786610 442
1786620 442
1786630 442
1786640 441
1786650 441
1786660 440
1786670 440
1786680 440
1786690 439
1786700 439
1786710 438
1786720 438
1786730 437
1786740 437
1786750 437
1786760 436
1786770 436
1786780 436
1786790 436
1786800 436
1786810 436
1786820 436
1786830 436
1786840 436
1786850 436
1786860 435
1786870 435
1786880 435
1786890 434
1786900 434
1786910 434
1786920 433
1786930 433
1786940 433
1786950 432
1786960 432
1786970 431
1786980 431
1786990 431
1787000 430
1787010 430
1787020 430
1787030 429
1787040 429
1787050 429
1787060 428
1787070 428
1787080 428
1787090 427
1787100 427
1787110 427
1787120 426
1787130 426
1787140 425
1787150 425
1787160 424
1787170 424
1787180 424
1787190 423
1787200 423
1787210 423
1787220 422
1787230 422
1787240 422
1787250 421
1787260 421
1787270 421
1787280 420
1787290 420
1787300 420
1787310 419
1787320 419
1787330 419
1787340 418
1787350 418
1787360 417
1787370 417
1787380 417
1787390 416
1787400 416
1787410 416
1787420 415
1787430 415
1787440 414
1787450 414
1787460 413
1787470 413
1787480 412
1787490 412
1787500 412
1787510 411
1787520 411
1787530 410
1787540 409
1787550 409
1787560 409
1787570 408
1787580 408
1787590 408
1787600 407
1787610 407
1787620 407
1787630 407
1787640 407
1787650 406
1787660 406
1787670 406
1787680 406
1787690 406
1787700 406
1787710 405
1787720 405
1787730 405
1787740 405
1787750 405
1787760 405
1787770 405
1787780 405
1787790 404
1787800 404
1787810 404
1787820 404
1787830 403
1787840 403
1787850 403
1787860 403
1787870 403
1787880 403
1787890 402
1787900 402
1787910 402
1787920 402
1787930 402
1787940 402
1787950 401
1787960 401
1787970 401
1787980 401
1787990 401
1788000 401
1788010 401
1788020 400
1788030 400
1788040 400
1788050 400
1788060 400
1788070 400
1788080 400
1788090 399
1788100 399
1788110 399
1788120 399
1788130 399
1788140 399
1788150 398
1788160 398
1788170 398
1788180 398
1788190 398
1788200 398
1788210 397
1788220 397
1788230 397
1788240 397
1788250 397
1788260 397
1788270 396
1788280 396
1788290 396
1788300 396
1788310 396
1788320 396
1788330 396
1788340 395
1788350 395
1788360 395
1788370 395
1788380 395
1788390 395
1788400 395
1788410 395
1788420 394
1788430 394
1788440 394
1788450 394
1788460 394
1788470 394
1788480 394
1788490 393
1788500 393
1788510 393
1788520 393
1788530 393
1788540 393
1788550 393
1788560 392
1788570 392
1788580 392
1788590 392
1788600 392
1788610 392
1788620 392
1788630 391
1788640 391
1788650 391
1788660 391
1788670 391
1788680 391
1788690 391
1788700 390
1788710 390
1788720 390
1788730 390
1788740 390
1788750 390
1788760 389
1788770 389
1788780 389
1788790 389
1788800 389
1788810 389
1788820 389
1788830 389
1788840 388
1788850 388
1788860 388
1788870 388
1788880 388
1788890 388
1788900 387
1788910 387
1788920 387
1788930 387
1788940 387
1788950 387
1788960 387
1788970 387
1788980 387
1788990 386
1789000 386
1789010 386
1789020 386
1789030 386
1789040 385
1789050 385
1789060 385
1789070 385
1789080 384
1789090 384
1789100 384
1789110 384
1789120 384
1789130 384
1789140 384
1789150 384
1789160 384
1789170 384
1789180 383
1789190 383
1789200 383
1789210 383
1789220 383
1789230 383
1789240 382
1789250 382
1789260 382
1789270 382
1789280 382
1789290 381
1789300 381
1789310 381
1789320 381
1789330 381
1789340 381
1789350 381
1789360 380
1789370 380
1789380 380
1789390 380
1789400 380
1789410 380
1789420 379
1789430 379
1789440 379
1789450 379
1789460 379
1789470 379
1789480 378
1789490 378
1789500 378
1789510 378
1789520 378
1789530 378
1789540 377
1789550 377
1789560 377
1789570 377
1789580 377
1789590 377
1789600 376
1789610 376
1789620 376
1789630 376
1789640 376
1789650 376
1789660 375
1789670 375
1789680 375
1789690 375
1789700 375
1789710 375
1789720 375
1789730 374
1789740 374
1789750 374
1789760 374
1789770 374
1789780 374
1789790 373
1789800 373
1789810 373
1789820 373
1789830 373
1789840 373
1789850 373
1789860 372
1789870 372
1789880 372
1789890 372
1789900 372
1789910 372
1789920 372
1789930 371
1789940 371
1789950 371
1789960 371
1789970 371
1789980 371
1789990 371
1790000 370
1790010 370
1790020 370
1790030 370
1790040 370
1790050 370
1790060 370
1790070 369
1790080 369
1790090 369
1790100 369
1790110 369
1790120 369
1790130 368
1790140 368
1790150 368
1790160 368
1790170 368
1790180 368
1790190 368
1790200 367
1790210 367
1790220 367
1790230 367
1790240 367
1790250 367
1790260 367
1790270 366
1790280 366
1790290 366
1790300 366
1790310 366
1790320 366
1790330 366
1790340 365
1790350 365
1790360 365
1790370 365
1790380 365
1790390 365
1790400 365
1790410 364
1790420 364
1790430 364
1790440 364
1790450 364
1790460 364
1790470 364
1790480 364
1790490 363
1790500 363
1790510 363
1790520 363
1790530 363
1790540 362
1790550 362
1790560 362
1790570 362
1790580 362
1790590 362
1790600 361
1790610 361
1790620 361
1790630 361
1790640 361
1790650 361
1790660 360
1790670 360
1790680 360
1790690 360
1790700 360
1790710 360
1790720 359
1790730 359
1790740 359
1790750 359
1790760 359
1790770 359
1790780 359
1790790 359
1790800 359
1790810 359
1790820 359
1790830 359
1790840 359
1790850 359
1790860 359
1790870 360
1790880 360
1790890 361
1790900 361
1790910 362
1790920 362
1790930 363
1790940 364
1790950 365
1790960 365
1790970 366
1790980 367
1790990 368
1791000 369
1791010 370
1791020 371
1791030 372
1791040 372
1791050 373
1791060 374
1791070 375
1791080 377
1791090 378
1791100 379
1791110 380
1791120 381
1791130 382
1791140 383
1791150 384
1791160 385
1791170 386
1791180 388
1791190 390
1791200 392
1791210 394
1791220 396
1791230 398
1791240 400
1791250 402
1791260 405
1791270 408
1791280 412
1791290 416
1791300 419
1791310 422
1791320 426
1791330 431
1791340 435
1791350 439
1791360 443
1791370 448
1791380 452
1791390 455
1791400 459
1791410 461
1791420 464
1791430 468
1791440 471
1791450 474
1791460 477
1791470 479
1791480 482
1791490 483
1791500 484
1791510 484
1791520 485
1791530 487
1791540 490
1791550 492
1791560 495
1791570 498
1791580 500
1791590 502
1791600 503
1791610 504
1791620 505
1791630 506
1791640 508
1791650 509
1791660 510
1791670 511
1791680 512
1791690 513
1791700 514
1791710 514
1791720 514
1791730 514
1791740 514
1791750 514
1791760 514
1791770 514
1791780 514
1791790 515
1791800 515
1791810 515
1791820 514
1791830 514
1791840 513
1791850 512
1791860 511
1791870 511
1791880 510
1791890 509
1791900 509
1791910 508
1791920 507
1791930 506
1791940 506
1791950 505
1791960 504
1791970 503
1791980 502
1791990 501
1792000 501
1792010 500
1792020 499
1792030 498
1792040 497
1792050 495
1792060 494
1792070 492
1792080 490
1792090 489
1792100 488
1792110 487
1792120 486
1792130 484
1792140 483
1792150 483
1792160 482
1792170 481
1792180 480
1792190 479
1792200 478
1792210 476
1792220 475
1792230 473
1792240 471
1792250 470
1792260 468
1792270 466
1792280 465
1792290 463
1792300 462
1792310 460
1792320 459
1792330 457
1792340 455
1792350 453
1792360 451
1792370 449
1792380 447
1792390 445
1792400 443
1792410 441
1792420 439
1792430 438
1792440 436
1792450 435
1792460 433
1792470 432
1792480 432
1792490 432
1792500 433
1792510 433
1792520 433
1792530 433
1792540 433
1792550 433
1792560 434
1792570 437
1792580 440
1792590 444
1792600 448
1792610 451
1792620 454
1792630 455
1792640 456
1792650 458
1792660 459
1792670 461
1792680 463
1792690 466
1792700 468
1792710 471
1792720 474
1792730 477
1792740 480
1792750 483
1792760 487
1792770 490
1792780 492
1792790 493
1792800 494
1792810 493
1792820 491
1792830 489
1792840 488
1792850 485
1792860 483
1792870 480
1792880 477
1792890 474
1792900 471
1792910 468
1792920 465
1792930 461
1792940 458
1792950 454
1792960 450
1792970 446
1792980 442
1792990 438
1793000 434
1793010 430
1793020 426
1793030 422
1793040 418
1793050 414
1793060 410
1793070 407
1793080 403
1793090 399
1793100 396
1793110 392
1793120 389
1793130 385
1793140 382
1793150 379
1793160 375
1793170 372
1793180 369
1793190 367
1793200 365
1793210 362
1793220 360
1793230 358
1793240 356
1793250 354
1793260 352
1793270 350
1793280 348
1793290 347
1793300 345
1793310 344
1793320 342
1793330 341
1793340 340
1793350 339
1793360 339
1793370 338
1793380 337
1793390 337
1793400 336
1793410 336
1793420 335
1793430 335
1793440 334
1793450 334
1793460 334
1793470 333
1793480 333
1793490 332
1793500 332
1793510 332
1793520 331
1793530 331
1793540 330
1793550 330
1793560 330
1793570 330
1793580 330
1793590 330
1793600 330
1793610 329
1793620 329
1793630 328
1793640 328
1793650 328
1793660 328
1793670 327
1793680 327
1793690 327
1793700 327
1793710 327
1793720 327
1793730 327
1793740 326
1793750 326
1793760 326
1793770 326
1793780 326
1793790 326
1793800 326
1793810 326
1793820 326
1793830 326
1793840 325
1793850 325
1793860 326
1793870 326
1793880 326
1793890 326
1793900 326
1793910 326
1793920 325
1793930 325
1793940 325
1793950 325
1793960 325
1793970 324
1793980 324
1793990 324
1794000 324
1794010 324
1794020 324
1794030 324
1794040 324
1794050 324
1794060 323
1794070 323
1794080 323
1794090 323
1794100 323
1794110 323
1794120 323
1794130 323
1794140 323
1794150 323
1794160 322
1794170 322
1794180 322
1794190 322
1794200 322
1794210 322
1794220 322
1794230 322
1794240 322
1794250 322
1794260 322
1794270 322
1794280 322
1794290 322
1794300 321
1794310 322
1794320 322
1794330 321
1794340 321
1794350 321
1794360 321
1794370 321
1794380 321
1794390 321
1794400 321
1794410 321
1794420 320
1794430 320
1794440 320
1794450 320
1794460 320
1794470 320
1794480 320
1794490 320
1794500 320
1794510 320
1794520 320
1794530 320
1794540 320
1794550 319
1794560 319
1794570 319
1794580 319
1794590 319
1794600 319
1794610 319
1794620 319
1794630 319
1794640 319
1794650 319
1794660 319
1794670 319
1794680 319
1794690 318
1794700 318
1794710 318
1794720 318
1794730 318
1794740 318
1794750 318
1794760 318
1794770 317
1794780 317
1794790 317
1794800 317
1794810 317
1794820 317
1794830 317
1794840 317
1794850 317
1794860 317
1794870 317
1794880 316
1794890 316
1794900 316
1794910 316
1794920 316
1794930 316
1794940 316
1794950 316
1794960 316
1794970 316
1794980 316
1794990 316
1795000 315
1795010 315
1795020 315
1795030 315
1795040 315
1795050 315
1795060 315
1795070 315
1795080 315
1795090 315
1795100 315
1795110 315
1795120 315
1795130 315
1795140 315
1795150 315
1795160 315
1795170 315
1795180 315
1795190 314
1795200 314
1795210 314
1795220 314
1795230 314
1795240 314
1795250 314
1795260 314
1795270 314
1795280 314
1795290 314
1795300 314
1795310 314
1795320 314
1795330 314
1795340 314
1795350 314
1795360 313
1795370 313
1795380 313
1795390 313
1795400 313
1795410 313
1795420 313
1795430 313
1795440 313
1795450 313
1795460 313
1795470 313
1795480 313
1795490 313
1795500 312
1795510 312
1795520 312
1795530 312
1795540 312
1795550 312
1795560 312
1795570 312
1795580 312
1795590 312
1795600 311
1795610 311
1795620 311
1795630 311
1795640 311
1795650 311
1795660 311
1795670 311
1795680 311
1795690 311
1795700 311
1795710 311
1795720 311
1795730 310
1795740 310
1795750 310
1795760 310
1795770 310
1795780 310
1795790 310
1795800 310
1795810 310
1795820 310
1795830 310
1795840 310
1795850 310
1795860 310
1795870 310
1795880 309
1795890 309
1795900 309
1795910 309
1795920 309
1795930 309
1795940 309
1795950 309
1795960 309
1795970 309
1795980 309
1795990 309
1796000 309
1796010 309
1796020 309
1796030 309
1796040 309
1796050 309
1796060 309
1796070 309
1796080 308
1796090 308
1796100 308
1796110 308
1796120 308
1796130 308
1796140 308
1796150 308
1796160 308
1796170 308
1796180 308
1796190 308
1796200 308
1796210 308
1796220 308
1796230 308
1796240 307
1796250 308
1796260 308
1796270 307
1796280 307
1796290 307
1796300 307
1796310 307
1796320 307
1796330 308
1796340 308
1796350 308
1796360 308
1796370 307
1796380 307
1796390 307
1796400 307
1796410 307
1796420 307
1796430 307
1796440 307
1796450 307
1796460 307
1796470 306
1796480 306
1796490 306
1796500 306
1796510 306
1796520 306
1796530 306
1796540 306
1796550 306
1796560 306
1796570 306
1796580 306
1796590 306
1796600 306
1796610 305
1796620 305
1796630 305
1796640 305
1796650 305
1796660 305
1796670 305
1796680 305
1796690 305
1796700 305
1796710 305
1796720 305
1796730 305
1796740 304
1796750 304
1796760 304
1796770 304
1796780 304
1796790 304
1796800 304
1796810 304
1796820 304
1796830 304
1796840 304
1796850 304
1796860 303
1796870 303
1796880 303
1796890 303
1796900 303
1796910 303
1796920 303
1796930 303
1796940 303
1796950 303
1796960 303
1796970 303
1796980 302
1796990 302
1797000 302
1797010 302
1797020 302
1797030 302
1797040 302
1797050 302
1797060 302
1797070 302
1797080 302
1797090 301
1797100 301
1797110 301
1797120 301
1797130 301
1797140 301
1797150 301
1797160 301
1797170 300
1797180 300
1797190 300
1797200 300
1797210 300
1797220 300
1797230 300
1797240 300
1797250 300
1797260 300
1797270 300
1797280 300
1797290 299
1797300 299
1797310 299
1797320 299
1797330 299
1797340 299
1797350 299
1797360 299
1797370 299
1797380 299
1797390 299
1797400 299
1797410 299
1797420 299
1797430 299
1797440 299
1797450 298
1797460 298
1797470 298
1797480 298
1797490 298
1797500 298
1797510 298
1797520 298
1797530 298
1797540 298
1797550 298
1797560 298
1797570 298
1797580 298
1797590 298
1797600 298
1797610 298
1797620 298
1797630 298
1797640 298
1797650 298
1797660 298
1797670 298
1797680 298
1797690 298
1797700 298
1797710 298
1797720 298
1797730 298
1797740 297
1797750 297
1797760 297
1797770 297
1797780 297
1797790 297
1797800 297
1797810 297
1797820 297
1797830 297
1797840 297
1797850 297
1797860 297
1797870 297
1797880 297
1797890 297
1797900 297
1797910 297
1797920 297
1797930 297
1797940 297
1797950 297
1797960 297
1797970 297
1797980 296
1797990 296
1798000 296
1798010 296
1798020 296
1798030 296
1798040 296
1798050 296
1798060 296
1798070 296
1798080 296
1798090 296
1798100 296
1798110 296
1798120 296
1798130 296
1798140 296
1798150 296
1798160 296
1798170 296
1798180 296
1798190 296
1798200 296
1798210 295
1798220 295
1798230 295
1798240 295
1798250 295
1798260 295
1798270 295
1798280 295
1798290 295
1798300 295
1798310 295
1798320 295
1798330 295
1798340 295
1798350 295
1798360 295
1798370 295
1798380 295
1798390 295
1798400 295
1798410 295
1798420 295
1798430 295
1798440 295
1798450 295
1798460 295
1798470 295
1798480 294
1798490 294
1798500 294
1798510 294
1798520 294
1798530 294
1798540 294
1798550 294
1798560 294
1798570 294
1798580 294
1798590 294
1798600 294
1798610 294
1798620 294
1798630 294
1798640 294
1798650 294
1798660 294
1798670 294
1798680 294
1798690 294
1798700 294
1798710 294
1798720 294
1798730 293
1798740 293
1798750 293
1798760 293
1798770 293
1798780 293
1798790 293
1798800 293
1798810 293
1798820 293
1798830 293
1798840 293
1798850 293
1798860 293
1798870 293
1798880 293
1798890 293
1798900 293
1798910 293
1798920 293
1798930 293
1798940 292
1798950 292
1798960 292
1798970 292
1798980 292
1798990 292
1799000 292
1799010 292
1799020 292
1799030 292
1799040 292
1799050 292
1799060 292
1799070 292
1799080 292
1799090 292
1799100 292
1799110 292
1799120 292
1799130 292
1799140 292
1799150 292
1799160 292
1799170 292
1799180 291
1799190 291
1799200 291
1799210 291
1799220 291
1799230 291
1799240 291
1799250 291
1799260 291
1799270 291
1799280 291
1799290 291
1799300 291
1799310 291
1799320 291
1799330 291
1799340 290
1799350 290
1799360 290
1799370 290
1799380 290
1799390 290
1799400 290
1799410 290
1799420 290
1799430 290
1799440 290
1799450 290
1799460 290
1799470 290
1799480 290
1799490 290
1799500 290
1799510 290
1799520 290
1799530 290
1799540 290
1799550 290
1799560 290
1799570 290
1799580 290
1799590 289
1799600 289
1799610 289
1799620 289
1799630 289
1799640 289
1799650 289
1799660 289
1799670 289
1799680 289
1799690 289
1799700 289
1799710 289
1799720 289
1799730 289
1799740 289
1799750 289
1799760 289
1799770 289
1799780 289
1799790 288
1799800 288
1799810 288
1799820 288
1799830 288
1799840 288
1799850 288
1799860 288
1799870 288
1799880 288
1799890 288
1799900 289
1799910 291
1799920 291
1799930 292
1799940 292
1799950 291
1799960 291
1799970 290
1799980 288
1799990 287
