1780000 1058
1780010 1060
1780020 1062
1780030 1064
1780040 1066
1780050 1068
1780060 1069
1780070 1071
1780080 1073
1780090 1074
1780100 1076
1780110 1078
1780120 1079
1780130 1080
1780140 1082
1780150 1083
1780160 1084
1780170 1085
1780180 1086
1780190 1088
1780200 1089
1780210 1090
1780220 1091
1780230 1093
1780240 1094
1780250 1095
1780260 1096
1780270 1097
1780280 1098
1780290 1099
1780300 1100
1780310 1100
1780320 1101
1780330 1101
1780340 1102
1780350 1102
1780360 1101
1780370 1100
1780380 1099
1780390 1098
1780400 1098
1780410 1098
1780420 1098
1780430 1099
1780440 1100
1780450 1101
1780460 1103
1780470 1103
1780480 1104
1780490 1105
1780500 1105
1780510 1105
1780520 1106
1780530 1106
1780540 1106
1780550 1107
1780560 1106
1780570 1106
1780580 1105
1780590 1104
1780600 1104
1780610 1104
1780620 1104
1780630 1103
1780640 1102
1780650 1101
1780660 1100
1780670 1099
1780680 1098
1780690 1098
1780700 1097
1780710 1096
1780720 1095
1780730 1093
1780740 1091
1780750 1088
1780760 1084
1780770 1081
1780780 1077
1780790 1073
1780800 1069
1780810 1065
1780820 1061
1780830 1057
1780840 1053
1780850 1049
1780860 1045
1780870 1041
1780880 1036
1780890 1032
1780900 1028
1780910 1024
1780920 1020
1780930 1017
1780940 1014
1780950 1011
1780960 1009
1780970 1008
1780980 1007
1780990 1007
1781000 1007
1781010 1008
1781020 1009
1781030 1010
1781040 1011
1781050 1012
1781060 1013
1781070 1015
1781080 1016
1781090 1017
1781100 1018
1781110 1019
1781120 1020
1781130 1020
1781140 1020
1781150 1019
1781160 1017
1781170 1014
1781180 1010
1781190 1007
1781200 1003
1781210 999
1781220 995
1781230 991
1781240 987
1781250 983
1781260 980
1781270 979
1781280 980
1781290 982
1781300 984
1781310 986
1781320 989
1781330 991
1781340 993
1781350 995
1781360 997
1781370 999
1781380 1001
1781390 1003
1781400 1005
1781410 1006
1781420 1008
1781430 1010
1781440 1012
1781450 1013
1781460 1015
1781470 1017
1781480 1019
1781490 1021
1781500 1023
1781510 1025
1781520 1028
1781530 1030
1781540 1032
1781550 1035
1781560 1037
1781570 1039
1781580 1041
1781590 1043
1781600 1045
1781610 1047
1781620 1049
1781630 1051
1781640 1053
1781650 1055
1781660 1056
1781670 1058
1781680 1060
1781690 1061
1781700 1063
1781710 1064
1781720 1065
1781730 1065
1781740 1065
1781750 1065
1781760 1065
1781770 1065
1781780 1065
1781790 1065
1781800 1065
1781810 1065
1781820 1065
1781830 1064
1781840 1064
1781850 1064
1781860 1063
1781870 1063
1781880 1062
1781890 1061
1781900 1060
1781910 1059
1781920 1058
1781930 1058
1781940 1057
1781950 1056
1781960 1055
1781970 1054
1781980 1054
1781990 1053
1782000 1052
1782010 1051
1782020 1050
1782030 1049
1782040 1048
1782050 1047
1782060 1046
1782070 1044
1782080 1043
1782090 1042
1782100 1041
1782110 1040
1782120 1039
1782130 1037
1782140 1036
1782150 1035
1782160 1033
1782170 1032
1782180 1030
1782190 1028
1782200 1026
1782210 1024
1782220 1022
1782230 1020
1782240 1018
1782250 1015
1782260 1013
1782270 1010
1782280 1007
1782290 1003
1782300 999
1782310 995
1782320 991
1782330 988
1782340 984
1782350 981
1782360 977
1782370 974
1782380 971
1782390 967
1782400 964
1782410 961
1782420 958
1782430 955
1782440 952
1782450 952
1782460 953
1782470 955
1782480 957
1782490 959
1782500 961
1782510 963
1782520 964
1782530 966
1782540 968
1782550 970
1782560 972
1782570 973
1782580 975
1782590 976
1782600 977
1782610 979
1782620 980
1782630 981
1782640 981
1782650 982
1782660 983
1782670 983
1782680 984
1782690 983
1782700 984
1782710 984
1782720 984
1782730 985
1782740 985
1782750 984
1782760 984
1782770 984
1782780 983
1782790 982
1782800 982
1782810 981
1782820 981
1782830 981
1782840 980
1782850 980
1782860 979
1782870 979
1782880 978
1782890 978
1782900 977
1782910 977
1782920 977
1782930 976
1782940 976
1782950 975
1782960 975
1782970 974
1782980 973
1782990 972
1783000 972
1783010 971
1783020 970
1783030 969
1783040 968
1783050 967
1783060 966
1783070 965
1783080 964
1783090 963
1783100 962
1783110 961
1783120 960
1783130 959
1783140 958
1783150 957
1783160 956
1783170 956
1783180 955
1783190 955
1783200 954
1783210 954
1783220 954
1783230 953
1783240 953
1783250 952
1783260 952
1783270 951
1783280 950
1783290 950
1783300 949
1783310 948
1783320 947
1783330 946
1783340 945
1783350 944
1783360 943
1783370 942
1783380 940
1783390 939
1783400 939
1783410 938
1783420 938
1783430 937
1783440 937
1783450 936
1783460 936
1783470 935
1783480 935
1783490 935
1783500 935
1783510 935
1783520 936
1783530 936
1783540 937
1783550 938
1783560 938
1783570 938
1783580 937
1783590 935
1783600 934
1783610 933
1783620 932
1783630 930
1783640 929
1783650 928
1783660 927
1783670 925
1783680 924
1783690 922
1783700 921
1783710 919
1783720 917
1783730 916
1783740 914
1783750 912
1783760 911
1783770 909
1783780 907
1783790 906
1783800 904
1783810 902
1783820 901
1783830 899
1783840 897
1783850 895
1783860 894
1783870 892
1783880 890
1783890 889
1783900 887
1783910 886
1783920 885
1783930 884
1783940 883
1783950 881
1783960 880
1783970 879
1783980 878
1783990 877
1784000 876
1784010 875
1784020 873
1784030 872
1784040 870
1784050 869
1784060 868
1784070 867
1784080 865
1784090 863
1784100 861
1784110 858
1784120 855
1784130 851
1784140 848
1784150 845
1784160 841
1784170 838
1784180 835
1784190 832
1784200 829
1784210 826
1784220 822
1784230 819
1784240 816
1784250 813
1784260 811
1784270 810
1784280 809
1784290 808
1784300 808
1784310 807
1784320 808
1784330 808
1784340 808
1784350 807
1784360 806
1784370 806
1784380 805
1784390 804
1784400 803
1784410 801
1784420 799
1784430 798
1784440 797
1784450 797
1784460 797
1784470 799
1784480 803
1784490 809
1784500 812
1784510 815
1784520 816
1784530 814
1784540 812
1784550 808
1784560 801
1784570 794
1784580 786
1784590 768
1784600 753
1784610 750
1784620 749
1784630 747
1784640 746
1784650 746
1784660 745
1784670 746
1784680 747
1784690 748
1784700 749
1784710 745
1784720 740
1784730 735
1784740 733
1784750 733
1784760 738
1784770 740
1784780 741
1784790 741
1784800 738
1784810 732
1784820 723
1784830 714
1784840 709
1784850 706
1784860 700
1784870 695
1784880 691
1784890 687
1784900 684
1784910 681
1784920 678
1784930 674
1784940 670
1784950 665
1784960 659
1784970 654
1784980 651
1784990 649
1785000 646
1785010 643
1785020 641
1785030 639
1785040 636
1785050 634
1785060 631
1785070 630
1785080 628
1785090 627
1785100 625
1785110 623
1785120 621
1785130 619
1785140 617
1785150 615
1785160 614
1785170 612
1785180 610
1785190 607
1785200 604
1785210 601
1785220 599
1785230 597
1785240 595
1785250 594
1785260 594
1785270 594
1785280 595
1785290 596
1785300 599
1785310 601
1785320 604
1785330 607
1785340 609
1785350 611
1785360 612
1785370 612
1785380 611
1785390 611
1785400 610
1785410 609
1785420 608
1785430 607
1785440 606
1785450 605
1785460 604
1785470 603
1785480 602
1785490 600
1785500 599
1785510 598
1785520 597
1785530 595
1785540 594
1785550 592
1785560 590
1785570 589
1785580 587
1785590 586
1785600 585
1785610 584
1785620 582
1785630 581
1785640 580
1785650 579
1785660 578
1785670 577
1785680 575
1785690 574
1785700 573
1785710 571
1785720 570
1785730 569
1785740 568
1785750 568
1785760 567
1785770 566
1785780 565
1785790 564
1785800 563
1785810 563
1785820 562
1785830 562
1785840 561
1785850 561
1785860 560
1785870 559
1785880 559
1785890 558
1785900 557
1785910 557
1785920 556
1785930 555
1785940 555
1785950 554
1785960 554
1785970 553
1785980 551
1785990 549
1786000 546
1786010 543
1786020 541
1786030 539
1786040 538
1786050 536
1786060 535
1786070 534
1786080 533
1786090 532
1786100 531
1786110 529
1786120 528
1786130 527
1786140 526
1786150 525
1786160 524
1786170 523
1786180 523
1786190 524
1786200 524
1786210 524
1786220 522
1786230 519
1786240 516
1786250 513
1786260 512
1786270 511
1786280 510
1786290 509
1786300 508
1786310 507
1786320 506
1786330 505
1786340 504
1786350 503
1786360 502
1786370 501
1786380 500
1786390 499
1786400 498
1786410 498
1786420 497
1786430 496
1786440 495
1786450 494
1786460 493
1786470 492
1786480 491
1786490 490
1786500 489
1786510 488
1786520 487
1786530 486
1786540 485
1786550 483
1786560 483
1786570 482
1786580 481
1786590 479
1786600 479
1786610 478
1786620 478
1786630 477
1786640 475
1786650 474
1786660 473
1786670 472
1786680 471
1786690 470
1786700 469
1786710 468
1786720 468
1786730 467
1786740 466
1786750 465
1786760 464
1786770 463
1786780 463
1786790 462
1786800 461
1786810 460
1786820 460
1786830 459
1786840 459
1786850 458
1786860 457
1786870 457
1786880 456
1786890 456
1786900 455
1786910 455
1786920 455
1786930 454
1786940 454
1786950 453
1786960 452
1786970 452
1786980 451
1786990 451
1787000 450
1787010 450
1787020 449
1787030 449
1787040 448
1787050 448
1787060 447
1787070 447
1787080 446
1787090 446
1787100 446
1787110 445
1787120 445
1787130 444
1787140 443
1787150 442
1787160 441
1787170 441
1787180 441
1787190 441
1787200 441
1787210 441
1787220 441
1787230 441
1787240 441
1787250 441
1787260 441
1787270 440
1787280 439
1787290 437
1787300 437
1787310 436
1787320 436
1787330 435
1787340 435
1787350 435
1787360 434
1787370 434
1787380 433
1787390 433
1787400 433
1787410 433
1787420 432
1787430 432
1787440 431
1787450 430
1787460 430
1787470 430
1787480 430
1787490 429
1787500 429
1787510 429
1787520 429
1787530 429
1787540 429
1787550 429
1787560 429
1787570 429
1787580 428
1787590 428
1787600 428
1787610 427
1787620 427
1787630 427
1787640 426
1787650 426
1787660 426
1787670 426
1787680 426
1787690 425
1787700 425
1787710 425
1787720 425
1787730 425
1787740 425
1787750 424
1787760 424
1787770 424
1787780 424
1787790 424
1787800 423
1787810 423
1787820 423
1787830 423
1787840 422
1787850 422
1787860 422
1787870 422
1787880 421
1787890 421
1787900 421
1787910 421
1787920 420
1787930 420
1787940 420
1787950 420
1787960 419
1787970 419
1787980 419
1787990 419
1788000 418
1788010 418
1788020 418
1788030 417
1788040 417
1788050 417
1788060 417
1788070 417
1788080 416
1788090 416
1788100 416
1788110 416
1788120 415
1788130 415
1788140 415
1788150 415
1788160 414
1788170 414
1788180 414
1788190 414
1788200 413
1788210 413
1788220 413
1788230 413
1788240 413
1788250 412
1788260 412
1788270 412
1788280 412
1788290 411
1788300 411
1788310 411
1788320 411
1788330 410
1788340 410
1788350 410
1788360 410
1788370 410
1788380 409
1788390 409
1788400 409
1788410 409
1788420 409
1788430 408
1788440 408
1788450 408
1788460 408
1788470 408
1788480 408
1788490 407
1788500 407
1788510 407
1788520 407
1788530 406
1788540 406
1788550 406
1788560 406
1788570 406
1788580 405
1788590 405
1788600 405
1788610 404
1788620 404
1788630 404
1788640 404
1788650 404
1788660 403
1788670 403
1788680 403
1788690 403
1788700 402
1788710 402
1788720 402
1788730 402
1788740 402
1788750 401
1788760 401
1788770 401
1788780 401
1788790 401
1788800 401
1788810 400
1788820 400
1788830 400
1788840 400
1788850 400
1788860 400
1788870 399
1788880 399
1788890 399
1788900 399
1788910 399
1788920 398
1788930 398
1788940 398
1788950 398
1788960 397
1788970 397
1788980 397
1788990 397
1789000 396
1789010 396
1789020 396
1789030 396
1789040 395
1789050 395
1789060 395
1789070 395
1789080 394
1789090 394
1789100 394
1789110 394
1789120 393
1789130 393
1789140 393
1789150 392
1789160 392
1789170 392
1789180 392
1789190 392
1789200 391
1789210 391
1789220 391
1789230 391
1789240 390
1789250 390
1789260 390
1789270 390
1789280 389
1789290 389
1789300 389
1789310 389
1789320 388
1789330 388
1789340 388
1789350 388
1789360 387
1789370 387
1789380 387
1789390 387
1789400 387
1789410 386
1789420 386
1789430 386
1789440 386
1789450 386
1789460 385
1789470 385
1789480 385
1789490 384
1789500 384
1789510 384
1789520 384
1789530 384
1789540 383
1789550 383
1789560 383
1789570 383
1789580 382
1789590 382
1789600 382
1789610 382
1789620 381
1789630 381
1789640 381
1789650 381
1789660 380
1789670 380
1789680 380
1789690 380
1789700 379
1789710 379
1789720 379
1789730 379
1789740 378
1789750 378
1789760 378
1789770 378
1789780 377
1789790 377
1789800 377
1789810 377
1789820 376
1789830 376
1789840 376
1789850 376
1789860 375
1789870 375
1789880 375
1789890 375
1789900 375
1789910 374
1789920 374
1789930 374
1789940 374
1789950 374
1789960 374
1789970 374
1789980 374
1789990 373
1790000 373
1790010 373
1790020 373
1790030 373
1790040 373
1790050 372
1790060 372
1790070 372
1790080 372
1790090 371
1790100 371
1790110 371
1790120 370
1790130 370
1790140 369
1790150 369
1790160 369
1790170 368
1790180 368
1790190 368
1790200 368
1790210 367
1790220 367
1790230 367
1790240 367
1790250 367
1790260 366
1790270 366
1790280 366
1790290 366
1790300 365
1790310 365
1790320 364
1790330 364
1790340 363
1790350 363
1790360 363
1790370 363
1790380 362
1790390 362
1790400 362
1790410 362
1790420 361
1790430 361
1790440 361
1790450 361
1790460 361
1790470 361
1790480 361
1790490 361
1790500 360
1790510 360
1790520 360
1790530 360
1790540 360
1790550 360
1790560 360
1790570 359
1790580 359
1790590 359
1790600 359
1790610 359
1790620 359
1790630 359
1790640 359
1790650 359
1790660 358
1790670 358
1790680 358
1790690 358
1790700 358
1790710 358
1790720 358
1790730 358
1790740 357
1790750 357
1790760 357
1790770 357
1790780 357
1790790 357
1790800 357
1790810 357
1790820 356
1790830 356
1790840 356
1790850 356
1790860 356
1790870 356
1790880 356
1790890 356
1790900 356
1790910 356
1790920 356
1790930 355
1790940 355
1790950 355
1790960 355
1790970 355
1790980 355
1790990 354
1791000 354
1791010 354
1791020 354
1791030 354
1791040 354
1791050 354
1791060 353
1791070 353
1791080 353
1791090 353
1791100 353
1791110 353
1791120 352
1791130 352
1791140 352
1791150 352
1791160 352
1791170 352
1791180 351
1791190 351
1791200 351
1791210 351
1791220 351
1791230 351
1791240 351
1791250 351
1791260 350
1791270 350
1791280 350
1791290 350
1791300 350
1791310 350
1791320 350
1791330 350
1791340 350
1791350 349
1791360 349
1791370 349
1791380 349
1791390 349
1791400 349
1791410 349
1791420 349
1791430 349
1791440 349
1791450 349
1791460 349
1791470 349
1791480 349
1791490 349
1791500 349
1791510 349
1791520 349
1791530 349
1791540 349
1791550 349
1791560 349
1791570 349
1791580 349
1791590 349
1791600 349
1791610 349
1791620 349
1791630 349
1791640 349
1791650 349
1791660 349
1791670 349
1791680 349
1791690 349
1791700 349
1791710 349
1791720 349
1791730 349
1791740 349
1791750 349
1791760 349
1791770 349
1791780 350
1791790 350
1791800 350
1791810 351
1791820 351
1791830 352
1791840 353
1791850 353
1791860 354
1791870 355
1791880 356
1791890 357
1791900 358
1791910 358
1791920 359
1791930 360
1791940 361
1791950 362
1791960 363
1791970 364
1791980 365
1791990 366
1792000 367
1792010 368
1792020 369
1792030 370
1792040 372
1792050 373
1792060 374
1792070 375
1792080 376
1792090 378
1792100 379
1792110 381
1792120 383
1792130 384
1792140 386
1792150 389
1792160 391
1792170 394
1792180 397
1792190 401
1792200 405
1792210 408
1792220 411
1792230 416
1792240 421
1792250 426
1792260 431
1792270 436
1792280 439
1792290 440
1792300 441
1792310 441
1792320 440
1792330 439
1792340 438
1792350 437
1792360 436
1792370 434
1792380 434
1792390 433
1792400 432
1792410 431
1792420 429
1792430 427
1792440 425
1792450 423
1792460 420
1792470 418
1792480 416
1792490 414
1792500 413
1792510 412
1792520 411
1792530 409
1792540 407
1792550 405
1792560 405
1792570 407
1792580 410
1792590 413
1792600 415
1792610 417
1792620 418
1792630 419
1792640 421
1792650 422
1792660 424
1792670 426
1792680 429
1792690 431
1792700 434
1792710 437
1792720 439
1792730 442
1792740 445
1792750 449
1792760 452
1792770 456
1792780 459
1792790 463
1792800 466
1792810 468
1792820 470
1792830 471
1792840 472
1792850 473
1792860 474
1792870 474
1792880 475
1792890 475
1792900 475
1792910 475
1792920 476
1792930 476
1792940 477
1792950 477
1792960 477
1792970 477
1792980 477
1792990 477
1793000 477
1793010 477
1793020 477
1793030 478
1793040 478
1793050 478
1793060 478
1793070 478
1793080 478
1793090 478
1793100 478
1793110 478
1793120 478
1793130 479
1793140 479
1793150 480
1793160 481
1793170 481
1793180 482
1793190 483
1793200 484
1793210 484
1793220 485
1793230 485
1793240 486
1793250 487
1793260 488
1793270 489
1793280 491
1793290 492
1793300 493
1793310 494
1793320 495
1793330 495
1793340 496
1793350 497
1793360 497
1793370 497
1793380 497
1793390 497
1793400 497
1793410 496
1793420 496
1793430 495
1793440 495
1793450 494
1793460 494
1793470 494
1793480 494
1793490 494
1793500 494
1793510 494
1793520 494
1793530 494
1793540 494
1793550 495
1793560 495
1793570 495
1793580 495
1793590 495
1793600 495
1793610 495
1793620 495
1793630 496
1793640 496
1793650 495
1793660 495
1793670 494
1793680 493
1793690 492
1793700 490
1793710 488
1793720 485
1793730 483
1793740 482
1793750 480
1793760 478
1793770 476
1793780 474
1793790 471
1793800 468
1793810 466
1793820 463
1793830 460
1793840 457
1793850 455
1793860 452
1793870 450
1793880 447
1793890 445
1793900 443
1793910 440
1793920 437
1793930 434
1793940 432
1793950 429
1793960 426
1793970 424
1793980 421
1793990 418
1794000 415
1794010 412
1794020 408
1794030 405
1794040 402
1794050 399
1794060 396
1794070 392
1794080 389
1794090 386
1794100 383
1794110 380
1794120 377
1794130 375
1794140 373
1794150 371
1794160 371
1794170 369
1794180 368
1794190 367
1794200 366
1794210 365
1794220 365
1794230 364
1794240 363
1794250 363
1794260 362
1794270 362
1794280 361
1794290 361
1794300 361
1794310 361
1794320 361
1794330 360
1794340 360
1794350 359
1794360 359
1794370 358
1794380 358
1794390 357
1794400 356
1794410 356
1794420 355
1794430 355
1794440 354
1794450 353
1794460 352
1794470 352
1794480 351
1794490 350
1794500 349
1794510 349
1794520 348
1794530 347
1794540 347
1794550 346
1794560 346
1794570 345
1794580 345
1794590 344
1794600 344
1794610 343
1794620 343
1794630 342
1794640 341
1794650 341
1794660 340
1794670 340
1794680 340
1794690 339
1794700 339
1794710 338
1794720 338
1794730 338
1794740 337
1794750 337
1794760 336
1794770 335
1794780 334
1794790 333
1794800 332
1794810 331
1794820 331
1794830 330
1794840 330
1794850 329
1794860 329
1794870 328
1794880 328
1794890 327
1794900 326
1794910 326
1794920 325
1794930 324
1794940 324
1794950 323
1794960 323
1794970 322
1794980 322
1794990 321
1795000 321
1795010 320
1795020 319
1795030 319
1795040 318
1795050 318
1795060 317
1795070 317
1795080 317
1795090 316
1795100 316
1795110 316
1795120 315
1795130 314
1795140 314
1795150 313
1795160 313
1795170 312
1795180 312
1795190 311
1795200 311
1795210 311
1795220 310
1795230 310
1795240 310
1795250 309
1795260 309
1795270 309
1795280 308
1795290 308
1795300 307
1795310 307
1795320 307
1795330 307
1795340 306
1795350 306
1795360 306
1795370 306
1795380 306
1795390 305
1795400 305
1795410 305
1795420 305
1795430 305
1795440 304
1795450 304
1795460 304
1795470 304
1795480 304
1795490 304
1795500 304
1795510 304
1795520 304
1795530 304
1795540 304
1795550 304
1795560 304
1795570 304
1795580 304
1795590 304
1795600 305
1795610 305
1795620 305
1795630 305
1795640 306
1795650 305
1795660 305
1795670 305
1795680 305
1795690 305
1795700 305
1795710 305
1795720 305
1795730 305
1795740 305
1795750 305
1795760 305
1795770 305
1795780 305
1795790 305
1795800 305
1795810 305
1795820 305
1795830 305
1795840 305
1795850 304
1795860 305
1795870 305
1795880 305
1795890 305
1795900 305
1795910 305
1795920 304
1795930 304
1795940 304
1795950 304
1795960 304
1795970 304
1795980 304
1795990 304
1796000 304
1796010 304
1796020 304
1796030 304
1796040 304
1796050 304
1796060 304
1796070 304
1796080 304
1796090 304
1796100 304
1796110 304
1796120 303
1796130 303
1796140 303
1796150 303
1796160 303
1796170 303
1796180 303
1796190 303
1796200 303
1796210 303
1796220 303
1796230 303
1796240 303
1796250 303
1796260 303
1796270 303
1796280 303
1796290 303
1796300 303
1796310 303
1796320 303
1796330 302
1796340 302
1796350 302
1796360 302
1796370 302
1796380 302
1796390 302
1796400 302
1796410 302
1796420 302
1796430 302
1796440 302
1796450 302
1796460 302
1796470 301
1796480 301
1796490 301
1796500 301
1796510 301
1796520 301
1796530 301
1796540 301
1796550 301
1796560 301
1796570 301
1796580 301
1796590 301
1796600 301
1796610 301
1796620 301
1796630 301
1796640 301
1796650 300
1796660 300
1796670 300
1796680 300
1796690 300
1796700 300
1796710 300
1796720 300
1796730 300
1796740 300
1796750 300
1796760 300
1796770 300
1796780 300
1796790 300
1796800 300
1796810 300
1796820 300
1796830 300
1796840 300
1796850 300
1796860 300
1796870 300
1796880 300
1796890 299
1796900 299
1796910 299
1796920 299
1796930 299
1796940 299
1796950 299
1796960 299
1796970 299
1796980 299
1796990 299
1797000 299
1797010 299
1797020 299
1797030 298
1797040 298
1797050 298
1797060 298
1797070 298
1797080 298
1797090 298
1797100 298
1797110 298
1797120 298
1797130 298
1797140 298
1797150 298
1797160 298
1797170 298
1797180 298
1797190 298
1797200 298
1797210 298
1797220 298
1797230 298
1797240 298
1797250 298
1797260 298
1797270 298
1797280 298
1797290 298
1797300 297
1797310 297
1797320 297
1797330 297
1797340 297
1797350 297
1797360 297
1797370 297
1797380 297
1797390 297
1797400 297
1797410 297
1797420 297
1797430 297
1797440 297
1797450 297
1797460 297
1797470 297
1797480 296
1797490 296
1797500 296
1797510 296
1797520 296
1797530 296
1797540 295
1797550 295
1797560 295
1797570 295
1797580 295
1797590 295
1797600 295
1797610 295
1797620 295
1797630 295
1797640 295
1797650 295
1797660 295
1797670 295
1797680 295
1797690 295
1797700 295
1797710 295
1797720 295
1797730 295
1797740 295
1797750 294
1797760 294
1797770 294
1797780 294
1797790 294
1797800 294
1797810 294
1797820 294
1797830 294
1797840 294
1797850 294
1797860 294
1797870 294
1797880 293
1797890 293
1797900 293
1797910 293
1797920 293
1797930 293
1797940 293
1797950 293
1797960 293
1797970 293
1797980 293
1797990 293
1798000 293
1798010 292
1798020 292
1798030 292
1798040 292
1798050 292
1798060 292
1798070 292
1798080 292
1798090 292
1798100 292
1798110 292
1798120 292
1798130 292
1798140 292
1798150 292
1798160 292
1798170 292
1798180 292
1798190 292
1798200 292
1798210 292
1798220 292
1798230 291
1798240 291
1798250 291
1798260 291
1798270 291
1798280 291
1798290 291
1798300 291
1798310 291
1798320 291
1798330 291
1798340 291
1798350 291
1798360 291
1798370 291
1798380 291
1798390 291
1798400 291
1798410 291
1798420 291
1798430 291
1798440 291
1798450 291
1798460 291
1798470 291
1798480 290
1798490 290
1798500 290
1798510 290
1798520 290
1798530 290
1798540 290
1798550 290
1798560 290
1798570 290
1798580 290
1798590 290
1798600 290
1798610 290
1798620 290
1798630 290
1798640 290
1798650 290
1798660 290
1798670 290
1798680 290
1798690 290
1798700 290
1798710 290
1798720 290
1798730 290
1798740 290
1798750 290
1798760 290
1798770 290
1798780 290
1798790 290
1798800 290
1798810 290
1798820 289
1798830 289
1798840 289
1798850 289
1798860 289
1798870 289
1798880 289
1798890 289
1798900 289
1798910 289
1798920 289
1798930 289
1798940 289
1798950 289
1798960 289
1798970 289
1798980 289
1798990 289
1799000 289
1799010 289
1799020 289
1799030 289
1799040 289
1799050 289
1799060 289
1799070 289
1799080 289
1799090 289
1799100 289
1799110 289
1799120 289
1799130 289
1799140 288
1799150 288
1799160 288
1799170 288
1799180 288
1799190 288
1799200 288
1799210 288
1799220 288
1799230 288
1799240 288
1799250 288
1799260 288
1799270 288
1799280 288
1799290 288
1799300 288
1799310 288
1799320 288
1799330 288
1799340 288
1799350 288
1799360 288
1799370 288
1799380 288
1799390 288
1799400 288
1799410 288
1799420 287
1799430 287
1799440 287
1799450 287
1799460 287
1799470 287
1799480 287
1799490 287
1799500 287
1799510 287
1799520 287
1799530 287
1799540 287
1799550 287
1799560 287
1799570 287
1799580 287
1799590 287
1799600 287
1799610 287
1799620 287
1799630 287
1799640 287
1799650 287
1799660 287
1799670 286
1799680 286
1799690 286
1799700 286
1799710 286
1799720 286
1799730 286
1799740 286
1799750 286
1799760 286
1799770 286
1799780 286
1799790 286
1799800 286
1799810 286
1799820 286
1799830 286
1799840 286
1799850 286
1799860 286
1799870 286
1799880 286
1799890 286
1799900 286
1799910 286
1799920 286
1799930 285
1799940 285
1799950 285
1799960 285
1799970 285
1799980 285
1799990 285
