1780000 513
1780010 513
1780020 514
1780030 515
1780040 517
1780050 518
1780060 519
1780070 521
1780080 522
1780090 524
1780100 525
1780110 527
1780120 528
1780130 530
1780140 531
1780150 533
1780160 534
1780170 536
1780180 537
1780190 539
1780200 540
1780210 541
1780220 542
1780230 543
1780240 545
1780250 546
1780260 548
1780270 549
1780280 550
1780290 551
1780300 553
1780310 554
1780320 554
1780330 555
1780340 556
1780350 558
1780360 560
1780370 563
1780380 566
1780390 569
1780400 573
1780410 577
1780420 581
1780430 584
1780440 586
1780450 589
1780460 593
1780470 599
1780480 603
1780490 607
1780500 611
1780510 612
1780520 614
1780530 615
1780540 617
1780550 618
1780560 619
1780570 621
1780580 622
1780590 624
1780600 626
1780610 628
1780620 630
1780630 633
1780640 635
1780650 638
1780660 641
1780670 644
1780680 646
1780690 648
1780700 650
1780710 652
1780720 653
1780730 656
1780740 659
1780750 663
1780760 664
1780770 665
1780780 665
1780790 664
1780800 662
1780810 660
1780820 660
1780830 660
1780840 660
1780850 660
1780860 662
1780870 663
1780880 664
1780890 666
1780900 667
1780910 669
1780920 670
1780930 672
1780940 675
1780950 678
1780960 680
1780970 683
1780980 686
1780990 689
1781000 691
1781010 694
1781020 696
1781030 698
1781040 701
1781050 704
1781060 707
1781070 710
1781080 714
1781090 718
1781100 722
1781110 726
1781120 730
1781130 734
1781140 737
1781150 740
1781160 744
1781170 747
1781180 749
1781190 751
1781200 752
1781210 752
1781220 752
1781230 751
1781240 751
1781250 750
1781260 749
1781270 749
1781280 748
1781290 747
1781300 746
1781310 744
1781320 743
1781330 740
1781340 739
1781350 737
1781360 735
1781370 733
1781380 730
1781390 728
1781400 725
1781410 722
1781420 720
1781430 717
1781440 714
1781450 712
1781460 710
1781470 708
1781480 706
1781490 704
1781500 702
1781510 701
1781520 699
1781530 698
1781540 696
1781550 695
1781560 694
1781570 694
1781580 695
1781590 696
1781600 697
1781610 699
1781620 701
1781630 703
1781640 706
1781650 708
1781660 710
1781670 712
1781680 713
1781690 715
1781700 716
1781710 718
1781720 719
1781730 721
1781740 722
1781750 723
1781760 724
1781770 726
1781780 727
1781790 728
1781800 729
1781810 731
1781820 732
1781830 734
1781840 735
1781850 736
1781860 738
1781870 739
1781880 741
1781890 743
1781900 746
1781910 748
1781920 751
1781930 754
1781940 758
1781950 760
1781960 762
1781970 764
1781980 765
1781990 766
1782000 768
1782010 770
1782020 772
1782030 774
1782040 775
1782050 777
1782060 779
1782070 781
1782080 784
1782090 786
1782100 788
1782110 791
1782120 793
1782130 795
1782140 797
1782150 798
1782160 800
1782170 801
1782180 801
1782190 802
1782200 802
1782210 803
1782220 804
1782230 804
1782240 805
1782250 806
1782260 807
1782270 808
1782280 809
1782290 810
1782300 811
1782310 812
1782320 814
1782330 815
1782340 816
1782350 818
1782360 820
1782370 821
1782380 822
1782390 824
1782400 825
1782410 826
1782420 826
1782430 828
1782440 829
1782450 831
1782460 834
1782470 836
1782480 839
1782490 842
1782500 844
1782510 847
1782520 850
1782530 853
1782540 855
1782550 859
1782560 862
1782570 865
1782580 868
1782590 872
1782600 875
1782610 878
1782620 881
1782630 883
1782640 887
1782650 889
1782660 890
1782670 892
1782680 895
1782690 900
1782700 905
1782710 909
1782720 912
1782730 916
1782740 919
1782750 923
1782760 926
1782770 931
1782780 936
1782790 943
1782800 948
1782810 952
1782820 955
1782830 958
1782840 961
1782850 965
1782860 969
1782870 973
1782880 978
1782890 983
1782900 987
1782910 989
1782920 991
1782930 993
1782940 995
1782950 997
1782960 999
1782970 1002
1782980 1004
1782990 1007
1783000 1009
1783010 1010
1783020 1011
1783030 1013
1783040 1014
1783050 1016
1783060 1016
1783070 1017
1783080 1018
1783090 1019
1783100 1021
1783110 1022
1783120 1024
1783130 1025
1783140 1025
1783150 1026
1783160 1026
1783170 1025
1783180 1025
1783190 1023
1783200 1020
1783210 1017
1783220 1014
1783230 1012
1783240 1009
1783250 1008
1783260 1006
1783270 1005
1783280 1005
1783290 1004
1783300 1004
1783310 1004
1783320 1004
1783330 1003
1783340 1003
1783350 1003
1783360 1003
1783370 1002
1783380 1001
1783390 1001
1783400 1001
1783410 1000
1783420 1000
1783430 999
1783440 999
1783450 998
1783460 997
1783470 996
1783480 995
1783490 994
1783500 993
1783510 991
1783520 989
1783530 988
1783540 986
1783550 984
1783560 982
1783570 981
1783580 980
1783590 978
1783600 977
1783610 976
1783620 977
1783630 977
1783640 978
1783650 979
1783660 980
1783670 980
1783680 981
1783690 982
1783700 983
1783710 985
1783720 986
1783730 988
1783740 988
1783750 989
1783760 990
1783770 991
1783780 991
1783790 992
1783800 993
1783810 994
1783820 994
1783830 995
1783840 995
1783850 995
1783860 995
1783870 995
1783880 996
1783890 996
1783900 996
1783910 997
1783920 997
1783930 997
1783940 996
1783950 995
1783960 995
1783970 995
1783980 994
1783990 994
1784000 994
1784010 993
1784020 993
1784030 993
1784040 993
1784050 992
1784060 991
1784070 990
1784080 989
1784090 988
1784100 987
1784110 986
1784120 985
1784130 983
1784140 982
1784150 980
1784160 979
1784170 975
1784180 971
1784190 968
1784200 966
1784210 963
1784220 960
1784230 959
1784240 958
1784250 958
1784260 958
1784270 958
1784280 958
1784290 958
1784300 958
1784310 958
1784320 959
1784330 959
1784340 960
1784350 962
1784360 963
1784370 964
1784380 966
1784390 968
1784400 969
1784410 971
1784420 972
1784430 974
1784440 975
1784450 976
1784460 978
1784470 979
1784480 980
1784490 981
1784500 982
1784510 984
1784520 985
1784530 986
1784540 987
1784550 987
1784560 988
1784570 989
1784580 989
1784590 989
1784600 989
1784610 989
1784620 989
1784630 989
1784640 988
1784650 988
1784660 988
1784670 988
1784680 988
1784690 988
1784700 988
1784710 988
1784720 987
1784730 987
1784740 986
1784750 985
1784760 984
1784770 983
1784780 982
1784790 981
1784800 980
1784810 978
1784820 976
1784830 975
1784840 973
1784850 970
1784860 968
1784870 966
1784880 964
1784890 963
1784900 962
1784910 962
1784920 962
1784930 961
1784940 961
1784950 961
1784960 961
1784970 961
1784980 961
1784990 960
1785000 959
1785010 959
1785020 957
1785030 956
1785040 955
1785050 954
1785060 952
1785070 951
1785080 950
1785090 949
1785100 947
1785110 945
1785120 944
1785130 942
1785140 940
1785150 939
1785160 937
1785170 935
1785180 934
1785190 932
1785200 931
1785210 929
1785220 928
1785230 926
1785240 925
1785250 924
1785260 923
1785270 921
1785280 920
1785290 919
1785300 918
1785310 916
1785320 914
1785330 913
1785340 911
1785350 909
1785360 908
1785370 907
1785380 906
1785390 905
1785400 904
1785410 903
1785420 901
1785430 900
1785440 898
1785450 897
1785460 895
1785470 893
1785480 891
1785490 888
1785500 887
1785510 886
1785520 885
1785530 885
1785540 885
1785550 885
1785560 884
1785570 884
1785580 884
1785590 884
1785600 884
1785610 884
1785620 884
1785630 884
1785640 884
1785650 885
1785660 886
1785670 884
1785680 882
1785690 881
1785700 880
1785710 879
1785720 878
1785730 878
1785740 878
1785750 877
1785760 877
1785770 877
1785780 877
1785790 877
1785800 876
1785810 876
1785820 876
1785830 876
1785840 875
1785850 875
1785860 875
1785870 875
1785880 874
1785890 874
1785900 874
1785910 874
1785920 874
1785930 873
1785940 873
1785950 873
1785960 873
1785970 873
1785980 873
1785990 873
1786000 873
1786010 873
1786020 873
1786030 872
1786040 872
1786050 872
1786060 872
1786070 872
1786080 872
1786090 872
1786100 872
1786110 872
1786120 872
1786130 872
1786140 872
1786150 872
1786160 872
1786170 872
1786180 872
1786190 873
1786200 873
1786210 873
1786220 873
1786230 873
1786240 874
1786250 875
1786260 875
1786270 876
1786280 876
1786290 877
1786300 877
1786310 877
1786320 878
1786330 878
1786340 878
1786350 879
1786360 879
1786370 880
1786380 880
1786390 880
1786400 880
1786410 880
1786420 880
1786430 880
1786440 880
1786450 880
1786460 879
1786470 877
1786480 876
1786490 875
1786500 874
1786510 873
1786520 873
1786530 873
1786540 873
1786550 873
1786560 873
1786570 873
1786580 873
1786590 873
1786600 873
1786610 873
1786620 873
1786630 873
1786640 872
1786650 872
1786660 872
1786670 871
1786680 871
1786690 870
1786700 870
1786710 870
1786720 869
1786730 869
1786740 868
1786750 868
1786760 867
1786770 866
1786780 866
1786790 865
1786800 864
1786810 863
1786820 863
1786830 862
1786840 862
1786850 861
1786860 860
1786870 859
1786880 858
1786890 858
1786900 857
1786910 856
1786920 855
1786930 854
1786940 854
1786950 854
1786960 853
1786970 852
1786980 851
1786990 851
1787000 850
1787010 849
1787020 848
1787030 847
1787040 847
1787050 846
1787060 845
1787070 845
1787080 844
1787090 843
1787100 842
1787110 841
1787120 840
1787130 839
1787140 839
1787150 838
1787160 836
1787170 835
1787180 833
1787190 832
1787200 831
1787210 828
1787220 826
1787230 825
1787240 824
1787250 822
1787260 821
1787270 819
1787280 818
1787290 816
1787300 815
1787310 813
1787320 811
1787330 809
1787340 808
1787350 806
1787360 804
1787370 802
1787380 800
1787390 798
1787400 796
1787410 794
1787420 791
1787430 788
1787440 786
1787450 783
1787460 781
1787470 778
1787480 775
1787490 773
1787500 770
1787510 768
1787520 765
1787530 763
1787540 760
1787550 757
1787560 754
1787570 751
1787580 747
1787590 743
1787600 738
1787610 733
1787620 728
1787630 723
1787640 718
1787650 715
1787660 713
1787670 713
1787680 714
1787690 716
1787700 716
1787710 716
1787720 717
1787730 720
1787740 724
1787750 727
1787760 731
1787770 734
1787780 737
1787790 740
1787800 742
1787810 744
1787820 746
1787830 750
1787840 753
1787850 756
1787860 757
1787870 758
1787880 757
1787890 756
1787900 753
1787910 749
1787920 744
1787930 739
1787940 736
1787950 734
1787960 729
1787970 718
1787980 708
1787990 700
1788000 691
1788010 683
1788020 677
1788030 675
1788040 674
1788050 672
1788060 671
1788070 669
1788080 667
1788090 666
1788100 664
1788110 662
1788120 660
1788130 658
1788140 655
1788150 653
1788160 651
1788170 649
1788180 648
1788190 648
1788200 646
1788210 643
1788220 641
1788230 641
1788240 642
1788250 642
1788260 641
1788270 640
1788280 638
1788290 637
1788300 637
1788310 636
1788320 635
1788330 634
1788340 633
1788350 632
1788360 630
1788370 629
1788380 627
1788390 625
1788400 623
1788410 622
1788420 621
1788430 620
1788440 619
1788450 617
1788460 616
1788470 615
1788480 614
1788490 613
1788500 612
1788510 611
1788520 609
1788530 609
1788540 608
1788550 608
1788560 608
1788570 607
1788580 607
1788590 606
1788600 606
1788610 606
1788620 606
1788630 606
1788640 605
1788650 604
1788660 604
1788670 603
1788680 603
1788690 602
1788700 601
1788710 598
1788720 596
1788730 596
1788740 595
1788750 595
1788760 595
1788770 594
1788780 594
1788790 594
1788800 594
1788810 593
1788820 593
1788830 593
1788840 593
1788850 594
1788860 593
1788870 593
1788880 592
1788890 591
1788900 591
1788910 590
1788920 589
1788930 588
1788940 587
1788950 586
1788960 586
1788970 586
1788980 586
1788990 586
1789000 586
1789010 585
1789020 584
1789030 583
1789040 583
1789050 582
1789060 581
1789070 579
1789080 577
1789090 574
1789100 572
1789110 570
1789120 568
1789130 567
1789140 565
1789150 564
1789160 563
1789170 562
1789180 561
1789190 559
1789200 558
1789210 557
1789220 555
1789230 554
1789240 553
1789250 552
1789260 551
1789270 550
1789280 549
1789290 549
1789300 549
1789310 548
1789320 547
1789330 547
1789340 547
1789350 546
1789360 545
1789370 545
1789380 544
1789390 544
1789400 543
1789410 543
1789420 542
1789430 541
1789440 540
1789450 539
1789460 539
1789470 538
1789480 537
1789490 536
1789500 535
1789510 534
1789520 533
1789530 532
1789540 532
1789550 531
1789560 530
1789570 529
1789580 528
1789590 528
1789600 527
1789610 526
1789620 526
1789630 525
1789640 525
1789650 524
1789660 523
1789670 522
1789680 521
1789690 520
1789700 519
1789710 519
1789720 519
1789730 519
1789740 518
1789750 518
1789760 517
1789770 517
1789780 517
1789790 516
1789800 515
1789810 515
1789820 515
1789830 515
1789840 514
1789850 514
1789860 513
1789870 513
1789880 512
1789890 512
1789900 511
1789910 511
1789920 510
1789930 509
1789940 509
1789950 508
1789960 508
1789970 508
1789980 507
1789990 507
1790000 507
1790010 507
1790020 506
1790030 506
1790040 505
1790050 505
1790060 504
1790070 504
1790080 503
1790090 503
1790100 503
1790110 502
1790120 502
1790130 501
1790140 501
1790150 501
1790160 501
1790170 500
1790180 500
1790190 499
1790200 498
1790210 498
1790220 497
1790230 497
1790240 496
1790250 496
1790260 495
1790270 495
1790280 494
1790290 494
1790300 493
1790310 492
1790320 492
1790330 491
1790340 491
1790350 490
1790360 490
1790370 489
1790380 489
1790390 488
1790400 487
1790410 487
1790420 486
1790430 486
1790440 485
1790450 484
1790460 484
1790470 483
1790480 482
1790490 482
1790500 481
1790510 480
1790520 479
1790530 478
1790540 478
1790550 477
1790560 475
1790570 474
1790580 473
1790590 472
1790600 471
1790610 470
1790620 468
1790630 467
1790640 466
1790650 465
1790660 463
1790670 462
1790680 460
1790690 459
1790700 458
1790710 457
1790720 456
1790730 455
1790740 454
1790750 453
1790760 452
1790770 450
1790780 448
1790790 447
1790800 446
1790810 446
1790820 445
1790830 444
1790840 444
1790850 444
1790860 444
1790870 444
1790880 443
1790890 442
1790900 443
1790910 443
1790920 443
1790930 444
1790940 445
1790950 445
1790960 446
1790970 447
1790980 448
1790990 449
1791000 451
1791010 453
1791020 455
1791030 457
1791040 458
1791050 460
1791060 461
1791070 463
1791080 464
1791090 464
1791100 465
1791110 465
1791120 465
1791130 466
1791140 465
1791150 465
1791160 465
1791170 464
1791180 463
1791190 463
1791200 462
1791210 460
1791220 459
1791230 457
1791240 455
1791250 453
1791260 452
1791270 450
1791280 449
1791290 447
1791300 444
1791310 442
1791320 440
1791330 438
1791340 436
1791350 434
1791360 433
1791370 432
1791380 430
1791390 429
1791400 429
1791410 428
1791420 428
1791430 428
1791440 428
1791450 427
1791460 427
1791470 427
1791480 426
1791490 427
1791500 427
1791510 427
1791520 426
1791530 426
1791540 426
1791550 426
1791560 426
1791570 426
1791580 426
1791590 425
1791600 425
1791610 425
1791620 425
1791630 425
1791640 425
1791650 425
1791660 426
1791670 426
1791680 425
1791690 425
1791700 425
1791710 424
1791720 424
1791730 423
1791740 422
1791750 422
1791760 421
1791770 420
1791780 420
1791790 419
1791800 419
1791810 418
1791820 418
1791830 417
1791840 417
1791850 416
1791860 416
1791870 415
1791880 415
1791890 414
1791900 414
1791910 413
1791920 413
1791930 412
1791940 412
1791950 411
1791960 411
1791970 411
1791980 412
1791990 413
1792000 413
1792010 414
1792020 414
1792030 415
1792040 416
1792050 416
1792060 417
1792070 417
1792080 418
1792090 418
1792100 419
1792110 420
1792120 420
1792130 421
1792140 422
1792150 423
1792160 423
1792170 424
1792180 424
1792190 423
1792200 423
1792210 423
1792220 423
1792230 423
1792240 423
1792250 422
1792260 422
1792270 421
1792280 421
1792290 421
1792300 420
1792310 420
1792320 419
1792330 419
1792340 418
1792350 418
1792360 417
1792370 416
1792380 415
1792390 415
1792400 414
1792410 413
1792420 412
1792430 412
1792440 411
1792450 411
1792460 410
1792470 410
1792480 409
1792490 409
1792500 408
1792510 407
1792520 407
1792530 406
1792540 406
1792550 405
1792560 405
1792570 404
1792580 404
1792590 403
1792600 403
1792610 403
1792620 402
1792630 402
1792640 402
1792650 402
1792660 401
1792670 401
1792680 401
1792690 400
1792700 400
1792710 400
1792720 400
1792730 400
1792740 400
1792750 400
1792760 400
1792770 400
1792780 400
1792790 400
1792800 399
1792810 399
1792820 399
1792830 399
1792840 399
1792850 399
1792860 399
1792870 399
1792880 398
1792890 398
1792900 398
1792910 398
1792920 398
1792930 398
1792940 398
1792950 398
1792960 398
1792970 398
1792980 398
1792990 398
1793000 398
1793010 398
1793020 398
1793030 398
1793040 397
1793050 397
1793060 397
1793070 397
1793080 397
1793090 398
1793100 398
1793110 398
1793120 398
1793130 398
1793140 398
1793150 398
1793160 398
1793170 398
1793180 398
1793190 398
1793200 398
1793210 398
1793220 398
1793230 399
1793240 399
1793250 399
1793260 399
1793270 399
1793280 399
1793290 399
1793300 399
1793310 399
1793320 399
1793330 400
1793340 400
1793350 400
1793360 400
1793370 400
1793380 400
1793390 400
1793400 400
1793410 400
1793420 400
1793430 400
1793440 400
1793450 400
1793460 401
1793470 401
1793480 401
1793490 402
1793500 403
1793510 403
1793520 404
1793530 405
1793540 405
1793550 406
1793560 406
1793570 407
1793580 408
1793590 409
1793600 410
1793610 411
1793620 411
1793630 412
1793640 413
1793650 413
1793660 414
1793670 415
1793680 415
1793690 416
1793700 416
1793710 417
1793720 418
1793730 419
1793740 419
1793750 420
1793760 421
1793770 422
1793780 423
1793790 423
1793800 424
1793810 425
1793820 426
1793830 427
1793840 428
1793850 429
1793860 430
1793870 431
1793880 431
1793890 432
1793900 433
1793910 434
1793920 435
1793930 435
1793940 436
1793950 437
1793960 438
1793970 438
1793980 437
1793990 436
1794000 435
1794010 436
1794020 437
1794030 438
1794040 440
1794050 442
1794060 443
1794070 445
1794080 446
1794090 448
1794100 449
1794110 450
1794120 451
1794130 452
1794140 453
1794150 453
1794160 454
1794170 456
1794180 457
1794190 458
1794200 460
1794210 461
1794220 462
1794230 463
1794240 464
1794250 465
1794260 466
1794270 466
1794280 468
1794290 469
1794300 470
1794310 471
1794320 472
1794330 474
1794340 475
1794350 477
1794360 478
1794370 480
1794380 481
1794390 482
1794400 483
1794410 484
1794420 485
1794430 487
1794440 488
1794450 490
1794460 491
1794470 493
1794480 494
1794490 496
1794500 498
1794510 500
1794520 502
1794530 503
1794540 505
1794550 506
1794560 507
1794570 508
1794580 510
1794590 511
1794600 512
1794610 513
1794620 514
1794630 516
1794640 517
1794650 518
1794660 519
1794670 520
1794680 522
1794690 523
1794700 525
1794710 528
1794720 530
1794730 531
1794740 533
1794750 535
1794760 536
1794770 538
1794780 539
1794790 541
1794800 544
1794810 547
1794820 551
1794830 555
1794840 559
1794850 564
1794860 568
1794870 572
1794880 576
1794890 579
1794900 582
1794910 585
1794920 585
1794930 585
1794940 585
1794950 586
1794960 586
1794970 586
1794980 586
1794990 587
1795000 586
1795010 585
1795020 584
1795030 583
1795040 582
1795050 580
1795060 579
1795070 577
1795080 576
1795090 575
1795100 574
1795110 572
1795120 570
1795130 568
1795140 566
1795150 564
1795160 561
1795170 558
1795180 556
1795190 554
1795200 553
1795210 551
1795220 550
1795230 548
1795240 547
1795250 545
1795260 544
1795270 543
1795280 542
1795290 541
1795300 540
1795310 538
1795320 537
1795330 536
1795340 535
1795350 535
1795360 534
1795370 533
1795380 532
1795390 531
1795400 530
1795410 529
1795420 528
1795430 527
1795440 527
1795450 526
1795460 525
1795470 524
1795480 523
1795490 523
1795500 522
1795510 521
1795520 520
1795530 519
1795540 519
1795550 518
1795560 517
1795570 516
1795580 516
1795590 515
1795600 515
1795610 514
1795620 513
1795630 513
1795640 513
1795650 513
1795660 512
1795670 513
1795680 513
1795690 513
1795700 513
1795710 513
1795720 513
1795730 513
1795740 513
1795750 513
1795760 514
1795770 514
1795780 515
1795790 515
1795800 515
1795810 516
1795820 516
1795830 517
1795840 518
1795850 518
1795860 519
1795870 519
1795880 519
1795890 519
1795900 519
1795910 519
1795920 519
1795930 519
1795940 519
1795950 519
1795960 519
1795970 519
1795980 520
1795990 521
1796000 522
1796010 524
1796020 526
1796030 528
1796040 530
1796050 532
1796060 533
1796070 534
1796080 534
1796090 535
1796100 535
1796110 535
1796120 535
1796130 535
1796140 534
1796150 534
1796160 533
1796170 533
1796180 532
1796190 531
1796200 530
1796210 529
1796220 528
1796230 528
1796240 527
1796250 527
1796260 526
1796270 525
1796280 525
1796290 524
1796300 524
1796310 523
1796320 523
1796330 523
1796340 522
1796350 522
1796360 521
1796370 520
1796380 520
1796390 519
1796400 518
1796410 517
1796420 517
1796430 516
1796440 515
1796450 515
1796460 514
1796470 514
1796480 513
1796490 512
1796500 512
1796510 512
1796520 511
1796530 511
1796540 510
1796550 510
1796560 509
1796570 509
1796580 508
1796590 508
1796600 508
1796610 507
1796620 507
1796630 506
1796640 506
1796650 505
1796660 505
1796670 505
1796680 505
1796690 504
1796700 504
1796710 504
1796720 504
1796730 504
1796740 503
1796750 503
1796760 502
1796770 502
1796780 501
1796790 500
1796800 499
1796810 498
1796820 498
1796830 497
1796840 497
1796850 497
1796860 497
1796870 496
1796880 495
1796890 495
1796900 494
1796910 493
1796920 492
1796930 492
1796940 491
1796950 491
1796960 490
1796970 489
1796980 488
1796990 487
1797000 486
1797010 484
1797020 482
1797030 481
1797040 479
1797050 477
1797060 476
1797070 475
1797080 474
1797090 472
1797100 471
1797110 470
1797120 468
1797130 467
1797140 465
1797150 464
1797160 462
1797170 461
1797180 460
1797190 458
1797200 457
1797210 455
1797220 454
1797230 453
1797240 451
1797250 450
1797260 449
1797270 447
1797280 446
1797290 445
1797300 444
1797310 442
1797320 441
1797330 439
1797340 438
1797350 436
1797360 435
1797370 434
1797380 433
1797390 433
1797400 432
1797410 431
1797420 430
1797430 430
1797440 429
1797450 429
1797460 428
1797470 427
1797480 427
1797490 426
1797500 424
1797510 423
1797520 421
1797530 419
1797540 417
1797550 416
1797560 414
1797570 411
1797580 409
1797590 407
1797600 404
1797610 401
1797620 398
1797630 397
1797640 395
1797650 394
1797660 393
1797670 391
1797680 390
1797690 389
1797700 387
1797710 386
1797720 385
1797730 384
1797740 383
1797750 382
1797760 381
1797770 380
1797780 380
1797790 379
1797800 378
1797810 377
1797820 376
1797830 376
1797840 377
1797850 377
1797860 377
1797870 376
1797880 376
1797890 375
1797900 374
1797910 373
1797920 373
1797930 373
1797940 373
1797950 372
1797960 372
1797970 371
1797980 370
1797990 369
1798000 368
1798010 368
1798020 367
1798030 367
1798040 366
1798050 365
1798060 365
1798070 365
1798080 365
1798090 365
1798100 365
1798110 366
1798120 366
1798130 367
1798140 368
1798150 370
1798160 370
1798170 371
1798180 370
1798190 369
1798200 368
1798210 367
1798220 366
1798230 365
1798240 364
1798250 363
1798260 362
1798270 362
1798280 361
1798290 361
1798300 361
1798310 361
1798320 362
1798330 362
1798340 362
1798350 362
1798360 362
1798370 362
1798380 361
1798390 361
1798400 360
1798410 360
1798420 360
1798430 360
1798440 360
1798450 360
1798460 360
1798470 360
1798480 360
1798490 360
1798500 360
1798510 360
1798520 360
1798530 360
1798540 360
1798550 360
1798560 360
1798570 360
1798580 361
1798590 361
1798600 361
1798610 361
1798620 361
1798630 361
1798640 361
1798650 361
1798660 362
1798670 362
1798680 362
1798690 363
1798700 363
1798710 364
1798720 364
1798730 365
1798740 365
1798750 366
1798760 366
1798770 366
1798780 366
1798790 367
1798800 367
1798810 367
1798820 367
1798830 368
1798840 368
1798850 368
1798860 368
1798870 368
1798880 368
1798890 368
1798900 367
1798910 367
1798920 367
1798930 368
1798940 368
1798950 368
1798960 368
1798970 368
1798980 368
1798990 369
1799000 369
1799010 369
1799020 369
1799030 369
1799040 368
1799050 368
1799060 367
1799070 366
1799080 365
1799090 365
1799100 365
1799110 364
1799120 364
1799130 364
1799140 364
1799150 364
1799160 364
1799170 363
1799180 363
1799190 363
1799200 362
1799210 362
1799220 362
1799230 362
1799240 362
1799250 362
1799260 362
1799270 362
1799280 362
1799290 362
1799300 362
1799310 362
1799320 362
1799330 362
1799340 362
1799350 362
1799360 362
1799370 361
1799380 361
1799390 360
1799400 360
1799410 359
1799420 359
1799430 358
1799440 357
1799450 357
1799460 356
1799470 355
1799480 355
1799490 354
1799500 353
1799510 353
1799520 353
1799530 352
1799540 351
1799550 350
1799560 348
1799570 347
1799580 346
1799590 346
1799600 345
1799610 344
1799620 343
1799630 342
1799640 341
1799650 340
1799660 339
1799670 339
1799680 339
1799690 338
1799700 338
1799710 338
1799720 337
1799730 337
1799740 337
1799750 337
1799760 336
1799770 336
1799780 335
1799790 335
1799800 333
1799810 332
1799820 332
1799830 331
1799840 331
1799850 330
1799860 330
1799870 329
1799880 329
1799890 328
1799900 328
1799910 327
1799920 327
1799930 326
1799940 326
1799950 326
1799960 325
1799970 323
1799980 322
1799990 322
