1780000 521
1780010 523
1780020 524
1780030 526
1780040 527
1780050 528
1780060 530
1780070 531
1780080 533
1780090 534
1780100 535
1780110 537
1780120 538
1780130 538
1780140 539
1780150 540
1780160 542
1780170 543
1780180 545
1780190 546
1780200 547
1780210 547
1780220 547
1780230 549
1780240 551
1780250 552
1780260 554
1780270 555
1780280 556
1780290 557
1780300 558
1780310 560
1780320 561
1780330 563
1780340 564
1780350 566
1780360 568
1780370 570
1780380 571
1780390 573
1780400 575
1780410 577
1780420 579
1780430 581
1780440 583
1780450 586
1780460 588
1780470 591
1780480 593
1780490 596
1780500 598
1780510 600
1780520 602
1780530 604
1780540 606
1780550 608
1780560 610
1780570 612
1780580 614
1780590 617
1780600 619
1780610 623
1780620 626
1780630 629
1780640 630
1780650 632
1780660 633
1780670 635
1780680 636
1780690 638
1780700 640
1780710 641
1780720 642
1780730 642
1780740 643
1780750 644
1780760 644
1780770 645
1780780 646
1780790 646
1780800 647
1780810 648
1780820 649
1780830 651
1780840 653
1780850 656
1780860 661
1780870 666
1780880 669
1780890 670
1780900 671
1780910 673
1780920 673
1780930 674
1780940 676
1780950 677
1780960 679
1780970 680
1780980 681
1780990 683
1781000 684
1781010 685
1781020 687
1781030 688
1781040 689
1781050 690
1781060 692
1781070 693
1781080 695
1781090 697
1781100 699
1781110 701
1781120 702
1781130 703
1781140 704
1781150 705
1781160 706
1781170 706
1781180 707
1781190 707
1781200 708
1781210 708
1781220 709
1781230 709
1781240 709
1781250 710
1781260 711
1781270 712
1781280 712
1781290 713
1781300 714
1781310 715
1781320 715
1781330 716
1781340 718
1781350 720
1781360 721
1781370 723
1781380 725
1781390 727
1781400 729
1781410 732
1781420 734
1781430 737
1781440 739
1781450 742
1781460 745
1781470 748
1781480 751
1781490 754
1781500 757
1781510 760
1781520 762
1781530 764
1781540 765
1781550 763
1781560 760
1781570 759
1781580 758
1781590 757
1781600 757
1781610 756
1781620 756
1781630 755
1781640 755
1781650 754
1781660 754
1781670 754
1781680 753
1781690 753
1781700 753
1781710 753
1781720 753
1781730 753
1781740 753
1781750 753
1781760 754
1781770 754
1781780 754
1781790 755
1781800 755
1781810 755
1781820 755
1781830 755
1781840 755
1781850 755
1781860 755
1781870 755
1781880 755
1781890 755
1781900 755
1781910 755
1781920 755
1781930 755
1781940 755
1781950 755
1781960 755
1781970 755
1781980 754
1781990 754
1782000 754
1782010 753
1782020 753
1782030 753
1782040 752
1782050 752
1782060 751
1782070 751
1782080 750
1782090 749
1782100 747
1782110 745
1782120 743
1782130 741
1782140 739
1782150 737
1782160 736
1782170 736
1782180 736
1782190 736
1782200 735
1782210 735
1782220 735
1782230 736
1782240 737
1782250 738
1782260 738
1782270 739
1782280 740
1782290 742
1782300 744
1782310 748
1782320 750
1782330 750
1782340 748
1782350 748
1782360 747
1782370 748
1782380 749
1782390 750
1782400 751
1782410 751
1782420 752
1782430 752
1782440 753
1782450 754
1782460 755
1782470 756
1782480 757
1782490 758
1782500 759
1782510 760
1782520 762
1782530 763
1782540 765
1782550 767
1782560 768
1782570 769
1782580 771
1782590 772
1782600 773
1782610 775
1782620 776
1782630 778
1782640 779
1782650 781
1782660 783
1782670 784
1782680 786
1782690 788
1782700 790
1782710 792
1782720 794
1782730 797
1782740 799
1782750 802
1782760 804
1782770 805
1782780 807
1782790 808
1782800 811
1782810 814
1782820 819
1782830 824
1782840 827
1782850 830
1782860 835
1782870 840
1782880 846
1782890 850
1782900 853
1782910 857
1782920 861
1782930 864
1782940 868
1782950 871
1782960 874
1782970 878
1782980 882
1782990 886
1783000 891
1783010 897
1783020 901
1783030 905
1783040 910
1783050 913
1783060 917
1783070 921
1783080 924
1783090 928
1783100 932
1783110 937
1783120 941
1783130 945
1783140 948
1783150 951
1783160 955
1783170 958
1783180 959
1783190 959
1783200 958
1783210 958
1783220 958
1783230 959
1783240 960
1783250 962
1783260 965
1783270 969
1783280 972
1783290 974
1783300 977
1783310 980
1783320 982
1783330 985
1783340 987
1783350 989
1783360 990
1783370 992
1783380 993
1783390 993
1783400 993
1783410 993
1783420 993
1783430 992
1783440 991
1783450 991
1783460 990
1783470 989
1783480 989
1783490 989
1783500 988
1783510 988
1783520 987
1783530 987
1783540 987
1783550 986
1783560 986
1783570 984
1783580 983
1783590 982
1783600 980
1783610 978
1783620 976
1783630 974
1783640 972
1783650 970
1783660 968
1783670 966
1783680 965
1783690 963
1783700 961
1783710 958
1783720 955
1783730 952
1783740 949
1783750 945
1783760 941
1783770 935
1783780 929
1783790 922
1783800 916
1783810 910
1783820 906
1783830 903
1783840 908
1783850 913
1783860 917
1783870 920
1783880 923
1783890 926
1783900 927
1783910 929
1783920 933
1783930 934
1783940 935
1783950 936
1783960 937
1783970 939
1783980 941
1783990 941
1784000 942
1784010 942
1784020 943
1784030 943
1784040 944
1784050 944
1784060 945
1784070 945
1784080 946
1784090 947
1784100 948
1784110 948
1784120 949
1784130 949
1784140 949
1784150 948
1784160 948
1784170 949
1784180 949
1784190 948
1784200 948
1784210 947
1784220 947
1784230 946
1784240 946
1784250 946
1784260 946
1784270 945
1784280 944
1784290 943
1784300 942
1784310 941
1784320 939
1784330 937
1784340 936
1784350 935
1784360 934
1784370 933
1784380 931
1784390 929
1784400 926
1784410 924
1784420 922
1784430 921
1784440 920
1784450 920
1784460 920
1784470 920
1784480 919
1784490 919
1784500 919
1784510 919
1784520 919
1784530 919
1784540 919
1784550 918
1784560 918
1784570 918
1784580 918
1784590 918
1784600 918
1784610 918
1784620 918
1784630 918
1784640 918
1784650 918
1784660 919
1784670 920
1784680 921
1784690 922
1784700 923
1784710 924
1784720 925
1784730 925
1784740 926
1784750 926
1784760 926
1784770 926
1784780 926
1784790 926
1784800 925
1784810 925
1784820 925
1784830 924
1784840 925
1784850 925
1784860 925
1784870 926
1784880 926
1784890 926
1784900 926
1784910 926
1784920 926
1784930 925
1784940 925
1784950 924
1784960 924
1784970 923
1784980 922
1784990 921
1785000 921
1785010 920
1785020 920
1785030 919
1785040 918
1785050 916
1785060 915
1785070 914
1785080 913
1785090 912
1785100 912
1785110 911
1785120 911
1785130 911
1785140 911
1785150 910
1785160 910
1785170 910
1785180 909
1785190 909
1785200 909
1785210 908
1785220 907
1785230 906
1785240 905
1785250 904
1785260 904
1785270 904
1785280 905
1785290 905
1785300 906
1785310 906
1785320 906
1785330 905
1785340 905
1785350 905
1785360 905
1785370 905
1785380 905
1785390 904
1785400 904
1785410 904
1785420 905
1785430 905
1785440 905
1785450 905
1785460 905
1785470 905
1785480 905
1785490 906
1785500 906
1785510 906
1785520 907
1785530 907
1785540 907
1785550 907
1785560 907
1785570 907
1785580 907
1785590 907
1785600 907
1785610 907
1785620 907
1785630 907
1785640 907
1785650 908
1785660 908
1785670 908
1785680 907
1785690 906
1785700 905
1785710 905
1785720 904
1785730 903
1785740 903
1785750 903
1785760 902
1785770 902
1785780 902
1785790 902
1785800 902
1785810 902
1785820 902
1785830 902
1785840 902
1785850 902
1785860 902
1785870 902
1785880 902
1785890 901
1785900 901
1785910 900
1785920 900
1785930 899
1785940 898
1785950 898
1785960 898
1785970 897
1785980 897
1785990 897
1786000 896
1786010 895
1786020 894
1786030 893
1786040 892
1786050 891
1786060 890
1786070 890
1786080 889
1786090 888
1786100 887
1786110 885
1786120 883
1786130 882
1786140 881
1786150 881
1786160 881
1786170 881
1786180 881
1786190 880
1786200 879
1786210 878
1786220 875
1786230 872
1786240 870
1786250 868
1786260 866
1786270 865
1786280 865
1786290 864
1786300 864
1786310 864
1786320 864
1786330 864
1786340 864
1786350 865
1786360 866
1786370 868
1786380 869
1786390 871
1786400 872
1786410 873
1786420 874
1786430 875
1786440 875
1786450 876
1786460 877
1786470 878
1786480 879
1786490 880
1786500 881
1786510 882
1786520 883
1786530 883
1786540 884
1786550 885
1786560 885
1786570 886
1786580 886
1786590 886
1786600 886
1786610 886
1786620 885
1786630 885
1786640 885
1786650 885
1786660 885
1786670 884
1786680 884
1786690 884
1786700 883
1786710 883
1786720 883
1786730 882
1786740 881
1786750 881
1786760 880
1786770 879
1786780 879
1786790 878
1786800 877
1786810 876
1786820 875
1786830 874
1786840 873
1786850 872
1786860 871
1786870 870
1786880 869
1786890 868
1786900 867
1786910 866
1786920 865
1786930 863
1786940 862
1786950 860
1786960 859
1786970 857
1786980 856
1786990 854
1787000 852
1787010 851
1787020 849
1787030 848
1787040 846
1787050 844
1787060 842
1787070 840
1787080 840
1787090 839
1787100 838
1787110 837
1787120 836
1787130 834
1787140 833
1787150 832
1787160 831
1787170 830
1787180 829
1787190 828
1787200 827
1787210 826
1787220 825
1787230 824
1787240 824
1787250 823
1787260 822
1787270 821
1787280 820
1787290 819
1787300 819
1787310 818
1787320 817
1787330 816
1787340 815
1787350 814
1787360 813
1787370 812
1787380 811
1787390 810
1787400 809
1787410 808
1787420 807
1787430 805
1787440 804
1787450 803
1787460 802
1787470 801
1787480 801
1787490 801
1787500 800
1787510 800
1787520 800
1787530 800
1787540 801
1787550 801
1787560 801
1787570 801
1787580 801
1787590 801
1787600 802
1787610 802
1787620 802
1787630 802
1787640 802
1787650 802
1787660 801
1787670 801
1787680 801
1787690 800
1787700 799
1787710 797
1787720 795
1787730 793
1787740 792
1787750 792
1787760 791
1787770 791
1787780 790
1787790 790
1787800 791
1787810 793
1787820 795
1787830 797
1787840 798
1787850 800
1787860 803
1787870 805
1787880 806
1787890 807
1787900 807
1787910 807
1787920 807
1787930 808
1787940 810
1787950 814
1787960 817
1787970 820
1787980 821
1787990 823
1788000 825
1788010 826
1788020 828
1788030 829
1788040 830
1788050 832
1788060 833
1788070 834
1788080 836
1788090 837
1788100 838
1788110 839
1788120 839
1788130 840
1788140 840
1788150 841
1788160 842
1788170 842
1788180 842
1788190 842
1788200 842
1788210 841
1788220 841
1788230 841
1788240 840
1788250 840
1788260 839
1788270 839
1788280 839
1788290 838
1788300 837
1788310 836
1788320 835
1788330 833
1788340 828
1788350 818
1788360 808
1788370 799
1788380 791
1788390 784
1788400 777
1788410 772
1788420 767
1788430 761
1788440 755
1788450 747
1788460 738
1788470 732
1788480 730
1788490 729
1788500 727
1788510 725
1788520 721
1788530 717
1788540 713
1788550 709
1788560 707
1788570 705
1788580 703
1788590 701
1788600 698
1788610 696
1788620 694
1788630 692
1788640 691
1788650 689
1788660 687
1788670 685
1788680 683
1788690 681
1788700 680
1788710 679
1788720 678
1788730 677
1788740 676
1788750 674
1788760 673
1788770 672
1788780 671
1788790 670
1788800 668
1788810 667
1788820 666
1788830 665
1788840 664
1788850 663
1788860 661
1788870 660
1788880 658
1788890 657
1788900 656
1788910 655
1788920 654
1788930 652
1788940 650
1788950 648
1788960 645
1788970 642
1788980 640
1788990 637
1789000 635
1789010 633
1789020 630
1789030 628
1789040 626
1789050 624
1789060 622
1789070 621
1789080 619
1789090 617
1789100 615
1789110 613
1789120 612
1789130 610
1789140 609
1789150 608
1789160 607
1789170 606
1789180 605
1789190 604
1789200 603
1789210 603
1789220 602
1789230 601
1789240 600
1789250 599
1789260 598
1789270 597
1789280 596
1789290 595
1789300 594
1789310 593
1789320 592
1789330 591
1789340 590
1789350 589
1789360 588
1789370 588
1789380 587
1789390 586
1789400 585
1789410 584
1789420 584
1789430 583
1789440 582
1789450 581
1789460 580
1789470 579
1789480 579
1789490 578
1789500 577
1789510 576
1789520 575
1789530 574
1789540 573
1789550 572
1789560 571
1789570 570
1789580 568
1789590 567
1789600 565
1789610 564
1789620 563
1789630 562
1789640 561
1789650 560
1789660 559
1789670 558
1789680 557
1789690 557
1789700 556
1789710 555
1789720 555
1789730 554
1789740 554
1789750 553
1789760 553
1789770 552
1789780 551
1789790 550
1789800 549
1789810 548
1789820 547
1789830 546
1789840 545
1789850 544
1789860 543
1789870 542
1789880 541
1789890 541
1789900 540
1789910 539
1789920 539
1789930 538
1789940 537
1789950 537
1789960 536
1789970 536
1789980 535
1789990 534
1790000 534
1790010 533
1790020 533
1790030 532
1790040 531
1790050 531
1790060 530
1790070 529
1790080 528
1790090 527
1790100 526
1790110 525
1790120 524
1790130 523
1790140 522
1790150 521
1790160 521
1790170 520
1790180 519
1790190 518
1790200 517
1790210 516
1790220 515
1790230 514
1790240 513
1790250 512
1790260 511
1790270 510
1790280 509
1790290 508
1790300 507
1790310 507
1790320 506
1790330 505
1790340 504
1790350 502
1790360 502
1790370 501
1790380 499
1790390 499
1790400 498
1790410 497
1790420 496
1790430 495
1790440 493
1790450 491
1790460 489
1790470 488
1790480 486
1790490 485
1790500 484
1790510 484
1790520 484
1790530 484
1790540 484
1790550 483
1790560 483
1790570 482
1790580 482
1790590 481
1790600 481
1790610 481
1790620 481
1790630 481
1790640 481
1790650 481
1790660 481
1790670 480
1790680 480
1790690 479
1790700 479
1790710 479
1790720 479
1790730 479
1790740 479
1790750 479
1790760 479
1790770 479
1790780 479
1790790 479
1790800 480
1790810 480
1790820 480
1790830 480
1790840 480
1790850 480
1790860 480
1790870 480
1790880 480
1790890 480
1790900 480
1790910 481
1790920 482
1790930 484
1790940 486
1790950 487
1790960 489
1790970 490
1790980 491
1790990 492
1791000 493
1791010 494
1791020 496
1791030 497
1791040 498
1791050 499
1791060 501
1791070 503
1791080 505
1791090 507
1791100 509
1791110 511
1791120 513
1791130 515
1791140 517
1791150 517
1791160 518
1791170 518
1791180 518
1791190 517
1791200 516
1791210 513
1791220 511
1791230 508
1791240 506
1791250 505
1791260 503
1791270 502
1791280 500
1791290 499
1791300 498
1791310 496
1791320 494
1791330 492
1791340 490
1791350 488
1791360 486
1791370 485
1791380 483
1791390 482
1791400 481
1791410 479
1791420 478
1791430 477
1791440 475
1791450 473
1791460 471
1791470 470
1791480 469
1791490 468
1791500 467
1791510 466
1791520 464
1791530 463
1791540 463
1791550 462
1791560 461
1791570 460
1791580 459
1791590 458
1791600 458
1791610 457
1791620 457
1791630 456
1791640 455
1791650 455
1791660 454
1791670 453
1791680 453
1791690 452
1791700 451
1791710 450
1791720 449
1791730 448
1791740 447
1791750 446
1791760 446
1791770 445
1791780 444
1791790 444
1791800 443
1791810 443
1791820 442
1791830 441
1791840 441
1791850 441
1791860 441
1791870 441
1791880 440
1791890 440
1791900 439
1791910 439
1791920 438
1791930 438
1791940 438
1791950 437
1791960 437
1791970 436
1791980 436
1791990 436
1792000 436
1792010 436
1792020 436
1792030 436
1792040 436
1792050 435
1792060 435
1792070 434
1792080 434
1792090 435
1792100 435
1792110 435
1792120 435
1792130 435
1792140 434
1792150 434
1792160 434
1792170 433
1792180 433
1792190 433
1792200 432
1792210 431
1792220 431
1792230 430
1792240 430
1792250 429
1792260 428
1792270 428
1792280 427
1792290 426
1792300 426
1792310 426
1792320 425
1792330 425
1792340 425
1792350 425
1792360 425
1792370 424
1792380 424
1792390 424
1792400 424
1792410 423
1792420 422
1792430 421
1792440 419
1792450 418
1792460 417
1792470 417
1792480 416
1792490 416
1792500 415
1792510 415
1792520 414
1792530 414
1792540 413
1792550 413
1792560 413
1792570 413
1792580 413
1792590 413
1792600 413
1792610 413
1792620 413
1792630 413
1792640 413
1792650 413
1792660 413
1792670 413
1792680 414
1792690 414
1792700 414
1792710 415
1792720 415
1792730 415
1792740 416
1792750 416
1792760 417
1792770 417
1792780 418
1792790 419
1792800 419
1792810 420
1792820 421
1792830 421
1792840 421
1792850 422
1792860 422
1792870 423
1792880 423
1792890 424
1792900 425
1792910 425
1792920 425
1792930 425
1792940 424
1792950 423
1792960 421
1792970 419
1792980 417
1792990 416
1793000 415
1793010 414
1793020 414
1793030 413
1793040 413
1793050 412
1793060 411
1793070 411
1793080 410
1793090 410
1793100 409
1793110 409
1793120 409
1793130 409
1793140 409
1793150 408
1793160 408
1793170 408
1793180 408
1793190 408
1793200 408
1793210 408
1793220 408
1793230 408
1793240 407
1793250 407
1793260 407
1793270 407
1793280 407
1793290 407
1793300 407
1793310 407
1793320 407
1793330 407
1793340 407
1793350 407
1793360 407
1793370 407
1793380 407
1793390 407
1793400 407
1793410 407
1793420 407
1793430 407
1793440 407
1793450 407
1793460 407
1793470 407
1793480 407
1793490 407
1793500 407
1793510 407
1793520 407
1793530 407
1793540 407
1793550 407
1793560 407
1793570 407
1793580 407
1793590 408
1793600 409
1793610 409
1793620 409
1793630 410
1793640 410
1793650 410
1793660 411
1793670 411
1793680 411
1793690 411
1793700 412
1793710 413
1793720 414
1793730 414
1793740 415
1793750 416
1793760 416
1793770 417
1793780 417
1793790 417
1793800 418
1793810 418
1793820 418
1793830 419
1793840 419
1793850 419
1793860 420
1793870 420
1793880 421
1793890 421
1793900 422
1793910 422
1793920 423
1793930 423
1793940 424
1793950 425
1793960 425
1793970 426
1793980 427
1793990 427
1794000 428
1794010 429
1794020 429
1794030 430
1794040 431
1794050 432
1794060 432
1794070 433
1794080 434
1794090 435
1794100 436
1794110 438
1794120 439
1794130 441
1794140 442
1794150 444
1794160 445
1794170 446
1794180 447
1794190 448
1794200 450
1794210 451
1794220 452
1794230 454
1794240 455
1794250 456
1794260 458
1794270 459
1794280 460
1794290 460
1794300 461
1794310 462
1794320 463
1794330 465
1794340 467
1794350 469
1794360 470
1794370 471
1794380 473
1794390 474
1794400 475
1794410 476
1794420 478
1794430 479
1794440 480
1794450 481
1794460 483
1794470 484
1794480 485
1794490 486
1794500 487
1794510 488
1794520 489
1794530 490
1794540 491
1794550 492
1794560 493
1794570 495
1794580 497
1794590 500
1794600 502
1794610 504
1794620 506
1794630 508
1794640 510
1794650 512
1794660 513
1794670 515
1794680 515
1794690 517
1794700 518
1794710 520
1794720 522
1794730 525
1794740 529
1794750 532
1794760 536
1794770 540
1794780 545
1794790 549
1794800 554
1794810 559
1794820 562
1794830 566
1794840 568
1794850 570
1794860 571
1794870 570
1794880 569
1794890 566
1794900 564
1794910 562
1794920 561
1794930 559
1794940 558
1794950 557
1794960 556
1794970 555
1794980 555
1794990 554
1795000 553
1795010 553
1795020 552
1795030 551
1795040 549
1795050 548
1795060 546
1795070 545
1795080 544
1795090 543
1795100 542
1795110 541
1795120 540
1795130 539
1795140 538
1795150 537
1795160 536
1795170 536
1795180 535
1795190 534
1795200 534
1795210 533
1795220 533
1795230 532
1795240 532
1795250 532
1795260 532
1795270 532
1795280 532
1795290 532
1795300 531
1795310 531
1795320 531
1795330 530
1795340 530
1795350 530
1795360 530
1795370 529
1795380 529
1795390 528
1795400 528
1795410 527
1795420 527
1795430 526
1795440 525
1795450 524
1795460 524
1795470 523
1795480 522
1795490 521
1795500 520
1795510 519
1795520 519
1795530 518
1795540 517
1795550 517
1795560 516
1795570 515
1795580 515
1795590 514
1795600 513
1795610 513
1795620 512
1795630 511
1795640 511
1795650 510
1795660 509
1795670 509
1795680 508
1795690 508
1795700 507
1795710 506
1795720 506
1795730 505
1795740 505
1795750 504
1795760 504
1795770 503
1795780 503
1795790 502
1795800 502
1795810 501
1795820 501
1795830 501
1795840 500
1795850 500
1795860 499
1795870 499
1795880 498
1795890 498
1795900 497
1795910 497
1795920 497
1795930 497
1795940 496
1795950 496
1795960 495
1795970 495
1795980 495
1795990 494
1796000 494
1796010 494
1796020 493
1796030 493
1796040 493
1796050 492
1796060 492
1796070 491
1796080 491
1796090 490
1796100 490
1796110 489
1796120 489
1796130 488
1796140 488
1796150 487
1796160 487
1796170 487
1796180 487
1796190 486
1796200 486
1796210 485
1796220 484
1796230 483
1796240 483
1796250 483
1796260 483
1796270 483
1796280 482
1796290 482
1796300 481
1796310 481
1796320 481
1796330 480
1796340 480
1796350 479
1796360 479
1796370 479
1796380 479
1796390 479
1796400 478
1796410 478
1796420 478
1796430 478
1796440 478
1796450 478
1796460 478
1796470 478
1796480 478
1796490 478
1796500 479
1796510 479
1796520 479
1796530 480
1796540 481
1796550 483
1796560 485
1796570 488
1796580 490
1796590 493
1796600 495
1796610 497
1796620 498
1796630 500
1796640 500
1796650 501
1796660 501
1796670 501
1796680 500
1796690 500
1796700 500
1796710 499
1796720 499
1796730 498
1796740 497
1796750 496
1796760 495
1796770 495
1796780 494
1796790 493
1796800 492
1796810 491
1796820 490
1796830 489
1796840 488
1796850 487
1796860 486
1796870 485
1796880 484
1796890 483
1796900 481
1796910 480
1796920 478
1796930 477
1796940 475
1796950 474
1796960 473
1796970 471
1796980 470
1796990 468
1797000 466
1797010 464
1797020 461
1797030 458
1797040 455
1797050 453
1797060 452
1797070 450
1797080 449
1797090 447
1797100 445
1797110 443
1797120 441
1797130 438
1797140 436
1797150 434
1797160 433
1797170 432
1797180 430
1797190 429
1797200 428
1797210 426
1797220 425
1797230 423
1797240 422
1797250 421
1797260 420
1797270 419
1797280 418
1797290 417
1797300 416
1797310 415
1797320 413
1797330 413
1797340 412
1797350 412
1797360 413
1797370 412
1797380 410
1797390 408
1797400 406
1797410 405
1797420 404
1797430 403
1797440 403
1797450 403
1797460 401
1797470 400
1797480 398
1797490 397
1797500 396
1797510 395
1797520 394
1797530 392
1797540 390
1797550 389
1797560 388
1797570 388
1797580 388
1797590 389
1797600 391
1797610 391
1797620 391
1797630 390
1797640 387
1797650 385
1797660 383
1797670 383
1797680 382
1797690 382
1797700 382
1797710 382
1797720 382
1797730 382
1797740 382
1797750 382
1797760 382
1797770 382
1797780 382
1797790 382
1797800 382
1797810 382
1797820 382
1797830 382
1797840 382
1797850 382
1797860 383
1797870 384
1797880 385
1797890 385
1797900 386
1797910 386
1797920 386
1797930 385
1797940 384
1797950 384
1797960 383
1797970 383
1797980 383
1797990 383
1798000 383
1798010 382
1798020 382
1798030 382
1798040 382
1798050 382
1798060 381
1798070 381
1798080 381
1798090 381
1798100 381
1798110 381
1798120 381
1798130 382
1798140 382
1798150 382
1798160 382
1798170 383
1798180 383
1798190 384
1798200 384
1798210 384
1798220 384
1798230 385
1798240 385
1798250 385
1798260 385
1798270 386
1798280 386
1798290 386
1798300 386
1798310 386
1798320 386
1798330 385
1798340 385
1798350 385
1798360 385
1798370 385
1798380 385
1798390 385
1798400 384
1798410 384
1798420 383
1798430 383
1798440 383
1798450 383
1798460 383
1798470 382
1798480 382
1798490 382
1798500 382
1798510 382
1798520 381
1798530 381
1798540 380
1798550 380
1798560 379
1798570 378
1798580 377
1798590 377
1798600 377
1798610 377
1798620 377
1798630 376
1798640 377
1798650 376
1798660 375
1798670 375
1798680 375
1798690 374
1798700 374
1798710 374
1798720 374
1798730 374
1798740 374
1798750 373
1798760 373
1798770 373
1798780 373
1798790 373
1798800 373
1798810 373
1798820 373
1798830 373
1798840 372
1798850 372
1798860 373
1798870 373
1798880 373
1798890 373
1798900 373
1798910 373
1798920 373
1798930 373
1798940 374
1798950 374
1798960 374
1798970 375
1798980 375
1798990 375
1799000 375
1799010 375
1799020 375
1799030 375
1799040 375
1799050 375
1799060 374
1799070 374
1799080 374
1799090 373
1799100 373
1799110 373
1799120 373
1799130 373
1799140 373
1799150 372
1799160 372
1799170 372
1799180 372
1799190 372
1799200 371
1799210 371
1799220 371
1799230 371
1799240 370
1799250 370
1799260 370
1799270 369
1799280 369
1799290 369
1799300 368
1799310 368
1799320 367
1799330 367
1799340 367
1799350 367
1799360 367
1799370 367
1799380 366
1799390 365
1799400 365
1799410 364
1799420 364
1799430 363
1799440 363
1799450 362
1799460 362
1799470 361
1799480 360
1799490 359
1799500 359
1799510 358
1799520 358
1799530 357
1799540 357
1799550 357
1799560 356
1799570 356
1799580 355
1799590 354
1799600 354
1799610 353
1799620 353
1799630 353
1799640 353
1799650 352
1799660 352
1799670 352
1799680 351
1799690 351
1799700 350
1799710 350
1799720 350
1799730 350
1799740 349
1799750 349
1799760 349
1799770 349
1799780 349
1799790 349
1799800 349
1799810 349
1799820 349
1799830 349
1799840 349
1799850 348
1799860 348
1799870 348
1799880 348
1799890 348
1799900 348
1799910 348
1799920 348
1799930 347
1799940 347
1799950 347
1799960 346
1799970 346
1799980 345
1799990 345
