1780000 539
1780010 539
1780020 540
1780030 541
1780040 544
1780050 546
1780060 548
1780070 549
1780080 550
1780090 552
1780100 554
1780110 556
1780120 557
1780130 559
1780140 561
1780150 562
1780160 564
1780170 565
1780180 566
1780190 567
1780200 568
1780210 569
1780220 570
1780230 571
1780240 572
1780250 573
1780260 575
1780270 576
1780280 578
1780290 579
1780300 581
1780310 584
1780320 586
1780330 588
1780340 590
1780350 592
1780360 593
1780370 595
1780380 597
1780390 599
1780400 600
1780410 602
1780420 605
1780430 607
1780440 610
1780450 612
1780460 615
1780470 618
1780480 621
1780490 624
1780500 627
1780510 628
1780520 630
1780530 631
1780540 633
1780550 634
1780560 636
1780570 638
1780580 640
1780590 644
1780600 646
1780610 646
1780620 643
1780630 641
1780640 638
1780650 638
1780660 637
1780670 636
1780680 636
1780690 636
1780700 636
1780710 636
1780720 636
1780730 637
1780740 638
1780750 639
1780760 640
1780770 642
1780780 643
1780790 644
1780800 645
1780810 646
1780820 647
1780830 648
1780840 649
1780850 650
1780860 652
1780870 653
1780880 654
1780890 654
1780900 655
1780910 656
1780920 657
1780930 658
1780940 659
1780950 661
1780960 662
1780970 663
1780980 664
1780990 666
1781000 667
1781010 669
1781020 671
1781030 673
1781040 676
1781050 678
1781060 680
1781070 682
1781080 684
1781090 685
1781100 687
1781110 690
1781120 693
1781130 697
1781140 700
1781150 702
1781160 703
1781170 704
1781180 706
1781190 708
1781200 709
1781210 710
1781220 711
1781230 712
1781240 714
1781250 715
1781260 716
1781270 716
1781280 717
1781290 717
1781300 718
1781310 718
1781320 718
1781330 717
1781340 717
1781350 717
1781360 717
1781370 717
1781380 717
1781390 718
1781400 718
1781410 719
1781420 720
1781430 721
1781440 722
1781450 723
1781460 725
1781470 726
1781480 728
1781490 729
1781500 731
1781510 732
1781520 733
1781530 735
1781540 738
1781550 740
1781560 743
1781570 745
1781580 747
1781590 749
1781600 751
1781610 753
1781620 756
1781630 757
1781640 757
1781650 755
1781660 752
1781670 748
1781680 745
1781690 743
1781700 741
1781710 740
1781720 739
1781730 738
1781740 737
1781750 735
1781760 734
1781770 732
1781780 731
1781790 729
1781800 728
1781810 726
1781820 724
1781830 721
1781840 719
1781850 717
1781860 715
1781870 713
1781880 711
1781890 709
1781900 706
1781910 705
1781920 703
1781930 704
1781940 705
1781950 707
1781960 708
1781970 710
1781980 711
1781990 711
1782000 711
1782010 711
1782020 711
1782030 710
1782040 710
1782050 709
1782060 709
1782070 708
1782080 708
1782090 707
1782100 706
1782110 705
1782120 701
1782130 697
1782140 693
1782150 689
1782160 687
1782170 686
1782180 685
1782190 686
1782200 686
1782210 686
1782220 687
1782230 689
1782240 690
1782250 692
1782260 694
1782270 695
1782280 697
1782290 698
1782300 699
1782310 700
1782320 701
1782330 702
1782340 703
1782350 703
1782360 704
1782370 706
1782380 708
1782390 710
1782400 712
1782410 713
1782420 714
1782430 715
1782440 716
1782450 716
1782460 717
1782470 718
1782480 720
1782490 721
1782500 723
1782510 724
1782520 726
1782530 728
1782540 729
1782550 730
1782560 731
1782570 732
1782580 733
1782590 735
1782600 736
1782610 737
1782620 738
1782630 739
1782640 740
1782650 740
1782660 741
1782670 742
1782680 743
1782690 744
1782700 745
1782710 747
1782720 748
1782730 749
1782740 750
1782750 751
1782760 752
1782770 753
1782780 755
1782790 756
1782800 757
1782810 758
1782820 760
1782830 761
1782840 763
1782850 764
1782860 766
1782870 767
1782880 769
1782890 771
1782900 773
1782910 776
1782920 778
1782930 781
1782940 783
1782950 785
1782960 787
1782970 789
1782980 790
1782990 791
1783000 792
1783010 794
1783020 797
1783030 801
1783040 806
1783050 810
1783060 814
1783070 818
1783080 824
1783090 828
1783100 832
1783110 836
1783120 841
1783130 846
1783140 851
1783150 856
1783160 861
1783170 866
1783180 873
1783190 878
1783200 884
1783210 889
1783220 894
1783230 899
1783240 904
1783250 908
1783260 912
1783270 915
1783280 917
1783290 919
1783300 921
1783310 922
1783320 923
1783330 925
1783340 926
1783350 927
1783360 928
1783370 928
1783380 928
1783390 929
1783400 929
1783410 929
1783420 929
1783430 929
1783440 929
1783450 928
1783460 928
1783470 927
1783480 923
1783490 920
1783500 917
1783510 913
1783520 910
1783530 908
1783540 905
1783550 901
1783560 898
1783570 896
1783580 895
1783590 895
1783600 893
1783610 892
1783620 891
1783630 890
1783640 889
1783650 890
1783660 892
1783670 893
1783680 894
1783690 896
1783700 901
1783710 907
1783720 912
1783730 911
1783740 906
1783750 900
1783760 894
1783770 888
1783780 882
1783790 876
1783800 871
1783810 869
1783820 868
1783830 866
1783840 864
1783850 860
1783860 856
1783870 852
1783880 849
1783890 847
1783900 847
1783910 848
1783920 849
1783930 850
1783940 854
1783950 859
1783960 866
1783970 872
1783980 879
1783990 885
1784000 892
1784010 897
1784020 902
1784030 906
1784040 910
1784050 915
1784060 919
1784070 922
1784080 925
1784090 927
1784100 930
1784110 932
1784120 935
1784130 938
1784140 940
1784150 941
1784160 943
1784170 944
1784180 946
1784190 947
1784200 948
1784210 949
1784220 950
1784230 950
1784240 951
1784250 952
1784260 952
1784270 953
1784280 953
1784290 953
1784300 953
1784310 953
1784320 953
1784330 953
1784340 952
1784350 952
1784360 951
1784370 950
1784380 949
1784390 948
1784400 947
1784410 946
1784420 946
1784430 946
1784440 945
1784450 944
1784460 943
1784470 942
1784480 941
1784490 941
1784500 940
1784510 939
1784520 938
1784530 937
1784540 936
1784550 935
1784560 933
1784570 932
1784580 930
1784590 929
1784600 928
1784610 927
1784620 927
1784630 926
1784640 925
1784650 924
1784660 923
1784670 923
1784680 922
1784690 921
1784700 921
1784710 920
1784720 918
1784730 917
1784740 915
1784750 913
1784760 911
1784770 910
1784780 910
1784790 910
1784800 909
1784810 909
1784820 909
1784830 909
1784840 908
1784850 908
1784860 907
1784870 907
1784880 906
1784890 906
1784900 905
1784910 905
1784920 905
1784930 904
1784940 904
1784950 904
1784960 904
1784970 904
1784980 903
1784990 903
1785000 903
1785010 903
1785020 903
1785030 903
1785040 903
1785050 904
1785060 904
1785070 904
1785080 904
1785090 904
1785100 905
1785110 905
1785120 906
1785130 907
1785140 907
1785150 908
1785160 908
1785170 909
1785180 909
1785190 909
1785200 909
1785210 910
1785220 910
1785230 910
1785240 910
1785250 910
1785260 910
1785270 910
1785280 911
1785290 911
1785300 911
1785310 912
1785320 912
1785330 912
1785340 912
1785350 912
1785360 912
1785370 912
1785380 912
1785390 912
1785400 912
1785410 912
1785420 912
1785430 912
1785440 911
1785450 911
1785460 910
1785470 910
1785480 909
1785490 909
1785500 909
1785510 909
1785520 909
1785530 909
1785540 908
1785550 908
1785560 907
1785570 906
1785580 906
1785590 905
1785600 903
1785610 902
1785620 902
1785630 902
1785640 901
1785650 901
1785660 901
1785670 901
1785680 901
1785690 901
1785700 901
1785710 901
1785720 902
1785730 902
1785740 901
1785750 901
1785760 901
1785770 901
1785780 900
1785790 900
1785800 899
1785810 898
1785820 898
1785830 897
1785840 896
1785850 896
1785860 895
1785870 893
1785880 891
1785890 890
1785900 889
1785910 888
1785920 888
1785930 888
1785940 887
1785950 887
1785960 886
1785970 885
1785980 884
1785990 883
1786000 883
1786010 882
1786020 881
1786030 880
1786040 879
1786050 878
1786060 877
1786070 876
1786080 875
1786090 875
1786100 875
1786110 874
1786120 873
1786130 872
1786140 872
1786150 871
1786160 870
1786170 870
1786180 869
1786190 868
1786200 867
1786210 866
1786220 865
1786230 863
1786240 862
1786250 861
1786260 860
1786270 858
1786280 856
1786290 855
1786300 854
1786310 853
1786320 852
1786330 850
1786340 848
1786350 845
1786360 842
1786370 839
1786380 837
1786390 835
1786400 833
1786410 832
1786420 830
1786430 830
1786440 829
1786450 829
1786460 829
1786470 829
1786480 830
1786490 830
1786500 831
1786510 831
1786520 832
1786530 832
1786540 832
1786550 832
1786560 832
1786570 833
1786580 832
1786590 833
1786600 832
1786610 832
1786620 832
1786630 831
1786640 831
1786650 831
1786660 831
1786670 831
1786680 831
1786690 831
1786700 831
1786710 831
1786720 831
1786730 830
1786740 830
1786750 829
1786760 829
1786770 828
1786780 828
1786790 827
1786800 827
1786810 826
1786820 825
1786830 824
1786840 824
1786850 823
1786860 822
1786870 821
1786880 821
1786890 820
1786900 819
1786910 819
1786920 818
1786930 817
1786940 816
1786950 815
1786960 814
1786970 813
1786980 812
1786990 811
1787000 809
1787010 807
1787020 806
1787030 805
1787040 803
1787050 802
1787060 800
1787070 799
1787080 797
1787090 796
1787100 794
1787110 793
1787120 792
1787130 791
1787140 791
1787150 791
1787160 790
1787170 790
1787180 790
1787190 790
1787200 790
1787210 790
1787220 790
1787230 790
1787240 790
1787250 790
1787260 790
1787270 790
1787280 790
1787290 791
1787300 791
1787310 792
1787320 792
1787330 793
1787340 793
1787350 794
1787360 794
1787370 795
1787380 796
1787390 796
1787400 797
1787410 797
1787420 798
1787430 798
1787440 799
1787450 800
1787460 800
1787470 800
1787480 801
1787490 801
1787500 801
1787510 801
1787520 801
1787530 802
1787540 803
1787550 803
1787560 804
1787570 804
1787580 804
1787590 805
1787600 806
1787610 807
1787620 809
1787630 809
1787640 810
1787650 810
1787660 811
1787670 811
1787680 812
1787690 813
1787700 815
1787710 817
1787720 819
1787730 821
1787740 824
1787750 826
1787760 829
1787770 830
1787780 832
1787790 834
1787800 836
1787810 837
1787820 839
1787830 840
1787840 841
1787850 842
1787860 843
1787870 844
1787880 844
1787890 845
1787900 845
1787910 845
1787920 845
1787930 845
1787940 846
1787950 846
1787960 846
1787970 846
1787980 846
1787990 846
1788000 847
1788010 847
1788020 847
1788030 848
1788040 848
1788050 848
1788060 848
1788070 849
1788080 849
1788090 849
1788100 848
1788110 848
1788120 848
1788130 848
1788140 849
1788150 849
1788160 850
1788170 850
1788180 848
1788190 847
1788200 846
1788210 846
1788220 846
1788230 847
1788240 847
1788250 848
1788260 849
1788270 849
1788280 850
1788290 851
1788300 852
1788310 853
1788320 853
1788330 854
1788340 854
1788350 854
1788360 854
1788370 854
1788380 854
1788390 853
1788400 853
1788410 853
1788420 853
1788430 852
1788440 852
1788450 852
1788460 851
1788470 851
1788480 850
1788490 850
1788500 850
1788510 849
1788520 848
1788530 848
1788540 847
1788550 847
1788560 846
1788570 845
1788580 844
1788590 843
1788600 843
1788610 842
1788620 842
1788630 841
1788640 840
1788650 839
1788660 838
1788670 837
1788680 836
1788690 834
1788700 833
1788710 832
1788720 831
1788730 829
1788740 827
1788750 825
1788760 821
1788770 816
1788780 809
1788790 803
1788800 797
1788810 791
1788820 787
1788830 784
1788840 784
1788850 785
1788860 787
1788870 789
1788880 792
1788890 795
1788900 797
1788910 793
1788920 789
1788930 784
1788940 779
1788950 774
1788960 769
1788970 763
1788980 756
1788990 749
1789000 742
1789010 736
1789020 729
1789030 724
1789040 719
1789050 712
1789060 706
1789070 702
1789080 699
1789090 695
1789100 692
1789110 688
1789120 684
1789130 679
1789140 675
1789150 672
1789160 669
1789170 666
1789180 664
1789190 661
1789200 659
1789210 656
1789220 653
1789230 651
1789240 648
1789250 645
1789260 643
1789270 642
1789280 640
1789290 638
1789300 636
1789310 634
1789320 633
1789330 631
1789340 630
1789350 629
1789360 628
1789370 626
1789380 625
1789390 624
1789400 623
1789410 620
1789420 618
1789430 615
1789440 613
1789450 612
1789460 610
1789470 608
1789480 607
1789490 605
1789500 604
1789510 602
1789520 601
1789530 599
1789540 598
1789550 597
1789560 596
1789570 595
1789580 594
1789590 593
1789600 591
1789610 590
1789620 590
1789630 589
1789640 588
1789650 587
1789660 586
1789670 585
1789680 584
1789690 584
1789700 583
1789710 582
1789720 582
1789730 581
1789740 580
1789750 579
1789760 578
1789770 578
1789780 577
1789790 576
1789800 575
1789810 575
1789820 574
1789830 574
1789840 573
1789850 573
1789860 572
1789870 571
1789880 570
1789890 569
1789900 568
1789910 567
1789920 566
1789930 565
1789940 564
1789950 562
1789960 561
1789970 560
1789980 559
1789990 558
1790000 558
1790010 557
1790020 556
1790030 555
1790040 554
1790050 553
1790060 552
1790070 551
1790080 550
1790090 549
1790100 548
1790110 547
1790120 546
1790130 545
1790140 544
1790150 543
1790160 542
1790170 541
1790180 540
1790190 539
1790200 538
1790210 537
1790220 536
1790230 536
1790240 535
1790250 534
1790260 533
1790270 531
1790280 530
1790290 529
1790300 528
1790310 527
1790320 527
1790330 526
1790340 526
1790350 525
1790360 525
1790370 524
1790380 523
1790390 522
1790400 521
1790410 521
1790420 520
1790430 520
1790440 519
1790450 519
1790460 518
1790470 517
1790480 517
1790490 516
1790500 515
1790510 514
1790520 514
1790530 513
1790540 513
1790550 512
1790560 512
1790570 511
1790580 511
1790590 510
1790600 510
1790610 510
1790620 509
1790630 509
1790640 509
1790650 509
1790660 509
1790670 509
1790680 509
1790690 509
1790700 508
1790710 508
1790720 508
1790730 508
1790740 508
1790750 507
1790760 506
1790770 506
1790780 505
1790790 505
1790800 505
1790810 504
1790820 504
1790830 505
1790840 505
1790850 505
1790860 505
1790870 505
1790880 505
1790890 505
1790900 506
1790910 506
1790920 506
1790930 506
1790940 506
1790950 507
1790960 507
1790970 507
1790980 507
1790990 508
1791000 508
1791010 508
1791020 508
1791030 508
1791040 509
1791050 509
1791060 509
1791070 510
1791080 510
1791090 510
1791100 510
1791110 511
1791120 512
1791130 513
1791140 514
1791150 514
1791160 515
1791170 516
1791180 516
1791190 517
1791200 518
1791210 519
1791220 520
1791230 521
1791240 521
1791250 522
1791260 523
1791270 525
1791280 526
1791290 527
1791300 528
1791310 528
1791320 528
1791330 528
1791340 528
1791350 528
1791360 528
1791370 528
1791380 528
1791390 528
1791400 528
1791410 528
1791420 528
1791430 528
1791440 528
1791450 527
1791460 527
1791470 527
1791480 527
1791490 527
1791500 527
1791510 527
1791520 526
1791530 525
1791540 524
1791550 522
1791560 520
1791570 519
1791580 518
1791590 517
1791600 515
1791610 513
1791620 511
1791630 509
1791640 508
1791650 507
1791660 506
1791670 505
1791680 504
1791690 503
1791700 503
1791710 502
1791720 501
1791730 500
1791740 499
1791750 498
1791760 498
1791770 497
1791780 496
1791790 495
1791800 494
1791810 493
1791820 492
1791830 492
1791840 491
1791850 491
1791860 490
1791870 488
1791880 486
1791890 485
1791900 484
1791910 483
1791920 481
1791930 480
1791940 479
1791950 478
1791960 477
1791970 476
1791980 475
1791990 474
1792000 473
1792010 472
1792020 471
1792030 470
1792040 469
1792050 468
1792060 467
1792070 466
1792080 465
1792090 464
1792100 463
1792110 461
1792120 459
1792130 458
1792140 457
1792150 455
1792160 454
1792170 453
1792180 452
1792190 451
1792200 450
1792210 449
1792220 448
1792230 446
1792240 445
1792250 444
1792260 443
1792270 442
1792280 441
1792290 441
1792300 440
1792310 439
1792320 438
1792330 437
1792340 437
1792350 436
1792360 436
1792370 435
1792380 435
1792390 435
1792400 435
1792410 434
1792420 434
1792430 434
1792440 434
1792450 433
1792460 433
1792470 433
1792480 433
1792490 432
1792500 432
1792510 432
1792520 432
1792530 431
1792540 431
1792550 431
1792560 431
1792570 432
1792580 432
1792590 433
1792600 434
1792610 436
1792620 437
1792630 438
1792640 440
1792650 441
1792660 442
1792670 443
1792680 441
1792690 440
1792700 439
1792710 438
1792720 438
1792730 438
1792740 438
1792750 438
1792760 438
1792770 437
1792780 437
1792790 437
1792800 436
1792810 436
1792820 436
1792830 436
1792840 437
1792850 437
1792860 437
1792870 437
1792880 437
1792890 437
1792900 437
1792910 438
1792920 438
1792930 439
1792940 439
1792950 440
1792960 440
1792970 441
1792980 441
1792990 441
1793000 442
1793010 442
1793020 440
1793030 438
1793040 436
1793050 434
1793060 433
1793070 432
1793080 431
1793090 431
1793100 430
1793110 430
1793120 429
1793130 429
1793140 428
1793150 427
1793160 426
1793170 425
1793180 425
1793190 424
1793200 423
1793210 423
1793220 422
1793230 421
1793240 421
1793250 420
1793260 420
1793270 419
1793280 419
1793290 418
1793300 418
1793310 418
1793320 417
1793330 417
1793340 417
1793350 416
1793360 416
1793370 416
1793380 416
1793390 415
1793400 415
1793410 415
1793420 415
1793430 415
1793440 415
1793450 415
1793460 415
1793470 414
1793480 414
1793490 414
1793500 414
1793510 415
1793520 415
1793530 416
1793540 415
1793550 415
1793560 414
1793570 414
1793580 414
1793590 414
1793600 415
1793610 416
1793620 416
1793630 417
1793640 417
1793650 417
1793660 417
1793670 417
1793680 418
1793690 418
1793700 419
1793710 419
1793720 420
1793730 420
1793740 420
1793750 420
1793760 421
1793770 421
1793780 421
1793790 422
1793800 422
1793810 422
1793820 422
1793830 423
1793840 423
1793850 424
1793860 425
1793870 425
1793880 425
1793890 426
1793900 427
1793910 427
1793920 428
1793930 429
1793940 430
1793950 430
1793960 431
1793970 432
1793980 433
1793990 433
1794000 434
1794010 435
1794020 436
1794030 437
1794040 439
1794050 440
1794060 441
1794070 442
1794080 443
1794090 444
1794100 446
1794110 448
1794120 450
1794130 452
1794140 452
1794150 453
1794160 454
1794170 456
1794180 458
1794190 459
1794200 461
1794210 462
1794220 463
1794230 465
1794240 466
1794250 467
1794260 468
1794270 470
1794280 471
1794290 472
1794300 474
1794310 475
1794320 476
1794330 477
1794340 478
1794350 478
1794360 479
1794370 480
1794380 480
1794390 481
1794400 481
1794410 482
1794420 482
1794430 483
1794440 483
1794450 483
1794460 484
1794470 484
1794480 484
1794490 484
1794500 485
1794510 486
1794520 487
1794530 488
1794540 489
1794550 490
1794560 490
1794570 491
1794580 492
1794590 493
1794600 494
1794610 495
1794620 496
1794630 497
1794640 498
1794650 499
1794660 500
1794670 501
1794680 502
1794690 503
1794700 504
1794710 506
1794720 507
1794730 508
1794740 508
1794750 509
1794760 510
1794770 511
1794780 512
1794790 512
1794800 513
1794810 514
1794820 514
1794830 515
1794840 515
1794850 516
1794860 517
1794870 518
1794880 518
1794890 519
1794900 519
1794910 520
1794920 520
1794930 520
1794940 521
1794950 521
1794960 521
1794970 521
1794980 521
1794990 521
1795000 521
1795010 521
1795020 521
1795030 521
1795040 521
1795050 520
1795060 520
1795070 520
1795080 521
1795090 521
1795100 521
1795110 521
1795120 521
1795130 521
1795140 520
1795150 520
1795160 520
1795170 520
1795180 520
1795190 520
1795200 520
1795210 520
1795220 521
1795230 521
1795240 522
1795250 523
1795260 523
1795270 524
1795280 525
1795290 525
1795300 526
1795310 526
1795320 527
1795330 527
1795340 528
1795350 528
1795360 528
1795370 528
1795380 528
1795390 527
1795400 527
1795410 527
1795420 527
1795430 526
1795440 526
1795450 525
1795460 524
1795470 523
1795480 523
1795490 522
1795500 522
1795510 522
1795520 522
1795530 522
1795540 521
1795550 521
1795560 521
1795570 521
1795580 521
1795590 520
1795600 520
1795610 520
1795620 520
1795630 519
1795640 519
1795650 519
1795660 518
1795670 518
1795680 518
1795690 517
1795700 517
1795710 517
1795720 516
1795730 516
1795740 516
1795750 516
1795760 515
1795770 515
1795780 515
1795790 515
1795800 515
1795810 515
1795820 515
1795830 515
1795840 515
1795850 515
1795860 514
1795870 513
1795880 512
1795890 511
1795900 511
1795910 510
1795920 510
1795930 509
1795940 509
1795950 508
1795960 508
1795970 507
1795980 507
1795990 506
1796000 506
1796010 505
1796020 505
1796030 505
1796040 504
1796050 504
1796060 503
1796070 502
1796080 502
1796090 501
1796100 500
1796110 500
1796120 499
1796130 498
1796140 497
1796150 497
1796160 496
1796170 495
1796180 495
1796190 494
1796200 493
1796210 493
1796220 492
1796230 491
1796240 491
1796250 490
1796260 489
1796270 489
1796280 488
1796290 487
1796300 486
1796310 485
1796320 484
1796330 483
1796340 483
1796350 481
1796360 479
1796370 476
1796380 473
1796390 471
1796400 469
1796410 468
1796420 467
1796430 467
1796440 467
1796450 467
1796460 468
1796470 468
1796480 469
1796490 469
1796500 469
1796510 469
1796520 468
1796530 468
1796540 468
1796550 468
1796560 469
1796570 469
1796580 470
1796590 471
1796600 470
1796610 467
1796620 464
1796630 461
1796640 460
1796650 459
1796660 460
1796670 462
1796680 465
1796690 469
1796700 474
1796710 477
1796720 479
1796730 478
1796740 478
1796750 478
1796760 478
1796770 479
1796780 481
1796790 482
1796800 483
1796810 484
1796820 486
1796830 487
1796840 488
1796850 490
1796860 491
1796870 492
1796880 492
1796890 492
1796900 492
1796910 491
1796920 490
1796930 489
1796940 488
1796950 487
1796960 486
1796970 485
1796980 484
1796990 483
1797000 482
1797010 481
1797020 481
1797030 480
1797040 479
1797050 478
1797060 477
1797070 474
1797080 470
1797090 466
1797100 460
1797110 455
1797120 449
1797130 443
1797140 437
1797150 430
1797160 424
1797170 420
1797180 417
1797190 414
1797200 412
1797210 409
1797220 407
1797230 405
1797240 403
1797250 402
1797260 402
1797270 401
1797280 401
1797290 401
1797300 400
1797310 399
1797320 399
1797330 398
1797340 398
1797350 397
1797360 396
1797370 396
1797380 395
1797390 395
1797400 394
1797410 394
1797420 394
1797430 394
1797440 394
1797450 393
1797460 393
1797470 393
1797480 393
1797490 394
1797500 395
1797510 395
1797520 396
1797530 397
1797540 397
1797550 398
1797560 399
1797570 400
1797580 400
1797590 401
1797600 402
1797610 403
1797620 403
1797630 402
1797640 402
1797650 401
1797660 400
1797670 400
1797680 399
1797690 399
1797700 399
1797710 398
1797720 398
1797730 397
1797740 397
1797750 397
1797760 397
1797770 397
1797780 397
1797790 397
1797800 397
1797810 398
1797820 398
1797830 398
1797840 398
1797850 399
1797860 399
1797870 399
1797880 399
1797890 399
1797900 399
1797910 399
1797920 399
1797930 399
1797940 399
1797950 399
1797960 400
1797970 400
1797980 400
1797990 400
1798000 400
1798010 400
1798020 400
1798030 400
1798040 400
1798050 400
1798060 400
1798070 400
1798080 400
1798090 400
1798100 400
1798110 400
1798120 400
1798130 400
1798140 400
1798150 400
1798160 401
1798170 401
1798180 401
1798190 401
1798200 401
1798210 401
1798220 401
1798230 401
1798240 401
1798250 401
1798260 401
1798270 401
1798280 401
1798290 401
1798300 401
1798310 400
1798320 400
1798330 400
1798340 400
1798350 399
1798360 399
1798370 399
1798380 399
1798390 399
1798400 398
1798410 398
1798420 397
1798430 396
1798440 395
1798450 395
1798460 396
1798470 396
1798480 395
1798490 394
1798500 394
1798510 394
1798520 395
1798530 397
1798540 398
1798550 398
1798560 398
1798570 398
1798580 398
1798590 397
1798600 397
1798610 396
1798620 396
1798630 395
1798640 395
1798650 395
1798660 395
1798670 395
1798680 395
1798690 395
1798700 395
1798710 394
1798720 395
1798730 395
1798740 394
1798750 394
1798760 393
1798770 393
1798780 392
1798790 391
1798800 390
1798810 390
1798820 389
1798830 389
1798840 390
1798850 390
1798860 390
1798870 390
1798880 389
1798890 389
1798900 389
1798910 389
1798920 389
1798930 389
1798940 389
1798950 389
1798960 389
1798970 390
1798980 390
1798990 390
1799000 391
1799010 391
1799020 391
1799030 392
1799040 393
1799050 394
1799060 394
1799070 394
1799080 393
1799090 393
1799100 393
1799110 393
1799120 393
1799130 393
1799140 393
1799150 393
1799160 393
1799170 393
1799180 393
1799190 393
1799200 393
1799210 393
1799220 393
1799230 392
1799240 393
1799250 392
1799260 392
1799270 391
1799280 391
1799290 391
1799300 390
1799310 390
1799320 390
1799330 389
1799340 389
1799350 390
1799360 389
1799370 389
1799380 388
1799390 388
1799400 388
1799410 388
1799420 387
1799430 387
1799440 387
1799450 386
1799460 386
1799470 386
1799480 386
1799490 385
1799500 384
1799510 384
1799520 384
1799530 383
1799540 383
1799550 383
1799560 382
1799570 382
1799580 382
1799590 382
1799600 382
1799610 381
1799620 380
1799630 380
1799640 380
1799650 379
1799660 379
1799670 378
1799680 378
1799690 377
1799700 377
1799710 376
1799720 376
1799730 375
1799740 375
1799750 374
1799760 374
1799770 373
1799780 373
1799790 372
1799800 371
1799810 370
1799820 370
1799830 370
1799840 369
1799850 368
1799860 368
1799870 366
1799880 365
1799890 364
1799900 364
1799910 363
1799920 363
1799930 363
1799940 363
1799950 363
1799960 362
1799970 363
1799980 362
1799990 361
