1780000 477
1780010 477
1780020 477
1780030 479
1780040 481
1780050 484
1780060 487
1780070 490
1780080 492
1780090 494
1780100 495
1780110 497
1780120 499
1780130 502
1780140 506
1780150 509
1780160 511
1780170 513
1780180 515
1780190 516
1780200 518
1780210 521
1780220 526
1780230 530
1780240 533
1780250 536
1780260 539
1780270 542
1780280 544
1780290 547
1780300 552
1780310 556
1780320 560
1780330 565
1780340 569
1780350 572
1780360 575
1780370 579
1780380 582
1780390 586
1780400 590
1780410 594
1780420 598
1780430 601
1780440 605
1780450 609
1780460 613
1780470 619
1780480 626
1780490 635
1780500 643
1780510 650
1780520 651
1780530 649
1780540 647
1780550 645
1780560 642
1780570 639
1780580 634
1780590 630
1780600 627
1780610 625
1780620 622
1780630 621
1780640 620
1780650 621
1780660 622
1780670 624
1780680 625
1780690 627
1780700 629
1780710 630
1780720 632
1780730 633
1780740 636
1780750 639
1780760 641
1780770 643
1780780 646
1780790 650
1780800 653
1780810 656
1780820 658
1780830 662
1780840 666
1780850 669
1780860 668
1780870 665
1780880 661
1780890 659
1780900 658
1780910 656
1780920 656
1780930 655
1780940 656
1780950 655
1780960 654
1780970 652
1780980 649
1780990 648
1781000 647
1781010 646
1781020 645
1781030 644
1781040 644
1781050 644
1781060 645
1781070 645
1781080 647
1781090 649
1781100 650
1781110 652
1781120 655
1781130 657
1781140 659
1781150 661
1781160 663
1781170 667
1781180 672
1781190 678
1781200 683
1781210 687
1781220 690
1781230 693
1781240 695
1781250 695
1781260 694
1781270 693
1781280 696
1781290 697
1781300 698
1781310 699
1781320 699
1781330 700
1781340 701
1781350 702
1781360 703
1781370 705
1781380 707
1781390 710
1781400 712
1781410 715
1781420 717
1781430 718
1781440 718
1781450 718
1781460 717
1781470 716
1781480 715
1781490 715
1781500 716
1781510 716
1781520 717
1781530 718
1781540 719
1781550 720
1781560 722
1781570 724
1781580 727
1781590 729
1781600 732
1781610 735
1781620 739
1781630 742
1781640 746
1781650 749
1781660 752
1781670 755
1781680 757
1781690 759
1781700 761
1781710 762
1781720 763
1781730 763
1781740 763
1781750 761
1781760 760
1781770 757
1781780 754
1781790 751
1781800 748
1781810 745
1781820 741
1781830 738
1781840 735
1781850 733
1781860 731
1781870 729
1781880 728
1781890 727
1781900 727
1781910 726
1781920 725
1781930 724
1781940 723
1781950 720
1781960 719
1781970 717
1781980 716
1781990 715
1782000 714
1782010 713
1782020 712
1782030 712
1782040 711
1782050 710
1782060 709
1782070 708
1782080 707
1782090 706
1782100 705
1782110 704
1782120 703
1782130 701
1782140 700
1782150 698
1782160 697
1782170 695
1782180 694
1782190 693
1782200 692
1782210 691
1782220 690
1782230 689
1782240 689
1782250 688
1782260 688
1782270 688
1782280 688
1782290 688
1782300 688
1782310 689
1782320 689
1782330 690
1782340 690
1782350 690
1782360 691
1782370 692
1782380 692
1782390 693
1782400 693
1782410 694
1782420 694
1782430 695
1782440 695
1782450 696
1782460 696
1782470 697
1782480 698
1782490 699
1782500 700
1782510 701
1782520 702
1782530 703
1782540 703
1782550 704
1782560 705
1782570 706
1782580 707
1782590 708
1782600 708
1782610 709
1782620 708
1782630 708
1782640 708
1782650 708
1782660 709
1782670 709
1782680 709
1782690 709
1782700 710
1782710 711
1782720 711
1782730 712
1782740 713
1782750 714
1782760 715
1782770 715
1782780 716
1782790 717
1782800 718
1782810 720
1782820 721
1782830 722
1782840 723
1782850 724
1782860 725
1782870 725
1782880 725
1782890 725
1782900 726
1782910 726
1782920 726
1782930 725
1782940 725
1782950 725
1782960 725
1782970 725
1782980 724
1782990 724
1783000 723
1783010 722
1783020 721
1783030 720
1783040 719
1783050 718
1783060 717
1783070 716
1783080 714
1783090 713
1783100 712
1783110 710
1783120 709
1783130 708
1783140 707
1783150 705
1783160 704
1783170 703
1783180 701
1783190 700
1783200 698
1783210 696
1783220 695
1783230 693
1783240 692
1783250 691
1783260 688
1783270 687
1783280 686
1783290 685
1783300 684
1783310 683
1783320 682
1783330 682
1783340 681
1783350 679
1783360 677
1783370 674
1783380 672
1783390 670
1783400 668
1783410 666
1783420 664
1783430 663
1783440 662
1783450 661
1783460 660
1783470 659
1783480 659
1783490 659
1783500 660
1783510 660
1783520 660
1783530 660
1783540 660
1783550 660
1783560 660
1783570 660
1783580 660
1783590 659
1783600 659
1783610 658
1783620 657
1783630 657
1783640 656
1783650 654
1783660 653
1783670 652
1783680 651
1783690 650
1783700 649
1783710 648
1783720 647
1783730 646
1783740 645
1783750 644
1783760 643
1783770 642
1783780 640
1783790 639
1783800 638
1783810 637
1783820 636
1783830 635
1783840 634
1783850 633
1783860 632
1783870 631
1783880 630
1783890 629
1783900 628
1783910 627
1783920 626
1783930 626
1783940 626
1783950 625
1783960 625
1783970 625
1783980 625
1783990 626
1784000 626
1784010 626
1784020 625
1784030 625
1784040 624
1784050 624
1784060 622
1784070 622
1784080 621
1784090 620
1784100 620
1784110 618
1784120 618
1784130 618
1784140 618
1784150 617
1784160 616
1784170 615
1784180 614
1784190 614
1784200 613
1784210 613
1784220 612
1784230 611
1784240 610
1784250 609
1784260 607
1784270 606
1784280 605
1784290 603
1784300 601
1784310 599
1784320 598
1784330 597
1784340 595
1784350 594
1784360 592
1784370 591
1784380 589
1784390 588
1784400 587
1784410 586
1784420 585
1784430 584
1784440 582
1784450 580
1784460 578
1784470 576
1784480 575
1784490 574
1784500 573
1784510 572
1784520 571
1784530 570
1784540 570
1784550 570
1784560 570
1784570 571
1784580 571
1784590 571
1784600 571
1784610 571
1784620 572
1784630 572
1784640 572
1784650 572
1784660 572
1784670 572
1784680 571
1784690 571
1784700 570
1784710 570
1784720 569
1784730 567
1784740 565
1784750 564
1784760 563
1784770 562
1784780 562
1784790 562
1784800 563
1784810 563
1784820 562
1784830 560
1784840 558
1784850 555
1784860 552
1784870 549
1784880 546
1784890 542
1784900 539
1784910 536
1784920 533
1784930 528
1784940 525
1784950 521
1784960 519
1784970 516
1784980 513
1784990 511
1785000 509
1785010 508
1785020 507
1785030 508
1785040 509
1785050 511
1785060 512
1785070 513
1785080 513
1785090 513
1785100 511
1785110 508
1785120 505
1785130 504
1785140 503
1785150 502
1785160 501
1785170 500
1785180 499
1785190 498
1785200 498
1785210 497
1785220 497
1785230 496
1785240 495
1785250 494
1785260 494
1785270 494
1785280 493
1785290 493
1785300 493
1785310 493
1785320 492
1785330 492
1785340 490
1785350 488
1785360 487
1785370 487
1785380 487
1785390 487
1785400 486
1785410 484
1785420 483
1785430 483
1785440 483
1785450 484
1785460 486
1785470 488
1785480 490
1785490 492
1785500 494
1785510 497
1785520 500
1785530 503
1785540 507
1785550 509
1785560 512
1785570 514
1785580 517
1785590 519
1785600 522
1785610 524
1785620 526
1785630 528
1785640 532
1785650 536
1785660 541
1785670 546
1785680 551
1785690 556
1785700 560
1785710 564
1785720 569
1785730 574
1785740 579
1785750 583
1785760 588
1785770 592
1785780 597
1785790 601
1785800 604
1785810 608
1785820 613
1785830 617
1785840 622
1785850 627
1785860 633
1785870 639
1785880 644
1785890 649
1785900 653
1785910 657
1785920 659
1785930 660
1785940 661
1785950 663
1785960 664
1785970 667
1785980 670
1785990 673
1786000 677
1786010 680
1786020 683
1786030 686
1786040 688
1786050 691
1786060 693
1786070 695
1786080 697
1786090 699
1786100 701
1786110 703
1786120 705
1786130 707
1786140 709
1786150 710
1786160 711
1786170 712
1786180 713
1786190 713
1786200 712
1786210 710
1786220 705
1786230 700
1786240 698
1786250 697
1786260 693
1786270 686
1786280 679
1786290 674
1786300 671
1786310 661
1786320 652
1786330 645
1786340 643
1786350 639
1786360 632
1786370 628
1786380 625
1786390 624
1786400 623
1786410 622
1786420 621
1786430 620
1786440 620
1786450 619
1786460 619
1786470 619
1786480 619
1786490 619
1786500 619
1786510 618
1786520 618
1786530 618
1786540 618
1786550 618
1786560 618
1786570 619
1786580 623
1786590 628
1786600 634
1786610 639
1786620 641
1786630 643
1786640 648
1786650 656
1786660 665
1786670 670
1786680 672
1786690 672
1786700 673
1786710 674
1786720 676
1786730 679
1786740 679
1786750 679
1786760 679
1786770 679
1786780 680
1786790 681
1786800 682
1786810 683
1786820 685
1786830 686
1786840 688
1786850 689
1786860 691
1786870 693
1786880 695
1786890 696
1786900 697
1786910 698
1786920 699
1786930 699
1786940 699
1786950 701
1786960 703
1786970 704
1786980 705
1786990 707
1787000 708
1787010 710
1787020 711
1787030 713
1787040 714
1787050 716
1787060 717
1787070 719
1787080 720
1787090 721
1787100 722
1787110 723
1787120 724
1787130 724
1787140 725
1787150 726
1787160 727
1787170 727
1787180 728
1787190 728
1787200 728
1787210 728
1787220 728
1787230 728
1787240 729
1787250 729
1787260 729
1787270 729
1787280 730
1787290 731
1787300 731
1787310 732
1787320 733
1787330 735
1787340 736
1787350 738
1787360 739
1787370 741
1787380 742
1787390 743
1787400 744
1787410 746
1787420 747
1787430 749
1787440 750
1787450 751
1787460 752
1787470 753
1787480 754
1787490 755
1787500 756
1787510 757
1787520 757
1787530 758
1787540 759
1787550 760
1787560 761
1787570 762
1787580 764
1787590 765
1787600 766
1787610 767
1787620 767
1787630 768
1787640 769
1787650 769
1787660 769
1787670 769
1787680 770
1787690 770
1787700 771
1787710 770
1787720 769
1787730 767
1787740 766
1787750 765
1787760 765
1787770 764
1787780 765
1787790 765
1787800 765
1787810 764
1787820 763
1787830 763
1787840 764
1787850 765
1787860 765
1787870 765
1787880 764
1787890 764
1787900 764
1787910 763
1787920 763
1787930 763
1787940 764
1787950 766
1787960 768
1787970 770
1787980 773
1787990 775
1788000 777
1788010 779
1788020 781
1788030 782
1788040 784
1788050 785
1788060 786
1788070 787
1788080 787
1788090 788
1788100 789
1788110 790
1788120 791
1788130 791
1788140 791
1788150 791
1788160 791
1788170 790
1788180 789
1788190 788
1788200 786
1788210 785
1788220 783
1788230 780
1788240 777
1788250 774
1788260 771
1788270 768
1788280 765
1788290 763
1788300 761
1788310 760
1788320 758
1788330 756
1788340 754
1788350 752
1788360 749
1788370 745
1788380 741
1788390 739
1788400 736
1788410 735
1788420 734
1788430 734
1788440 735
1788450 736
1788460 738
1788470 739
1788480 740
1788490 742
1788500 743
1788510 745
1788520 747
1788530 748
1788540 750
1788550 751
1788560 753
1788570 754
1788580 756
1788590 758
1788600 760
1788610 761
1788620 763
1788630 765
1788640 767
1788650 769
1788660 771
1788670 772
1788680 774
1788690 776
1788700 777
1788710 779
1788720 781
1788730 784
1788740 787
1788750 789
1788760 790
1788770 791
1788780 793
1788790 794
1788800 795
1788810 796
1788820 797
1788830 798
1788840 798
1788850 798
1788860 797
1788870 797
1788880 797
1788890 796
1788900 796
1788910 796
1788920 796
1788930 796
1788940 797
1788950 798
1788960 796
1788970 794
1788980 790
1788990 788
1789000 786
1789010 784
1789020 783
1789030 783
1789040 783
1789050 783
1789060 783
1789070 783
1789080 782
1789090 782
1789100 781
1789110 780
1789120 779
1789130 778
1789140 777
1789150 776
1789160 774
1789170 773
1789180 773
1789190 772
1789200 771
1789210 770
1789220 769
1789230 768
1789240 766
1789250 765
1789260 764
1789270 762
1789280 760
1789290 757
1789300 755
1789310 753
1789320 752
1789330 751
1789340 750
1789350 750
1789360 749
1789370 748
1789380 747
1789390 746
1789400 745
1789410 744
1789420 743
1789430 742
1789440 741
1789450 741
1789460 740
1789470 739
1789480 738
1789490 738
1789500 737
1789510 737
1789520 736
1789530 736
1789540 736
1789550 736
1789560 736
1789570 736
1789580 735
1789590 735
1789600 735
1789610 735
1789620 735
1789630 734
1789640 734
1789650 733
1789660 733
1789670 732
1789680 732
1789690 731
1789700 731
1789710 731
1789720 731
1789730 732
1789740 733
1789750 735
1789760 737
1789770 738
1789780 740
1789790 742
1789800 744
1789810 744
1789820 744
1789830 743
1789840 743
1789850 742
1789860 742
1789870 741
1789880 741
1789890 740
1789900 738
1789910 737
1789920 737
1789930 736
1789940 735
1789950 734
1789960 733
1789970 732
1789980 731
1789990 730
1790000 729
1790010 728
1790020 727
1790030 727
1790040 726
1790050 725
1790060 724
1790070 723
1790080 722
1790090 721
1790100 720
1790110 718
1790120 716
1790130 713
1790140 711
1790150 709
1790160 708
1790170 707
1790180 707
1790190 707
1790200 707
1790210 706
1790220 705
1790230 704
1790240 701
1790250 698
1790260 694
1790270 690
1790280 687
1790290 685
1790300 682
1790310 679
1790320 675
1790330 672
1790340 671
1790350 669
1790360 669
1790370 668
1790380 667
1790390 665
1790400 664
1790410 662
1790420 659
1790430 657
1790440 654
1790450 652
1790460 649
1790470 647
1790480 645
1790490 643
1790500 642
1790510 639
1790520 637
1790530 635
1790540 633
1790550 631
1790560 630
1790570 627
1790580 625
1790590 622
1790600 621
1790610 619
1790620 616
1790630 615
1790640 614
1790650 612
1790660 611
1790670 609
1790680 607
1790690 605
1790700 604
1790710 602
1790720 601
1790730 600
1790740 599
1790750 599
1790760 599
1790770 599
1790780 599
1790790 599
1790800 598
1790810 597
1790820 596
1790830 595
1790840 594
1790850 592
1790860 591
1790870 590
1790880 588
1790890 587
1790900 585
1790910 584
1790920 583
1790930 582
1790940 581
1790950 581
1790960 580
1790970 580
1790980 580
1790990 579
1791000 579
1791010 578
1791020 578
1791030 577
1791040 576
1791050 576
1791060 575
1791070 574
1791080 573
1791090 573
1791100 572
1791110 571
1791120 570
1791130 569
1791140 568
1791150 567
1791160 566
1791170 566
1791180 565
1791190 564
1791200 563
1791210 562
1791220 561
1791230 560
1791240 558
1791250 557
1791260 556
1791270 555
1791280 553
1791290 552
1791300 550
1791310 549
1791320 547
1791330 546
1791340 544
1791350 543
1791360 542
1791370 541
1791380 540
1791390 540
1791400 539
1791410 538
1791420 537
1791430 537
1791440 536
1791450 535
1791460 535
1791470 534
1791480 533
1791490 532
1791500 532
1791510 531
1791520 530
1791530 530
1791540 529
1791550 528
1791560 528
1791570 527
1791580 526
1791590 526
1791600 525
1791610 525
1791620 524
1791630 524
1791640 523
1791650 523
1791660 522
1791670 522
1791680 522
1791690 522
1791700 522
1791710 522
1791720 521
1791730 521
1791740 521
1791750 521
1791760 521
1791770 521
1791780 521
1791790 521
1791800 521
1791810 521
1791820 521
1791830 521
1791840 521
1791850 521
1791860 521
1791870 521
1791880 522
1791890 522
1791900 523
1791910 523
1791920 524
1791930 525
1791940 525
1791950 526
1791960 526
1791970 527
1791980 527
1791990 527
1792000 528
1792010 528
1792020 529
1792030 530
1792040 530
1792050 530
1792060 531
1792070 531
1792080 531
1792090 531
1792100 531
1792110 531
1792120 532
1792130 532
1792140 532
1792150 532
1792160 532
1792170 532
1792180 532
1792190 533
1792200 533
1792210 533
1792220 533
1792230 534
1792240 534
1792250 534
1792260 534
1792270 534
1792280 534
1792290 533
1792300 533
1792310 532
1792320 531
1792330 531
1792340 530
1792350 530
1792360 529
1792370 528
1792380 528
1792390 527
1792400 527
1792410 527
1792420 527
1792430 527
1792440 526
1792450 526
1792460 526
1792470 525
1792480 523
1792490 523
1792500 522
1792510 522
1792520 521
1792530 520
1792540 520
1792550 519
1792560 519
1792570 518
1792580 518
1792590 518
1792600 518
1792610 518
1792620 517
1792630 517
1792640 516
1792650 515
1792660 513
1792670 512
1792680 511
1792690 510
1792700 510
1792710 510
1792720 509
1792730 508
1792740 507
1792750 507
1792760 507
1792770 506
1792780 506
1792790 506
1792800 505
1792810 505
1792820 505
1792830 505
1792840 504
1792850 504
1792860 503
1792870 503
1792880 503
1792890 503
1792900 502
1792910 502
1792920 501
1792930 501
1792940 501
1792950 501
1792960 501
1792970 500
1792980 500
1792990 500
1793000 500
1793010 500
1793020 499
1793030 499
1793040 499
1793050 498
1793060 498
1793070 497
1793080 497
1793090 497
1793100 496
1793110 496
1793120 496
1793130 496
1793140 495
1793150 495
1793160 495
1793170 494
1793180 494
1793190 494
1793200 494
1793210 494
1793220 494
1793230 493
1793240 493
1793250 493
1793260 493
1793270 492
1793280 492
1793290 492
1793300 492
1793310 492
1793320 492
1793330 492
1793340 492
1793350 492
1793360 491
1793370 491
1793380 491
1793390 491
1793400 490
1793410 490
1793420 490
1793430 490
1793440 490
1793450 489
1793460 489
1793470 489
1793480 489
1793490 489
1793500 489
1793510 489
1793520 489
1793530 489
1793540 488
1793550 488
1793560 488
1793570 487
1793580 487
1793590 487
1793600 487
1793610 486
1793620 486
1793630 486
1793640 486
1793650 485
1793660 485
1793670 485
1793680 485
1793690 485
1793700 485
1793710 484
1793720 484
1793730 484
1793740 484
1793750 484
1793760 484
1793770 484
1793780 484
1793790 484
1793800 484
1793810 484
1793820 484
1793830 484
1793840 484
1793850 484
1793860 484
1793870 484
1793880 484
1793890 484
1793900 484
1793910 484
1793920 484
1793930 484
1793940 484
1793950 484
1793960 484
1793970 484
1793980 484
1793990 484
1794000 484
1794010 484
1794020 484
1794030 484
1794040 484
1794050 484
1794060 484
1794070 484
1794080 484
1794090 483
1794100 483
1794110 483
1794120 483
1794130 484
1794140 484
1794150 484
1794160 484
1794170 484
1794180 484
1794190 484
1794200 484
1794210 485
1794220 485
1794230 485
1794240 485
1794250 485
1794260 486
1794270 486
1794280 486
1794290 487
1794300 487
1794310 487
1794320 488
1794330 488
1794340 489
1794350 490
1794360 491
1794370 493
1794380 494
1794390 496
1794400 497
1794410 498
1794420 499
1794430 500
1794440 500
1794450 501
1794460 502
1794470 502
1794480 502
1794490 502
1794500 503
1794510 502
1794520 502
1794530 501
1794540 501
1794550 501
1794560 501
1794570 502
1794580 502
1794590 502
1794600 502
1794610 503
1794620 504
1794630 504
1794640 505
1794650 506
1794660 506
1794670 507
1794680 507
1794690 507
1794700 508
1794710 508
1794720 508
1794730 508
1794740 508
1794750 508
1794760 508
1794770 509
1794780 509
1794790 509
1794800 510
1794810 510
1794820 510
1794830 510
1794840 510
1794850 511
1794860 511
1794870 511
1794880 511
1794890 511
1794900 511
1794910 511
1794920 512
1794930 512
1794940 512
1794950 513
1794960 513
1794970 513
1794980 514
1794990 514
1795000 515
1795010 515
1795020 516
1795030 516
1795040 516
1795050 515
1795060 515
1795070 513
1795080 512
1795090 510
1795100 508
1795110 505
1795120 502
1795130 498
1795140 494
1795150 490
1795160 485
1795170 481
1795180 477
1795190 473
1795200 470
1795210 467
1795220 464
1795230 461
1795240 460
1795250 459
1795260 459
1795270 460
1795280 461
1795290 462
1795300 463
1795310 464
1795320 464
1795330 464
1795340 464
1795350 464
1795360 465
1795370 465
1795380 466
1795390 468
1795400 469
1795410 471
1795420 473
1795430 474
1795440 475
1795450 476
1795460 476
1795470 476
1795480 476
1795490 476
1795500 476
1795510 475
1795520 474
1795530 473
1795540 470
1795550 467
1795560 465
1795570 464
1795580 463
1795590 463
1795600 464
1795610 464
1795620 465
1795630 465
1795640 465
1795650 465
1795660 466
1795670 468
1795680 469
1795690 470
1795700 470
1795710 471
1795720 473
1795730 476
1795740 479
1795750 481
1795760 483
1795770 484
1795780 486
1795790 488
1795800 491
1795810 494
1795820 496
1795830 499
1795840 500
1795850 501
1795860 500
1795870 498
1795880 496
1795890 493
1795900 491
1795910 489
1795920 486
1795930 484
1795940 483
1795950 482
1795960 482
1795970 482
1795980 482
1795990 482
1796000 482
1796010 482
1796020 482
1796030 481
1796040 482
1796050 483
1796060 485
1796070 488
1796080 491
1796090 492
1796100 492
1796110 489
1796120 485
1796130 479
1796140 473
1796150 467
1796160 462
1796170 456
1796180 450
1796190 444
1796200 437
1796210 430
1796220 424
1796230 418
1796240 416
1796250 415
1796260 415
1796270 415
1796280 416
1796290 419
1796300 423
1796310 426
1796320 430
1796330 433
1796340 436
1796350 440
1796360 443
1796370 446
1796380 449
1796390 453
1796400 456
1796410 459
1796420 462
1796430 466
1796440 469
1796450 472
1796460 476
1796470 480
1796480 485
1796490 490
1796500 495
1796510 499
1796520 503
1796530 507
1796540 510
1796550 513
1796560 515
1796570 514
1796580 514
1796590 514
1796600 514
1796610 514
1796620 515
1796630 515
1796640 516
1796650 517
1796660 519
1796670 520
1796680 522
1796690 524
1796700 527
1796710 529
1796720 532
1796730 534
1796740 535
1796750 537
1796760 538
1796770 539
1796780 540
1796790 540
1796800 540
1796810 540
1796820 540
1796830 540
1796840 540
1796850 539
1796860 539
1796870 540
1796880 540
1796890 540
1796900 540
1796910 540
1796920 541
1796930 541
1796940 541
1796950 541
1796960 541
1796970 541
1796980 542
1796990 542
1797000 542
1797010 541
1797020 541
1797030 541
1797040 540
1797050 540
1797060 539
1797070 538
1797080 538
1797090 537
1797100 535
1797110 534
1797120 532
1797130 531
1797140 529
1797150 528
1797160 526
1797170 524
1797180 522
1797190 519
1797200 515
1797210 511
1797220 507
1797230 503
1797240 501
1797250 498
1797260 496
1797270 493
1797280 491
1797290 488
1797300 486
1797310 483
1797320 481
1797330 478
1797340 475
1797350 472
1797360 470
1797370 467
1797380 464
1797390 461
1797400 459
1797410 457
1797420 457
1797430 457
1797440 456
1797450 455
1797460 454
1797470 453
1797480 452
1797490 451
1797500 450
1797510 450
1797520 449
1797530 448
1797540 448
1797550 447
1797560 447
1797570 446
1797580 446
1797590 446
1797600 446
1797610 446
1797620 446
1797630 447
1797640 447
1797650 447
1797660 448
1797670 448
1797680 446
1797690 443
1797700 439
1797710 436
1797720 433
1797730 431
1797740 430
1797750 429
1797760 429
1797770 428
1797780 428
1797790 427
1797800 427
1797810 427
1797820 426
1797830 426
1797840 426
1797850 426
1797860 425
1797870 425
1797880 425
1797890 424
1797900 424
1797910 424
1797920 424
1797930 423
1797940 423
1797950 422
1797960 422
1797970 422
1797980 421
1797990 421
1798000 421
1798010 421
1798020 420
1798030 420
1798040 420
1798050 421
1798060 421
1798070 422
1798080 423
1798090 424
1798100 426
1798110 427
1798120 429
1798130 431
1798140 432
1798150 431
1798160 431
1798170 430
1798180 430
1798190 430
1798200 430
1798210 431
1798220 431
1798230 431
1798240 431
1798250 431
1798260 431
1798270 431
1798280 431
1798290 431
1798300 432
1798310 431
1798320 431
1798330 430
1798340 428
1798350 428
1798360 427
1798370 426
1798380 426
1798390 426
1798400 427
1798410 427
1798420 427
1798430 428
1798440 429
1798450 430
1798460 431
1798470 432
1798480 433
1798490 434
1798500 434
1798510 435
1798520 436
1798530 436
1798540 436
1798550 437
1798560 437
1798570 437
1798580 437
1798590 438
1798600 438
1798610 439
1798620 439
1798630 440
1798640 441
1798650 443
1798660 446
1798670 449
1798680 451
1798690 454
1798700 456
1798710 458
1798720 460
1798730 463
1798740 465
1798750 468
1798760 471
1798770 473
1798780 475
1798790 476
1798800 477
1798810 478
1798820 479
1798830 480
1798840 482
1798850 483
1798860 483
1798870 483
1798880 483
1798890 483
1798900 483
1798910 482
1798920 482
1798930 481
1798940 481
1798950 481
1798960 480
1798970 478
1798980 475
1798990 472
1799000 470
1799010 469
1799020 468
1799030 468
1799040 467
1799050 467
1799060 467
1799070 467
1799080 467
1799090 467
1799100 468
1799110 469
1799120 469
1799130 470
1799140 471
1799150 471
1799160 471
1799170 471
1799180 471
1799190 472
1799200 472
1799210 472
1799220 473
1799230 473
1799240 473
1799250 474
1799260 474
1799270 474
1799280 474
1799290 475
1799300 475
1799310 475
1799320 474
1799330 474
1799340 474
1799350 473
1799360 472
1799370 472
1799380 471
1799390 471
1799400 470
1799410 470
1799420 470
1799430 469
1799440 469
1799450 469
1799460 468
1799470 468
1799480 468
1799490 467
1799500 467
1799510 467
1799520 466
1799530 466
1799540 465
1799550 465
1799560 464
1799570 464
1799580 463
1799590 463
1799600 462
1799610 462
1799620 462
1799630 462
1799640 461
1799650 461
1799660 461
1799670 460
1799680 460
1799690 459
1799700 459
1799710 458
1799720 458
1799730 458
1799740 457
1799750 457
1799760 457
1799770 457
1799780 456
1799790 456
1799800 456
1799810 455
1799820 455
1799830 455
1799840 454
1799850 454
1799860 454
1799870 454
1799880 453
1799890 453
1799900 452
1799910 451
1799920 451
1799930 450
1799940 449
1799950 449
1799960 448
1799970 447
1799980 447
1799990 448
