1780000 468
1780010 467
1780020 467
1780030 467
1780040 466
1780050 467
1780060 468
1780070 471
1780080 474
1780090 477
1780100 480
1780110 483
1780120 486
1780130 489
1780140 492
1780150 495
1780160 498
1780170 500
1780180 501
1780190 500
1780200 498
1780210 496
1780220 492
1780230 489
1780240 485
1780250 481
1780260 477
1780270 473
1780280 469
1780290 463
1780300 458
1780310 454
1780320 449
1780330 445
1780340 441
1780350 438
1780360 435
1780370 432
1780380 430
1780390 428
1780400 425
1780410 422
1780420 419
1780430 417
1780440 417
1780450 417
1780460 417
1780470 417
1780480 417
1780490 417
1780500 417
1780510 417
1780520 417
1780530 417
1780540 417
1780550 417
1780560 417
1780570 417
1780580 417
1780590 417
1780600 418
1780610 418
1780620 419
1780630 421
1780640 424
1780650 427
1780660 430
1780670 433
1780680 436
1780690 439
1780700 442
1780710 445
1780720 448
1780730 451
1780740 452
1780750 454
1780760 456
1780770 457
1780780 460
1780790 463
1780800 467
1780810 471
1780820 475
1780830 480
1780840 483
1780850 487
1780860 490
1780870 494
1780880 497
1780890 499
1780900 502
1780910 505
1780920 508
1780930 511
1780940 512
1780950 513
1780960 515
1780970 516
1780980 518
1780990 519
1781000 521
1781010 523
1781020 524
1781030 524
1781040 524
1781050 522
1781060 519
1781070 515
1781080 512
1781090 508
1781100 505
1781110 501
1781120 498
1781130 495
1781140 491
1781150 488
1781160 484
1781170 481
1781180 477
1781190 474
1781200 470
1781210 466
1781220 462
1781230 459
1781240 455
1781250 452
1781260 448
1781270 445
1781280 441
1781290 438
1781300 437
1781310 437
1781320 438
1781330 438
1781340 439
1781350 439
1781360 440
1781370 440
1781380 442
1781390 446
1781400 449
1781410 453
1781420 457
1781430 461
1781440 466
1781450 471
1781460 477
1781470 483
1781480 488
1781490 491
1781500 492
1781510 494
1781520 495
1781530 496
1781540 497
1781550 498
1781560 499
1781570 500
1781580 501
1781590 502
1781600 503
1781610 504
1781620 506
1781630 508
1781640 510
1781650 512
1781660 515
1781670 517
1781680 519
1781690 522
1781700 524
1781710 527
1781720 530
1781730 533
1781740 536
1781750 539
1781760 542
1781770 544
1781780 546
1781790 547
1781800 549
1781810 552
1781820 555
1781830 558
1781840 562
1781850 566
1781860 570
1781870 574
1781880 578
1781890 582
1781900 587
1781910 591
1781920 596
1781930 599
1781940 601
1781950 601
1781960 600
1781970 599
1781980 597
1781990 596
1782000 595
1782010 595
1782020 595
1782030 596
1782040 596
1782050 597
1782060 598
1782070 599
1782080 601
1782090 603
1782100 604
1782110 606
1782120 608
1782130 609
1782140 611
1782150 613
1782160 615
1782170 618
1782180 620
1782190 622
1782200 625
1782210 628
1782220 632
1782230 636
1782240 640
1782250 644
1782260 647
1782270 651
1782280 655
1782290 658
1782300 661
1782310 664
1782320 668
1782330 671
1782340 674
1782350 677
1782360 680
1782370 683
1782380 686
1782390 689
1782400 692
1782410 696
1782420 700
1782430 703
1782440 707
1782450 710
1782460 713
1782470 716
1782480 719
1782490 722
1782500 725
1782510 728
1782520 731
1782530 734
1782540 737
1782550 739
1782560 742
1782570 745
1782580 748
1782590 750
1782600 753
1782610 755
1782620 757
1782630 759
1782640 760
1782650 762
1782660 764
1782670 766
1782680 768
1782690 770
1782700 773
1782710 775
1782720 777
1782730 780
1782740 782
1782750 784
1782760 787
1782770 789
1782780 792
1782790 794
1782800 795
1782810 796
1782820 797
1782830 799
1782840 801
1782850 803
1782860 805
1782870 807
1782880 810
1782890 813
1782900 816
1782910 818
1782920 821
1782930 823
1782940 824
1782950 825
1782960 827
1782970 829
1782980 831
1782990 833
1783000 835
1783010 836
1783020 838
1783030 839
1783040 841
1783050 843
1783060 844
1783070 846
1783080 847
1783090 848
1783100 849
1783110 851
1783120 853
1783130 854
1783140 855
1783150 855
1783160 855
1783170 854
1783180 853
1783190 852
1783200 851
1783210 851
1783220 850
1783230 849
1783240 847
1783250 846
1783260 845
1783270 845
1783280 844
1783290 843
1783300 841
1783310 839
1783320 837
1783330 835
1783340 833
1783350 831
1783360 829
1783370 827
1783380 824
1783390 822
1783400 819
1783410 817
1783420 815
1783430 812
1783440 811
1783450 809
1783460 807
1783470 805
1783480 804
1783490 802
1783500 800
1783510 798
1783520 796
1783530 794
1783540 792
1783550 789
1783560 787
1783570 784
1783580 781
1783590 778
1783600 774
1783610 770
1783620 766
1783630 760
1783640 755
1783650 750
1783660 746
1783670 741
1783680 736
1783690 731
1783700 725
1783710 720
1783720 715
1783730 711
1783740 708
1783750 705
1783760 702
1783770 700
1783780 699
1783790 697
1783800 695
1783810 693
1783820 692
1783830 691
1783840 690
1783850 689
1783860 688
1783870 688
1783880 687
1783890 687
1783900 686
1783910 686
1783920 686
1783930 686
1783940 685
1783950 685
1783960 684
1783970 684
1783980 684
1783990 684
1784000 685
1784010 685
1784020 686
1784030 687
1784040 687
1784050 688
1784060 689
1784070 690
1784080 691
1784090 692
1784100 692
1784110 692
1784120 691
1784130 691
1784140 690
1784150 690
1784160 691
1784170 691
1784180 691
1784190 691
1784200 691
1784210 691
1784220 691
1784230 691
1784240 690
1784250 690
1784260 689
1784270 689
1784280 688
1784290 688
1784300 687
1784310 687
1784320 686
1784330 686
1784340 685
1784350 684
1784360 682
1784370 681
1784380 681
1784390 680
1784400 680
1784410 681
1784420 682
1784430 683
1784440 684
1784450 685
1784460 685
1784470 686
1784480 686
1784490 687
1784500 688
1784510 689
1784520 690
1784530 690
1784540 691
1784550 691
1784560 692
1784570 693
1784580 694
1784590 694
1784600 695
1784610 695
1784620 695
1784630 696
1784640 696
1784650 696
1784660 696
1784670 697
1784680 697
1784690 696
1784700 696
1784710 695
1784720 695
1784730 694
1784740 693
1784750 691
1784760 689
1784770 687
1784780 684
1784790 681
1784800 677
1784810 674
1784820 670
1784830 667
1784840 663
1784850 659
1784860 655
1784870 652
1784880 649
1784890 645
1784900 642
1784910 638
1784920 635
1784930 631
1784940 628
1784950 625
1784960 622
1784970 619
1784980 616
1784990 613
1785000 610
1785010 608
1785020 605
1785030 604
1785040 602
1785050 601
1785060 600
1785070 599
1785080 598
1785090 596
1785100 595
1785110 593
1785120 591
1785130 589
1785140 588
1785150 587
1785160 585
1785170 582
1785180 580
1785190 578
1785200 575
1785210 573
1785220 570
1785230 568
1785240 565
1785250 562
1785260 559
1785270 557
1785280 554
1785290 552
1785300 550
1785310 547
1785320 545
1785330 542
1785340 540
1785350 538
1785360 536
1785370 533
1785380 531
1785390 529
1785400 527
1785410 525
1785420 523
1785430 521
1785440 519
1785450 517
1785460 514
1785470 512
1785480 510
1785490 507
1785500 505
1785510 502
1785520 500
1785530 498
1785540 496
1785550 493
1785560 491
1785570 488
1785580 485
1785590 483
1785600 480
1785610 477
1785620 474
1785630 472
1785640 469
1785650 466
1785660 464
1785670 461
1785680 459
1785690 458
1785700 455
1785710 453
1785720 450
1785730 448
1785740 446
1785750 444
1785760 441
1785770 439
1785780 437
1785790 435
1785800 434
1785810 432
1785820 430
1785830 427
1785840 425
1785850 423
1785860 421
1785870 419
1785880 416
1785890 415
1785900 414
1785910 413
1785920 412
1785930 411
1785940 410
1785950 409
1785960 407
1785970 405
1785980 404
1785990 402
1786000 400
1786010 397
1786020 396
1786030 395
1786040 394
1786050 394
1786060 394
1786070 394
1786080 394
1786090 394
1786100 394
1786110 395
1786120 396
1786130 397
1786140 399
1786150 400
1786160 402
1786170 403
1786180 405
1786190 407
1786200 409
1786210 411
1786220 413
1786230 414
1786240 416
1786250 418
1786260 420
1786270 422
1786280 424
1786290 425
1786300 425
1786310 425
1786320 425
1786330 424
1786340 422
1786350 420
1786360 418
1786370 416
1786380 414
1786390 412
1786400 410
1786410 408
1786420 406
1786430 404
1786440 402
1786450 400
1786460 397
1786470 396
1786480 394
1786490 394
1786500 393
1786510 391
1786520 390
1786530 389
1786540 388
1786550 387
1786560 385
1786570 384
1786580 383
1786590 382
1786600 381
1786610 379
1786620 377
1786630 376
1786640 375
1786650 374
1786660 373
1786670 371
1786680 371
1786690 371
1786700 371
1786710 371
1786720 371
1786730 371
1786740 371
1786750 371
1786760 371
1786770 371
1786780 371
1786790 372
1786800 371
1786810 371
1786820 371
1786830 371
1786840 371
1786850 370
1786860 370
1786870 370
1786880 370
1786890 370
1786900 370
1786910 370
1786920 370
1786930 370
1786940 369
1786950 369
1786960 369
1786970 369
1786980 369
1786990 370
1787000 371
1787010 373
1787020 375
1787030 376
1787040 376
1787050 375
1787060 373
1787070 372
1787080 371
1787090 370
1787100 370
1787110 369
1787120 369
1787130 369
1787140 369
1787150 369
1787160 368
1787170 368
1787180 368
1787190 368
1787200 369
1787210 369
1787220 369
1787230 368
1787240 368
1787250 368
1787260 367
1787270 367
1787280 367
1787290 367
1787300 367
1787310 367
1787320 367
1787330 367
1787340 367
1787350 367
1787360 367
1787370 367
1787380 366
1787390 366
1787400 366
1787410 366
1787420 366
1787430 366
1787440 366
1787450 366
1787460 366
1787470 366
1787480 366
1787490 366
1787500 366
1787510 366
1787520 366
1787530 367
1787540 367
1787550 367
1787560 367
1787570 367
1787580 367
1787590 367
1787600 367
1787610 367
1787620 367
1787630 367
1787640 367
1787650 367
1787660 367
1787670 367
1787680 367
1787690 368
1787700 369
1787710 370
1787720 370
1787730 370
1787740 370
1787750 369
1787760 369
1787770 369
1787780 369
1787790 369
1787800 369
1787810 369
1787820 369
1787830 368
1787840 368
1787850 367
1787860 367
1787870 368
1787880 369
1787890 370
1787900 371
1787910 372
1787920 373
1787930 373
1787940 373
1787950 374
1787960 375
1787970 375
1787980 376
1787990 377
1788000 377
1788010 378
1788020 379
1788030 379
1788040 380
1788050 380
1788060 381
1788070 381
1788080 382
1788090 382
1788100 383
1788110 383
1788120 383
1788130 383
1788140 383
1788150 383
1788160 384
1788170 384
1788180 385
1788190 385
1788200 384
1788210 383
1788220 381
1788230 379
1788240 377
1788250 376
1788260 375
1788270 375
1788280 375
1788290 376
1788300 376
1788310 377
1788320 378
1788330 378
1788340 379
1788350 379
1788360 380
1788370 382
1788380 382
1788390 384
1788400 386
1788410 387
1788420 388
1788430 390
1788440 391
1788450 392
1788460 394
1788470 395
1788480 396
1788490 397
1788500 398
1788510 399
1788520 399
1788530 400
1788540 400
1788550 401
1788560 402
1788570 403
1788580 403
1788590 404
1788600 405
1788610 406
1788620 407
1788630 408
1788640 408
1788650 409
1788660 409
1788670 409
1788680 410
1788690 410
1788700 411
1788710 411
1788720 412
1788730 412
1788740 413
1788750 413
1788760 414
1788770 414
1788780 415
1788790 416
1788800 416
1788810 417
1788820 417
1788830 418
1788840 418
1788850 419
1788860 420
1788870 421
1788880 422
1788890 423
1788900 425
1788910 426
1788920 427
1788930 428
1788940 429
1788950 430
1788960 432
1788970 433
1788980 434
1788990 435
1789000 436
1789010 437
1789020 438
1789030 439
1789040 440
1789050 441
1789060 442
1789070 443
1789080 443
1789090 444
1789100 444
1789110 444
1789120 445
1789130 445
1789140 445
1789150 446
1789160 446
1789170 446
1789180 447
1789190 447
1789200 448
1789210 449
1789220 449
1789230 450
1789240 451
1789250 451
1789260 452
1789270 453
1789280 454
1789290 455
1789300 456
1789310 457
1789320 458
1789330 458
1789340 459
1789350 460
1789360 460
1789370 461
1789380 462
1789390 462
1789400 463
1789410 464
1789420 464
1789430 464
1789440 465
1789450 465
1789460 466
1789470 466
1789480 467
1789490 467
1789500 467
1789510 468
1789520 468
1789530 469
1789540 469
1789550 469
1789560 469
1789570 470
1789580 471
1789590 473
1789600 475
1789610 477
1789620 479
1789630 480
1789640 481
1789650 481
1789660 482
1789670 483
1789680 484
1789690 485
1789700 485
1789710 485
1789720 485
1789730 486
1789740 486
1789750 486
1789760 487
1789770 487
1789780 487
1789790 487
1789800 487
1789810 487
1789820 487
1789830 486
1789840 486
1789850 486
1789860 486
1789870 485
1789880 484
1789890 482
1789900 479
1789910 476
1789920 473
1789930 470
1789940 468
1789950 467
1789960 467
1789970 466
1789980 467
1789990 468
1790000 470
1790010 472
1790020 474
1790030 476
1790040 478
1790050 479
1790060 480
1790070 482
1790080 483
1790090 483
1790100 483
1790110 483
1790120 483
1790130 482
1790140 482
1790150 482
1790160 482
1790170 482
1790180 482
1790190 482
1790200 482
1790210 482
1790220 482
1790230 483
1790240 483
1790250 483
1790260 483
1790270 483
1790280 483
1790290 483
1790300 484
1790310 484
1790320 484
1790330 484
1790340 484
1790350 484
1790360 484
1790370 485
1790380 485
1790390 485
1790400 485
1790410 484
1790420 485
1790430 485
1790440 484
1790450 484
1790460 484
1790470 484
1790480 483
1790490 483
1790500 482
1790510 481
1790520 481
1790530 480
1790540 479
1790550 478
1790560 477
1790570 476
1790580 476
1790590 475
1790600 474
1790610 473
1790620 472
1790630 471
1790640 470
1790650 469
1790660 467
1790670 465
1790680 463
1790690 459
1790700 456
1790710 453
1790720 451
1790730 450
1790740 449
1790750 448
1790760 447
1790770 446
1790780 445
1790790 444
1790800 443
1790810 441
1790820 440
1790830 438
1790840 436
1790850 435
1790860 434
1790870 434
1790880 435
1790890 435
1790900 435
1790910 435
1790920 435
1790930 434
1790940 433
1790950 432
1790960 431
1790970 428
1790980 425
1790990 423
1791000 422
1791010 421
1791020 420
1791030 419
1791040 419
1791050 420
1791060 422
1791070 422
1791080 422
1791090 422
1791100 421
1791110 420
1791120 420
1791130 420
1791140 420
1791150 420
1791160 420
1791170 420
1791180 420
1791190 421
1791200 422
1791210 423
1791220 424
1791230 425
1791240 426
1791250 427
1791260 428
1791270 429
1791280 429
1791290 429
1791300 429
1791310 429
1791320 428
1791330 428
1791340 427
1791350 427
1791360 427
1791370 426
1791380 426
1791390 425
1791400 425
1791410 424
1791420 424
1791430 424
1791440 424
1791450 423
1791460 423
1791470 422
1791480 422
1791490 422
1791500 421
1791510 421
1791520 420
1791530 420
1791540 420
1791550 420
1791560 420
1791570 420
1791580 420
1791590 420
1791600 420
1791610 421
1791620 421
1791630 422
1791640 422
1791650 423
1791660 423
1791670 424
1791680 425
1791690 426
1791700 427
1791710 427
1791720 428
1791730 427
1791740 427
1791750 426
1791760 423
1791770 419
1791780 415
1791790 411
1791800 408
1791810 404
1791820 401
1791830 397
1791840 395
1791850 395
1791860 396
1791870 397
1791880 400
1791890 405
1791900 412
1791910 420
1791920 427
1791930 432
1791940 436
1791950 440
1791960 444
1791970 448
1791980 451
1791990 455
1792000 458
1792010 462
1792020 466
1792030 469
1792040 472
1792050 474
1792060 476
1792070 478
1792080 480
1792090 481
1792100 482
1792110 483
1792120 484
1792130 484
1792140 485
1792150 485
1792160 486
1792170 486
1792180 486
1792190 487
1792200 487
1792210 487
1792220 487
1792230 487
1792240 487
1792250 487
1792260 487
1792270 486
1792280 486
1792290 485
1792300 484
1792310 483
1792320 481
1792330 478
1792340 474
1792350 470
1792360 466
1792370 462
1792380 457
1792390 453
1792400 447
1792410 443
1792420 438
1792430 434
1792440 431
1792450 428
1792460 425
1792470 424
1792480 424
1792490 423
1792500 422
1792510 422
1792520 421
1792530 421
1792540 420
1792550 420
1792560 419
1792570 419
1792580 419
1792590 419
1792600 419
1792610 419
1792620 420
1792630 420
1792640 421
1792650 421
1792660 421
1792670 421
1792680 421
1792690 422
1792700 423
1792710 425
1792720 428
1792730 432
1792740 435
1792750 438
1792760 441
1792770 444
1792780 446
1792790 448
1792800 449
1792810 449
1792820 450
1792830 451
1792840 452
1792850 452
1792860 453
1792870 454
1792880 454
1792890 452
1792900 451
1792910 449
1792920 445
1792930 442
1792940 438
1792950 434
1792960 431
1792970 427
1792980 425
1792990 422
1793000 421
1793010 419
1793020 418
1793030 416
1793040 415
1793050 414
1793060 413
1793070 412
1793080 411
1793090 410
1793100 409
1793110 408
1793120 408
1793130 407
1793140 407
1793150 407
1793160 407
1793170 406
1793180 406
1793190 406
1793200 405
1793210 404
1793220 403
1793230 403
1793240 403
1793250 403
1793260 402
1793270 402
1793280 402
1793290 402
1793300 401
1793310 401
1793320 401
1793330 401
1793340 401
1793350 401
1793360 402
1793370 402
1793380 402
1793390 402
1793400 402
1793410 401
1793420 401
1793430 401
1793440 400
1793450 400
1793460 400
1793470 399
1793480 399
1793490 399
1793500 399
1793510 399
1793520 399
1793530 398
1793540 398
1793550 397
1793560 397
1793570 397
1793580 396
1793590 396
1793600 396
1793610 396
1793620 396
1793630 396
1793640 396
1793650 396
1793660 396
1793670 396
1793680 396
1793690 395
1793700 395
1793710 394
1793720 394
1793730 394
1793740 394
1793750 394
1793760 394
1793770 394
1793780 394
1793790 394
1793800 393
1793810 393
1793820 393
1793830 393
1793840 392
1793850 392
1793860 392
1793870 391
1793880 391
1793890 391
1793900 391
1793910 391
1793920 391
1793930 391
1793940 391
1793950 391
1793960 391
1793970 391
1793980 392
1793990 392
1794000 392
1794010 392
1794020 392
1794030 393
1794040 393
1794050 392
1794060 392
1794070 392
1794080 391
1794090 390
1794100 390
1794110 390
1794120 391
1794130 391
1794140 392
1794150 393
1794160 394
1794170 395
1794180 397
1794190 397
1794200 397
1794210 398
1794220 398
1794230 398
1794240 399
1794250 399
1794260 399
1794270 398
1794280 398
1794290 398
1794300 398
1794310 397
1794320 397
1794330 396
1794340 396
1794350 396
1794360 395
1794370 395
1794380 394
1794390 393
1794400 392
1794410 392
1794420 392
1794430 392
1794440 393
1794450 393
1794460 393
1794470 393
1794480 393
1794490 392
1794500 392
1794510 391
1794520 391
1794530 391
1794540 390
1794550 388
1794560 388
1794570 388
1794580 389
1794590 390
1794600 391
1794610 392
1794620 393
1794630 394
1794640 395
1794650 396
1794660 396
1794670 396
1794680 395
1794690 395
1794700 395
1794710 397
1794720 398
1794730 401
1794740 403
1794750 405
1794760 407
1794770 408
1794780 411
1794790 413
1794800 414
1794810 415
1794820 417
1794830 418
1794840 419
1794850 420
1794860 420
1794870 420
1794880 420
1794890 419
1794900 419
1794910 419
1794920 419
1794930 419
1794940 419
1794950 419
1794960 420
1794970 420
1794980 420
1794990 420
1795000 420
1795010 419
1795020 419
1795030 419
1795040 418
1795050 418
1795060 418
1795070 417
1795080 418
1795090 419
1795100 419
1795110 419
1795120 418
1795130 417
1795140 419
1795150 420
1795160 420
1795170 420
1795180 420
1795190 420
1795200 420
1795210 419
1795220 419
1795230 418
1795240 418
1795250 417
1795260 418
1795270 418
1795280 418
1795290 417
1795300 416
1795310 416
1795320 415
1795330 415
1795340 415
1795350 416
1795360 415
1795370 414
1795380 414
1795390 412
1795400 411
1795410 411
1795420 410
1795430 409
1795440 408
1795450 407
1795460 406
1795470 405
1795480 403
1795490 402
1795500 401
1795510 399
1795520 397
1795530 397
1795540 396
1795550 395
1795560 394
1795570 392
1795580 391
1795590 388
1795600 387
1795610 386
1795620 384
1795630 382
1795640 381
1795650 381
1795660 383
1795670 385
1795680 387
1795690 389
1795700 392
1795710 395
1795720 398
1795730 402
1795740 406
1795750 409
1795760 412
1795770 415
1795780 418
1795790 420
1795800 422
1795810 423
1795820 425
1795830 427
1795840 429
1795850 430
1795860 431
1795870 432
1795880 433
1795890 433
1795900 434
1795910 434
1795920 434
1795930 433
1795940 433
1795950 434
1795960 434
1795970 434
1795980 434
1795990 434
1796000 434
1796010 433
1796020 433
1796030 433
1796040 433
1796050 434
1796060 434
1796070 435
1796080 435
1796090 435
1796100 436
1796110 436
1796120 436
1796130 436
1796140 436
1796150 435
1796160 435
1796170 435
1796180 435
1796190 435
1796200 435
1796210 434
1796220 434
1796230 434
1796240 434
1796250 434
1796260 433
1796270 432
1796280 432
1796290 431
1796300 429
1796310 428
1796320 426
1796330 424
1796340 422
1796350 420
1796360 418
1796370 416
1796380 415
1796390 415
1796400 414
1796410 413
1796420 413
1796430 412
1796440 412
1796450 411
1796460 410
1796470 409
1796480 409
1796490 409
1796500 409
1796510 409
1796520 408
1796530 407
1796540 405
1796550 404
1796560 405
1796570 403
1796580 403
1796590 404
1796600 406
1796610 408
1796620 411
1796630 413
1796640 414
1796650 416
1796660 417
1796670 419
1796680 421
1796690 421
1796700 422
1796710 422
1796720 422
1796730 422
1796740 422
1796750 422
1796760 422
1796770 422
1796780 422
1796790 421
1796800 421
1796810 420
1796820 419
1796830 418
1796840 417
1796850 416
1796860 415
1796870 414
1796880 413
1796890 412
1796900 411
1796910 410
1796920 408
1796930 407
1796940 405
1796950 403
1796960 400
1796970 398
1796980 396
1796990 394
1797000 393
1797010 392
1797020 391
1797030 390
1797040 389
1797050 389
1797060 388
1797070 388
1797080 387
1797090 387
1797100 386
1797110 386
1797120 385
1797130 385
1797140 385
1797150 384
1797160 384
1797170 383
1797180 383
1797190 383
1797200 382
1797210 382
1797220 381
1797230 380
1797240 379
1797250 378
1797260 377
1797270 377
1797280 376
1797290 376
1797300 376
1797310 377
1797320 377
1797330 377
1797340 378
1797350 378
1797360 378
1797370 378
1797380 378
1797390 378
1797400 378
1797410 378
1797420 378
1797430 378
1797440 377
1797450 377
1797460 377
1797470 377
1797480 376
1797490 376
1797500 376
1797510 375
1797520 375
1797530 375
1797540 374
1797550 374
1797560 373
1797570 373
1797580 372
1797590 372
1797600 371
1797610 371
1797620 371
1797630 371
1797640 370
1797650 369
1797660 369
1797670 368
1797680 367
1797690 367
1797700 366
1797710 366
1797720 365
1797730 365
1797740 364
1797750 364
1797760 363
1797770 363
1797780 362
1797790 362
1797800 361
1797810 361
1797820 361
1797830 360
1797840 360
1797850 359
1797860 359
1797870 358
1797880 358
1797890 358
1797900 357
1797910 357
1797920 356
1797930 356
1797940 355
1797950 355
1797960 354
1797970 353
1797980 353
1797990 352
1798000 352
1798010 351
1798020 350
1798030 350
1798040 349
1798050 349
1798060 348
1798070 348
1798080 348
1798090 347
1798100 347
1798110 347
1798120 346
1798130 346
1798140 346
1798150 346
1798160 345
1798170 345
1798180 345
1798190 344
1798200 344
1798210 343
1798220 342
1798230 341
1798240 340
1798250 339
1798260 339
1798270 338
1798280 338
1798290 338
1798300 337
1798310 337
1798320 336
1798330 336
1798340 335
1798350 335
1798360 334
1798370 334
1798380 333
1798390 333
1798400 333
1798410 333
1798420 332
1798430 332
1798440 332
1798450 331
1798460 331
1798470 330
1798480 330
1798490 329
1798500 328
1798510 328
1798520 327
1798530 327
1798540 326
1798550 326
1798560 326
1798570 325
1798580 325
1798590 325
1798600 325
1798610 325
1798620 325
1798630 325
1798640 325
1798650 325
1798660 325
1798670 325
1798680 324
1798690 324
1798700 323
1798710 322
1798720 322
1798730 321
1798740 321
1798750 322
1798760 323
1798770 324
1798780 324
1798790 324
1798800 324
1798810 324
1798820 324
1798830 323
1798840 323
1798850 322
1798860 322
1798870 321
1798880 320
1798890 320
1798900 319
1798910 320
1798920 320
1798930 320
1798940 319
1798950 319
1798960 319
1798970 319
1798980 319
1798990 319
1799000 319
1799010 318
1799020 318
1799030 318
1799040 318
1799050 318
1799060 319
1799070 319
1799080 319
1799090 319
1799100 319
1799110 319
1799120 319
1799130 318
1799140 318
1799150 318
1799160 319
1799170 318
1799180 318
1799190 318
1799200 318
1799210 318
1799220 318
1799230 317
1799240 317
1799250 318
1799260 318
1799270 318
1799280 318
1799290 318
1799300 318
1799310 317
1799320 317
1799330 318
1799340 318
1799350 318
1799360 318
1799370 317
1799380 317
1799390 317
1799400 317
1799410 317
1799420 317
1799430 317
1799440 317
1799450 317
1799460 318
1799470 318
1799480 319
1799490 319
1799500 320
1799510 320
1799520 321
1799530 322
1799540 322
1799550 322
1799560 323
1799570 324
1799580 324
1799590 325
1799600 326
1799610 326
1799620 327
1799630 327
1799640 327
1799650 328
1799660 328
1799670 329
1799680 330
1799690 330
1799700 331
1799710 331
1799720 332
1799730 332
1799740 333
1799750 333
1799760 333
1799770 334
1799780 334
1799790 334
1799800 335
1799810 335
1799820 335
1799830 336
1799840 337
1799850 337
1799860 338
1799870 338
1799880 339
1799890 340
1799900 340
1799910 341
1799920 342
1799930 343
1799940 344
1799950 345
1799960 345
1799970 346
1799980 347
1799990 348
