1780000 519
1780010 519
1780020 518
1780030 518
1780040 517
1780050 517
1780060 516
1780070 516
1780080 515
1780090 514
1780100 512
1780110 510
1780120 506
1780130 501
1780140 497
1780150 492
1780160 488
1780170 484
1780180 481
1780190 479
1780200 477
1780210 476
1780220 474
1780230 473
1780240 471
1780250 470
1780260 469
1780270 468
1780280 466
1780290 465
1780300 463
1780310 462
1780320 461
1780330 461
1780340 461
1780350 462
1780360 462
1780370 463
1780380 463
1780390 464
1780400 465
1780410 465
1780420 466
1780430 467
1780440 468
1780450 469
1780460 470
1780470 471
1780480 473
1780490 475
1780500 477
1780510 479
1780520 482
1780530 484
1780540 486
1780550 488
1780560 490
1780570 492
1780580 495
1780590 498
1780600 501
1780610 503
1780620 504
1780630 505
1780640 505
1780650 504
1780660 503
1780670 501
1780680 499
1780690 497
1780700 495
1780710 492
1780720 489
1780730 486
1780740 483
1780750 480
1780760 477
1780770 474
1780780 471
1780790 468
1780800 465
1780810 462
1780820 458
1780830 455
1780840 453
1780850 450
1780860 447
1780870 444
1780880 441
1780890 438
1780900 436
1780910 433
1780920 432
1780930 430
1780940 429
1780950 427
1780960 426
1780970 425
1780980 423
1780990 422
1781000 421
1781010 420
1781020 419
1781030 418
1781040 417
1781050 416
1781060 416
1781070 415
1781080 414
1781090 414
1781100 413
1781110 413
1781120 412
1781130 411
1781140 410
1781150 407
1781160 404
1781170 402
1781180 401
1781190 401
1781200 400
1781210 400
1781220 400
1781230 400
1781240 400
1781250 400
1781260 400
1781270 400
1781280 400
1781290 400
1781300 400
1781310 400
1781320 400
1781330 401
1781340 401
1781350 401
1781360 400
1781370 400
1781380 400
1781390 400
1781400 400
1781410 400
1781420 400
1781430 399
1781440 399
1781450 399
1781460 399
1781470 400
1781480 400
1781490 399
1781500 398
1781510 398
1781520 398
1781530 398
1781540 398
1781550 397
1781560 397
1781570 397
1781580 398
1781590 398
1781600 399
1781610 399
1781620 399
1781630 399
1781640 400
1781650 400
1781660 400
1781670 399
1781680 399
1781690 399
1781700 399
1781710 399
1781720 398
1781730 398
1781740 398
1781750 397
1781760 397
1781770 397
1781780 397
1781790 397
1781800 397
1781810 398
1781820 398
1781830 398
1781840 398
1781850 398
1781860 398
1781870 398
1781880 398
1781890 398
1781900 398
1781910 397
1781920 397
1781930 397
1781940 397
1781950 398
1781960 398
1781970 398
1781980 398
1781990 398
1782000 398
1782010 398
1782020 398
1782030 398
1782040 398
1782050 398
1782060 398
1782070 398
1782080 398
1782090 398
1782100 398
1782110 397
1782120 397
1782130 397
1782140 397
1782150 397
1782160 396
1782170 395
1782180 395
1782190 396
1782200 396
1782210 396
1782220 396
1782230 396
1782240 396
1782250 396
1782260 396
1782270 396
1782280 396
1782290 396
1782300 396
1782310 396
1782320 396
1782330 396
1782340 396
1782350 396
1782360 396
1782370 396
1782380 396
1782390 396
1782400 395
1782410 395
1782420 395
1782430 395
1782440 395
1782450 395
1782460 394
1782470 394
1782480 394
1782490 394
1782500 394
1782510 394
1782520 395
1782530 395
1782540 395
1782550 396
1782560 396
1782570 396
1782580 397
1782590 397
1782600 397
1782610 397
1782620 398
1782630 398
1782640 399
1782650 399
1782660 398
1782670 398
1782680 398
1782690 398
1782700 397
1782710 397
1782720 397
1782730 396
1782740 396
1782750 396
1782760 396
1782770 396
1782780 396
1782790 395
1782800 395
1782810 395
1782820 395
1782830 396
1782840 396
1782850 396
1782860 396
1782870 396
1782880 396
1782890 396
1782900 395
1782910 395
1782920 395
1782930 395
1782940 395
1782950 395
1782960 395
1782970 395
1782980 395
1782990 395
1783000 395
1783010 394
1783020 394
1783030 393
1783040 394
1783050 394
1783060 394
1783070 394
1783080 394
1783090 394
1783100 394
1783110 395
1783120 395
1783130 395
1783140 395
1783150 395
1783160 395
1783170 395
1783180 395
1783190 396
1783200 396
1783210 396
1783220 397
1783230 398
1783240 399
1783250 401
1783260 402
1783270 403
1783280 403
1783290 404
1783300 406
1783310 408
1783320 409
1783330 410
1783340 410
1783350 411
1783360 412
1783370 413
1783380 414
1783390 415
1783400 415
1783410 416
1783420 416
1783430 417
1783440 418
1783450 419
1783460 419
1783470 420
1783480 420
1783490 420
1783500 419
1783510 419
1783520 419
1783530 420
1783540 420
1783550 421
1783560 423
1783570 424
1783580 425
1783590 426
1783600 427
1783610 427
1783620 428
1783630 429
1783640 429
1783650 430
1783660 430
1783670 431
1783680 431
1783690 431
1783700 431
1783710 431
1783720 431
1783730 431
1783740 431
1783750 431
1783760 431
1783770 431
1783780 431
1783790 431
1783800 431
1783810 431
1783820 431
1783830 431
1783840 431
1783850 432
1783860 432
1783870 433
1783880 433
1783890 433
1783900 433
1783910 433
1783920 433
1783930 433
1783940 433
1783950 433
1783960 433
1783970 434
1783980 434
1783990 434
1784000 434
1784010 434
1784020 434
1784030 435
1784040 435
1784050 435
1784060 435
1784070 436
1784080 436
1784090 436
1784100 437
1784110 437
1784120 437
1784130 437
1784140 437
1784150 437
1784160 438
1784170 438
1784180 437
1784190 437
1784200 436
1784210 434
1784220 433
1784230 432
1784240 431
1784250 432
1784260 433
1784270 432
1784280 430
1784290 427
1784300 425
1784310 424
1784320 424
1784330 423
1784340 422
1784350 422
1784360 421
1784370 420
1784380 419
1784390 418
1784400 417
1784410 416
1784420 414
1784430 413
1784440 411
1784450 410
1784460 409
1784470 408
1784480 407
1784490 405
1784500 404
1784510 403
1784520 402
1784530 400
1784540 398
1784550 396
1784560 392
1784570 389
1784580 387
1784590 386
1784600 386
1784610 386
1784620 387
1784630 387
1784640 388
1784650 388
1784660 388
1784670 389
1784680 389
1784690 394
1784700 399
1784710 406
1784720 409
1784730 412
1784740 416
1784750 418
1784760 420
1784770 422
1784780 427
1784790 433
1784800 438
1784810 442
1784820 445
1784830 448
1784840 451
1784850 454
1784860 457
1784870 460
1784880 464
1784890 467
1784900 470
1784910 473
1784920 476
1784930 479
1784940 482
1784950 486
1784960 488
1784970 491
1784980 492
1784990 494
1785000 496
1785010 497
1785020 497
1785030 496
1785040 494
1785050 492
1785060 489
1785070 487
1785080 484
1785090 481
1785100 478
1785110 476
1785120 475
1785130 475
1785140 476
1785150 478
1785160 481
1785170 484
1785180 487
1785190 490
1785200 493
1785210 496
1785220 500
1785230 503
1785240 507
1785250 511
1785260 515
1785270 519
1785280 523
1785290 526
1785300 529
1785310 531
1785320 533
1785330 535
1785340 537
1785350 538
1785360 539
1785370 540
1785380 541
1785390 542
1785400 542
1785410 542
1785420 542
1785430 543
1785440 544
1785450 546
1785460 547
1785470 549
1785480 551
1785490 553
1785500 555
1785510 557
1785520 559
1785530 562
1785540 564
1785550 566
1785560 569
1785570 571
1785580 573
1785590 575
1785600 577
1785610 577
1785620 577
1785630 575
1785640 574
1785650 573
1785660 573
1785670 573
1785680 574
1785690 577
1785700 580
1785710 584
1785720 588
1785730 592
1785740 594
1785750 597
1785760 600
1785770 603
1785780 608
1785790 613
1785800 617
1785810 623
1785820 629
1785830 634
1785840 638
1785850 642
1785860 646
1785870 651
1785880 654
1785890 658
1785900 660
1785910 663
1785920 665
1785930 667
1785940 668
1785950 670
1785960 672
1785970 673
1785980 675
1785990 677
1786000 680
1786010 682
1786020 685
1786030 687
1786040 689
1786050 692
1786060 694
1786070 696
1786080 697
1786090 696
1786100 695
1786110 692
1786120 689
1786130 686
1786140 684
1786150 681
1786160 679
1786170 677
1786180 676
1786190 674
1786200 673
1786210 673
1786220 673
1786230 674
1786240 676
1786250 678
1786260 681
1786270 684
1786280 687
1786290 690
1786300 694
1786310 697
1786320 701
1786330 704
1786340 708
1786350 712
1786360 716
1786370 720
1786380 725
1786390 729
1786400 733
1786410 737
1786420 741
1786430 744
1786440 748
1786450 752
1786460 755
1786470 759
1786480 763
1786490 767
1786500 770
1786510 774
1786520 778
1786530 782
1786540 785
1786550 789
1786560 793
1786570 796
1786580 799
1786590 802
1786600 804
1786610 806
1786620 808
1786630 809
1786640 810
1786650 810
1786660 811
1786670 811
1786680 812
1786690 812
1786700 813
1786710 814
1786720 815
1786730 816
1786740 816
1786750 816
1786760 816
1786770 817
1786780 816
1786790 816
1786800 816
1786810 815
1786820 814
1786830 813
1786840 812
1786850 812
1786860 811
1786870 809
1786880 808
1786890 808
1786900 807
1786910 807
1786920 807
1786930 806
1786940 806
1786950 805
1786960 805
1786970 804
1786980 803
1786990 803
1787000 802
1787010 802
1787020 801
1787030 800
1787040 799
1787050 798
1787060 798
1787070 797
1787080 797
1787090 796
1787100 795
1787110 793
1787120 791
1787130 789
1787140 787
1787150 785
1787160 782
1787170 781
1787180 779
1787190 777
1787200 774
1787210 772
1787220 770
1787230 767
1787240 765
1787250 762
1787260 760
1787270 759
1787280 757
1787290 755
1787300 753
1787310 751
1787320 749
1787330 747
1787340 746
1787350 744
1787360 741
1787370 739
1787380 736
1787390 734
1787400 732
1787410 730
1787420 728
1787430 727
1787440 725
1787450 723
1787460 721
1787470 718
1787480 716
1787490 714
1787500 712
1787510 709
1787520 707
1787530 705
1787540 702
1787550 700
1787560 698
1787570 696
1787580 695
1787590 693
1787600 691
1787610 690
1787620 688
1787630 686
1787640 684
1787650 683
1787660 681
1787670 679
1787680 677
1787690 675
1787700 673
1787710 671
1787720 669
1787730 668
1787740 666
1787750 664
1787760 662
1787770 660
1787780 658
1787790 656
1787800 654
1787810 651
1787820 649
1787830 646
1787840 644
1787850 641
1787860 638
1787870 635
1787880 632
1787890 629
1787900 625
1787910 621
1787920 617
1787930 613
1787940 609
1787950 606
1787960 603
1787970 600
1787980 597
1787990 594
1788000 589
1788010 586
1788020 583
1788030 581
1788040 579
1788050 577
1788060 576
1788070 576
1788080 575
1788090 574
1788100 573
1788110 572
1788120 570
1788130 569
1788140 567
1788150 566
1788160 564
1788170 563
1788180 562
1788190 561
1788200 560
1788210 559
1788220 559
1788230 558
1788240 558
1788250 557
1788260 556
1788270 556
1788280 555
1788290 554
1788300 553
1788310 552
1788320 550
1788330 549
1788340 548
1788350 547
1788360 546
1788370 545
1788380 545
1788390 544
1788400 543
1788410 543
1788420 542
1788430 541
1788440 539
1788450 537
1788460 535
1788470 533
1788480 530
1788490 526
1788500 522
1788510 518
1788520 515
1788530 513
1788540 511
1788550 508
1788560 505
1788570 503
1788580 501
1788590 500
1788600 499
1788610 498
1788620 498
1788630 497
1788640 499
1788650 500
1788660 501
1788670 501
1788680 502
1788690 503
1788700 504
1788710 504
1788720 505
1788730 505
1788740 505
1788750 506
1788760 507
1788770 507
1788780 506
1788790 505
1788800 505
1788810 504
1788820 503
1788830 503
1788840 502
1788850 502
1788860 501
1788870 500
1788880 500
1788890 499
1788900 498
1788910 497
1788920 496
1788930 495
1788940 494
1788950 494
1788960 494
1788970 494
1788980 494
1788990 495
1789000 494
1789010 492
1789020 490
1789030 489
1789040 487
1789050 485
1789060 483
1789070 482
1789080 480
1789090 479
1789100 477
1789110 476
1789120 474
1789130 473
1789140 471
1789150 470
1789160 469
1789170 467
1789180 466
1789190 464
1789200 462
1789210 459
1789220 457
1789230 454
1789240 452
1789250 449
1789260 448
1789270 446
1789280 445
1789290 443
1789300 441
1789310 440
1789320 439
1789330 439
1789340 440
1789350 440
1789360 439
1789370 436
1789380 433
1789390 432
1789400 432
1789410 433
1789420 435
1789430 435
1789440 432
1789450 430
1789460 429
1789470 428
1789480 428
1789490 428
1789500 427
1789510 427
1789520 426
1789530 425
1789540 424
1789550 423
1789560 421
1789570 420
1789580 419
1789590 417
1789600 417
1789610 419
1789620 419
1789630 419
1789640 419
1789650 419
1789660 418
1789670 417
1789680 416
1789690 415
1789700 414
1789710 411
1789720 408
1789730 405
1789740 401
1789750 398
1789760 396
1789770 393
1789780 391
1789790 389
1789800 388
1789810 387
1789820 386
1789830 385
1789840 384
1789850 383
1789860 382
1789870 381
1789880 380
1789890 379
1789900 378
1789910 377
1789920 377
1789930 378
1789940 379
1789950 379
1789960 379
1789970 380
1789980 381
1789990 382
1790000 384
1790010 386
1790020 388
1790030 389
1790040 390
1790050 391
1790060 392
1790070 392
1790080 393
1790090 393
1790100 393
1790110 393
1790120 393
1790130 393
1790140 393
1790150 393
1790160 393
1790170 393
1790180 393
1790190 393
1790200 393
1790210 394
1790220 395
1790230 396
1790240 397
1790250 397
1790260 398
1790270 399
1790280 400
1790290 400
1790300 401
1790310 402
1790320 402
1790330 403
1790340 404
1790350 404
1790360 405
1790370 406
1790380 407
1790390 408
1790400 409
1790410 409
1790420 410
1790430 411
1790440 411
1790450 412
1790460 413
1790470 414
1790480 415
1790490 416
1790500 417
1790510 418
1790520 419
1790530 420
1790540 421
1790550 422
1790560 423
1790570 424
1790580 426
1790590 428
1790600 429
1790610 430
1790620 432
1790630 434
1790640 436
1790650 437
1790660 439
1790670 441
1790680 443
1790690 445
1790700 447
1790710 449
1790720 450
1790730 451
1790740 453
1790750 454
1790760 454
1790770 455
1790780 454
1790790 452
1790800 447
1790810 442
1790820 437
1790830 435
1790840 433
1790850 431
1790860 426
1790870 418
1790880 410
1790890 405
1790900 404
1790910 404
1790920 408
1790930 410
1790940 412
1790950 410
1790960 408
1790970 406
1790980 404
1790990 403
1791000 401
1791010 400
1791020 399
1791030 398
1791040 398
1791050 397
1791060 397
1791070 396
1791080 395
1791090 394
1791100 392
1791110 391
1791120 390
1791130 389
1791140 388
1791150 387
1791160 386
1791170 385
1791180 384
1791190 384
1791200 382
1791210 381
1791220 379
1791230 378
1791240 377
1791250 376
1791260 375
1791270 375
1791280 374
1791290 373
1791300 373
1791310 374
1791320 375
1791330 377
1791340 380
1791350 382
1791360 384
1791370 386
1791380 390
1791390 394
1791400 397
1791410 400
1791420 402
1791430 405
1791440 407
1791450 408
1791460 410
1791470 411
1791480 413
1791490 414
1791500 415
1791510 417
1791520 418
1791530 420
1791540 421
1791550 421
1791560 422
1791570 421
1791580 421
1791590 420
1791600 418
1791610 416
1791620 414
1791630 411
1791640 407
1791650 406
1791660 405
1791670 404
1791680 404
1791690 404
1791700 405
1791710 406
1791720 408
1791730 409
1791740 411
1791750 412
1791760 412
1791770 411
1791780 409
1791790 408
1791800 408
1791810 408
1791820 407
1791830 406
1791840 406
1791850 405
1791860 403
1791870 400
1791880 397
1791890 394
1791900 393
1791910 392
1791920 392
1791930 393
1791940 394
1791950 394
1791960 394
1791970 393
1791980 392
1791990 392
1792000 391
1792010 391
1792020 389
1792030 388
1792040 388
1792050 388
1792060 387
1792070 387
1792080 387
1792090 387
1792100 387
1792110 387
1792120 387
1792130 386
1792140 385
1792150 384
1792160 384
1792170 384
1792180 383
1792190 383
1792200 383
1792210 384
1792220 384
1792230 384
1792240 383
1792250 384
1792260 384
1792270 383
1792280 383
1792290 383
1792300 383
1792310 383
1792320 383
1792330 383
1792340 383
1792350 383
1792360 382
1792370 381
1792380 377
1792390 374
1792400 370
1792410 368
1792420 368
1792430 368
1792440 369
1792450 371
1792460 374
1792470 376
1792480 379
1792490 382
1792500 384
1792510 385
1792520 386
1792530 387
1792540 388
1792550 389
1792560 389
1792570 390
1792580 391
1792590 391
1792600 391
1792610 391
1792620 392
1792630 392
1792640 392
1792650 392
1792660 393
1792670 393
1792680 394
1792690 394
1792700 394
1792710 394
1792720 394
1792730 394
1792740 394
1792750 394
1792760 395
1792770 395
1792780 395
1792790 395
1792800 395
1792810 395
1792820 396
1792830 396
1792840 396
1792850 396
1792860 396
1792870 397
1792880 398
1792890 399
1792900 399
1792910 399
1792920 400
1792930 401
1792940 402
1792950 402
1792960 403
1792970 404
1792980 404
1792990 405
1793000 406
1793010 407
1793020 406
1793030 404
1793040 401
1793050 398
1793060 395
1793070 392
1793080 389
1793090 387
1793100 385
1793110 384
1793120 385
1793130 385
1793140 385
1793150 386
1793160 386
1793170 387
1793180 387
1793190 388
1793200 390
1793210 391
1793220 393
1793230 394
1793240 396
1793250 398
1793260 401
1793270 403
1793280 406
1793290 409
1793300 411
1793310 413
1793320 415
1793330 417
1793340 418
1793350 420
1793360 421
1793370 421
1793380 422
1793390 423
1793400 424
1793410 426
1793420 426
1793430 426
1793440 426
1793450 426
1793460 426
1793470 426
1793480 427
1793490 428
1793500 429
1793510 430
1793520 432
1793530 433
1793540 433
1793550 434
1793560 434
1793570 434
1793580 434
1793590 433
1793600 433
1793610 433
1793620 433
1793630 433
1793640 433
1793650 433
1793660 432
1793670 432
1793680 432
1793690 432
1793700 431
1793710 431
1793720 431
1793730 431
1793740 431
1793750 431
1793760 431
1793770 430
1793780 430
1793790 430
1793800 429
1793810 429
1793820 429
1793830 428
1793840 428
1793850 428
1793860 428
1793870 428
1793880 428
1793890 428
1793900 428
1793910 428
1793920 428
1793930 428
1793940 428
1793950 428
1793960 427
1793970 427
1793980 425
1793990 424
1794000 423
1794010 423
1794020 422
1794030 422
1794040 421
1794050 420
1794060 419
1794070 419
1794080 418
1794090 417
1794100 417
1794110 416
1794120 415
1794130 415
1794140 415
1794150 416
1794160 416
1794170 415
1794180 414
1794190 413
1794200 413
1794210 412
1794220 412
1794230 412
1794240 412
1794250 412
1794260 413
1794270 415
1794280 416
1794290 416
1794300 417
1794310 417
1794320 418
1794330 417
1794340 417
1794350 418
1794360 419
1794370 420
1794380 421
1794390 422
1794400 423
1794410 423
1794420 422
1794430 422
1794440 422
1794450 422
1794460 423
1794470 425
1794480 424
1794490 424
1794500 425
1794510 424
1794520 424
1794530 424
1794540 424
1794550 423
1794560 422
1794570 422
1794580 420
1794590 418
1794600 417
1794610 415
1794620 414
1794630 412
1794640 412
1794650 411
1794660 410
1794670 409
1794680 408
1794690 408
1794700 406
1794710 405
1794720 404
1794730 403
1794740 403
1794750 404
1794760 402
1794770 400
1794780 399
1794790 398
1794800 398
1794810 398
1794820 398
1794830 398
1794840 397
1794850 397
1794860 397
1794870 397
1794880 397
1794890 397
1794900 396
1794910 396
1794920 395
1794930 395
1794940 394
1794950 394
1794960 393
1794970 393
1794980 392
1794990 391
1795000 390
1795010 390
1795020 390
1795030 389
1795040 387
1795050 386
1795060 384
1795070 383
1795080 382
1795090 381
1795100 380
1795110 378
1795120 376
1795130 374
1795140 372
1795150 368
1795160 365
1795170 362
1795180 360
1795190 359
1795200 358
1795210 357
1795220 355
1795230 355
1795240 355
1795250 356
1795260 356
1795270 356
1795280 357
1795290 357
1795300 357
1795310 357
1795320 357
1795330 358
1795340 356
1795350 354
1795360 353
1795370 353
1795380 352
1795390 352
1795400 352
1795410 352
1795420 352
1795430 352
1795440 352
1795450 352
1795460 352
1795470 351
1795480 351
1795490 351
1795500 351
1795510 351
1795520 350
1795530 350
1795540 350
1795550 350
1795560 350
1795570 350
1795580 350
1795590 351
1795600 352
1795610 352
1795620 352
1795630 352
1795640 353
1795650 353
1795660 353
1795670 353
1795680 352
1795690 352
1795700 351
1795710 350
1795720 349
1795730 348
1795740 348
1795750 347
1795760 347
1795770 346
1795780 345
1795790 344
1795800 343
1795810 342
1795820 342
1795830 342
1795840 342
1795850 341
1795860 341
1795870 342
1795880 346
1795890 349
1795900 351
1795910 351
1795920 351
1795930 349
1795940 347
1795950 345
1795960 343
1795970 342
1795980 340
1795990 340
1796000 340
1796010 339
1796020 339
1796030 339
1796040 338
1796050 338
1796060 338
1796070 337
1796080 336
1796090 336
1796100 336
1796110 336
1796120 336
1796130 336
1796140 336
1796150 336
1796160 336
1796170 336
1796180 336
1796190 336
1796200 336
1796210 336
1796220 336
1796230 335
1796240 336
1796250 335
1796260 335
1796270 335
1796280 335
1796290 335
1796300 334
1796310 334
1796320 335
1796330 335
1796340 335
1796350 334
1796360 334
1796370 334
1796380 334
1796390 334
1796400 334
1796410 334
1796420 334
1796430 334
1796440 333
1796450 333
1796460 333
1796470 334
1796480 334
1796490 334
1796500 334
1796510 334
1796520 334
1796530 335
1796540 335
1796550 335
1796560 335
1796570 336
1796580 336
1796590 336
1796600 336
1796610 337
1796620 337
1796630 337
1796640 337
1796650 337
1796660 336
1796670 336
1796680 336
1796690 336
1796700 336
1796710 336
1796720 336
1796730 336
1796740 336
1796750 337
1796760 337
1796770 338
1796780 338
1796790 339
1796800 340
1796810 341
1796820 342
1796830 343
1796840 345
1796850 347
1796860 347
1796870 346
1796880 346
1796890 348
1796900 349
1796910 351
1796920 352
1796930 353
1796940 354
1796950 355
1796960 357
1796970 357
1796980 357
1796990 356
1797000 356
1797010 356
1797020 356
1797030 356
1797040 356
1797050 356
1797060 357
1797070 358
1797080 358
1797090 358
1797100 358
1797110 359
1797120 360
1797130 361
1797140 362
1797150 362
1797160 362
1797170 363
1797180 365
1797190 366
1797200 366
1797210 366
1797220 366
1797230 366
1797240 366
1797250 366
1797260 366
1797270 366
1797280 366
1797290 366
1797300 366
1797310 366
1797320 367
1797330 368
1797340 369
1797350 370
1797360 373
1797370 373
1797380 374
1797390 374
1797400 375
1797410 375
1797420 376
1797430 378
1797440 380
1797450 382
1797460 384
1797470 385
1797480 387
1797490 390
1797500 392
1797510 394
1797520 396
1797530 396
1797540 397
1797550 396
1797560 396
1797570 396
1797580 395
1797590 394
1797600 393
1797610 391
1797620 389
1797630 387
1797640 386
1797650 385
1797660 384
1797670 383
1797680 382
1797690 381
1797700 381
1797710 380
1797720 379
1797730 378
1797740 377
1797750 376
1797760 376
1797770 375
1797780 375
1797790 374
1797800 374
1797810 373
1797820 371
1797830 370
1797840 368
1797850 366
1797860 364
1797870 362
1797880 361
1797890 359
1797900 359
1797910 359
1797920 359
1797930 359
1797940 359
1797950 361
1797960 362
1797970 363
1797980 364
1797990 365
1798000 367
1798010 368
1798020 370
1798030 372
1798040 374
1798050 376
1798060 378
1798070 379
1798080 381
1798090 383
1798100 382
1798110 384
1798120 385
1798130 386
1798140 387
1798150 388
1798160 388
1798170 387
1798180 387
1798190 387
1798200 387
1798210 387
1798220 388
1798230 388
1798240 389
1798250 389
1798260 390
1798270 391
1798280 392
1798290 392
1798300 393
1798310 393
1798320 393
1798330 393
1798340 393
1798350 392
1798360 390
1798370 389
1798380 386
1798390 384
1798400 381
1798410 380
1798420 379
1798430 378
1798440 378
1798450 377
1798460 377
1798470 378
1798480 379
1798490 380
1798500 381
1798510 383
1798520 384
1798530 385
1798540 387
1798550 389
1798560 391
1798570 393
1798580 395
1798590 397
1798600 399
1798610 401
1798620 402
1798630 404
1798640 406
1798650 408
1798660 409
1798670 411
1798680 413
1798690 416
1798700 418
1798710 420
1798720 423
1798730 425
1798740 428
1798750 430
1798760 433
1798770 435
1798780 438
1798790 440
1798800 442
1798810 443
1798820 445
1798830 445
1798840 446
1798850 446
1798860 447
1798870 447
1798880 448
1798890 448
1798900 448
1798910 448
1798920 449
1798930 449
1798940 449
1798950 449
1798960 449
1798970 450
1798980 450
1798990 450
1799000 451
1799010 452
1799020 452
1799030 453
1799040 453
1799050 454
1799060 454
1799070 455
1799080 455
1799090 456
1799100 456
1799110 457
1799120 458
1799130 459
1799140 459
1799150 460
1799160 460
1799170 460
1799180 461
1799190 462
1799200 462
1799210 463
1799220 463
1799230 463
1799240 463
1799250 464
1799260 464
1799270 464
1799280 464
1799290 464
1799300 465
1799310 465
1799320 465
1799330 465
1799340 465
1799350 465
1799360 465
1799370 465
1799380 465
1799390 465
1799400 465
1799410 464
1799420 464
1799430 464
1799440 464
1799450 463
1799460 463
1799470 463
1799480 463
1799490 462
1799500 462
1799510 462
1799520 462
1799530 461
1799540 461
1799550 461
1799560 461
1799570 460
1799580 460
1799590 460
1799600 460
1799610 459
1799620 459
1799630 459
1799640 459
1799650 458
1799660 458
1799670 458
1799680 458
1799690 457
1799700 457
1799710 457
1799720 457
1799730 456
1799740 456
1799750 456
1799760 455
1799770 455
1799780 455
1799790 455
1799800 454
1799810 454
1799820 454
1799830 453
1799840 453
1799850 453
1799860 453
1799870 452
1799880 452
1799890 451
1799900 451
1799910 451
1799920 451
1799930 450
1799940 450
1799950 450
1799960 449
1799970 449
1799980 449
1799990 449
