1780000 637
1780010 634
1780020 630
1780030 627
1780040 624
1780050 621
1780060 619
1780070 617
1780080 615
1780090 613
1780100 611
1780110 609
1780120 607
1780130 606
1780140 605
1780150 603
1780160 601
1780170 600
1780180 598
1780190 596
1780200 595
1780210 594
1780220 594
1780230 594
1780240 595
1780250 596
1780260 596
1780270 597
1780280 598
1780290 599
1780300 600
1780310 601
1780320 600
1780330 600
1780340 598
1780350 597
1780360 595
1780370 592
1780380 589
1780390 587
1780400 587
1780410 587
1780420 587
1780430 587
1780440 589
1780450 590
1780460 591
1780470 593
1780480 595
1780490 596
1780500 597
1780510 599
1780520 601
1780530 602
1780540 604
1780550 605
1780560 607
1780570 609
1780580 612
1780590 615
1780600 618
1780610 621
1780620 624
1780630 627
1780640 630
1780650 634
1780660 637
1780670 641
1780680 644
1780690 648
1780700 652
1780710 655
1780720 659
1780730 662
1780740 665
1780750 668
1780760 670
1780770 672
1780780 672
1780790 672
1780800 670
1780810 669
1780820 667
1780830 664
1780840 661
1780850 658
1780860 656
1780870 654
1780880 652
1780890 652
1780900 652
1780910 653
1780920 656
1780930 658
1780940 661
1780950 663
1780960 664
1780970 665
1780980 665
1780990 666
1781000 667
1781010 667
1781020 668
1781030 669
1781040 669
1781050 670
1781060 671
1781070 672
1781080 673
1781090 675
1781100 677
1781110 678
1781120 680
1781130 682
1781140 685
1781150 688
1781160 691
1781170 694
1781180 698
1781190 702
1781200 706
1781210 710
1781220 714
1781230 718
1781240 722
1781250 726
1781260 731
1781270 735
1781280 739
1781290 744
1781300 748
1781310 752
1781320 755
1781330 759
1781340 763
1781350 767
1781360 771
1781370 775
1781380 780
1781390 785
1781400 790
1781410 794
1781420 799
1781430 803
1781440 807
1781450 811
1781460 815
1781470 820
1781480 824
1781490 828
1781500 833
1781510 837
1781520 842
1781530 847
1781540 852
1781550 857
1781560 861
1781570 863
1781580 862
1781590 860
1781600 860
1781610 859
1781620 860
1781630 861
1781640 862
1781650 863
1781660 865
1781670 866
1781680 868
1781690 869
1781700 871
1781710 872
1781720 873
1781730 873
1781740 874
1781750 875
1781760 875
1781770 876
1781780 876
1781790 877
1781800 878
1781810 878
1781820 879
1781830 880
1781840 881
1781850 882
1781860 883
1781870 884
1781880 885
1781890 887
1781900 888
1781910 890
1781920 892
1781930 895
1781940 897
1781950 900
1781960 902
1781970 905
1781980 907
1781990 910
1782000 912
1782010 915
1782020 919
1782030 923
1782040 927
1782050 931
1782060 934
1782070 936
1782080 937
1782090 938
1782100 939
1782110 939
1782120 939
1782130 937
1782140 936
1782150 934
1782160 933
1782170 932
1782180 931
1782190 929
1782200 927
1782210 925
1782220 923
1782230 922
1782240 920
1782250 919
1782260 918
1782270 917
1782280 916
1782290 915
1782300 914
1782310 913
1782320 912
1782330 911
1782340 910
1782350 908
1782360 907
1782370 905
1782380 904
1782390 901
1782400 899
1782410 897
1782420 896
1782430 895
1782440 893
1782450 891
1782460 890
1782470 888
1782480 886
1782490 884
1782500 882
1782510 880
1782520 878
1782530 875
1782540 872
1782550 869
1782560 865
1782570 862
1782580 858
1782590 855
1782600 852
1782610 849
1782620 846
1782630 844
1782640 841
1782650 838
1782660 836
1782670 834
1782680 832
1782690 830
1782700 828
1782710 826
1782720 824
1782730 821
1782740 820
1782750 818
1782760 817
1782770 815
1782780 814
1782790 813
1782800 812
1782810 810
1782820 809
1782830 808
1782840 806
1782850 805
1782860 803
1782870 802
1782880 800
1782890 798
1782900 797
1782910 795
1782920 792
1782930 790
1782940 787
1782950 784
1782960 781
1782970 779
1782980 777
1782990 776
1783000 775
1783010 774
1783020 774
1783030 773
1783040 771
1783050 770
1783060 769
1783070 769
1783080 768
1783090 767
1783100 766
1783110 765
1783120 764
1783130 762
1783140 759
1783150 756
1783160 752
1783170 747
1783180 744
1783190 741
1783200 738
1783210 734
1783220 731
1783230 728
1783240 725
1783250 722
1783260 719
1783270 716
1783280 712
1783290 709
1783300 706
1783310 703
1783320 700
1783330 697
1783340 694
1783350 690
1783360 687
1783370 684
1783380 681
1783390 679
1783400 676
1783410 674
1783420 672
1783430 670
1783440 669
1783450 669
1783460 670
1783470 671
1783480 672
1783490 673
1783500 675
1783510 676
1783520 677
1783530 677
1783540 678
1783550 678
1783560 679
1783570 678
1783580 677
1783590 676
1783600 675
1783610 675
1783620 675
1783630 676
1783640 679
1783650 681
1783660 685
1783670 689
1783680 692
1783690 694
1783700 695
1783710 696
1783720 699
1783730 701
1783740 702
1783750 702
1783760 700
1783770 696
1783780 693
1783790 691
1783800 688
1783810 685
1783820 683
1783830 681
1783840 679
1783850 677
1783860 676
1783870 673
1783880 673
1783890 674
1783900 677
1783910 680
1783920 684
1783930 687
1783940 690
1783950 693
1783960 696
1783970 697
1783980 697
1783990 695
1784000 693
1784010 690
1784020 688
1784030 686
1784040 684
1784050 681
1784060 679
1784070 676
1784080 673
1784090 670
1784100 666
1784110 663
1784120 659
1784130 656
1784140 653
1784150 650
1784160 647
1784170 644
1784180 640
1784190 637
1784200 634
1784210 632
1784220 630
1784230 628
1784240 627
1784250 626
1784260 625
1784270 625
1784280 626
1784290 628
1784300 631
1784310 634
1784320 637
1784330 640
1784340 643
1784350 647
1784360 650
1784370 653
1784380 656
1784390 658
1784400 661
1784410 663
1784420 665
1784430 665
1784440 664
1784450 663
1784460 660
1784470 658
1784480 655
1784490 652
1784500 650
1784510 647
1784520 644
1784530 642
1784540 640
1784550 638
1784560 635
1784570 633
1784580 631
1784590 629
1784600 626
1784610 623
1784620 620
1784630 617
1784640 614
1784650 612
1784660 609
1784670 608
1784680 606
1784690 605
1784700 604
1784710 603
1784720 602
1784730 600
1784740 599
1784750 597
1784760 595
1784770 593
1784780 591
1784790 589
1784800 587
1784810 586
1784820 584
1784830 582
1784840 581
1784850 579
1784860 577
1784870 575
1784880 572
1784890 569
1784900 566
1784910 562
1784920 559
1784930 557
1784940 555
1784950 554
1784960 554
1784970 555
1784980 555
1784990 554
1785000 554
1785010 553
1785020 552
1785030 550
1785040 549
1785050 547
1785060 545
1785070 543
1785080 540
1785090 537
1785100 533
1785110 530
1785120 528
1785130 526
1785140 524
1785150 522
1785160 521
1785170 520
1785180 521
1785190 522
1785200 523
1785210 526
1785220 529
1785230 531
1785240 532
1785250 531
1785260 530
1785270 529
1785280 529
1785290 529
1785300 529
1785310 530
1785320 531
1785330 532
1785340 533
1785350 534
1785360 536
1785370 538
1785380 541
1785390 544
1785400 548
1785410 552
1785420 556
1785430 559
1785440 563
1785450 566
1785460 569
1785470 572
1785480 576
1785490 579
1785500 582
1785510 584
1785520 585
1785530 587
1785540 590
1785550 593
1785560 597
1785570 601
1785580 605
1785590 610
1785600 615
1785610 620
1785620 625
1785630 628
1785640 632
1785650 636
1785660 640
1785670 645
1785680 649
1785690 653
1785700 657
1785710 661
1785720 665
1785730 669
1785740 673
1785750 677
1785760 678
1785770 678
1785780 676
1785790 673
1785800 671
1785810 669
1785820 670
1785830 671
1785840 673
1785850 673
1785860 671
1785870 669
1785880 666
1785890 663
1785900 660
1785910 658
1785920 657
1785930 656
1785940 656
1785950 656
1785960 656
1785970 657
1785980 657
1785990 658
1786000 660
1786010 662
1786020 663
1786030 665
1786040 666
1786050 667
1786060 669
1786070 670
1786080 671
1786090 672
1786100 674
1786110 675
1786120 677
1786130 679
1786140 680
1786150 682
1786160 683
1786170 684
1786180 685
1786190 686
1786200 688
1786210 689
1786220 691
1786230 692
1786240 695
1786250 697
1786260 699
1786270 702
1786280 705
1786290 708
1786300 711
1786310 715
1786320 718
1786330 721
1786340 723
1786350 725
1786360 728
1786370 730
1786380 732
1786390 735
1786400 737
1786410 739
1786420 741
1786430 743
1786440 746
1786450 749
1786460 752
1786470 755
1786480 759
1786490 762
1786500 765
1786510 769
1786520 772
1786530 776
1786540 779
1786550 782
1786560 786
1786570 789
1786580 792
1786590 796
1786600 799
1786610 803
1786620 806
1786630 809
1786640 811
1786650 811
1786660 810
1786670 809
1786680 808
1786690 807
1786700 806
1786710 805
1786720 804
1786730 804
1786740 803
1786750 802
1786760 800
1786770 798
1786780 797
1786790 795
1786800 794
1786810 793
1786820 792
1786830 790
1786840 789
1786850 788
1786860 786
1786870 785
1786880 784
1786890 783
1786900 782
1786910 781
1786920 780
1786930 779
1786940 778
1786950 777
1786960 776
1786970 776
1786980 775
1786990 774
1787000 774
1787010 773
1787020 772
1787030 772
1787040 771
1787050 771
1787060 770
1787070 770
1787080 770
1787090 769
1787100 769
1787110 768
1787120 768
1787130 767
1787140 767
1787150 767
1787160 766
1787170 766
1787180 765
1787190 765
1787200 765
1787210 765
1787220 764
1787230 764
1787240 764
1787250 764
1787260 764
1787270 764
1787280 764
1787290 764
1787300 764
1787310 764
1787320 764
1787330 765
1787340 766
1787350 767
1787360 768
1787370 769
1787380 770
1787390 771
1787400 772
1787410 773
1787420 775
1787430 776
1787440 777
1787450 778
1787460 780
1787470 781
1787480 782
1787490 784
1787500 785
1787510 787
1787520 788
1787530 790
1787540 791
1787550 793
1787560 794
1787570 796
1787580 797
1787590 798
1787600 799
1787610 799
1787620 799
1787630 799
1787640 799
1787650 798
1787660 798
1787670 796
1787680 795
1787690 794
1787700 792
1787710 792
1787720 791
1787730 791
1787740 792
1787750 793
1787760 794
1787770 795
1787780 796
1787790 798
1787800 799
1787810 801
1787820 803
1787830 805
1787840 807
1787850 810
1787860 813
1787870 815
1787880 818
1787890 821
1787900 824
1787910 826
1787920 828
1787930 829
1787940 830
1787950 831
1787960 831
1787970 831
1787980 832
1787990 832
1788000 832
1788010 832
1788020 832
1788030 832
1788040 832
1788050 831
1788060 830
1788070 830
1788080 829
1788090 829
1788100 828
1788110 828
1788120 827
1788130 827
1788140 827
1788150 826
1788160 825
1788170 825
1788180 824
1788190 824
1788200 823
1788210 823
1788220 822
1788230 821
1788240 820
1788250 819
1788260 818
1788270 816
1788280 815
1788290 813
1788300 811
1788310 809
1788320 807
1788330 806
1788340 804
1788350 802
1788360 799
1788370 797
1788380 794
1788390 792
1788400 789
1788410 787
1788420 785
1788430 782
1788440 779
1788450 776
1788460 773
1788470 770
1788480 766
1788490 763
1788500 760
1788510 757
1788520 755
1788530 752
1788540 749
1788550 746
1788560 743
1788570 741
1788580 738
1788590 735
1788600 732
1788610 729
1788620 726
1788630 723
1788640 720
1788650 717
1788660 715
1788670 713
1788680 710
1788690 707
1788700 705
1788710 702
1788720 699
1788730 696
1788740 694
1788750 691
1788760 688
1788770 685
1788780 683
1788790 680
1788800 677
1788810 674
1788820 671
1788830 668
1788840 666
1788850 664
1788860 661
1788870 659
1788880 656
1788890 654
1788900 652
1788910 650
1788920 649
1788930 647
1788940 646
1788950 645
1788960 643
1788970 641
1788980 639
1788990 637
1789000 635
1789010 634
1789020 633
1789030 632
1789040 631
1789050 631
1789060 630
1789070 629
1789080 628
1789090 627
1789100 626
1789110 625
1789120 623
1789130 622
1789140 621
1789150 619
1789160 617
1789170 614
1789180 612
1789190 609
1789200 607
1789210 605
1789220 604
1789230 602
1789240 601
1789250 600
1789260 599
1789270 598
1789280 597
1789290 597
1789300 597
1789310 596
1789320 596
1789330 595
1789340 594
1789350 593
1789360 592
1789370 591
1789380 591
1789390 590
1789400 588
1789410 587
1789420 586
1789430 585
1789440 585
1789450 584
1789460 583
1789470 582
1789480 581
1789490 580
1789500 578
1789510 577
1789520 575
1789530 573
1789540 571
1789550 569
1789560 567
1789570 565
1789580 564
1789590 563
1789600 563
1789610 562
1789620 562
1789630 562
1789640 561
1789650 561
1789660 560
1789670 560
1789680 558
1789690 558
1789700 557
1789710 557
1789720 556
1789730 556
1789740 556
1789750 556
1789760 557
1789770 557
1789780 557
1789790 557
1789800 556
1789810 555
1789820 554
1789830 552
1789840 550
1789850 548
1789860 547
1789870 546
1789880 545
1789890 544
1789900 543
1789910 543
1789920 542
1789930 541
1789940 541
1789950 540
1789960 540
1789970 540
1789980 539
1789990 539
1790000 539
1790010 539
1790020 539
1790030 538
1790040 538
1790050 537
1790060 537
1790070 536
1790080 535
1790090 535
1790100 534
1790110 533
1790120 532
1790130 531
1790140 530
1790150 530
1790160 529
1790170 528
1790180 527
1790190 525
1790200 524
1790210 523
1790220 523
1790230 522
1790240 521
1790250 520
1790260 519
1790270 518
1790280 518
1790290 517
1790300 517
1790310 517
1790320 516
1790330 516
1790340 516
1790350 516
1790360 516
1790370 515
1790380 515
1790390 514
1790400 514
1790410 513
1790420 513
1790430 512
1790440 512
1790450 512
1790460 512
1790470 511
1790480 511
1790490 510
1790500 510
1790510 510
1790520 509
1790530 509
1790540 508
1790550 508
1790560 507
1790570 507
1790580 506
1790590 506
1790600 505
1790610 504
1790620 504
1790630 504
1790640 503
1790650 503
1790660 503
1790670 502
1790680 502
1790690 502
1790700 502
1790710 502
1790720 501
1790730 501
1790740 501
1790750 500
1790760 500
1790770 500
1790780 499
1790790 499
1790800 498
1790810 498
1790820 497
1790830 497
1790840 496
1790850 496
1790860 495
1790870 495
1790880 494
1790890 493
1790900 493
1790910 492
1790920 491
1790930 491
1790940 490
1790950 490
1790960 489
1790970 489
1790980 488
1790990 488
1791000 487
1791010 486
1791020 485
1791030 484
1791040 484
1791050 483
1791060 482
1791070 482
1791080 481
1791090 481
1791100 480
1791110 480
1791120 480
1791130 479
1791140 479
1791150 478
1791160 477
1791170 477
1791180 477
1791190 476
1791200 475
1791210 474
1791220 472
1791230 471
1791240 470
1791250 469
1791260 468
1791270 467
1791280 466
1791290 466
1791300 465
1791310 464
1791320 463
1791330 462
1791340 460
1791350 458
1791360 456
1791370 454
1791380 453
1791390 452
1791400 451
1791410 450
1791420 449
1791430 449
1791440 449
1791450 449
1791460 448
1791470 448
1791480 449
1791490 449
1791500 451
1791510 453
1791520 456
1791530 458
1791540 460
1791550 461
1791560 462
1791570 463
1791580 463
1791590 464
1791600 465
1791610 466
1791620 466
1791630 465
1791640 465
1791650 464
1791660 463
1791670 463
1791680 462
1791690 462
1791700 461
1791710 461
1791720 460
1791730 459
1791740 459
1791750 458
1791760 458
1791770 457
1791780 457
1791790 456
1791800 455
1791810 455
1791820 454
1791830 454
1791840 454
1791850 453
1791860 453
1791870 452
1791880 452
1791890 451
1791900 450
1791910 450
1791920 449
1791930 448
1791940 447
1791950 446
1791960 445
1791970 444
1791980 444
1791990 444
1792000 444
1792010 444
1792020 444
1792030 443
1792040 443
1792050 443
1792060 443
1792070 443
1792080 443
1792090 443
1792100 443
1792110 443
1792120 443
1792130 442
1792140 442
1792150 442
1792160 442
1792170 442
1792180 442
1792190 442
1792200 442
1792210 442
1792220 442
1792230 443
1792240 443
1792250 443
1792260 444
1792270 444
1792280 444
1792290 445
1792300 445
1792310 445
1792320 446
1792330 447
1792340 447
1792350 448
1792360 448
1792370 449
1792380 449
1792390 450
1792400 451
1792410 451
1792420 452
1792430 453
1792440 453
1792450 454
1792460 454
1792470 455
1792480 455
1792490 456
1792500 456
1792510 457
1792520 458
1792530 458
1792540 459
1792550 459
1792560 459
1792570 460
1792580 460
1792590 461
1792600 461
1792610 462
1792620 462
1792630 462
1792640 462
1792650 461
1792660 460
1792670 460
1792680 459
1792690 459
1792700 458
1792710 457
1792720 457
1792730 456
1792740 456
1792750 455
1792760 454
1792770 454
1792780 454
1792790 453
1792800 453
1792810 453
1792820 453
1792830 452
1792840 452
1792850 452
1792860 451
1792870 451
1792880 451
1792890 451
1792900 451
1792910 451
1792920 451
1792930 451
1792940 451
1792950 452
1792960 452
1792970 452
1792980 453
1792990 453
1793000 453
1793010 454
1793020 454
1793030 454
1793040 455
1793050 456
1793060 456
1793070 456
1793080 456
1793090 457
1793100 457
1793110 458
1793120 458
1793130 458
1793140 459
1793150 459
1793160 460
1793170 460
1793180 460
1793190 461
1793200 461
1793210 462
1793220 463
1793230 463
1793240 464
1793250 465
1793260 466
1793270 467
1793280 467
1793290 468
1793300 469
1793310 470
1793320 471
1793330 472
1793340 473
1793350 474
1793360 474
1793370 475
1793380 475
1793390 476
1793400 476
1793410 477
1793420 478
1793430 479
1793440 479
1793450 480
1793460 480
1793470 481
1793480 481
1793490 482
1793500 482
1793510 483
1793520 484
1793530 485
1793540 485
1793550 486
1793560 487
1793570 487
1793580 487
1793590 488
1793600 488
1793610 488
1793620 489
1793630 489
1793640 489
1793650 489
1793660 489
1793670 489
1793680 490
1793690 490
1793700 490
1793710 491
1793720 491
1793730 492
1793740 492
1793750 493
1793760 493
1793770 494
1793780 494
1793790 495
1793800 496
1793810 496
1793820 497
1793830 498
1793840 498
1793850 499
1793860 499
1793870 500
1793880 501
1793890 501
1793900 502
1793910 503
1793920 504
1793930 504
1793940 506
1793950 507
1793960 507
1793970 508
1793980 508
1793990 509
1794000 509
1794010 509
1794020 509
1794030 510
1794040 510
1794050 510
1794060 511
1794070 511
1794080 511
1794090 511
1794100 511
1794110 511
1794120 511
1794130 511
1794140 511
1794150 511
1794160 511
1794170 511
1794180 510
1794190 510
1794200 510
1794210 510
1794220 510
1794230 510
1794240 510
1794250 510
1794260 510
1794270 510
1794280 510
1794290 509
1794300 509
1794310 509
1794320 509
1794330 509
1794340 509
1794350 509
1794360 509
1794370 509
1794380 509
1794390 508
1794400 508
1794410 508
1794420 508
1794430 508
1794440 508
1794450 508
1794460 508
1794470 507
1794480 507
1794490 507
1794500 507
1794510 507
1794520 507
1794530 506
1794540 506
1794550 506
1794560 506
1794570 506
1794580 506
1794590 505
1794600 505
1794610 505
1794620 505
1794630 504
1794640 504
1794650 504
1794660 504
1794670 504
1794680 503
1794690 503
1794700 503
1794710 503
1794720 503
1794730 503
1794740 503
1794750 502
1794760 502
1794770 502
1794780 502
1794790 502
1794800 502
1794810 501
1794820 501
1794830 501
1794840 501
1794850 501
1794860 501
1794870 501
1794880 501
1794890 500
1794900 500
1794910 500
1794920 500
1794930 500
1794940 500
1794950 500
1794960 499
1794970 499
1794980 499
1794990 499
1795000 498
1795010 498
1795020 498
1795030 498
1795040 498
1795050 497
1795060 497
1795070 497
1795080 497
1795090 497
1795100 497
1795110 497
1795120 497
1795130 497
1795140 496
1795150 496
1795160 496
1795170 496
1795180 496
1795190 495
1795200 495
1795210 495
1795220 494
1795230 494
1795240 494
1795250 494
1795260 493
1795270 493
1795280 493
1795290 492
1795300 492
1795310 492
1795320 492
1795330 492
1795340 492
1795350 492
1795360 492
1795370 491
1795380 491
1795390 491
1795400 490
1795410 490
1795420 489
1795430 488
1795440 487
1795450 487
1795460 486
1795470 486
1795480 486
1795490 486
1795500 485
1795510 485
1795520 484
1795530 482
1795540 480
1795550 477
1795560 475
1795570 472
1795580 471
1795590 471
1795600 470
1795610 471
1795620 471
1795630 471
1795640 471
1795650 471
1795660 471
1795670 471
1795680 472
1795690 473
1795700 474
1795710 476
1795720 479
1795730 481
1795740 483
1795750 485
1795760 487
1795770 489
1795780 491
1795790 492
1795800 492
1795810 492
1795820 492
1795830 492
1795840 492
1795850 491
1795860 492
1795870 492
1795880 492
1795890 493
1795900 493
1795910 492
1795920 492
1795930 492
1795940 492
1795950 492
1795960 492
1795970 492
1795980 492
1795990 491
1796000 491
1796010 491
1796020 491
1796030 491
1796040 491
1796050 491
1796060 491
1796070 491
1796080 492
1796090 492
1796100 492
1796110 493
1796120 493
1796130 493
1796140 493
1796150 493
1796160 493
1796170 493
1796180 493
1796190 492
1796200 492
1796210 492
1796220 492
1796230 492
1796240 492
1796250 492
1796260 492
1796270 492
1796280 491
1796290 491
1796300 491
1796310 491
1796320 491
1796330 490
1796340 490
1796350 490
1796360 490
1796370 490
1796380 489
1796390 489
1796400 489
1796410 489
1796420 488
1796430 488
1796440 488
1796450 488
1796460 487
1796470 487
1796480 487
1796490 487
1796500 487
1796510 486
1796520 486
1796530 487
1796540 487
1796550 487
1796560 487
1796570 486
1796580 486
1796590 486
1796600 486
1796610 486
1796620 485
1796630 485
1796640 483
1796650 482
1796660 482
1796670 481
1796680 481
1796690 480
1796700 480
1796710 479
1796720 478
1796730 477
1796740 476
1796750 475
1796760 474
1796770 472
1796780 470
1796790 469
1796800 467
1796810 466
1796820 465
1796830 463
1796840 462
1796850 461
1796860 460
1796870 459
1796880 459
1796890 458
1796900 458
1796910 457
1796920 457
1796930 457
1796940 456
1796950 456
1796960 455
1796970 455
1796980 455
1796990 454
1797000 454
1797010 454
1797020 453
1797030 453
1797040 453
1797050 452
1797060 451
1797070 451
1797080 452
1797090 454
1797100 455
1797110 456
1797120 457
1797130 458
1797140 458
1797150 459
1797160 460
1797170 461
1797180 462
1797190 463
1797200 464
1797210 466
1797220 468
1797230 470
1797240 472
1797250 474
1797260 475
1797270 476
1797280 477
1797290 477
1797300 477
1797310 477
1797320 476
1797330 476
1797340 475
1797350 475
1797360 474
1797370 472
1797380 471
1797390 469
1797400 468
1797410 466
1797420 465
1797430 463
1797440 462
1797450 461
1797460 459
1797470 458
1797480 456
1797490 455
1797500 454
1797510 453
1797520 453
1797530 452
1797540 452
1797550 451
1797560 450
1797570 450
1797580 449
1797590 449
1797600 448
1797610 447
1797620 447
1797630 446
1797640 446
1797650 446
1797660 446
1797670 446
1797680 447
1797690 448
1797700 450
1797710 451
1797720 452
1797730 453
1797740 455
1797750 456
1797760 458
1797770 459
1797780 461
1797790 463
1797800 466
1797810 469
1797820 471
1797830 473
1797840 475
1797850 477
1797860 478
1797870 479
1797880 480
1797890 481
1797900 481
1797910 481
1797920 481
1797930 481
1797940 481
1797950 480
1797960 480
1797970 480
1797980 480
1797990 479
1798000 479
1798010 479
1798020 479
1798030 479
1798040 478
1798050 478
1798060 478
1798070 478
1798080 477
1798090 477
1798100 477
1798110 476
1798120 476
1798130 476
1798140 476
1798150 475
1798160 475
1798170 475
1798180 475
1798190 475
1798200 474
1798210 474
1798220 474
1798230 474
1798240 474
1798250 473
1798260 473
1798270 473
1798280 473
1798290 473
1798300 472
1798310 472
1798320 472
1798330 472
1798340 472
1798350 472
1798360 472
1798370 472
1798380 471
1798390 471
1798400 471
1798410 471
1798420 471
1798430 470
1798440 470
1798450 470
1798460 470
1798470 470
1798480 470
1798490 470
1798500 470
1798510 469
1798520 469
1798530 469
1798540 469
1798550 469
1798560 469
1798570 468
1798580 468
1798590 468
1798600 468
1798610 468
1798620 468
1798630 468
1798640 468
1798650 467
1798660 467
1798670 467
1798680 467
1798690 467
1798700 467
1798710 467
1798720 467
1798730 467
1798740 466
1798750 466
1798760 466
1798770 466
1798780 466
1798790 465
1798800 465
1798810 466
1798820 465
1798830 465
1798840 465
1798850 464
1798860 464
1798870 465
1798880 465
1798890 465
1798900 465
1798910 465
1798920 464
1798930 463
1798940 463
1798950 463
1798960 462
1798970 462
1798980 462
1798990 461
1799000 461
1799010 461
1799020 461
1799030 460
1799040 460
1799050 459
1799060 459
1799070 459
1799080 458
1799090 458
1799100 458
1799110 458
1799120 458
1799130 458
1799140 458
1799150 457
1799160 457
1799170 457
1799180 456
1799190 456
1799200 455
1799210 455
1799220 455
1799230 454
1799240 454
1799250 453
1799260 453
1799270 453
1799280 453
1799290 452
1799300 452
1799310 451
1799320 451
1799330 450
1799340 450
1799350 450
1799360 449
1799370 449
1799380 449
1799390 448
1799400 448
1799410 448
1799420 447
1799430 447
1799440 447
1799450 447
1799460 446
1799470 446
1799480 445
1799490 445
1799500 444
1799510 443
1799520 443
1799530 442
1799540 442
1799550 441
1799560 440
1799570 440
1799580 439
1799590 438
1799600 437
1799610 437
1799620 436
1799630 435
1799640 434
1799650 433
1799660 433
1799670 432
1799680 432
1799690 432
1799700 431
1799710 431
1799720 430
1799730 429
1799740 428
1799750 428
1799760 427
1799770 427
1799780 426
1799790 426
1799800 425
1799810 425
1799820 424
1799830 423
1799840 422
1799850 421
1799860 420
1799870 419
1799880 418
1799890 417
1799900 416
1799910 416
1799920 415
1799930 414
1799940 413
1799950 412
1799960 411
1799970 410
1799980 409
1799990 408
