1780000 545
1780010 541
1780020 537
1780030 533
1780040 529
1780050 525
1780060 522
1780070 518
1780080 515
1780090 512
1780100 509
1780110 506
1780120 504
1780130 501
1780140 498
1780150 496
1780160 493
1780170 491
1780180 488
1780190 486
1780200 484
1780210 483
1780220 482
1780230 485
1780240 488
1780250 492
1780260 496
1780270 500
1780280 504
1780290 508
1780300 512
1780310 516
1780320 520
1780330 524
1780340 528
1780350 531
1780360 535
1780370 538
1780380 540
1780390 542
1780400 544
1780410 543
1780420 542
1780430 541
1780440 540
1780450 538
1780460 536
1780470 534
1780480 532
1780490 530
1780500 528
1780510 526
1780520 524
1780530 522
1780540 520
1780550 519
1780560 518
1780570 518
1780580 518
1780590 518
1780600 520
1780610 522
1780620 525
1780630 529
1780640 532
1780650 535
1780660 539
1780670 542
1780680 546
1780690 550
1780700 553
1780710 557
1780720 560
1780730 564
1780740 568
1780750 572
1780760 576
1780770 580
1780780 584
1780790 588
1780800 591
1780810 595
1780820 598
1780830 601
1780840 604
1780850 608
1780860 611
1780870 614
1780880 618
1780890 621
1780900 625
1780910 629
1780920 632
1780930 636
1780940 640
1780950 644
1780960 649
1780970 653
1780980 657
1780990 662
1781000 667
1781010 672
1781020 677
1781030 682
1781040 688
1781050 693
1781060 698
1781070 704
1781080 710
1781090 716
1781100 722
1781110 728
1781120 734
1781130 739
1781140 746
1781150 754
1781160 763
1781170 773
1781180 782
1781190 789
1781200 794
1781210 797
1781220 797
1781230 797
1781240 797
1781250 798
1781260 799
1781270 800
1781280 801
1781290 802
1781300 803
1781310 804
1781320 805
1781330 807
1781340 808
1781350 808
1781360 807
1781370 805
1781380 803
1781390 799
1781400 796
1781410 792
1781420 787
1781430 783
1781440 777
1781450 772
1781460 767
1781470 763
1781480 758
1781490 753
1781500 749
1781510 744
1781520 740
1781530 735
1781540 732
1781550 728
1781560 725
1781570 722
1781580 719
1781590 716
1781600 713
1781610 711
1781620 709
1781630 709
1781640 709
1781650 711
1781660 715
1781670 718
1781680 722
1781690 726
1781700 729
1781710 733
1781720 737
1781730 740
1781740 743
1781750 747
1781760 750
1781770 753
1781780 757
1781790 760
1781800 764
1781810 769
1781820 774
1781830 779
1781840 785
1781850 790
1781860 794
1781870 796
1781880 799
1781890 802
1781900 802
1781910 803
1781920 805
1781930 809
1781940 814
1781950 819
1781960 823
1781970 826
1781980 828
1781990 830
1782000 831
1782010 833
1782020 835
1782030 836
1782040 837
1782050 837
1782060 837
1782070 837
1782080 836
1782090 835
1782100 834
1782110 833
1782120 832
1782130 831
1782140 830
1782150 828
1782160 826
1782170 824
1782180 822
1782190 821
1782200 819
1782210 818
1782220 816
1782230 815
1782240 813
1782250 811
1782260 810
1782270 808
1782280 806
1782290 803
1782300 801
1782310 799
1782320 796
1782330 793
1782340 791
1782350 788
1782360 786
1782370 783
1782380 780
1782390 778
1782400 775
1782410 772
1782420 769
1782430 766
1782440 763
1782450 760
1782460 757
1782470 754
1782480 752
1782490 750
1782500 748
1782510 746
1782520 745
1782530 742
1782540 740
1782550 737
1782560 735
1782570 733
1782580 731
1782590 730
1782600 728
1782610 727
1782620 725
1782630 724
1782640 723
1782650 722
1782660 721
1782670 720
1782680 718
1782690 717
1782700 715
1782710 713
1782720 711
1782730 709
1782740 707
1782750 705
1782760 703
1782770 701
1782780 700
1782790 699
1782800 699
1782810 699
1782820 701
1782830 702
1782840 704
1782850 705
1782860 706
1782870 706
1782880 706
1782890 706
1782900 705
1782910 703
1782920 700
1782930 697
1782940 694
1782950 691
1782960 688
1782970 685
1782980 682
1782990 680
1783000 678
1783010 676
1783020 674
1783030 671
1783040 668
1783050 664
1783060 661
1783070 657
1783080 654
1783090 649
1783100 645
1783110 640
1783120 637
1783130 636
1783140 636
1783150 637
1783160 638
1783170 638
1783180 638
1783190 638
1783200 638
1783210 637
1783220 637
1783230 636
1783240 636
1783250 635
1783260 635
1783270 633
1783280 632
1783290 630
1783300 628
1783310 626
1783320 622
1783330 618
1783340 614
1783350 609
1783360 606
1783370 602
1783380 597
1783390 593
1783400 589
1783410 585
1783420 582
1783430 578
1783440 574
1783450 570
1783460 567
1783470 565
1783480 563
1783490 560
1783500 558
1783510 556
1783520 556
1783530 556
1783540 557
1783550 560
1783560 564
1783570 568
1783580 572
1783590 577
1783600 581
1783610 585
1783620 590
1783630 594
1783640 598
1783650 601
1783660 603
1783670 605
1783680 607
1783690 609
1783700 611
1783710 613
1783720 616
1783730 616
1783740 615
1783750 611
1783760 607
1783770 602
1783780 598
1783790 594
1783800 589
1783810 585
1783820 580
1783830 576
1783840 571
1783850 567
1783860 563
1783870 559
1783880 555
1783890 551
1783900 548
1783910 545
1783920 542
1783930 541
1783940 540
1783950 540
1783960 539
1783970 539
1783980 539
1783990 538
1784000 538
1784010 537
1784020 537
1784030 538
1784040 538
1784050 539
1784060 539
1784070 538
1784080 537
1784090 536
1784100 534
1784110 531
1784120 528
1784130 526
1784140 523
1784150 520
1784160 517
1784170 516
1784180 516
1784190 518
1784200 520
1784210 523
1784220 526
1784230 529
1784240 532
1784250 535
1784260 538
1784270 541
1784280 544
1784290 547
1784300 550
1784310 554
1784320 557
1784330 561
1784340 564
1784350 566
1784360 568
1784370 569
1784380 569
1784390 568
1784400 567
1784410 564
1784420 560
1784430 556
1784440 552
1784450 548
1784460 543
1784470 539
1784480 535
1784490 531
1784500 527
1784510 523
1784520 520
1784530 517
1784540 514
1784550 511
1784560 509
1784570 507
1784580 505
1784590 502
1784600 500
1784610 497
1784620 494
1784630 491
1784640 488
1784650 486
1784660 485
1784670 484
1784680 484
1784690 483
1784700 482
1784710 481
1784720 479
1784730 479
1784740 478
1784750 478
1784760 478
1784770 479
1784780 479
1784790 479
1784800 479
1784810 479
1784820 480
1784830 480
1784840 481
1784850 482
1784860 484
1784870 486
1784880 489
1784890 491
1784900 493
1784910 494
1784920 495
1784930 497
1784940 499
1784950 502
1784960 504
1784970 508
1784980 512
1784990 515
1785000 519
1785010 523
1785020 527
1785030 531
1785040 535
1785050 537
1785060 537
1785070 535
1785080 531
1785090 528
1785100 526
1785110 525
1785120 525
1785130 525
1785140 525
1785150 525
1785160 526
1785170 527
1785180 528
1785190 529
1785200 531
1785210 534
1785220 536
1785230 539
1785240 541
1785250 544
1785260 546
1785270 549
1785280 551
1785290 554
1785300 557
1785310 561
1785320 564
1785330 566
1785340 568
1785350 570
1785360 573
1785370 575
1785380 578
1785390 580
1785400 583
1785410 585
1785420 588
1785430 590
1785440 592
1785450 595
1785460 597
1785470 600
1785480 602
1785490 604
1785500 607
1785510 609
1785520 610
1785530 612
1785540 613
1785550 615
1785560 617
1785570 619
1785580 622
1785590 625
1785600 628
1785610 630
1785620 633
1785630 635
1785640 638
1785650 640
1785660 643
1785670 645
1785680 648
1785690 649
1785700 651
1785710 652
1785720 654
1785730 655
1785740 657
1785750 658
1785760 659
1785770 660
1785780 661
1785790 662
1785800 663
1785810 665
1785820 667
1785830 669
1785840 671
1785850 673
1785860 675
1785870 677
1785880 679
1785890 681
1785900 684
1785910 686
1785920 688
1785930 690
1785940 692
1785950 695
1785960 697
1785970 700
1785980 703
1785990 707
1786000 711
1786010 715
1786020 719
1786030 723
1786040 728
1786050 734
1786060 740
1786070 744
1786080 749
1786090 753
1786100 757
1786110 761
1786120 765
1786130 769
1786140 773
1786150 777
1786160 781
1786170 786
1786180 790
1786190 794
1786200 797
1786210 801
1786220 804
1786230 808
1786240 811
1786250 812
1786260 812
1786270 811
1786280 810
1786290 810
1786300 809
1786310 809
1786320 809
1786330 809
1786340 810
1786350 811
1786360 813
1786370 816
1786380 819
1786390 822
1786400 825
1786410 828
1786420 832
1786430 836
1786440 840
1786450 843
1786460 846
1786470 848
1786480 850
1786490 853
1786500 855
1786510 858
1786520 860
1786530 862
1786540 865
1786550 867
1786560 870
1786570 874
1786580 878
1786590 883
1786600 888
1786610 892
1786620 894
1786630 893
1786640 891
1786650 888
1786660 886
1786670 885
1786680 883
1786690 881
1786700 880
1786710 878
1786720 877
1786730 875
1786740 873
1786750 871
1786760 869
1786770 867
1786780 865
1786790 863
1786800 861
1786810 859
1786820 857
1786830 855
1786840 853
1786850 851
1786860 849
1786870 847
1786880 845
1786890 843
1786900 841
1786910 839
1786920 837
1786930 835
1786940 833
1786950 831
1786960 829
1786970 828
1786980 826
1786990 824
1787000 822
1787010 820
1787020 819
1787030 817
1787040 816
1787050 814
1787060 812
1787070 811
1787080 810
1787090 808
1787100 807
1787110 806
1787120 804
1787130 802
1787140 801
1787150 799
1787160 798
1787170 797
1787180 796
1787190 795
1787200 793
1787210 791
1787220 789
1787230 787
1787240 785
1787250 782
1787260 780
1787270 778
1787280 776
1787290 774
1787300 773
1787310 771
1787320 769
1787330 768
1787340 766
1787350 765
1787360 763
1787370 762
1787380 761
1787390 759
1787400 758
1787410 757
1787420 756
1787430 755
1787440 754
1787450 753
1787460 752
1787470 751
1787480 750
1787490 748
1787500 747
1787510 746
1787520 744
1787530 743
1787540 742
1787550 742
1787560 742
1787570 742
1787580 743
1787590 743
1787600 744
1787610 744
1787620 744
1787630 745
1787640 745
1787650 745
1787660 745
1787670 745
1787680 745
1787690 746
1787700 746
1787710 746
1787720 747
1787730 747
1787740 747
1787750 747
1787760 747
1787770 748
1787780 748
1787790 748
1787800 748
1787810 748
1787820 748
1787830 747
1787840 747
1787850 746
1787860 745
1787870 745
1787880 744
1787890 744
1787900 744
1787910 744
1787920 744
1787930 744
1787940 743
1787950 743
1787960 742
1787970 742
1787980 742
1787990 741
1788000 741
1788010 740
1788020 740
1788030 740
1788040 739
1788050 739
1788060 739
1788070 739
1788080 739
1788090 739
1788100 738
1788110 738
1788120 737
1788130 737
1788140 736
1788150 736
1788160 736
1788170 735
1788180 735
1788190 735
1788200 736
1788210 736
1788220 735
1788230 735
1788240 734
1788250 734
1788260 734
1788270 734
1788280 734
1788290 734
1788300 734
1788310 734
1788320 734
1788330 734
1788340 735
1788350 735
1788360 735
1788370 736
1788380 736
1788390 736
1788400 736
1788410 736
1788420 736
1788430 736
1788440 737
1788450 737
1788460 737
1788470 737
1788480 736
1788490 736
1788500 736
1788510 735
1788520 735
1788530 734
1788540 733
1788550 732
1788560 730
1788570 729
1788580 727
1788590 726
1788600 724
1788610 723
1788620 722
1788630 721
1788640 720
1788650 718
1788660 716
1788670 714
1788680 712
1788690 709
1788700 707
1788710 704
1788720 701
1788730 697
1788740 694
1788750 691
1788760 687
1788770 684
1788780 681
1788790 679
1788800 676
1788810 674
1788820 672
1788830 669
1788840 667
1788850 664
1788860 662
1788870 659
1788880 657
1788890 655
1788900 653
1788910 650
1788920 648
1788930 646
1788940 644
1788950 642
1788960 640
1788970 638
1788980 636
1788990 634
1789000 632
1789010 630
1789020 627
1789030 625
1789040 623
1789050 621
1789060 620
1789070 618
1789080 616
1789090 614
1789100 612
1789110 611
1789120 609
1789130 607
1789140 605
1789150 604
1789160 602
1789170 600
1789180 599
1789190 597
1789200 596
1789210 595
1789220 593
1789230 592
1789240 591
1789250 589
1789260 588
1789270 587
1789280 586
1789290 585
1789300 583
1789310 582
1789320 581
1789330 581
1789340 579
1789350 578
1789360 577
1789370 576
1789380 574
1789390 572
1789400 570
1789410 567
1789420 565
1789430 562
1789440 560
1789450 558
1789460 556
1789470 555
1789480 553
1789490 552
1789500 550
1789510 549
1789520 548
1789530 547
1789540 546
1789550 545
1789560 544
1789570 544
1789580 543
1789590 542
1789600 540
1789610 539
1789620 538
1789630 536
1789640 535
1789650 533
1789660 532
1789670 531
1789680 530
1789690 528
1789700 527
1789710 526
1789720 525
1789730 525
1789740 524
1789750 523
1789760 523
1789770 523
1789780 522
1789790 522
1789800 523
1789810 523
1789820 523
1789830 523
1789840 523
1789850 523
1789860 523
1789870 523
1789880 524
1789890 525
1789900 526
1789910 528
1789920 529
1789930 530
1789940 532
1789950 533
1789960 535
1789970 536
1789980 536
1789990 536
1790000 536
1790010 535
1790020 534
1790030 533
1790040 531
1790050 528
1790060 525
1790070 523
1790080 521
1790090 520
1790100 519
1790110 517
1790120 516
1790130 514
1790140 513
1790150 512
1790160 511
1790170 510
1790180 510
1790190 510
1790200 509
1790210 509
1790220 509
1790230 508
1790240 508
1790250 508
1790260 508
1790270 507
1790280 507
1790290 506
1790300 506
1790310 506
1790320 505
1790330 505
1790340 505
1790350 504
1790360 504
1790370 504
1790380 504
1790390 503
1790400 503
1790410 503
1790420 503
1790430 503
1790440 503
1790450 503
1790460 503
1790470 503
1790480 503
1790490 502
1790500 502
1790510 503
1790520 503
1790530 503
1790540 503
1790550 503
1790560 503
1790570 504
1790580 504
1790590 504
1790600 504
1790610 504
1790620 504
1790630 503
1790640 503
1790650 503
1790660 503
1790670 502
1790680 502
1790690 501
1790700 501
1790710 500
1790720 500
1790730 499
1790740 499
1790750 498
1790760 498
1790770 498
1790780 497
1790790 497
1790800 497
1790810 496
1790820 496
1790830 496
1790840 495
1790850 495
1790860 494
1790870 494
1790880 494
1790890 493
1790900 493
1790910 492
1790920 492
1790930 491
1790940 490
1790950 490
1790960 489
1790970 489
1790980 488
1790990 488
1791000 487
1791010 486
1791020 485
1791030 484
1791040 481
1791050 478
1791060 475
1791070 473
1791080 470
1791090 469
1791100 468
1791110 467
1791120 467
1791130 466
1791140 465
1791150 465
1791160 466
1791170 467
1791180 469
1791190 471
1791200 473
1791210 475
1791220 477
1791230 478
1791240 479
1791250 480
1791260 481
1791270 483
1791280 484
1791290 486
1791300 487
1791310 489
1791320 489
1791330 490
1791340 490
1791350 490
1791360 490
1791370 490
1791380 490
1791390 489
1791400 489
1791410 489
1791420 489
1791430 489
1791440 489
1791450 489
1791460 488
1791470 488
1791480 488
1791490 488
1791500 488
1791510 488
1791520 488
1791530 488
1791540 488
1791550 487
1791560 487
1791570 486
1791580 485
1791590 484
1791600 483
1791610 481
1791620 480
1791630 478
1791640 477
1791650 476
1791660 475
1791670 475
1791680 474
1791690 473
1791700 473
1791710 473
1791720 472
1791730 471
1791740 471
1791750 471
1791760 471
1791770 471
1791780 471
1791790 471
1791800 471
1791810 471
1791820 471
1791830 472
1791840 473
1791850 474
1791860 475
1791870 476
1791880 477
1791890 478
1791900 479
1791910 480
1791920 480
1791930 481
1791940 482
1791950 483
1791960 484
1791970 485
1791980 486
1791990 487
1792000 488
1792010 489
1792020 489
1792030 490
1792040 490
1792050 491
1792060 491
1792070 492
1792080 492
1792090 493
1792100 493
1792110 494
1792120 495
1792130 496
1792140 497
1792150 498
1792160 498
1792170 499
1792180 500
1792190 500
1792200 500
1792210 499
1792220 498
1792230 497
1792240 497
1792250 496
1792260 495
1792270 494
1792280 493
1792290 493
1792300 492
1792310 491
1792320 490
1792330 490
1792340 489
1792350 489
1792360 488
1792370 488
1792380 487
1792390 487
1792400 487
1792410 486
1792420 486
1792430 486
1792440 486
1792450 485
1792460 485
1792470 485
1792480 485
1792490 485
1792500 485
1792510 485
1792520 485
1792530 485
1792540 485
1792550 485
1792560 485
1792570 486
1792580 487
1792590 488
1792600 489
1792610 490
1792620 491
1792630 492
1792640 493
1792650 494
1792660 496
1792670 497
1792680 498
1792690 499
1792700 500
1792710 500
1792720 501
1792730 500
1792740 500
1792750 500
1792760 500
1792770 499
1792780 499
1792790 498
1792800 498
1792810 498
1792820 498
1792830 497
1792840 497
1792850 497
1792860 496
1792870 496
1792880 496
1792890 495
1792900 494
1792910 494
1792920 494
1792930 493
1792940 493
1792950 493
1792960 493
1792970 494
1792980 494
1792990 494
1793000 494
1793010 494
1793020 495
1793030 495
1793040 495
1793050 496
1793060 496
1793070 496
1793080 496
1793090 497
1793100 497
1793110 498
1793120 499
1793130 500
1793140 501
1793150 502
1793160 504
1793170 505
1793180 506
1793190 507
1793200 508
1793210 509
1793220 510
1793230 511
1793240 512
1793250 513
1793260 513
1793270 514
1793280 514
1793290 514
1793300 514
1793310 515
1793320 515
1793330 515
1793340 516
1793350 516
1793360 516
1793370 516
1793380 516
1793390 516
1793400 516
1793410 516
1793420 516
1793430 515
1793440 515
1793450 515
1793460 515
1793470 515
1793480 515
1793490 515
1793500 515
1793510 515
1793520 515
1793530 515
1793540 515
1793550 514
1793560 514
1793570 514
1793580 514
1793590 514
1793600 513
1793610 513
1793620 513
1793630 513
1793640 513
1793650 512
1793660 512
1793670 512
1793680 512
1793690 512
1793700 512
1793710 512
1793720 512
1793730 512
1793740 512
1793750 512
1793760 512
1793770 512
1793780 512
1793790 511
1793800 511
1793810 511
1793820 511
1793830 511
1793840 511
1793850 511
1793860 511
1793870 511
1793880 511
1793890 511
1793900 511
1793910 511
1793920 511
1793930 511
1793940 511
1793950 511
1793960 511
1793970 511
1793980 511
1793990 511
1794000 511
1794010 511
1794020 511
1794030 511
1794040 511
1794050 511
1794060 511
1794070 510
1794080 510
1794090 510
1794100 510
1794110 510
1794120 510
1794130 510
1794140 510
1794150 510
1794160 510
1794170 509
1794180 509
1794190 509
1794200 509
1794210 509
1794220 509
1794230 509
1794240 509
1794250 509
1794260 509
1794270 509
1794280 509
1794290 509
1794300 509
1794310 509
1794320 509
1794330 509
1794340 509
1794350 509
1794360 509
1794370 508
1794380 508
1794390 508
1794400 508
1794410 508
1794420 508
1794430 507
1794440 507
1794450 507
1794460 507
1794470 507
1794480 506
1794490 506
1794500 506
1794510 506
1794520 506
1794530 505
1794540 505
1794550 505
1794560 505
1794570 505
1794580 505
1794590 505
1794600 505
1794610 505
1794620 505
1794630 505
1794640 505
1794650 505
1794660 505
1794670 504
1794680 504
1794690 504
1794700 504
1794710 504
1794720 503
1794730 503
1794740 503
1794750 503
1794760 503
1794770 503
1794780 502
1794790 502
1794800 502
1794810 502
1794820 502
1794830 502
1794840 502
1794850 502
1794860 502
1794870 502
1794880 502
1794890 502
1794900 502
1794910 502
1794920 502
1794930 502
1794940 501
1794950 501
1794960 501
1794970 501
1794980 501
1794990 501
1795000 501
1795010 501
1795020 501
1795030 501
1795040 501
1795050 501
1795060 501
1795070 501
1795080 501
1795090 501
1795100 501
1795110 501
1795120 501
1795130 501
1795140 501
1795150 501
1795160 501
1795170 501
1795180 501
1795190 501
1795200 501
1795210 501
1795220 501
1795230 501
1795240 501
1795250 501
1795260 501
1795270 501
1795280 501
1795290 501
1795300 501
1795310 501
1795320 501
1795330 501
1795340 501
1795350 500
1795360 500
1795370 500
1795380 500
1795390 500
1795400 500
1795410 500
1795420 500
1795430 500
1795440 500
1795450 500
1795460 501
1795470 501
1795480 501
1795490 501
1795500 500
1795510 500
1795520 500
1795530 500
1795540 500
1795550 500
1795560 500
1795570 500
1795580 500
1795590 500
1795600 500
1795610 500
1795620 500
1795630 500
1795640 500
1795650 500
1795660 500
1795670 500
1795680 500
1795690 500
1795700 500
1795710 500
1795720 500
1795730 500
1795740 499
1795750 499
1795760 499
1795770 499
1795780 499
1795790 499
1795800 498
1795810 498
1795820 499
1795830 499
1795840 499
1795850 500
1795860 500
1795870 500
1795880 500
1795890 500
1795900 500
1795910 500
1795920 499
1795930 499
1795940 498
1795950 498
1795960 498
1795970 498
1795980 497
1795990 497
1796000 497
1796010 497
1796020 497
1796030 497
1796040 497
1796050 496
1796060 496
1796070 496
1796080 496
1796090 495
1796100 495
1796110 495
1796120 495
1796130 495
1796140 495
1796150 495
1796160 495
1796170 495
1796180 495
1796190 495
1796200 495
1796210 495
1796220 495
1796230 495
1796240 495
1796250 495
1796260 495
1796270 495
1796280 495
1796290 495
1796300 495
1796310 495
1796320 495
1796330 495
1796340 495
1796350 495
1796360 495
1796370 495
1796380 495
1796390 495
1796400 495
1796410 494
1796420 494
1796430 494
1796440 494
1796450 494
1796460 494
1796470 494
1796480 494
1796490 494
1796500 494
1796510 494
1796520 494
1796530 494
1796540 494
1796550 494
1796560 494
1796570 494
1796580 493
1796590 494
1796600 494
1796610 494
1796620 494
1796630 494
1796640 494
1796650 494
1796660 494
1796670 494
1796680 494
1796690 494
1796700 493
1796710 493
1796720 493
1796730 493
1796740 493
1796750 493
1796760 493
1796770 492
1796780 492
1796790 492
1796800 491
1796810 491
1796820 491
1796830 491
1796840 491
1796850 490
1796860 490
1796870 490
1796880 490
1796890 490
1796900 490
1796910 490
1796920 490
1796930 490
1796940 489
1796950 489
1796960 489
1796970 489
1796980 489
1796990 489
1797000 488
1797010 488
1797020 488
1797030 487
1797040 487
1797050 487
1797060 487
1797070 487
1797080 487
1797090 486
1797100 486
1797110 486
1797120 486
1797130 486
1797140 486
1797150 486
1797160 486
1797170 486
1797180 486
1797190 486
1797200 486
1797210 486
1797220 486
1797230 486
1797240 486
1797250 485
1797260 486
1797270 486
1797280 486
1797290 486
1797300 486
1797310 486
1797320 486
1797330 486
1797340 486
1797350 486
1797360 486
1797370 486
1797380 486
1797390 486
1797400 486
1797410 486
1797420 485
1797430 485
1797440 485
1797450 485
1797460 485
1797470 485
1797480 485
1797490 485
1797500 485
1797510 485
1797520 485
1797530 485
1797540 484
1797550 484
1797560 484
1797570 484
1797580 483
1797590 483
1797600 483
1797610 484
1797620 483
1797630 483
1797640 483
1797650 483
1797660 482
1797670 482
1797680 482
1797690 481
1797700 481
1797710 481
1797720 481
1797730 481
1797740 480
1797750 480
1797760 481
1797770 481
1797780 481
1797790 481
1797800 480
1797810 480
1797820 480
1797830 480
1797840 480
1797850 480
1797860 480
1797870 480
1797880 480
1797890 480
1797900 480
1797910 480
1797920 480
1797930 480
1797940 479
1797950 479
1797960 479
1797970 479
1797980 479
1797990 478
1798000 478
1798010 478
1798020 478
1798030 478
1798040 478
1798050 478
1798060 477
1798070 477
1798080 477
1798090 477
1798100 477
1798110 476
1798120 476
1798130 476
1798140 476
1798150 476
1798160 476
1798170 476
1798180 476
1798190 476
1798200 476
1798210 476
1798220 476
1798230 475
1798240 475
1798250 475
1798260 475
1798270 475
1798280 474
1798290 474
1798300 474
1798310 474
1798320 473
1798330 473
1798340 473
1798350 473
1798360 472
1798370 472
1798380 472
1798390 472
1798400 471
1798410 471
1798420 471
1798430 471
1798440 470
1798450 470
1798460 470
1798470 470
1798480 470
1798490 470
1798500 470
1798510 470
1798520 470
1798530 470
1798540 470
1798550 470
1798560 470
1798570 470
1798580 470
1798590 469
1798600 469
1798610 469
1798620 468
1798630 468
1798640 468
1798650 467
1798660 467
1798670 466
1798680 466
1798690 466
1798700 465
1798710 465
1798720 465
1798730 465
1798740 465
1798750 465
1798760 464
1798770 464
1798780 464
1798790 464
1798800 463
1798810 463
1798820 463
1798830 463
1798840 463
1798850 463
1798860 462
1798870 462
1798880 461
1798890 461
1798900 461
1798910 461
1798920 461
1798930 461
1798940 460
1798950 460
1798960 460
1798970 460
1798980 460
1798990 460
1799000 460
1799010 459
1799020 459
1799030 458
1799040 457
1799050 456
1799060 454
1799070 452
1799080 452
1799090 453
1799100 455
1799110 457
1799120 458
1799130 458
1799140 458
1799150 457
1799160 456
1799170 456
1799180 455
1799190 455
1799200 454
1799210 454
1799220 453
1799230 452
1799240 452
1799250 451
1799260 450
1799270 449
1799280 448
1799290 447
1799300 446
1799310 446
1799320 445
1799330 445
1799340 445
1799350 444
1799360 444
1799370 443
1799380 443
1799390 442
1799400 441
1799410 441
1799420 440
1799430 439
1799440 439
1799450 439
1799460 439
1799470 438
1799480 438
1799490 438
1799500 437
1799510 437
1799520 437
1799530 437
1799540 437
1799550 437
1799560 437
1799570 437
1799580 437
1799590 437
1799600 437
1799610 437
1799620 437
1799630 438
1799640 438
1799650 438
1799660 438
1799670 438
1799680 438
1799690 438
1799700 437
1799710 437
1799720 437
1799730 437
1799740 437
1799750 437
1799760 436
1799770 436
1799780 435
1799790 435
1799800 434
1799810 433
1799820 432
1799830 431
1799840 430
1799850 430
1799860 429
1799870 429
1799880 429
1799890 429
1799900 429
1799910 429
1799920 429
1799930 429
1799940 429
1799950 430
1799960 430
1799970 430
1799980 430
1799990 430
