1780000 469
1780010 469
1780020 468
1780030 466
1780040 465
1780050 464
1780060 462
1780070 460
1780080 459
1780090 457
1780100 456
1780110 455
1780120 454
1780130 453
1780140 452
1780150 450
1780160 448
1780170 448
1780180 448
1780190 450
1780200 451
1780210 453
1780220 455
1780230 457
1780240 460
1780250 462
1780260 463
1780270 464
1780280 464
1780290 464
1780300 464
1780310 464
1780320 464
1780330 465
1780340 465
1780350 466
1780360 467
1780370 468
1780380 469
1780390 470
1780400 471
1780410 472
1780420 474
1780430 477
1780440 480
1780450 483
1780460 487
1780470 490
1780480 493
1780490 497
1780500 501
1780510 504
1780520 508
1780530 512
1780540 515
1780550 520
1780560 524
1780570 527
1780580 531
1780590 535
1780600 538
1780610 542
1780620 546
1780630 550
1780640 554
1780650 558
1780660 562
1780670 565
1780680 569
1780690 573
1780700 576
1780710 580
1780720 584
1780730 588
1780740 592
1780750 596
1780760 600
1780770 606
1780780 613
1780790 617
1780800 622
1780810 626
1780820 631
1780830 636
1780840 641
1780850 647
1780860 655
1780870 664
1780880 672
1780890 677
1780900 679
1780910 678
1780920 679
1780930 680
1780940 680
1780950 680
1780960 680
1780970 681
1780980 681
1780990 682
1781000 682
1781010 682
1781020 682
1781030 682
1781040 681
1781050 681
1781060 681
1781070 680
1781080 681
1781090 681
1781100 683
1781110 684
1781120 686
1781130 687
1781140 689
1781150 690
1781160 691
1781170 692
1781180 693
1781190 694
1781200 695
1781210 695
1781220 696
1781230 698
1781240 699
1781250 702
1781260 705
1781270 708
1781280 711
1781290 713
1781300 715
1781310 718
1781320 721
1781330 724
1781340 727
1781350 730
1781360 733
1781370 734
1781380 733
1781390 730
1781400 724
1781410 719
1781420 715
1781430 711
1781440 708
1781450 705
1781460 702
1781470 699
1781480 696
1781490 692
1781500 689
1781510 685
1781520 681
1781530 677
1781540 673
1781550 670
1781560 666
1781570 663
1781580 661
1781590 659
1781600 657
1781610 655
1781620 654
1781630 655
1781640 657
1781650 660
1781660 663
1781670 666
1781680 669
1781690 672
1781700 675
1781710 678
1781720 680
1781730 683
1781740 685
1781750 687
1781760 690
1781770 692
1781780 695
1781790 697
1781800 700
1781810 702
1781820 704
1781830 707
1781840 709
1781850 711
1781860 713
1781870 716
1781880 718
1781890 720
1781900 722
1781910 724
1781920 725
1781930 727
1781940 729
1781950 730
1781960 732
1781970 734
1781980 735
1781990 736
1782000 736
1782010 737
1782020 737
1782030 738
1782040 738
1782050 738
1782060 739
1782070 739
1782080 740
1782090 740
1782100 740
1782110 740
1782120 740
1782130 740
1782140 739
1782150 739
1782160 739
1782170 739
1782180 739
1782190 738
1782200 738
1782210 737
1782220 737
1782230 736
1782240 735
1782250 735
1782260 733
1782270 731
1782280 728
1782290 725
1782300 723
1782310 720
1782320 718
1782330 715
1782340 713
1782350 709
1782360 706
1782370 702
1782380 697
1782390 693
1782400 688
1782410 685
1782420 681
1782430 678
1782440 675
1782450 673
1782460 671
1782470 669
1782480 668
1782490 667
1782500 666
1782510 664
1782520 663
1782530 661
1782540 659
1782550 657
1782560 654
1782570 652
1782580 649
1782590 646
1782600 642
1782610 639
1782620 635
1782630 632
1782640 631
1782650 630
1782660 630
1782670 629
1782680 629
1782690 629
1782700 629
1782710 628
1782720 627
1782730 625
1782740 622
1782750 619
1782760 616
1782770 614
1782780 613
1782790 614
1782800 617
1782810 620
1782820 623
1782830 627
1782840 630
1782850 634
1782860 637
1782870 640
1782880 644
1782890 647
1782900 651
1782910 654
1782920 657
1782930 659
1782940 660
1782950 659
1782960 657
1782970 655
1782980 652
1782990 648
1783000 644
1783010 641
1783020 637
1783030 633
1783040 629
1783050 625
1783060 620
1783070 616
1783080 611
1783090 607
1783100 603
1783110 599
1783120 595
1783130 592
1783140 589
1783150 585
1783160 582
1783170 579
1783180 575
1783190 572
1783200 568
1783210 564
1783220 560
1783230 557
1783240 554
1783250 552
1783260 551
1783270 552
1783280 553
1783290 555
1783300 557
1783310 559
1783320 560
1783330 562
1783340 564
1783350 565
1783360 565
1783370 564
1783380 561
1783390 558
1783400 555
1783410 552
1783420 550
1783430 548
1783440 546
1783450 543
1783460 541
1783470 538
1783480 535
1783490 531
1783500 528
1783510 526
1783520 524
1783530 526
1783540 528
1783550 531
1783560 534
1783570 536
1783580 538
1783590 540
1783600 543
1783610 546
1783620 550
1783630 553
1783640 557
1783650 561
1783660 565
1783670 569
1783680 573
1783690 577
1783700 581
1783710 586
1783720 590
1783730 594
1783740 598
1783750 602
1783760 606
1783770 610
1783780 613
1783790 616
1783800 618
1783810 617
1783820 615
1783830 612
1783840 609
1783850 607
1783860 604
1783870 601
1783880 598
1783890 595
1783900 591
1783910 587
1783920 583
1783930 578
1783940 573
1783950 568
1783960 563
1783970 558
1783980 554
1783990 549
1784000 545
1784010 541
1784020 537
1784030 533
1784040 529
1784050 525
1784060 521
1784070 518
1784080 514
1784090 511
1784100 508
1784110 504
1784120 501
1784130 498
1784140 495
1784150 493
1784160 490
1784170 488
1784180 486
1784190 484
1784200 483
1784210 481
1784220 480
1784230 480
1784240 480
1784250 480
1784260 482
1784270 483
1784280 484
1784290 484
1784300 484
1784310 485
1784320 485
1784330 485
1784340 485
1784350 485
1784360 485
1784370 485
1784380 484
1784390 483
1784400 482
1784410 483
1784420 484
1784430 484
1784440 483
1784450 484
1784460 486
1784470 487
1784480 488
1784490 489
1784500 489
1784510 486
1784520 481
1784530 475
1784540 471
1784550 467
1784560 463
1784570 461
1784580 458
1784590 456
1784600 454
1784610 454
1784620 454
1784630 454
1784640 455
1784650 457
1784660 460
1784670 463
1784680 466
1784690 468
1784700 470
1784710 473
1784720 475
1784730 478
1784740 480
1784750 482
1784760 484
1784770 487
1784780 490
1784790 493
1784800 495
1784810 498
1784820 500
1784830 501
1784840 501
1784850 502
1784860 502
1784870 504
1784880 507
1784890 510
1784900 514
1784910 517
1784920 520
1784930 519
1784940 519
1784950 517
1784960 516
1784970 516
1784980 515
1784990 513
1785000 511
1785010 509
1785020 505
1785030 502
1785040 500
1785050 501
1785060 503
1785070 506
1785080 509
1785090 511
1785100 514
1785110 517
1785120 521
1785130 525
1785140 529
1785150 532
1785160 536
1785170 539
1785180 542
1785190 545
1785200 549
1785210 553
1785220 557
1785230 560
1785240 564
1785250 568
1785260 572
1785270 576
1785280 580
1785290 584
1785300 588
1785310 592
1785320 596
1785330 600
1785340 604
1785350 608
1785360 612
1785370 616
1785380 619
1785390 623
1785400 626
1785410 628
1785420 630
1785430 632
1785440 633
1785450 634
1785460 635
1785470 636
1785480 638
1785490 640
1785500 643
1785510 644
1785520 645
1785530 646
1785540 649
1785550 652
1785560 655
1785570 658
1785580 661
1785590 664
1785600 668
1785610 671
1785620 675
1785630 679
1785640 682
1785650 686
1785660 689
1785670 693
1785680 696
1785690 700
1785700 704
1785710 708
1785720 712
1785730 715
1785740 719
1785750 723
1785760 726
1785770 730
1785780 733
1785790 737
1785800 740
1785810 744
1785820 747
1785830 751
1785840 754
1785850 757
1785860 761
1785870 764
1785880 767
1785890 770
1785900 773
1785910 775
1785920 778
1785930 780
1785940 782
1785950 784
1785960 786
1785970 788
1785980 790
1785990 792
1786000 794
1786010 796
1786020 798
1786030 801
1786040 803
1786050 805
1786060 807
1786070 809
1786080 811
1786090 814
1786100 816
1786110 818
1786120 821
1786130 824
1786140 827
1786150 829
1786160 832
1786170 835
1786180 837
1786190 840
1786200 843
1786210 846
1786220 848
1786230 851
1786240 854
1786250 857
1786260 860
1786270 863
1786280 866
1786290 869
1786300 872
1786310 875
1786320 879
1786330 883
1786340 887
1786350 890
1786360 893
1786370 895
1786380 898
1786390 900
1786400 902
1786410 905
1786420 908
1786430 911
1786440 914
1786450 917
1786460 920
1786470 922
1786480 923
1786490 923
1786500 922
1786510 920
1786520 919
1786530 917
1786540 916
1786550 914
1786560 912
1786570 910
1786580 907
1786590 905
1786600 903
1786610 901
1786620 899
1786630 897
1786640 896
1786650 895
1786660 893
1786670 891
1786680 889
1786690 887
1786700 886
1786710 885
1786720 884
1786730 882
1786740 881
1786750 878
1786760 876
1786770 874
1786780 873
1786790 871
1786800 870
1786810 869
1786820 867
1786830 865
1786840 863
1786850 861
1786860 858
1786870 856
1786880 854
1786890 852
1786900 850
1786910 848
1786920 846
1786930 843
1786940 841
1786950 839
1786960 837
1786970 834
1786980 832
1786990 830
1787000 828
1787010 826
1787020 824
1787030 822
1787040 820
1787050 818
1787060 816
1787070 814
1787080 812
1787090 810
1787100 809
1787110 807
1787120 805
1787130 803
1787140 800
1787150 798
1787160 796
1787170 794
1787180 792
1787190 790
1787200 788
1787210 786
1787220 784
1787230 782
1787240 780
1787250 778
1787260 776
1787270 773
1787280 771
1787290 769
1787300 767
1787310 766
1787320 764
1787330 762
1787340 760
1787350 759
1787360 757
1787370 755
1787380 753
1787390 751
1787400 750
1787410 748
1787420 747
1787430 746
1787440 745
1787450 744
1787460 743
1787470 742
1787480 742
1787490 740
1787500 739
1787510 738
1787520 737
1787530 736
1787540 735
1787550 733
1787560 732
1787570 731
1787580 730
1787590 729
1787600 728
1787610 727
1787620 726
1787630 725
1787640 724
1787650 723
1787660 722
1787670 721
1787680 719
1787690 718
1787700 715
1787710 714
1787720 713
1787730 713
1787740 713
1787750 713
1787760 713
1787770 713
1787780 713
1787790 713
1787800 714
1787810 714
1787820 714
1787830 714
1787840 714
1787850 714
1787860 714
1787870 714
1787880 713
1787890 713
1787900 713
1787910 712
1787920 712
1787930 712
1787940 711
1787950 711
1787960 710
1787970 709
1787980 709
1787990 708
1788000 708
1788010 707
1788020 706
1788030 705
1788040 704
1788050 703
1788060 702
1788070 702
1788080 701
1788090 701
1788100 701
1788110 701
1788120 701
1788130 700
1788140 700
1788150 700
1788160 700
1788170 699
1788180 700
1788190 700
1788200 700
1788210 700
1788220 700
1788230 700
1788240 700
1788250 700
1788260 699
1788270 699
1788280 698
1788290 698
1788300 697
1788310 697
1788320 697
1788330 698
1788340 698
1788350 698
1788360 699
1788370 699
1788380 699
1788390 699
1788400 699
1788410 699
1788420 699
1788430 699
1788440 699
1788450 699
1788460 699
1788470 699
1788480 699
1788490 699
1788500 698
1788510 698
1788520 698
1788530 698
1788540 697
1788550 697
1788560 696
1788570 696
1788580 695
1788590 695
1788600 694
1788610 693
1788620 692
1788630 691
1788640 690
1788650 689
1788660 688
1788670 687
1788680 686
1788690 685
1788700 684
1788710 682
1788720 681
1788730 680
1788740 678
1788750 677
1788760 676
1788770 675
1788780 673
1788790 671
1788800 669
1788810 667
1788820 665
1788830 662
1788840 660
1788850 657
1788860 655
1788870 652
1788880 650
1788890 647
1788900 645
1788910 643
1788920 641
1788930 639
1788940 636
1788950 634
1788960 632
1788970 631
1788980 629
1788990 627
1789000 626
1789010 624
1789020 622
1789030 621
1789040 619
1789050 617
1789060 616
1789070 614
1789080 612
1789090 611
1789100 609
1789110 608
1789120 606
1789130 605
1789140 603
1789150 602
1789160 600
1789170 599
1789180 598
1789190 596
1789200 595
1789210 593
1789220 591
1789230 590
1789240 589
1789250 587
1789260 586
1789270 584
1789280 583
1789290 582
1789300 580
1789310 578
1789320 576
1789330 574
1789340 574
1789350 573
1789360 573
1789370 572
1789380 570
1789390 569
1789400 568
1789410 567
1789420 566
1789430 564
1789440 562
1789450 559
1789460 556
1789470 552
1789480 549
1789490 546
1789500 544
1789510 541
1789520 539
1789530 538
1789540 537
1789550 536
1789560 535
1789570 535
1789580 534
1789590 533
1789600 533
1789610 532
1789620 531
1789630 531
1789640 530
1789650 529
1789660 529
1789670 528
1789680 527
1789690 527
1789700 526
1789710 525
1789720 525
1789730 524
1789740 524
1789750 523
1789760 523
1789770 522
1789780 522
1789790 522
1789800 521
1789810 521
1789820 521
1789830 520
1789840 520
1789850 519
1789860 519
1789870 518
1789880 517
1789890 516
1789900 515
1789910 515
1789920 514
1789930 514
1789940 513
1789950 513
1789960 512
1789970 512
1789980 511
1789990 511
1790000 511
1790010 511
1790020 511
1790030 511
1790040 512
1790050 512
1790060 512
1790070 512
1790080 512
1790090 511
1790100 512
1790110 513
1790120 513
1790130 513
1790140 513
1790150 514
1790160 514
1790170 514
1790180 514
1790190 513
1790200 513
1790210 513
1790220 513
1790230 512
1790240 512
1790250 511
1790260 511
1790270 510
1790280 510
1790290 510
1790300 509
1790310 509
1790320 509
1790330 508
1790340 508
1790350 507
1790360 507
1790370 507
1790380 507
1790390 507
1790400 507
1790410 507
1790420 507
1790430 506
1790440 505
1790450 505
1790460 504
1790470 504
1790480 504
1790490 504
1790500 504
1790510 503
1790520 503
1790530 502
1790540 502
1790550 501
1790560 500
1790570 500
1790580 499
1790590 499
1790600 498
1790610 498
1790620 498
1790630 498
1790640 498
1790650 498
1790660 499
1790670 499
1790680 498
1790690 498
1790700 498
1790710 496
1790720 495
1790730 492
1790740 490
1790750 488
1790760 489
1790770 491
1790780 492
1790790 494
1790800 495
1790810 495
1790820 496
1790830 496
1790840 496
1790850 496
1790860 496
1790870 496
1790880 496
1790890 497
1790900 497
1790910 497
1790920 498
1790930 499
1790940 500
1790950 501
1790960 501
1790970 502
1790980 501
1790990 500
1791000 500
1791010 498
1791020 497
1791030 495
1791040 494
1791050 494
1791060 494
1791070 495
1791080 496
1791090 497
1791100 498
1791110 499
1791120 500
1791130 501
1791140 503
1791150 504
1791160 506
1791170 507
1791180 508
1791190 508
1791200 509
1791210 509
1791220 510
1791230 511
1791240 512
1791250 513
1791260 513
1791270 514
1791280 514
1791290 515
1791300 516
1791310 517
1791320 517
1791330 518
1791340 518
1791350 517
1791360 516
1791370 515
1791380 513
1791390 512
1791400 511
1791410 510
1791420 509
1791430 509
1791440 508
1791450 507
1791460 507
1791470 506
1791480 505
1791490 504
1791500 503
1791510 502
1791520 502
1791530 501
1791540 501
1791550 500
1791560 500
1791570 500
1791580 500
1791590 500
1791600 500
1791610 499
1791620 497
1791630 495
1791640 493
1791650 492
1791660 491
1791670 490
1791680 490
1791690 489
1791700 488
1791710 488
1791720 487
1791730 486
1791740 486
1791750 485
1791760 485
1791770 483
1791780 482
1791790 481
1791800 481
1791810 481
1791820 481
1791830 482
1791840 482
1791850 482
1791860 483
1791870 484
1791880 485
1791890 485
1791900 485
1791910 485
1791920 486
1791930 487
1791940 487
1791950 487
1791960 488
1791970 488
1791980 489
1791990 489
1792000 490
1792010 491
1792020 491
1792030 492
1792040 493
1792050 494
1792060 495
1792070 497
1792080 498
1792090 499
1792100 500
1792110 501
1792120 502
1792130 503
1792140 504
1792150 505
1792160 506
1792170 506
1792180 507
1792190 507
1792200 508
1792210 509
1792220 509
1792230 510
1792240 510
1792250 511
1792260 512
1792270 512
1792280 513
1792290 513
1792300 513
1792310 514
1792320 514
1792330 515
1792340 515
1792350 515
1792360 516
1792370 517
1792380 517
1792390 518
1792400 518
1792410 518
1792420 518
1792430 519
1792440 518
1792450 518
1792460 518
1792470 518
1792480 518
1792490 517
1792500 517
1792510 517
1792520 517
1792530 517
1792540 517
1792550 517
1792560 517
1792570 518
1792580 518
1792590 518
1792600 518
1792610 519
1792620 519
1792630 519
1792640 519
1792650 519
1792660 519
1792670 519
1792680 518
1792690 518
1792700 518
1792710 518
1792720 518
1792730 518
1792740 517
1792750 517
1792760 517
1792770 517
1792780 517
1792790 517
1792800 517
1792810 517
1792820 517
1792830 517
1792840 517
1792850 517
1792860 517
1792870 517
1792880 517
1792890 517
1792900 517
1792910 517
1792920 517
1792930 517
1792940 517
1792950 517
1792960 517
1792970 517
1792980 517
1792990 516
1793000 516
1793010 516
1793020 516
1793030 516
1793040 516
1793050 515
1793060 515
1793070 515
1793080 515
1793090 515
1793100 515
1793110 515
1793120 514
1793130 514
1793140 514
1793150 514
1793160 513
1793170 513
1793180 513
1793190 513
1793200 512
1793210 512
1793220 512
1793230 512
1793240 511
1793250 511
1793260 511
1793270 511
1793280 511
1793290 511
1793300 511
1793310 511
1793320 511
1793330 511
1793340 511
1793350 511
1793360 511
1793370 511
1793380 511
1793390 510
1793400 510
1793410 510
1793420 510
1793430 510
1793440 510
1793450 510
1793460 510
1793470 510
1793480 510
1793490 509
1793500 509
1793510 509
1793520 509
1793530 509
1793540 509
1793550 508
1793560 508
1793570 508
1793580 508
1793590 508
1793600 508
1793610 508
1793620 508
1793630 507
1793640 507
1793650 507
1793660 507
1793670 507
1793680 507
1793690 506
1793700 506
1793710 506
1793720 506
1793730 506
1793740 506
1793750 506
1793760 506
1793770 506
1793780 505
1793790 505
1793800 505
1793810 505
1793820 505
1793830 505
1793840 505
1793850 504
1793860 504
1793870 504
1793880 504
1793890 504
1793900 504
1793910 503
1793920 503
1793930 503
1793940 503
1793950 503
1793960 503
1793970 502
1793980 502
1793990 502
1794000 502
1794010 501
1794020 501
1794030 501
1794040 501
1794050 501
1794060 501
1794070 501
1794080 501
1794090 502
1794100 502
1794110 502
1794120 502
1794130 501
1794140 501
1794150 501
1794160 501
1794170 501
1794180 501
1794190 502
1794200 501
1794210 501
1794220 501
1794230 501
1794240 501
1794250 501
1794260 501
1794270 501
1794280 501
1794290 501
1794300 501
1794310 500
1794320 500
1794330 500
1794340 500
1794350 500
1794360 500
1794370 500
1794380 500
1794390 500
1794400 501
1794410 501
1794420 501
1794430 502
1794440 502
1794450 502
1794460 502
1794470 502
1794480 502
1794490 502
1794500 502
1794510 502
1794520 503
1794530 503
1794540 503
1794550 503
1794560 503
1794570 503
1794580 503
1794590 503
1794600 503
1794610 503
1794620 503
1794630 503
1794640 503
1794650 503
1794660 503
1794670 503
1794680 503
1794690 503
1794700 503
1794710 503
1794720 503
1794730 503
1794740 503
1794750 503
1794760 503
1794770 504
1794780 504
1794790 504
1794800 503
1794810 503
1794820 503
1794830 503
1794840 503
1794850 503
1794860 504
1794870 504
1794880 504
1794890 504
1794900 504
1794910 504
1794920 504
1794930 504
1794940 504
1794950 504
1794960 504
1794970 504
1794980 505
1794990 505
1795000 505
1795010 505
1795020 505
1795030 505
1795040 505
1795050 505
1795060 505
1795070 505
1795080 505
1795090 505
1795100 505
1795110 505
1795120 505
1795130 505
1795140 505
1795150 505
1795160 505
1795170 505
1795180 505
1795190 505
1795200 505
1795210 506
1795220 506
1795230 506
1795240 506
1795250 506
1795260 506
1795270 505
1795280 505
1795290 505
1795300 505
1795310 505
1795320 505
1795330 505
1795340 505
1795350 505
1795360 504
1795370 504
1795380 504
1795390 504
1795400 504
1795410 505
1795420 505
1795430 505
1795440 504
1795450 504
1795460 504
1795470 504
1795480 504
1795490 504
1795500 504
1795510 504
1795520 504
1795530 503
1795540 503
1795550 503
1795560 503
1795570 503
1795580 503
1795590 503
1795600 503
1795610 503
1795620 503
1795630 503
1795640 503
1795650 503
1795660 503
1795670 503
1795680 503
1795690 503
1795700 503
1795710 503
1795720 503
1795730 503
1795740 503
1795750 503
1795760 503
1795770 502
1795780 502
1795790 502
1795800 502
1795810 502
1795820 502
1795830 502
1795840 502
1795850 501
1795860 501
1795870 501
1795880 501
1795890 501
1795900 500
1795910 500
1795920 500
1795930 500
1795940 500
1795950 500
1795960 500
1795970 500
1795980 500
1795990 501
1796000 501
1796010 501
1796020 501
1796030 501
1796040 501
1796050 501
1796060 501
1796070 501
1796080 501
1796090 501
1796100 501
1796110 501
1796120 501
1796130 501
1796140 500
1796150 500
1796160 500
1796170 500
1796180 500
1796190 500
1796200 500
1796210 500
1796220 500
1796230 500
1796240 500
1796250 500
1796260 500
1796270 499
1796280 499
1796290 499
1796300 499
1796310 499
1796320 499
1796330 499
1796340 499
1796350 499
1796360 499
1796370 499
1796380 498
1796390 498
1796400 498
1796410 498
1796420 498
1796430 498
1796440 498
1796450 498
1796460 498
1796470 498
1796480 498
1796490 498
1796500 497
1796510 497
1796520 497
1796530 497
1796540 497
1796550 497
1796560 497
1796570 497
1796580 497
1796590 497
1796600 497
1796610 497
1796620 497
1796630 497
1796640 497
1796650 496
1796660 496
1796670 496
1796680 496
1796690 497
1796700 497
1796710 497
1796720 496
1796730 496
1796740 496
1796750 496
1796760 496
1796770 496
1796780 495
1796790 495
1796800 495
1796810 495
1796820 495
1796830 495
1796840 495
1796850 495
1796860 495
1796870 495
1796880 494
1796890 494
1796900 494
1796910 494
1796920 493
1796930 493
1796940 493
1796950 493
1796960 493
1796970 493
1796980 492
1796990 492
1797000 492
1797010 492
1797020 492
1797030 492
1797040 492
1797050 492
1797060 492
1797070 492
1797080 492
1797090 492
1797100 491
1797110 491
1797120 491
1797130 491
1797140 491
1797150 490
1797160 490
1797170 490
1797180 490
1797190 490
1797200 490
1797210 490
1797220 490
1797230 490
1797240 490
1797250 490
1797260 490
1797270 490
1797280 490
1797290 490
1797300 490
1797310 490
1797320 490
1797330 490
1797340 490
1797350 489
1797360 489
1797370 489
1797380 489
1797390 489
1797400 489
1797410 489
1797420 489
1797430 489
1797440 489
1797450 488
1797460 488
1797470 488
1797480 488
1797490 488
1797500 488
1797510 488
1797520 488
1797530 488
1797540 488
1797550 488
1797560 487
1797570 487
1797580 487
1797590 487
1797600 487
1797610 487
1797620 486
1797630 486
1797640 486
1797650 486
1797660 486
1797670 486
1797680 485
1797690 485
1797700 485
1797710 485
1797720 485
1797730 485
1797740 485
1797750 485
1797760 485
1797770 484
1797780 484
1797790 484
1797800 484
1797810 484
1797820 484
1797830 483
1797840 483
1797850 483
1797860 483
1797870 483
1797880 483
1797890 483
1797900 483
1797910 483
1797920 483
1797930 483
1797940 482
1797950 482
1797960 482
1797970 481
1797980 481
1797990 481
1798000 480
1798010 480
1798020 480
1798030 480
1798040 480
1798050 479
1798060 479
1798070 479
1798080 479
1798090 479
1798100 479
1798110 479
1798120 478
1798130 478
1798140 478
1798150 478
1798160 478
1798170 478
1798180 477
1798190 477
1798200 477
1798210 477
1798220 477
1798230 477
1798240 477
1798250 476
1798260 476
1798270 476
1798280 476
1798290 475
1798300 475
1798310 475
1798320 475
1798330 475
1798340 474
1798350 474
1798360 474
1798370 474
1798380 473
1798390 473
1798400 473
1798410 472
1798420 472
1798430 472
1798440 472
1798450 472
1798460 471
1798470 471
1798480 471
1798490 471
1798500 471
1798510 471
1798520 471
1798530 471
1798540 471
1798550 471
1798560 471
1798570 471
1798580 471
1798590 471
1798600 471
1798610 471
1798620 471
1798630 471
1798640 471
1798650 470
1798660 470
1798670 470
1798680 470
1798690 470
1798700 470
1798710 470
1798720 470
1798730 470
1798740 470
1798750 470
1798760 470
1798770 470
1798780 470
1798790 470
1798800 470
1798810 469
1798820 469
1798830 469
1798840 469
1798850 469
1798860 468
1798870 468
1798880 468
1798890 467
1798900 467
1798910 467
1798920 466
1798930 466
1798940 466
1798950 465
1798960 465
1798970 465
1798980 464
1798990 464
1799000 464
1799010 464
1799020 464
1799030 463
1799040 463
1799050 463
1799060 463
1799070 463
1799080 462
1799090 462
1799100 462
1799110 462
1799120 461
1799130 461
1799140 461
1799150 461
1799160 460
1799170 460
1799180 460
1799190 460
1799200 459
1799210 459
1799220 459
1799230 458
1799240 458
1799250 458
1799260 458
1799270 457
1799280 457
1799290 457
1799300 456
1799310 456
1799320 456
1799330 456
1799340 456
1799350 455
1799360 455
1799370 455
1799380 455
1799390 455
1799400 455
1799410 454
1799420 454
1799430 454
1799440 454
1799450 454
1799460 454
1799470 454
1799480 453
1799490 453
1799500 453
1799510 453
1799520 453
1799530 453
1799540 452
1799550 452
1799560 452
1799570 452
1799580 452
1799590 452
1799600 451
1799610 451
1799620 451
1799630 451
1799640 451
1799650 451
1799660 451
1799670 451
1799680 451
1799690 451
1799700 451
1799710 451
1799720 451
1799730 451
1799740 451
1799750 450
1799760 450
1799770 450
1799780 450
1799790 450
1799800 450
1799810 450
1799820 449
1799830 449
1799840 449
1799850 449
1799860 449
1799870 448
1799880 448
1799890 448
1799900 448
1799910 448
1799920 447
1799930 447
1799940 447
1799950 446
1799960 446
1799970 445
1799980 445
1799990 444
