1780000 563
1780010 561
1780020 558
1780030 557
1780040 555
1780050 553
1780060 551
1780070 547
1780080 543
1780090 539
1780100 534
1780110 531
1780120 527
1780130 524
1780140 521
1780150 518
1780160 516
1780170 513
1780180 511
1780190 509
1780200 506
1780210 504
1780220 501
1780230 499
1780240 497
1780250 496
1780260 497
1780270 501
1780280 505
1780290 509
1780300 513
1780310 517
1780320 522
1780330 526
1780340 530
1780350 534
1780360 539
1780370 543
1780380 547
1780390 551
1780400 554
1780410 558
1780420 562
1780430 566
1780440 568
1780450 569
1780460 568
1780470 566
1780480 564
1780490 562
1780500 560
1780510 558
1780520 555
1780530 553
1780540 551
1780550 549
1780560 548
1780570 546
1780580 545
1780590 544
1780600 542
1780610 541
1780620 540
1780630 539
1780640 537
1780650 537
1780660 537
1780670 538
1780680 542
1780690 545
1780700 548
1780710 551
1780720 554
1780730 557
1780740 561
1780750 564
1780760 567
1780770 571
1780780 574
1780790 578
1780800 581
1780810 585
1780820 588
1780830 591
1780840 594
1780850 598
1780860 601
1780870 604
1780880 608
1780890 611
1780900 615
1780910 618
1780920 622
1780930 626
1780940 629
1780950 633
1780960 637
1780970 641
1780980 644
1780990 648
1781000 652
1781010 656
1781020 661
1781030 665
1781040 670
1781050 675
1781060 680
1781070 685
1781080 690
1781090 695
1781100 699
1781110 706
1781120 712
1781130 719
1781140 725
1781150 731
1781160 737
1781170 748
1781180 758
1781190 767
1781200 775
1781210 781
1781220 787
1781230 794
1781240 800
1781250 805
1781260 811
1781270 815
1781280 819
1781290 821
1781300 823
1781310 824
1781320 826
1781330 827
1781340 828
1781350 828
1781360 827
1781370 826
1781380 824
1781390 820
1781400 813
1781410 808
1781420 803
1781430 799
1781440 794
1781450 789
1781460 785
1781470 781
1781480 776
1781490 772
1781500 768
1781510 764
1781520 760
1781530 756
1781540 752
1781550 749
1781560 745
1781570 742
1781580 738
1781590 736
1781600 734
1781610 733
1781620 730
1781630 728
1781640 726
1781650 728
1781660 730
1781670 733
1781680 736
1781690 740
1781700 743
1781710 747
1781720 751
1781730 754
1781740 758
1781750 762
1781760 766
1781770 770
1781780 774
1781790 778
1781800 782
1781810 785
1781820 789
1781830 793
1781840 796
1781850 800
1781860 805
1781870 809
1781880 814
1781890 819
1781900 822
1781910 825
1781920 828
1781930 829
1781940 831
1781950 833
1781960 837
1781970 842
1781980 849
1781990 853
1782000 856
1782010 858
1782020 860
1782030 862
1782040 863
1782050 863
1782060 864
1782070 864
1782080 863
1782090 863
1782100 862
1782110 861
1782120 860
1782130 859
1782140 857
1782150 855
1782160 853
1782170 851
1782180 848
1782190 846
1782200 844
1782210 842
1782220 839
1782230 837
1782240 835
1782250 834
1782260 832
1782270 830
1782280 828
1782290 827
1782300 824
1782310 821
1782320 817
1782330 814
1782340 811
1782350 809
1782360 807
1782370 804
1782380 802
1782390 799
1782400 797
1782410 795
1782420 793
1782430 791
1782440 789
1782450 787
1782460 785
1782470 783
1782480 782
1782490 780
1782500 779
1782510 777
1782520 775
1782530 772
1782540 770
1782550 768
1782560 766
1782570 764
1782580 761
1782590 759
1782600 757
1782610 755
1782620 754
1782630 752
1782640 750
1782650 749
1782660 748
1782670 747
1782680 746
1782690 745
1782700 743
1782710 742
1782720 742
1782730 741
1782740 739
1782750 736
1782760 733
1782770 731
1782780 729
1782790 728
1782800 728
1782810 728
1782820 727
1782830 726
1782840 726
1782850 725
1782860 723
1782870 721
1782880 719
1782890 716
1782900 713
1782910 710
1782920 707
1782930 704
1782940 701
1782950 698
1782960 696
1782970 694
1782980 693
1782990 691
1783000 688
1783010 686
1783020 683
1783030 680
1783040 676
1783050 672
1783060 668
1783070 665
1783080 664
1783090 664
1783100 665
1783110 664
1783120 664
1783130 664
1783140 665
1783150 665
1783160 664
1783170 664
1783180 664
1783190 663
1783200 661
1783210 660
1783220 659
1783230 657
1783240 655
1783250 653
1783260 651
1783270 648
1783280 645
1783290 642
1783300 639
1783310 636
1783320 632
1783330 629
1783340 626
1783350 623
1783360 620
1783370 616
1783380 613
1783390 609
1783400 605
1783410 602
1783420 599
1783430 595
1783440 591
1783450 587
1783460 583
1783470 580
1783480 577
1783490 574
1783500 571
1783510 569
1783520 568
1783530 568
1783540 570
1783550 572
1783560 575
1783570 580
1783580 585
1783590 590
1783600 595
1783610 600
1783620 603
1783630 605
1783640 608
1783650 611
1783660 613
1783670 616
1783680 619
1783690 622
1783700 623
1783710 624
1783720 621
1783730 618
1783740 615
1783750 611
1783760 607
1783770 603
1783780 599
1783790 595
1783800 591
1783810 587
1783820 583
1783830 578
1783840 574
1783850 569
1783860 564
1783870 562
1783880 562
1783890 564
1783900 566
1783910 567
1783920 568
1783930 569
1783940 569
1783950 569
1783960 567
1783970 566
1783980 565
1783990 565
1784000 564
1784010 564
1784020 564
1784030 564
1784040 564
1784050 564
1784060 562
1784070 560
1784080 558
1784090 554
1784100 551
1784110 548
1784120 545
1784130 542
1784140 539
1784150 536
1784160 532
1784170 530
1784180 529
1784190 529
1784200 531
1784210 534
1784220 538
1784230 540
1784240 544
1784250 547
1784260 550
1784270 554
1784280 557
1784290 561
1784300 564
1784310 568
1784320 572
1784330 576
1784340 580
1784350 584
1784360 585
1784370 586
1784380 585
1784390 583
1784400 580
1784410 578
1784420 575
1784430 571
1784440 568
1784450 565
1784460 561
1784470 558
1784480 555
1784490 552
1784500 548
1784510 545
1784520 542
1784530 539
1784540 535
1784550 531
1784560 527
1784570 523
1784580 520
1784590 517
1784600 515
1784610 513
1784620 512
1784630 511
1784640 510
1784650 509
1784660 508
1784670 506
1784680 503
1784690 499
1784700 497
1784710 494
1784720 494
1784730 494
1784740 495
1784750 496
1784760 496
1784770 496
1784780 495
1784790 493
1784800 491
1784810 491
1784820 490
1784830 489
1784840 489
1784850 488
1784860 488
1784870 487
1784880 487
1784890 486
1784900 486
1784910 486
1784920 487
1784930 487
1784940 488
1784950 488
1784960 489
1784970 490
1784980 492
1784990 495
1785000 498
1785010 501
1785020 504
1785030 507
1785040 510
1785050 513
1785060 515
1785070 517
1785080 519
1785090 522
1785100 525
1785110 528
1785120 531
1785130 535
1785140 538
1785150 541
1785160 543
1785170 545
1785180 545
1785190 544
1785200 542
1785210 540
1785220 539
1785230 537
1785240 537
1785250 537
1785260 538
1785270 539
1785280 540
1785290 542
1785300 544
1785310 546
1785320 549
1785330 552
1785340 555
1785350 558
1785360 562
1785370 565
1785380 568
1785390 568
1785400 569
1785410 570
1785420 571
1785430 574
1785440 577
1785450 581
1785460 584
1785470 587
1785480 590
1785490 593
1785500 595
1785510 597
1785520 599
1785530 601
1785540 603
1785550 605
1785560 607
1785570 609
1785580 611
1785590 613
1785600 615
1785610 617
1785620 619
1785630 620
1785640 622
1785650 624
1785660 626
1785670 628
1785680 629
1785690 631
1785700 633
1785710 634
1785720 636
1785730 637
1785740 639
1785750 640
1785760 641
1785770 642
1785780 643
1785790 644
1785800 647
1785810 650
1785820 654
1785830 658
1785840 663
1785850 667
1785860 672
1785870 676
1785880 681
1785890 685
1785900 688
1785910 691
1785920 694
1785930 697
1785940 700
1785950 703
1785960 707
1785970 711
1785980 715
1785990 718
1786000 722
1786010 726
1786020 730
1786030 732
1786040 735
1786050 738
1786060 741
1786070 744
1786080 747
1786090 750
1786100 753
1786110 756
1786120 760
1786130 763
1786140 766
1786150 769
1786160 772
1786170 775
1786180 779
1786190 783
1786200 786
1786210 788
1786220 789
1786230 790
1786240 790
1786250 788
1786260 785
1786270 783
1786280 781
1786290 780
1786300 779
1786310 780
1786320 781
1786330 783
1786340 786
1786350 790
1786360 793
1786370 795
1786380 798
1786390 801
1786400 804
1786410 807
1786420 809
1786430 811
1786440 814
1786450 816
1786460 819
1786470 821
1786480 824
1786490 827
1786500 830
1786510 833
1786520 836
1786530 839
1786540 842
1786550 845
1786560 849
1786570 852
1786580 855
1786590 858
1786600 861
1786610 864
1786620 866
1786630 868
1786640 868
1786650 868
1786660 867
1786670 866
1786680 865
1786690 863
1786700 862
1786710 860
1786720 858
1786730 857
1786740 855
1786750 854
1786760 852
1786770 850
1786780 849
1786790 847
1786800 846
1786810 844
1786820 842
1786830 841
1786840 839
1786850 838
1786860 836
1786870 835
1786880 833
1786890 831
1786900 830
1786910 828
1786920 826
1786930 825
1786940 823
1786950 822
1786960 820
1786970 819
1786980 817
1786990 815
1787000 814
1787010 812
1787020 810
1787030 808
1787040 807
1787050 805
1787060 804
1787070 803
1787080 802
1787090 801
1787100 799
1787110 798
1787120 796
1787130 794
1787140 793
1787150 792
1787160 791
1787170 789
1787180 788
1787190 786
1787200 785
1787210 783
1787220 781
1787230 780
1787240 779
1787250 777
1787260 776
1787270 775
1787280 774
1787290 772
1787300 771
1787310 770
1787320 769
1787330 768
1787340 767
1787350 765
1787360 765
1787370 764
1787380 763
1787390 762
1787400 761
1787410 761
1787420 759
1787430 759
1787440 758
1787450 756
1787460 755
1787470 754
1787480 751
1787490 749
1787500 748
1787510 748
1787520 750
1787530 751
1787540 752
1787550 753
1787560 754
1787570 755
1787580 755
1787590 756
1787600 757
1787610 757
1787620 757
1787630 757
1787640 758
1787650 758
1787660 758
1787670 759
1787680 760
1787690 760
1787700 760
1787710 760
1787720 761
1787730 761
1787740 760
1787750 760
1787760 760
1787770 760
1787780 760
1787790 760
1787800 759
1787810 759
1787820 759
1787830 759
1787840 758
1787850 758
1787860 758
1787870 758
1787880 757
1787890 757
1787900 757
1787910 756
1787920 755
1787930 755
1787940 756
1787950 756
1787960 756
1787970 755
1787980 755
1787990 754
1788000 754
1788010 754
1788020 754
1788030 753
1788040 753
1788050 753
1788060 752
1788070 752
1788080 752
1788090 752
1788100 751
1788110 751
1788120 751
1788130 750
1788140 750
1788150 749
1788160 749
1788170 749
1788180 750
1788190 750
1788200 749
1788210 749
1788220 748
1788230 748
1788240 748
1788250 748
1788260 748
1788270 748
1788280 748
1788290 748
1788300 747
1788310 747
1788320 747
1788330 747
1788340 748
1788350 748
1788360 748
1788370 748
1788380 748
1788390 748
1788400 749
1788410 749
1788420 749
1788430 749
1788440 748
1788450 748
1788460 748
1788470 747
1788480 747
1788490 746
1788500 746
1788510 745
1788520 744
1788530 743
1788540 741
1788550 740
1788560 738
1788570 737
1788580 735
1788590 733
1788600 731
1788610 729
1788620 727
1788630 725
1788640 723
1788650 720
1788660 718
1788670 715
1788680 712
1788690 708
1788700 705
1788710 701
1788720 698
1788730 695
1788740 692
1788750 689
1788760 686
1788770 684
1788780 681
1788790 679
1788800 676
1788810 674
1788820 672
1788830 669
1788840 667
1788850 665
1788860 662
1788870 660
1788880 658
1788890 656
1788900 654
1788910 652
1788920 650
1788930 648
1788940 645
1788950 643
1788960 641
1788970 639
1788980 637
1788990 634
1789000 632
1789010 630
1789020 628
1789030 626
1789040 624
1789050 622
1789060 620
1789070 618
1789080 616
1789090 614
1789100 612
1789110 611
1789120 609
1789130 608
1789140 606
1789150 605
1789160 603
1789170 602
1789180 600
1789190 599
1789200 597
1789210 596
1789220 594
1789230 593
1789240 592
1789250 590
1789260 589
1789270 587
1789280 586
1789290 584
1789300 583
1789310 582
1789320 581
1789330 580
1789340 578
1789350 576
1789360 574
1789370 572
1789380 570
1789390 567
1789400 565
1789410 563
1789420 562
1789430 561
1789440 559
1789450 558
1789460 557
1789470 555
1789480 554
1789490 553
1789500 552
1789510 550
1789520 549
1789530 548
1789540 547
1789550 546
1789560 545
1789570 544
1789580 543
1789590 542
1789600 541
1789610 541
1789620 540
1789630 538
1789640 537
1789650 536
1789660 535
1789670 535
1789680 536
1789690 536
1789700 536
1789710 536
1789720 536
1789730 536
1789740 537
1789750 536
1789760 536
1789770 535
1789780 535
1789790 534
1789800 534
1789810 534
1789820 534
1789830 534
1789840 534
1789850 533
1789860 533
1789870 533
1789880 532
1789890 533
1789900 533
1789910 534
1789920 535
1789930 535
1789940 535
1789950 536
1789960 535
1789970 535
1789980 534
1789990 534
1790000 533
1790010 532
1790020 531
1790030 530
1790040 529
1790050 528
1790060 527
1790070 526
1790080 524
1790090 523
1790100 521
1790110 520
1790120 519
1790130 518
1790140 517
1790150 517
1790160 516
1790170 516
1790180 515
1790190 515
1790200 515
1790210 514
1790220 514
1790230 514
1790240 514
1790250 513
1790260 513
1790270 513
1790280 513
1790290 512
1790300 512
1790310 512
1790320 512
1790330 512
1790340 511
1790350 511
1790360 511
1790370 511
1790380 511
1790390 510
1790400 510
1790410 510
1790420 510
1790430 509
1790440 509
1790450 509
1790460 509
1790470 509
1790480 509
1790490 508
1790500 508
1790510 508
1790520 508
1790530 508
1790540 507
1790550 507
1790560 507
1790570 507
1790580 506
1790590 506
1790600 506
1790610 506
1790620 506
1790630 505
1790640 505
1790650 505
1790660 504
1790670 504
1790680 504
1790690 503
1790700 503
1790710 503
1790720 502
1790730 502
1790740 501
1790750 501
1790760 500
1790770 500
1790780 499
1790790 499
1790800 498
1790810 498
1790820 498
1790830 497
1790840 497
1790850 497
1790860 497
1790870 496
1790880 496
1790890 495
1790900 495
1790910 495
1790920 494
1790930 494
1790940 493
1790950 493
1790960 493
1790970 492
1790980 492
1790990 492
1791000 491
1791010 490
1791020 489
1791030 488
1791040 487
1791050 485
1791060 482
1791070 479
1791080 477
1791090 474
1791100 472
1791110 471
1791120 470
1791130 468
1791140 467
1791150 466
1791160 465
1791170 464
1791180 463
1791190 462
1791200 464
1791210 465
1791220 467
1791230 468
1791240 469
1791250 470
1791260 471
1791270 472
1791280 473
1791290 474
1791300 474
1791310 475
1791320 476
1791330 477
1791340 478
1791350 479
1791360 479
1791370 480
1791380 480
1791390 480
1791400 480
1791410 481
1791420 481
1791430 481
1791440 480
1791450 479
1791460 479
1791470 478
1791480 477
1791490 477
1791500 477
1791510 476
1791520 476
1791530 476
1791540 475
1791550 475
1791560 475
1791570 474
1791580 473
1791590 472
1791600 471
1791610 470
1791620 468
1791630 467
1791640 466
1791650 466
1791660 465
1791670 465
1791680 465
1791690 465
1791700 466
1791710 466
1791720 467
1791730 468
1791740 469
1791750 469
1791760 469
1791770 469
1791780 469
1791790 470
1791800 470
1791810 471
1791820 471
1791830 472
1791840 472
1791850 473
1791860 474
1791870 475
1791880 475
1791890 476
1791900 477
1791910 478
1791920 479
1791930 479
1791940 480
1791950 481
1791960 482
1791970 482
1791980 482
1791990 482
1792000 482
1792010 482
1792020 482
1792030 482
1792040 482
1792050 482
1792060 483
1792070 482
1792080 482
1792090 482
1792100 482
1792110 482
1792120 482
1792130 482
1792140 482
1792150 483
1792160 484
1792170 485
1792180 485
1792190 486
1792200 486
1792210 485
1792220 485
1792230 484
1792240 483
1792250 483
1792260 482
1792270 481
1792280 481
1792290 480
1792300 479
1792310 479
1792320 478
1792330 478
1792340 478
1792350 477
1792360 477
1792370 477
1792380 477
1792390 477
1792400 477
1792410 476
1792420 476
1792430 476
1792440 476
1792450 476
1792460 476
1792470 475
1792480 475
1792490 475
1792500 475
1792510 475
1792520 476
1792530 476
1792540 477
1792550 477
1792560 478
1792570 479
1792580 480
1792590 481
1792600 481
1792610 482
1792620 483
1792630 484
1792640 485
1792650 486
1792660 487
1792670 487
1792680 488
1792690 488
1792700 488
1792710 487
1792720 487
1792730 486
1792740 486
1792750 485
1792760 485
1792770 485
1792780 484
1792790 484
1792800 484
1792810 484
1792820 484
1792830 484
1792840 484
1792850 484
1792860 485
1792870 484
1792880 484
1792890 484
1792900 484
1792910 483
1792920 482
1792930 482
1792940 482
1792950 482
1792960 482
1792970 482
1792980 483
1792990 484
1793000 485
1793010 486
1793020 486
1793030 487
1793040 487
1793050 488
1793060 488
1793070 489
1793080 489
1793090 490
1793100 490
1793110 491
1793120 492
1793130 492
1793140 493
1793150 493
1793160 494
1793170 494
1793180 495
1793190 496
1793200 496
1793210 497
1793220 498
1793230 499
1793240 499
1793250 500
1793260 501
1793270 502
1793280 502
1793290 503
1793300 504
1793310 505
1793320 506
1793330 506
1793340 507
1793350 508
1793360 508
1793370 508
1793380 508
1793390 507
1793400 508
1793410 511
1793420 512
1793430 513
1793440 513
1793450 514
1793460 515
1793470 516
1793480 516
1793490 516
1793500 516
1793510 516
1793520 516
1793530 516
1793540 516
1793550 516
1793560 515
1793570 515
1793580 515
1793590 515
1793600 515
1793610 515
1793620 515
1793630 515
1793640 515
1793650 515
1793660 515
1793670 515
1793680 514
1793690 514
1793700 514
1793710 514
1793720 514
1793730 514
1793740 514
1793750 513
1793760 513
1793770 513
1793780 513
1793790 513
1793800 513
1793810 513
1793820 513
1793830 513
1793840 513
1793850 513
1793860 513
1793870 513
1793880 513
1793890 513
1793900 513
1793910 513
1793920 513
1793930 513
1793940 513
1793950 513
1793960 513
1793970 513
1793980 513
1793990 513
1794000 513
1794010 513
1794020 513
1794030 513
1794040 513
1794050 512
1794060 512
1794070 512
1794080 512
1794090 512
1794100 512
1794110 512
1794120 512
1794130 512
1794140 511
1794150 511
1794160 511
1794170 511
1794180 511
1794190 511
1794200 511
1794210 511
1794220 511
1794230 510
1794240 510
1794250 510
1794260 510
1794270 510
1794280 510
1794290 509
1794300 509
1794310 509
1794320 509
1794330 509
1794340 509
1794350 509
1794360 509
1794370 509
1794380 509
1794390 509
1794400 508
1794410 508
1794420 508
1794430 508
1794440 508
1794450 508
1794460 508
1794470 507
1794480 507
1794490 507
1794500 507
1794510 507
1794520 507
1794530 507
1794540 507
1794550 506
1794560 506
1794570 506
1794580 506
1794590 506
1794600 506
1794610 506
1794620 505
1794630 505
1794640 505
1794650 505
1794660 505
1794670 505
1794680 504
1794690 504
1794700 504
1794710 504
1794720 504
1794730 504
1794740 504
1794750 504
1794760 504
1794770 504
1794780 504
1794790 504
1794800 503
1794810 503
1794820 503
1794830 503
1794840 503
1794850 503
1794860 503
1794870 503
1794880 503
1794890 503
1794900 503
1794910 502
1794920 502
1794930 502
1794940 502
1794950 502
1794960 502
1794970 502
1794980 502
1794990 502
1795000 501
1795010 501
1795020 501
1795030 501
1795040 501
1795050 501
1795060 501
1795070 501
1795080 501
1795090 501
1795100 501
1795110 501
1795120 501
1795130 501
1795140 500
1795150 500
1795160 500
1795170 500
1795180 499
1795190 499
1795200 499
1795210 499
1795220 499
1795230 499
1795240 499
1795250 499
1795260 499
1795270 499
1795280 499
1795290 499
1795300 499
1795310 499
1795320 499
1795330 499
1795340 498
1795350 498
1795360 498
1795370 498
1795380 498
1795390 498
1795400 498
1795410 498
1795420 498
1795430 498
1795440 498
1795450 498
1795460 498
1795470 498
1795480 498
1795490 498
1795500 498
1795510 498
1795520 498
1795530 498
1795540 498
1795550 498
1795560 498
1795570 498
1795580 498
1795590 498
1795600 498
1795610 498
1795620 498
1795630 498
1795640 498
1795650 498
1795660 498
1795670 498
1795680 498
1795690 498
1795700 498
1795710 498
1795720 498
1795730 498
1795740 498
1795750 498
1795760 497
1795770 497
1795780 497
1795790 497
1795800 496
1795810 496
1795820 496
1795830 496
1795840 496
1795850 496
1795860 496
1795870 496
1795880 496
1795890 496
1795900 496
1795910 496
1795920 496
1795930 496
1795940 496
1795950 496
1795960 496
1795970 496
1795980 496
1795990 496
1796000 496
1796010 495
1796020 495
1796030 495
1796040 494
1796050 494
1796060 494
1796070 494
1796080 494
1796090 494
1796100 494
1796110 494
1796120 494
1796130 494
1796140 494
1796150 494
1796160 494
1796170 494
1796180 494
1796190 493
1796200 493
1796210 493
1796220 493
1796230 493
1796240 493
1796250 493
1796260 493
1796270 493
1796280 493
1796290 493
1796300 494
1796310 494
1796320 494
1796330 494
1796340 494
1796350 494
1796360 494
1796370 493
1796380 493
1796390 493
1796400 493
1796410 493
1796420 493
1796430 493
1796440 493
1796450 492
1796460 492
1796470 492
1796480 492
1796490 492
1796500 492
1796510 492
1796520 492
1796530 492
1796540 492
1796550 492
1796560 492
1796570 492
1796580 492
1796590 492
1796600 492
1796610 493
1796620 493
1796630 493
1796640 493
1796650 493
1796660 492
1796670 492
1796680 492
1796690 492
1796700 492
1796710 492
1796720 492
1796730 492
1796740 492
1796750 492
1796760 492
1796770 492
1796780 492
1796790 492
1796800 492
1796810 491
1796820 491
1796830 491
1796840 491
1796850 490
1796860 490
1796870 490
1796880 489
1796890 489
1796900 489
1796910 489
1796920 489
1796930 488
1796940 488
1796950 488
1796960 487
1796970 487
1796980 487
1796990 487
1797000 486
1797010 486
1797020 486
1797030 486
1797040 485
1797050 485
1797060 485
1797070 485
1797080 485
1797090 485
1797100 485
1797110 485
1797120 485
1797130 485
1797140 484
1797150 484
1797160 484
1797170 484
1797180 484
1797190 485
1797200 485
1797210 485
1797220 485
1797230 485
1797240 485
1797250 485
1797260 485
1797270 485
1797280 485
1797290 485
1797300 485
1797310 485
1797320 485
1797330 485
1797340 485
1797350 485
1797360 485
1797370 485
1797380 485
1797390 485
1797400 485
1797410 485
1797420 485
1797430 485
1797440 485
1797450 485
1797460 485
1797470 484
1797480 484
1797490 484
1797500 484
1797510 484
1797520 484
1797530 484
1797540 484
1797550 484
1797560 484
1797570 483
1797580 483
1797590 483
1797600 482
1797610 482
1797620 482
1797630 482
1797640 481
1797650 481
1797660 481
1797670 480
1797680 480
1797690 480
1797700 479
1797710 479
1797720 479
1797730 479
1797740 479
1797750 478
1797760 478
1797770 478
1797780 478
1797790 478
1797800 478
1797810 477
1797820 477
1797830 477
1797840 477
1797850 478
1797860 478
1797870 478
1797880 478
1797890 478
1797900 478
1797910 478
1797920 479
1797930 479
1797940 479
1797950 479
1797960 479
1797970 479
1797980 480
1797990 480
1798000 479
1798010 479
1798020 479
1798030 479
1798040 478
1798050 478
1798060 478
1798070 478
1798080 477
1798090 477
1798100 477
1798110 477
1798120 477
1798130 477
1798140 476
1798150 476
1798160 476
1798170 476
1798180 476
1798190 476
1798200 476
1798210 475
1798220 475
1798230 475
1798240 475
1798250 475
1798260 475
1798270 474
1798280 474
1798290 474
1798300 474
1798310 473
1798320 473
1798330 473
1798340 473
1798350 473
1798360 472
1798370 472
1798380 472
1798390 471
1798400 471
1798410 471
1798420 471
1798430 470
1798440 470
1798450 470
1798460 470
1798470 469
1798480 469
1798490 469
1798500 469
1798510 469
1798520 468
1798530 468
1798540 468
1798550 468
1798560 468
1798570 467
1798580 467
1798590 467
1798600 467
1798610 466
1798620 466
1798630 466
1798640 465
1798650 465
1798660 465
1798670 464
1798680 464
1798690 464
1798700 464
1798710 463
1798720 463
1798730 462
1798740 462
1798750 462
1798760 461
1798770 461
1798780 461
1798790 461
1798800 461
1798810 460
1798820 460
1798830 459
1798840 459
1798850 459
1798860 458
1798870 458
1798880 457
1798890 457
1798900 457
1798910 457
1798920 457
1798930 457
1798940 456
1798950 456
1798960 456
1798970 455
1798980 455
1798990 455
1799000 454
1799010 454
1799020 453
1799030 452
1799040 452
1799050 451
1799060 450
1799070 450
1799080 448
1799090 447
1799100 445
1799110 444
1799120 443
1799130 442
1799140 441
1799150 441
1799160 440
1799170 440
1799180 439
1799190 439
1799200 438
1799210 438
1799220 437
1799230 437
1799240 437
1799250 436
1799260 436
1799270 435
1799280 435
1799290 435
1799300 434
1799310 434
1799320 433
1799330 433
1799340 433
1799350 432
1799360 432
1799370 431
1799380 431
1799390 430
1799400 429
1799410 429
1799420 428
1799430 427
1799440 427
1799450 427
1799460 426
1799470 426
1799480 426
1799490 425
1799500 425
1799510 424
1799520 423
1799530 423
1799540 422
1799550 422
1799560 421
1799570 421
1799580 420
1799590 419
1799600 419
1799610 418
1799620 418
1799630 418
1799640 418
1799650 418
1799660 418
1799670 418
1799680 418
1799690 418
1799700 418
1799710 418
1799720 418
1799730 418
1799740 419
1799750 419
1799760 419
1799770 419
1799780 419
1799790 418
1799800 418
1799810 417
1799820 417
1799830 416
1799840 415
1799850 415
1799860 414
1799870 414
1799880 413
1799890 413
1799900 413
1799910 414
1799920 414
1799930 415
1799940 415
1799950 415
1799960 416
1799970 416
1799980 416
1799990 416
