1780000 642
1780010 639
1780020 635
1780030 631
1780040 628
1780050 626
1780060 624
1780070 622
1780080 620
1780090 618
1780100 617
1780110 615
1780120 614
1780130 613
1780140 612
1780150 610
1780160 609
1780170 607
1780180 605
1780190 604
1780200 603
1780210 603
1780220 603
1780230 603
1780240 603
1780250 604
1780260 605
1780270 605
1780280 606
1780290 607
1780300 607
1780310 607
1780320 607
1780330 606
1780340 605
1780350 604
1780360 603
1780370 602
1780380 601
1780390 600
1780400 599
1780410 599
1780420 599
1780430 599
1780440 603
1780450 606
1780460 610
1780470 608
1780480 607
1780490 607
1780500 608
1780510 610
1780520 611
1780530 613
1780540 614
1780550 615
1780560 615
1780570 616
1780580 616
1780590 617
1780600 619
1780610 620
1780620 623
1780630 625
1780640 628
1780650 631
1780660 633
1780670 636
1780680 640
1780690 643
1780700 647
1780710 650
1780720 654
1780730 658
1780740 662
1780750 665
1780760 669
1780770 672
1780780 675
1780790 678
1780800 678
1780810 678
1780820 677
1780830 674
1780840 672
1780850 670
1780860 668
1780870 666
1780880 664
1780890 663
1780900 663
1780910 664
1780920 665
1780930 667
1780940 668
1780950 671
1780960 673
1780970 676
1780980 678
1780990 679
1781000 679
1781010 680
1781020 681
1781030 682
1781040 682
1781050 683
1781060 684
1781070 684
1781080 686
1781090 687
1781100 688
1781110 689
1781120 691
1781130 692
1781140 694
1781150 696
1781160 698
1781170 700
1781180 702
1781190 705
1781200 707
1781210 710
1781220 713
1781230 716
1781240 720
1781250 723
1781260 727
1781270 732
1781280 736
1781290 740
1781300 745
1781310 749
1781320 752
1781330 756
1781340 760
1781350 764
1781360 768
1781370 772
1781380 777
1781390 781
1781400 786
1781410 790
1781420 795
1781430 799
1781440 803
1781450 807
1781460 812
1781470 816
1781480 821
1781490 825
1781500 830
1781510 835
1781520 840
1781530 844
1781540 848
1781550 852
1781560 856
1781570 859
1781580 863
1781590 865
1781600 867
1781610 869
1781620 870
1781630 872
1781640 873
1781650 874
1781660 875
1781670 877
1781680 878
1781690 879
1781700 880
1781710 880
1781720 881
1781730 882
1781740 882
1781750 883
1781760 883
1781770 884
1781780 885
1781790 886
1781800 887
1781810 887
1781820 888
1781830 889
1781840 890
1781850 892
1781860 893
1781870 894
1781880 895
1781890 897
1781900 898
1781910 900
1781920 902
1781930 903
1781940 905
1781950 907
1781960 909
1781970 911
1781980 914
1781990 916
1782000 918
1782010 921
1782020 924
1782030 927
1782040 931
1782050 934
1782060 937
1782070 940
1782080 941
1782090 941
1782100 942
1782110 942
1782120 942
1782130 941
1782140 940
1782150 939
1782160 938
1782170 937
1782180 935
1782190 933
1782200 931
1782210 930
1782220 928
1782230 926
1782240 925
1782250 923
1782260 922
1782270 921
1782280 920
1782290 920
1782300 919
1782310 919
1782320 919
1782330 918
1782340 917
1782350 915
1782360 914
1782370 912
1782380 910
1782390 908
1782400 905
1782410 903
1782420 901
1782430 899
1782440 898
1782450 896
1782460 894
1782470 892
1782480 890
1782490 888
1782500 886
1782510 884
1782520 882
1782530 879
1782540 876
1782550 873
1782560 870
1782570 867
1782580 863
1782590 860
1782600 858
1782610 855
1782620 852
1782630 850
1782640 848
1782650 846
1782660 844
1782670 842
1782680 841
1782690 839
1782700 837
1782710 834
1782720 832
1782730 830
1782740 829
1782750 827
1782760 826
1782770 825
1782780 823
1782790 822
1782800 821
1782810 819
1782820 818
1782830 817
1782840 815
1782850 814
1782860 812
1782870 811
1782880 809
1782890 807
1782900 805
1782910 803
1782920 800
1782930 797
1782940 794
1782950 791
1782960 789
1782970 788
1782980 787
1782990 786
1783000 785
1783010 784
1783020 783
1783030 782
1783040 781
1783050 780
1783060 779
1783070 778
1783080 777
1783090 775
1783100 774
1783110 773
1783120 772
1783130 771
1783140 768
1783150 764
1783160 760
1783170 756
1783180 753
1783190 749
1783200 746
1783210 743
1783220 740
1783230 737
1783240 734
1783250 731
1783260 728
1783270 725
1783280 722
1783290 720
1783300 717
1783310 713
1783320 710
1783330 706
1783340 703
1783350 699
1783360 696
1783370 693
1783380 690
1783390 687
1783400 685
1783410 683
1783420 681
1783430 680
1783440 679
1783450 680
1783460 681
1783470 682
1783480 683
1783490 684
1783500 686
1783510 687
1783520 687
1783530 688
1783540 689
1783550 689
1783560 690
1783570 690
1783580 689
1783590 688
1783600 688
1783610 687
1783620 686
1783630 686
1783640 687
1783650 689
1783660 692
1783670 695
1783680 698
1783690 701
1783700 704
1783710 706
1783720 708
1783730 709
1783740 710
1783750 710
1783760 709
1783770 708
1783780 708
1783790 706
1783800 704
1783810 699
1783820 695
1783830 691
1783840 689
1783850 687
1783860 684
1783870 683
1783880 682
1783890 681
1783900 683
1783910 685
1783920 687
1783930 691
1783940 694
1783950 698
1783960 701
1783970 702
1783980 702
1783990 700
1784000 698
1784010 696
1784020 695
1784030 694
1784040 692
1784050 690
1784060 687
1784070 684
1784080 682
1784090 679
1784100 675
1784110 672
1784120 670
1784130 667
1784140 664
1784150 661
1784160 658
1784170 655
1784180 652
1784190 650
1784200 647
1784210 644
1784220 642
1784230 641
1784240 639
1784250 638
1784260 637
1784270 636
1784280 636
1784290 637
1784300 639
1784310 642
1784320 644
1784330 647
1784340 651
1784350 654
1784360 657
1784370 660
1784380 663
1784390 665
1784400 667
1784410 669
1784420 671
1784430 672
1784440 672
1784450 672
1784460 671
1784470 670
1784480 668
1784490 666
1784500 664
1784510 661
1784520 658
1784530 656
1784540 653
1784550 650
1784560 647
1784570 645
1784580 642
1784590 639
1784600 636
1784610 632
1784620 629
1784630 626
1784640 624
1784650 622
1784660 620
1784670 619
1784680 617
1784690 616
1784700 615
1784710 613
1784720 612
1784730 610
1784740 608
1784750 606
1784760 604
1784770 602
1784780 600
1784790 598
1784800 597
1784810 595
1784820 593
1784830 591
1784840 589
1784850 587
1784860 585
1784870 582
1784880 578
1784890 574
1784900 571
1784910 568
1784920 566
1784930 564
1784940 563
1784950 563
1784960 563
1784970 563
1784980 563
1784990 562
1785000 561
1785010 560
1785020 559
1785030 557
1785040 555
1785050 554
1785060 551
1785070 548
1785080 545
1785090 542
1785100 538
1785110 536
1785120 533
1785130 531
1785140 529
1785150 527
1785160 525
1785170 524
1785180 524
1785190 524
1785200 526
1785210 528
1785220 531
1785230 534
1785240 538
1785250 539
1785260 540
1785270 539
1785280 537
1785290 536
1785300 535
1785310 534
1785320 534
1785330 534
1785340 535
1785350 536
1785360 537
1785370 539
1785380 540
1785390 542
1785400 545
1785410 547
1785420 550
1785430 553
1785440 556
1785450 559
1785460 563
1785470 566
1785480 568
1785490 571
1785500 575
1785510 579
1785520 583
1785530 588
1785540 593
1785550 597
1785560 602
1785570 605
1785580 608
1785590 611
1785600 615
1785610 619
1785620 623
1785630 627
1785640 631
1785650 635
1785660 639
1785670 644
1785680 648
1785690 653
1785700 658
1785710 662
1785720 667
1785730 671
1785740 674
1785750 678
1785760 681
1785770 683
1785780 684
1785790 682
1785800 681
1785810 681
1785820 682
1785830 684
1785840 687
1785850 689
1785860 688
1785870 684
1785880 679
1785890 675
1785900 673
1785910 671
1785920 669
1785930 668
1785940 668
1785950 668
1785960 667
1785970 666
1785980 666
1785990 666
1786000 667
1786010 668
1786020 669
1786030 671
1786040 672
1786050 673
1786060 675
1786070 676
1786080 677
1786090 679
1786100 681
1786110 683
1786120 685
1786130 687
1786140 689
1786150 691
1786160 692
1786170 693
1786180 694
1786190 694
1786200 695
1786210 695
1786220 695
1786230 696
1786240 697
1786250 697
1786260 698
1786270 699
1786280 701
1786290 703
1786300 705
1786310 708
1786320 711
1786330 713
1786340 716
1786350 718
1786360 720
1786370 722
1786380 725
1786390 728
1786400 732
1786410 736
1786420 740
1786430 744
1786440 747
1786450 750
1786460 753
1786470 757
1786480 760
1786490 763
1786500 767
1786510 770
1786520 773
1786530 776
1786540 780
1786550 783
1786560 786
1786570 790
1786580 794
1786590 798
1786600 802
1786610 804
1786620 806
1786630 808
1786640 808
1786650 808
1786660 807
1786670 806
1786680 805
1786690 805
1786700 804
1786710 803
1786720 801
1786730 801
1786740 799
1786750 798
1786760 797
1786770 795
1786780 794
1786790 792
1786800 791
1786810 790
1786820 789
1786830 788
1786840 787
1786850 786
1786860 785
1786870 784
1786880 783
1786890 782
1786900 781
1786910 780
1786920 779
1786930 778
1786940 777
1786950 776
1786960 775
1786970 775
1786980 774
1786990 773
1787000 773
1787010 772
1787020 771
1787030 771
1787040 770
1787050 770
1787060 770
1787070 769
1787080 769
1787090 768
1787100 768
1787110 768
1787120 767
1787130 767
1787140 766
1787150 766
1787160 766
1787170 766
1787180 766
1787190 766
1787200 766
1787210 765
1787220 765
1787230 765
1787240 765
1787250 765
1787260 765
1787270 765
1787280 765
1787290 765
1787300 765
1787310 766
1787320 767
1787330 767
1787340 768
1787350 769
1787360 770
1787370 771
1787380 772
1787390 773
1787400 774
1787410 776
1787420 777
1787430 778
1787440 779
1787450 781
1787460 782
1787470 784
1787480 785
1787490 786
1787500 788
1787510 789
1787520 791
1787530 792
1787540 794
1787550 795
1787560 797
1787570 798
1787580 799
1787590 799
1787600 799
1787610 798
1787620 796
1787630 795
1787640 794
1787650 793
1787660 792
1787670 790
1787680 789
1787690 787
1787700 785
1787710 785
1787720 784
1787730 785
1787740 785
1787750 786
1787760 788
1787770 789
1787780 791
1787790 793
1787800 795
1787810 797
1787820 800
1787830 803
1787840 806
1787850 809
1787860 812
1787870 815
1787880 818
1787890 821
1787900 824
1787910 827
1787920 829
1787930 831
1787940 834
1787950 835
1787960 836
1787970 836
1787980 836
1787990 837
1788000 837
1788010 837
1788020 838
1788030 838
1788040 838
1788050 837
1788060 836
1788070 835
1788080 835
1788090 835
1788100 835
1788110 834
1788120 834
1788130 834
1788140 833
1788150 833
1788160 832
1788170 832
1788180 831
1788190 830
1788200 829
1788210 828
1788220 827
1788230 827
1788240 825
1788250 824
1788260 822
1788270 820
1788280 819
1788290 817
1788300 815
1788310 813
1788320 811
1788330 809
1788340 806
1788350 803
1788360 800
1788370 797
1788380 795
1788390 793
1788400 790
1788410 787
1788420 784
1788430 782
1788440 779
1788450 776
1788460 773
1788470 770
1788480 767
1788490 764
1788500 760
1788510 757
1788520 754
1788530 751
1788540 748
1788550 745
1788560 742
1788570 740
1788580 737
1788590 734
1788600 731
1788610 728
1788620 725
1788630 722
1788640 719
1788650 717
1788660 714
1788670 712
1788680 709
1788690 706
1788700 704
1788710 701
1788720 699
1788730 696
1788740 693
1788750 691
1788760 688
1788770 685
1788780 683
1788790 680
1788800 677
1788810 675
1788820 672
1788830 670
1788840 667
1788850 665
1788860 662
1788870 660
1788880 657
1788890 655
1788900 653
1788910 651
1788920 649
1788930 648
1788940 646
1788950 644
1788960 643
1788970 641
1788980 640
1788990 638
1789000 637
1789010 635
1789020 633
1789030 632
1789040 631
1789050 631
1789060 630
1789070 630
1789080 629
1789090 628
1789100 627
1789110 626
1789120 625
1789130 623
1789140 622
1789150 620
1789160 617
1789170 615
1789180 613
1789190 612
1789200 610
1789210 608
1789220 606
1789230 605
1789240 604
1789250 603
1789260 602
1789270 601
1789280 601
1789290 600
1789300 598
1789310 597
1789320 596
1789330 596
1789340 595
1789350 594
1789360 594
1789370 593
1789380 592
1789390 591
1789400 590
1789410 589
1789420 588
1789430 586
1789440 585
1789450 584
1789460 583
1789470 582
1789480 581
1789490 580
1789500 578
1789510 577
1789520 575
1789530 573
1789540 571
1789550 569
1789560 567
1789570 565
1789580 564
1789590 563
1789600 562
1789610 561
1789620 561
1789630 560
1789640 560
1789650 560
1789660 559
1789670 559
1789680 558
1789690 557
1789700 556
1789710 556
1789720 556
1789730 556
1789740 556
1789750 556
1789760 556
1789770 556
1789780 556
1789790 556
1789800 555
1789810 554
1789820 553
1789830 550
1789840 548
1789850 547
1789860 546
1789870 545
1789880 543
1789890 543
1789900 542
1789910 542
1789920 541
1789930 541
1789940 541
1789950 540
1789960 540
1789970 539
1789980 539
1789990 539
1790000 539
1790010 539
1790020 538
1790030 538
1790040 538
1790050 537
1790060 537
1790070 536
1790080 536
1790090 535
1790100 534
1790110 534
1790120 533
1790130 533
1790140 532
1790150 531
1790160 530
1790170 529
1790180 527
1790190 526
1790200 524
1790210 523
1790220 521
1790230 520
1790240 519
1790250 518
1790260 517
1790270 517
1790280 516
1790290 515
1790300 515
1790310 514
1790320 514
1790330 514
1790340 513
1790350 513
1790360 513
1790370 513
1790380 512
1790390 512
1790400 511
1790410 511
1790420 510
1790430 510
1790440 510
1790450 510
1790460 510
1790470 510
1790480 510
1790490 509
1790500 509
1790510 509
1790520 509
1790530 508
1790540 507
1790550 507
1790560 506
1790570 506
1790580 505
1790590 504
1790600 504
1790610 503
1790620 503
1790630 502
1790640 502
1790650 501
1790660 501
1790670 501
1790680 501
1790690 501
1790700 501
1790710 501
1790720 500
1790730 500
1790740 500
1790750 499
1790760 499
1790770 498
1790780 498
1790790 498
1790800 498
1790810 497
1790820 497
1790830 496
1790840 496
1790850 495
1790860 495
1790870 494
1790880 494
1790890 493
1790900 492
1790910 491
1790920 491
1790930 490
1790940 489
1790950 489
1790960 489
1790970 488
1790980 488
1790990 487
1791000 487
1791010 486
1791020 485
1791030 484
1791040 483
1791050 482
1791060 482
1791070 481
1791080 480
1791090 480
1791100 479
1791110 479
1791120 479
1791130 478
1791140 478
1791150 477
1791160 477
1791170 476
1791180 476
1791190 475
1791200 474
1791210 473
1791220 472
1791230 471
1791240 470
1791250 468
1791260 467
1791270 467
1791280 466
1791290 465
1791300 464
1791310 463
1791320 462
1791330 461
1791340 460
1791350 459
1791360 457
1791370 456
1791380 454
1791390 452
1791400 451
1791410 450
1791420 449
1791430 449
1791440 448
1791450 448
1791460 448
1791470 448
1791480 448
1791490 448
1791500 448
1791510 448
1791520 448
1791530 449
1791540 450
1791550 451
1791560 452
1791570 453
1791580 455
1791590 456
1791600 457
1791610 458
1791620 458
1791630 458
1791640 457
1791650 457
1791660 457
1791670 456
1791680 456
1791690 456
1791700 455
1791710 455
1791720 454
1791730 454
1791740 454
1791750 453
1791760 453
1791770 453
1791780 453
1791790 453
1791800 453
1791810 452
1791820 452
1791830 452
1791840 452
1791850 452
1791860 451
1791870 451
1791880 450
1791890 449
1791900 449
1791910 448
1791920 446
1791930 445
1791940 444
1791950 443
1791960 443
1791970 443
1791980 443
1791990 443
1792000 443
1792010 443
1792020 443
1792030 443
1792040 442
1792050 442
1792060 442
1792070 442
1792080 441
1792090 441
1792100 441
1792110 441
1792120 440
1792130 440
1792140 439
1792150 439
1792160 439
1792170 439
1792180 439
1792190 440
1792200 440
1792210 441
1792220 441
1792230 442
1792240 442
1792250 442
1792260 443
1792270 443
1792280 444
1792290 445
1792300 445
1792310 446
1792320 447
1792330 447
1792340 448
1792350 448
1792360 449
1792370 449
1792380 450
1792390 450
1792400 451
1792410 452
1792420 452
1792430 453
1792440 453
1792450 453
1792460 454
1792470 454
1792480 455
1792490 455
1792500 456
1792510 456
1792520 457
1792530 457
1792540 457
1792550 458
1792560 458
1792570 458
1792580 458
1792590 459
1792600 459
1792610 459
1792620 460
1792630 459
1792640 458
1792650 459
1792660 459
1792670 459
1792680 459
1792690 458
1792700 457
1792710 457
1792720 456
1792730 456
1792740 455
1792750 454
1792760 454
1792770 453
1792780 453
1792790 452
1792800 452
1792810 452
1792820 452
1792830 451
1792840 450
1792850 450
1792860 450
1792870 450
1792880 450
1792890 450
1792900 450
1792910 450
1792920 450
1792930 450
1792940 450
1792950 451
1792960 450
1792970 451
1792980 451
1792990 451
1793000 451
1793010 452
1793020 452
1793030 453
1793040 453
1793050 453
1793060 454
1793070 454
1793080 455
1793090 455
1793100 455
1793110 455
1793120 456
1793130 456
1793140 456
1793150 457
1793160 457
1793170 457
1793180 458
1793190 458
1793200 459
1793210 459
1793220 460
1793230 461
1793240 461
1793250 462
1793260 463
1793270 464
1793280 465
1793290 465
1793300 466
1793310 466
1793320 467
1793330 468
1793340 468
1793350 469
1793360 470
1793370 471
1793380 472
1793390 474
1793400 475
1793410 476
1793420 476
1793430 477
1793440 477
1793450 478
1793460 478
1793470 479
1793480 479
1793490 480
1793500 481
1793510 481
1793520 482
1793530 482
1793540 483
1793550 483
1793560 484
1793570 484
1793580 484
1793590 485
1793600 485
1793610 485
1793620 486
1793630 486
1793640 486
1793650 486
1793660 486
1793670 486
1793680 487
1793690 487
1793700 488
1793710 488
1793720 489
1793730 489
1793740 490
1793750 490
1793760 491
1793770 491
1793780 492
1793790 492
1793800 493
1793810 494
1793820 495
1793830 495
1793840 496
1793850 496
1793860 497
1793870 497
1793880 498
1793890 498
1793900 499
1793910 499
1793920 500
1793930 501
1793940 502
1793950 503
1793960 504
1793970 504
1793980 505
1793990 506
1794000 507
1794010 507
1794020 508
1794030 508
1794040 508
1794050 508
1794060 508
1794070 509
1794080 509
1794090 510
1794100 510
1794110 510
1794120 510
1794130 510
1794140 510
1794150 510
1794160 510
1794170 510
1794180 510
1794190 510
1794200 509
1794210 509
1794220 509
1794230 509
1794240 509
1794250 509
1794260 509
1794270 509
1794280 509
1794290 509
1794300 509
1794310 509
1794320 509
1794330 509
1794340 509
1794350 508
1794360 508
1794370 508
1794380 508
1794390 508
1794400 508
1794410 507
1794420 507
1794430 507
1794440 507
1794450 507
1794460 507
1794470 507
1794480 507
1794490 507
1794500 507
1794510 506
1794520 506
1794530 506
1794540 506
1794550 506
1794560 505
1794570 505
1794580 505
1794590 505
1794600 505
1794610 504
1794620 504
1794630 504
1794640 504
1794650 504
1794660 504
1794670 504
1794680 503
1794690 503
1794700 503
1794710 503
1794720 503
1794730 503
1794740 503
1794750 502
1794760 502
1794770 502
1794780 502
1794790 502
1794800 502
1794810 502
1794820 501
1794830 501
1794840 501
1794850 501
1794860 501
1794870 501
1794880 500
1794890 500
1794900 500
1794910 500
1794920 500
1794930 500
1794940 499
1794950 499
1794960 499
1794970 499
1794980 499
1794990 499
1795000 498
1795010 498
1795020 498
1795030 497
1795040 497
1795050 497
1795060 497
1795070 496
1795080 496
1795090 496
1795100 496
1795110 496
1795120 496
1795130 496
1795140 496
1795150 496
1795160 496
1795170 496
1795180 495
1795190 495
1795200 495
1795210 495
1795220 494
1795230 494
1795240 494
1795250 493
1795260 493
1795270 492
1795280 492
1795290 492
1795300 491
1795310 491
1795320 491
1795330 491
1795340 491
1795350 492
1795360 492
1795370 492
1795380 492
1795390 491
1795400 490
1795410 489
1795420 487
1795430 486
1795440 486
1795450 485
1795460 485
1795470 485
1795480 484
1795490 484
1795500 483
1795510 483
1795520 482
1795530 480
1795540 478
1795550 476
1795560 474
1795570 472
1795580 471
1795590 470
1795600 469
1795610 469
1795620 469
1795630 469
1795640 469
1795650 469
1795660 469
1795670 470
1795680 472
1795690 473
1795700 476
1795710 478
1795720 480
1795730 483
1795740 485
1795750 487
1795760 489
1795770 490
1795780 492
1795790 492
1795800 493
1795810 493
1795820 493
1795830 493
1795840 493
1795850 493
1795860 493
1795870 493
1795880 493
1795890 493
1795900 493
1795910 493
1795920 493
1795930 493
1795940 492
1795950 492
1795960 492
1795970 492
1795980 491
1795990 491
1796000 491
1796010 491
1796020 491
1796030 491
1796040 491
1796050 491
1796060 491
1796070 491
1796080 491
1796090 492
1796100 492
1796110 491
1796120 491
1796130 491
1796140 491
1796150 491
1796160 492
1796170 492
1796180 492
1796190 492
1796200 492
1796210 491
1796220 491
1796230 491
1796240 491
1796250 492
1796260 492
1796270 491
1796280 491
1796290 491
1796300 491
1796310 491
1796320 491
1796330 491
1796340 490
1796350 490
1796360 490
1796370 490
1796380 490
1796390 490
1796400 489
1796410 489
1796420 489
1796430 488
1796440 488
1796450 488
1796460 487
1796470 487
1796480 487
1796490 487
1796500 486
1796510 486
1796520 486
1796530 485
1796540 485
1796550 485
1796560 485
1796570 485
1796580 485
1796590 485
1796600 485
1796610 485
1796620 484
1796630 482
1796640 481
1796650 481
1796660 481
1796670 480
1796680 480
1796690 479
1796700 479
1796710 478
1796720 477
1796730 476
1796740 475
1796750 474
1796760 473
1796770 472
1796780 470
1796790 469
1796800 468
1796810 467
1796820 466
1796830 465
1796840 463
1796850 462
1796860 461
1796870 460
1796880 459
1796890 458
1796900 457
1796910 456
1796920 455
1796930 454
1796940 454
1796950 453
1796960 452
1796970 451
1796980 451
1796990 450
1797000 450
1797010 450
1797020 450
1797030 450
1797040 450
1797050 449
1797060 448
1797070 448
1797080 449
1797090 449
1797100 450
1797110 451
1797120 452
1797130 453
1797140 454
1797150 455
1797160 456
1797170 457
1797180 458
1797190 459
1797200 460
1797210 461
1797220 463
1797230 465
1797240 467
1797250 468
1797260 469
1797270 470
1797280 470
1797290 470
1797300 470
1797310 471
1797320 471
1797330 471
1797340 470
1797350 469
1797360 468
1797370 466
1797380 464
1797390 462
1797400 461
1797410 459
1797420 458
1797430 457
1797440 455
1797450 454
1797460 454
1797470 453
1797480 452
1797490 452
1797500 451
1797510 450
1797520 450
1797530 449
1797540 448
1797550 447
1797560 447
1797570 446
1797580 445
1797590 445
1797600 444
1797610 444
1797620 443
1797630 443
1797640 444
1797650 445
1797660 446
1797670 446
1797680 447
1797690 449
1797700 450
1797710 452
1797720 453
1797730 454
1797740 455
1797750 457
1797760 458
1797770 460
1797780 461
1797790 463
1797800 465
1797810 467
1797820 469
1797830 470
1797840 472
1797850 474
1797860 476
1797870 477
1797880 478
1797890 479
1797900 480
1797910 480
1797920 481
1797930 481
1797940 481
1797950 481
1797960 481
1797970 481
1797980 481
1797990 480
1798000 480
1798010 479
1798020 479
1798030 479
1798040 478
1798050 478
1798060 478
1798070 477
1798080 477
1798090 477
1798100 476
1798110 476
1798120 476
1798130 476
1798140 475
1798150 475
1798160 475
1798170 475
1798180 475
1798190 474
1798200 474
1798210 474
1798220 474
1798230 473
1798240 473
1798250 473
1798260 473
1798270 473
1798280 473
1798290 472
1798300 472
1798310 472
1798320 472
1798330 472
1798340 472
1798350 472
1798360 472
1798370 472
1798380 471
1798390 471
1798400 471
1798410 471
1798420 471
1798430 470
1798440 470
1798450 470
1798460 470
1798470 470
1798480 470
1798490 470
1798500 469
1798510 469
1798520 469
1798530 469
1798540 469
1798550 468
1798560 468
1798570 468
1798580 468
1798590 468
1798600 468
1798610 467
1798620 467
1798630 467
1798640 467
1798650 467
1798660 467
1798670 467
1798680 466
1798690 466
1798700 466
1798710 466
1798720 466
1798730 466
1798740 466
1798750 466
1798760 465
1798770 465
1798780 465
1798790 465
1798800 465
1798810 465
1798820 465
1798830 465
1798840 465
1798850 464
1798860 464
1798870 464
1798880 464
1798890 464
1798900 463
1798910 463
1798920 463
1798930 463
1798940 462
1798950 462
1798960 462
1798970 462
1798980 461
1798990 461
1799000 461
1799010 460
1799020 460
1799030 460
1799040 460
1799050 459
1799060 459
1799070 458
1799080 458
1799090 458
1799100 458
1799110 458
1799120 457
1799130 457
1799140 457
1799150 457
1799160 457
1799170 457
1799180 456
1799190 456
1799200 455
1799210 455
1799220 455
1799230 454
1799240 454
1799250 453
1799260 453
1799270 453
1799280 452
1799290 452
1799300 452
1799310 451
1799320 451
1799330 451
1799340 450
1799350 450
1799360 450
1799370 449
1799380 449
1799390 449
1799400 449
1799410 448
1799420 448
1799430 448
1799440 448
1799450 447
1799460 447
1799470 446
1799480 446
1799490 446
1799500 445
1799510 445
1799520 444
1799530 444
1799540 443
1799550 443
1799560 442
1799570 441
1799580 441
1799590 440
1799600 439
1799610 438
1799620 437
1799630 436
1799640 435
1799650 434
1799660 433
1799670 433
1799680 432
1799690 432
1799700 432
1799710 431
1799720 430
1799730 430
1799740 429
1799750 428
1799760 427
1799770 427
1799780 426
1799790 425
1799800 424
1799810 423
1799820 423
1799830 422
1799840 421
1799850 420
1799860 419
1799870 418
1799880 417
1799890 416
1799900 415
1799910 414
1799920 413
1799930 411
1799940 410
1799950 409
1799960 408
1799970 407
1799980 407
1799990 406
