1780000 496
1780010 495
1780020 493
1780030 491
1780040 489
1780050 487
1780060 484
1780070 482
1780080 480
1780090 478
1780100 475
1780110 473
1780120 471
1780130 468
1780140 465
1780150 462
1780160 460
1780170 459
1780180 460
1780190 461
1780200 463
1780210 465
1780220 468
1780230 470
1780240 473
1780250 476
1780260 479
1780270 482
1780280 485
1780290 489
1780300 491
1780310 492
1780320 493
1780330 493
1780340 492
1780350 491
1780360 491
1780370 490
1780380 489
1780390 488
1780400 487
1780410 486
1780420 485
1780430 484
1780440 484
1780450 485
1780460 486
1780470 487
1780480 488
1780490 490
1780500 492
1780510 496
1780520 499
1780530 502
1780540 505
1780550 509
1780560 513
1780570 516
1780580 520
1780590 524
1780600 528
1780610 531
1780620 535
1780630 540
1780640 544
1780650 548
1780660 552
1780670 556
1780680 560
1780690 564
1780700 567
1780710 571
1780720 575
1780730 579
1780740 583
1780750 586
1780760 590
1780770 594
1780780 597
1780790 601
1780800 605
1780810 609
1780820 613
1780830 617
1780840 621
1780850 626
1780860 630
1780870 635
1780880 640
1780890 645
1780900 650
1780910 655
1780920 661
1780930 667
1780940 675
1780950 683
1780960 688
1780970 696
1780980 705
1780990 715
1781000 719
1781010 721
1781020 722
1781030 722
1781040 724
1781050 725
1781060 724
1781070 723
1781080 722
1781090 722
1781100 723
1781110 723
1781120 724
1781130 725
1781140 726
1781150 727
1781160 728
1781170 729
1781180 729
1781190 729
1781200 730
1781210 731
1781220 732
1781230 732
1781240 733
1781250 734
1781260 735
1781270 737
1781280 738
1781290 740
1781300 742
1781310 744
1781320 746
1781330 749
1781340 752
1781350 754
1781360 756
1781370 756
1781380 754
1781390 750
1781400 747
1781410 743
1781420 739
1781430 735
1781440 732
1781450 727
1781460 722
1781470 717
1781480 713
1781490 709
1781500 706
1781510 702
1781520 699
1781530 697
1781540 694
1781550 691
1781560 688
1781570 685
1781580 681
1781590 678
1781600 675
1781610 673
1781620 672
1781630 672
1781640 674
1781650 676
1781660 679
1781670 681
1781680 684
1781690 687
1781700 690
1781710 693
1781720 696
1781730 700
1781740 703
1781750 707
1781760 710
1781770 714
1781780 717
1781790 720
1781800 723
1781810 726
1781820 729
1781830 732
1781840 735
1781850 738
1781860 741
1781870 743
1781880 746
1781890 749
1781900 752
1781910 754
1781920 757
1781930 760
1781940 762
1781950 764
1781960 766
1781970 768
1781980 769
1781990 770
1782000 771
1782010 772
1782020 773
1782030 774
1782040 774
1782050 774
1782060 774
1782070 774
1782080 774
1782090 774
1782100 773
1782110 773
1782120 772
1782130 771
1782140 770
1782150 769
1782160 769
1782170 768
1782180 768
1782190 767
1782200 767
1782210 766
1782220 765
1782230 764
1782240 763
1782250 762
1782260 760
1782270 758
1782280 756
1782290 753
1782300 751
1782310 748
1782320 744
1782330 741
1782340 738
1782350 735
1782360 731
1782370 727
1782380 723
1782390 719
1782400 716
1782410 712
1782420 710
1782430 707
1782440 705
1782450 703
1782460 701
1782470 699
1782480 698
1782490 696
1782500 695
1782510 693
1782520 691
1782530 688
1782540 685
1782550 682
1782560 679
1782570 675
1782580 672
1782590 670
1782600 668
1782610 666
1782620 665
1782630 664
1782640 663
1782650 662
1782660 661
1782670 660
1782680 659
1782690 658
1782700 657
1782710 655
1782720 652
1782730 649
1782740 647
1782750 644
1782760 642
1782770 640
1782780 639
1782790 640
1782800 642
1782810 645
1782820 649
1782830 652
1782840 656
1782850 660
1782860 663
1782870 667
1782880 670
1782890 673
1782900 675
1782910 676
1782920 676
1782930 675
1782940 673
1782950 670
1782960 666
1782970 662
1782980 658
1782990 654
1783000 650
1783010 646
1783020 643
1783030 640
1783040 638
1783050 636
1783060 633
1783070 630
1783080 627
1783090 624
1783100 621
1783110 618
1783120 616
1783130 613
1783140 611
1783150 608
1783160 604
1783170 600
1783180 595
1783190 590
1783200 586
1783210 582
1783220 581
1783230 582
1783240 585
1783250 588
1783260 590
1783270 590
1783280 591
1783290 592
1783300 594
1783310 594
1783320 593
1783330 593
1783340 591
1783350 588
1783360 585
1783370 582
1783380 579
1783390 576
1783400 573
1783410 570
1783420 567
1783430 564
1783440 561
1783450 557
1783460 553
1783470 549
1783480 545
1783490 542
1783500 539
1783510 537
1783520 536
1783530 536
1783540 537
1783550 539
1783560 542
1783570 544
1783580 547
1783590 550
1783600 553
1783610 556
1783620 559
1783630 562
1783640 565
1783650 567
1783660 570
1783670 573
1783680 576
1783690 579
1783700 583
1783710 587
1783720 591
1783730 594
1783740 598
1783750 602
1783760 605
1783770 609
1783780 613
1783790 617
1783800 618
1783810 616
1783820 612
1783830 607
1783840 603
1783850 599
1783860 594
1783870 590
1783880 585
1783890 580
1783900 575
1783910 571
1783920 566
1783930 561
1783940 556
1783950 552
1783960 548
1783970 543
1783980 539
1783990 536
1784000 533
1784010 529
1784020 527
1784030 524
1784040 521
1784050 519
1784060 516
1784070 513
1784080 510
1784090 507
1784100 504
1784110 501
1784120 498
1784130 497
1784140 495
1784150 494
1784160 493
1784170 493
1784180 493
1784190 495
1784200 497
1784210 499
1784220 501
1784230 502
1784240 503
1784250 505
1784260 507
1784270 508
1784280 510
1784290 511
1784300 512
1784310 513
1784320 514
1784330 515
1784340 515
1784350 515
1784360 515
1784370 515
1784380 515
1784390 515
1784400 514
1784410 515
1784420 515
1784430 516
1784440 516
1784450 516
1784460 516
1784470 516
1784480 514
1784490 510
1784500 506
1784510 501
1784520 497
1784530 493
1784540 489
1784550 485
1784560 481
1784570 477
1784580 474
1784590 471
1784600 468
1784610 467
1784620 465
1784630 463
1784640 461
1784650 460
1784660 459
1784670 460
1784680 461
1784690 462
1784700 462
1784710 465
1784720 467
1784730 470
1784740 473
1784750 476
1784760 480
1784770 485
1784780 489
1784790 494
1784800 498
1784810 501
1784820 505
1784830 509
1784840 512
1784850 516
1784860 519
1784870 523
1784880 526
1784890 530
1784900 533
1784910 536
1784920 540
1784930 543
1784940 546
1784950 546
1784960 544
1784970 541
1784980 537
1784990 533
1785000 528
1785010 524
1785020 520
1785030 516
1785040 513
1785050 510
1785060 508
1785070 507
1785080 509
1785090 511
1785100 514
1785110 518
1785120 522
1785130 526
1785140 530
1785150 535
1785160 538
1785170 542
1785180 545
1785190 549
1785200 553
1785210 556
1785220 559
1785230 562
1785240 565
1785250 568
1785260 571
1785270 573
1785280 575
1785290 577
1785300 578
1785310 579
1785320 582
1785330 585
1785340 588
1785350 589
1785360 590
1785370 592
1785380 595
1785390 597
1785400 600
1785410 603
1785420 605
1785430 608
1785440 610
1785450 612
1785460 615
1785470 617
1785480 619
1785490 622
1785500 624
1785510 627
1785520 630
1785530 633
1785540 636
1785550 639
1785560 642
1785570 645
1785580 648
1785590 652
1785600 655
1785610 658
1785620 662
1785630 665
1785640 668
1785650 672
1785660 675
1785670 678
1785680 681
1785690 685
1785700 688
1785710 691
1785720 695
1785730 698
1785740 702
1785750 705
1785760 708
1785770 711
1785780 714
1785790 716
1785800 719
1785810 722
1785820 724
1785830 727
1785840 729
1785850 731
1785860 733
1785870 735
1785880 737
1785890 738
1785900 740
1785910 741
1785920 742
1785930 744
1785940 746
1785950 748
1785960 750
1785970 753
1785980 755
1785990 757
1786000 760
1786010 762
1786020 764
1786030 767
1786040 769
1786050 771
1786060 773
1786070 776
1786080 778
1786090 781
1786100 783
1786110 785
1786120 788
1786130 791
1786140 793
1786150 796
1786160 799
1786170 802
1786180 805
1786190 809
1786200 812
1786210 815
1786220 819
1786230 822
1786240 825
1786250 829
1786260 832
1786270 835
1786280 839
1786290 842
1786300 846
1786310 850
1786320 853
1786330 857
1786340 860
1786350 864
1786360 868
1786370 871
1786380 874
1786390 877
1786400 880
1786410 882
1786420 884
1786430 886
1786440 888
1786450 890
1786460 892
1786470 895
1786480 898
1786490 902
1786500 907
1786510 911
1786520 915
1786530 917
1786540 919
1786550 921
1786560 921
1786570 919
1786580 917
1786590 916
1786600 914
1786610 912
1786620 910
1786630 908
1786640 906
1786650 904
1786660 902
1786670 900
1786680 898
1786690 896
1786700 895
1786710 893
1786720 891
1786730 889
1786740 887
1786750 885
1786760 883
1786770 882
1786780 880
1786790 879
1786800 878
1786810 876
1786820 874
1786830 872
1786840 870
1786850 868
1786860 866
1786870 864
1786880 862
1786890 859
1786900 857
1786910 854
1786920 851
1786930 849
1786940 847
1786950 845
1786960 843
1786970 841
1786980 839
1786990 837
1787000 834
1787010 832
1787020 829
1787030 827
1787040 825
1787050 823
1787060 821
1787070 819
1787080 816
1787090 814
1787100 812
1787110 810
1787120 808
1787130 805
1787140 803
1787150 801
1787160 799
1787170 797
1787180 795
1787190 794
1787200 791
1787210 789
1787220 787
1787230 785
1787240 782
1787250 780
1787260 778
1787270 776
1787280 774
1787290 772
1787300 770
1787310 768
1787320 766
1787330 764
1787340 762
1787350 760
1787360 758
1787370 756
1787380 754
1787390 752
1787400 751
1787410 750
1787420 749
1787430 748
1787440 747
1787450 747
1787460 746
1787470 745
1787480 745
1787490 744
1787500 743
1787510 742
1787520 740
1787530 739
1787540 738
1787550 737
1787560 736
1787570 735
1787580 734
1787590 733
1787600 732
1787610 731
1787620 729
1787630 728
1787640 726
1787650 723
1787660 723
1787670 723
1787680 724
1787690 724
1787700 724
1787710 725
1787720 725
1787730 725
1787740 725
1787750 725
1787760 725
1787770 725
1787780 725
1787790 725
1787800 725
1787810 725
1787820 725
1787830 725
1787840 725
1787850 725
1787860 725
1787870 724
1787880 724
1787890 723
1787900 723
1787910 723
1787920 723
1787930 722
1787940 722
1787950 721
1787960 720
1787970 720
1787980 719
1787990 718
1788000 718
1788010 717
1788020 717
1788030 717
1788040 716
1788050 716
1788060 715
1788070 715
1788080 714
1788090 713
1788100 712
1788110 712
1788120 711
1788130 711
1788140 711
1788150 710
1788160 710
1788170 709
1788180 709
1788190 709
1788200 709
1788210 709
1788220 709
1788230 709
1788240 709
1788250 709
1788260 709
1788270 710
1788280 710
1788290 710
1788300 711
1788310 711
1788320 711
1788330 710
1788340 710
1788350 710
1788360 710
1788370 710
1788380 710
1788390 711
1788400 711
1788410 711
1788420 711
1788430 711
1788440 712
1788450 711
1788460 711
1788470 712
1788480 712
1788490 712
1788500 711
1788510 711
1788520 711
1788530 710
1788540 710
1788550 710
1788560 709
1788570 709
1788580 708
1788590 707
1788600 707
1788610 706
1788620 704
1788630 703
1788640 702
1788650 701
1788660 700
1788670 698
1788680 697
1788690 695
1788700 694
1788710 692
1788720 691
1788730 689
1788740 687
1788750 686
1788760 684
1788770 681
1788780 679
1788790 676
1788800 673
1788810 669
1788820 666
1788830 663
1788840 660
1788850 658
1788860 655
1788870 653
1788880 651
1788890 649
1788900 647
1788910 645
1788920 644
1788930 642
1788940 640
1788950 638
1788960 636
1788970 634
1788980 632
1788990 630
1789000 628
1789010 626
1789020 624
1789030 623
1789040 621
1789050 619
1789060 617
1789070 616
1789080 614
1789090 613
1789100 611
1789110 609
1789120 607
1789130 605
1789140 604
1789150 602
1789160 600
1789170 599
1789180 597
1789190 596
1789200 594
1789210 593
1789220 591
1789230 590
1789240 588
1789250 587
1789260 585
1789270 584
1789280 583
1789290 581
1789300 580
1789310 578
1789320 576
1789330 574
1789340 572
1789350 569
1789360 565
1789370 563
1789380 560
1789390 558
1789400 556
1789410 554
1789420 552
1789430 550
1789440 549
1789450 548
1789460 548
1789470 547
1789480 547
1789490 546
1789500 544
1789510 542
1789520 540
1789530 537
1789540 534
1789550 533
1789560 531
1789570 531
1789580 530
1789590 529
1789600 528
1789610 527
1789620 526
1789630 526
1789640 525
1789650 524
1789660 524
1789670 523
1789680 523
1789690 522
1789700 521
1789710 521
1789720 520
1789730 519
1789740 519
1789750 518
1789760 517
1789770 517
1789780 516
1789790 516
1789800 515
1789810 515
1789820 514
1789830 514
1789840 513
1789850 513
1789860 512
1789870 512
1789880 512
1789890 511
1789900 511
1789910 511
1789920 511
1789930 510
1789940 510
1789950 509
1789960 509
1789970 509
1789980 509
1789990 509
1790000 508
1790010 508
1790020 508
1790030 508
1790040 508
1790050 508
1790060 507
1790070 507
1790080 506
1790090 505
1790100 504
1790110 503
1790120 503
1790130 502
1790140 502
1790150 502
1790160 502
1790170 503
1790180 504
1790190 505
1790200 505
1790210 505
1790220 506
1790230 505
1790240 505
1790250 505
1790260 505
1790270 504
1790280 504
1790290 503
1790300 502
1790310 501
1790320 501
1790330 500
1790340 499
1790350 498
1790360 498
1790370 497
1790380 497
1790390 497
1790400 497
1790410 496
1790420 496
1790430 495
1790440 494
1790450 494
1790460 494
1790470 494
1790480 494
1790490 493
1790500 493
1790510 492
1790520 492
1790530 491
1790540 490
1790550 489
1790560 489
1790570 488
1790580 487
1790590 486
1790600 486
1790610 485
1790620 485
1790630 485
1790640 484
1790650 484
1790660 484
1790670 483
1790680 483
1790690 483
1790700 483
1790710 482
1790720 482
1790730 482
1790740 481
1790750 481
1790760 480
1790770 480
1790780 481
1790790 481
1790800 481
1790810 481
1790820 481
1790830 481
1790840 480
1790850 480
1790860 480
1790870 481
1790880 481
1790890 481
1790900 482
1790910 482
1790920 482
1790930 483
1790940 484
1790950 485
1790960 485
1790970 486
1790980 486
1790990 485
1791000 485
1791010 485
1791020 484
1791030 484
1791040 483
1791050 483
1791060 483
1791070 486
1791080 488
1791090 489
1791100 490
1791110 491
1791120 492
1791130 493
1791140 495
1791150 496
1791160 497
1791170 498
1791180 499
1791190 500
1791200 501
1791210 501
1791220 502
1791230 503
1791240 503
1791250 504
1791260 505
1791270 506
1791280 508
1791290 509
1791300 509
1791310 510
1791320 511
1791330 512
1791340 513
1791350 514
1791360 515
1791370 515
1791380 514
1791390 513
1791400 512
1791410 511
1791420 509
1791430 508
1791440 507
1791450 506
1791460 505
1791470 505
1791480 504
1791490 503
1791500 502
1791510 501
1791520 500
1791530 500
1791540 499
1791550 498
1791560 496
1791570 495
1791580 494
1791590 493
1791600 492
1791610 490
1791620 490
1791630 489
1791640 488
1791650 487
1791660 486
1791670 486
1791680 485
1791690 484
1791700 484
1791710 483
1791720 482
1791730 482
1791740 481
1791750 480
1791760 478
1791770 477
1791780 476
1791790 476
1791800 476
1791810 476
1791820 476
1791830 476
1791840 477
1791850 477
1791860 478
1791870 478
1791880 479
1791890 480
1791900 481
1791910 482
1791920 483
1791930 483
1791940 484
1791950 485
1791960 486
1791970 487
1791980 488
1791990 489
1792000 490
1792010 491
1792020 492
1792030 494
1792040 495
1792050 496
1792060 498
1792070 500
1792080 501
1792090 503
1792100 504
1792110 506
1792120 507
1792130 508
1792140 509
1792150 509
1792160 510
1792170 510
1792180 511
1792190 511
1792200 511
1792210 512
1792220 512
1792230 513
1792240 513
1792250 513
1792260 513
1792270 513
1792280 514
1792290 514
1792300 514
1792310 514
1792320 514
1792330 514
1792340 514
1792350 514
1792360 514
1792370 514
1792380 514
1792390 514
1792400 514
1792410 514
1792420 514
1792430 514
1792440 514
1792450 514
1792460 514
1792470 513
1792480 513
1792490 513
1792500 512
1792510 512
1792520 512
1792530 511
1792540 510
1792550 510
1792560 511
1792570 512
1792580 512
1792590 513
1792600 513
1792610 513
1792620 514
1792630 514
1792640 514
1792650 515
1792660 515
1792670 515
1792680 515
1792690 516
1792700 516
1792710 516
1792720 516
1792730 517
1792740 517
1792750 517
1792760 517
1792770 517
1792780 518
1792790 518
1792800 518
1792810 517
1792820 517
1792830 517
1792840 517
1792850 516
1792860 516
1792870 516
1792880 515
1792890 515
1792900 515
1792910 515
1792920 516
1792930 516
1792940 516
1792950 516
1792960 516
1792970 516
1792980 516
1792990 516
1793000 516
1793010 516
1793020 516
1793030 516
1793040 516
1793050 516
1793060 517
1793070 517
1793080 517
1793090 517
1793100 517
1793110 517
1793120 517
1793130 517
1793140 517
1793150 517
1793160 517
1793170 517
1793180 517
1793190 517
1793200 517
1793210 517
1793220 517
1793230 517
1793240 516
1793250 516
1793260 516
1793270 516
1793280 516
1793290 516
1793300 515
1793310 515
1793320 515
1793330 514
1793340 514
1793350 514
1793360 513
1793370 513
1793380 513
1793390 513
1793400 512
1793410 512
1793420 512
1793430 512
1793440 512
1793450 512
1793460 512
1793470 512
1793480 512
1793490 512
1793500 512
1793510 512
1793520 512
1793530 512
1793540 512
1793550 511
1793560 511
1793570 511
1793580 511
1793590 510
1793600 510
1793610 510
1793620 510
1793630 510
1793640 510
1793650 509
1793660 509
1793670 509
1793680 509
1793690 509
1793700 509
1793710 508
1793720 508
1793730 508
1793740 508
1793750 508
1793760 508
1793770 508
1793780 508
1793790 507
1793800 507
1793810 507
1793820 507
1793830 507
1793840 506
1793850 506
1793860 506
1793870 506
1793880 506
1793890 506
1793900 505
1793910 505
1793920 505
1793930 505
1793940 505
1793950 505
1793960 505
1793970 505
1793980 505
1793990 505
1794000 505
1794010 504
1794020 504
1794030 504
1794040 504
1794050 504
1794060 504
1794070 504
1794080 504
1794090 504
1794100 504
1794110 504
1794120 504
1794130 504
1794140 504
1794150 504
1794160 504
1794170 504
1794180 504
1794190 505
1794200 505
1794210 505
1794220 505
1794230 505
1794240 505
1794250 505
1794260 504
1794270 504
1794280 504
1794290 504
1794300 504
1794310 504
1794320 504
1794330 505
1794340 505
1794350 505
1794360 505
1794370 505
1794380 505
1794390 505
1794400 504
1794410 504
1794420 504
1794430 504
1794440 504
1794450 504
1794460 504
1794470 504
1794480 504
1794490 504
1794500 504
1794510 504
1794520 504
1794530 504
1794540 504
1794550 504
1794560 503
1794570 503
1794580 503
1794590 503
1794600 503
1794610 503
1794620 503
1794630 503
1794640 503
1794650 503
1794660 503
1794670 503
1794680 503
1794690 503
1794700 503
1794710 503
1794720 503
1794730 503
1794740 503
1794750 503
1794760 503
1794770 503
1794780 503
1794790 503
1794800 503
1794810 503
1794820 503
1794830 503
1794840 503
1794850 503
1794860 503
1794870 503
1794880 503
1794890 503
1794900 503
1794910 503
1794920 503
1794930 503
1794940 503
1794950 503
1794960 503
1794970 503
1794980 503
1794990 503
1795000 503
1795010 503
1795020 503
1795030 503
1795040 503
1795050 503
1795060 503
1795070 503
1795080 503
1795090 503
1795100 503
1795110 503
1795120 503
1795130 503
1795140 503
1795150 503
1795160 503
1795170 503
1795180 503
1795190 503
1795200 503
1795210 503
1795220 503
1795230 504
1795240 504
1795250 504
1795260 504
1795270 503
1795280 503
1795290 503
1795300 503
1795310 503
1795320 503
1795330 503
1795340 503
1795350 503
1795360 503
1795370 503
1795380 503
1795390 503
1795400 503
1795410 503
1795420 503
1795430 503
1795440 503
1795450 503
1795460 503
1795470 503
1795480 503
1795490 502
1795500 502
1795510 502
1795520 502
1795530 502
1795540 502
1795550 502
1795560 502
1795570 502
1795580 502
1795590 501
1795600 501
1795610 501
1795620 501
1795630 501
1795640 501
1795650 501
1795660 501
1795670 501
1795680 501
1795690 501
1795700 501
1795710 501
1795720 501
1795730 501
1795740 501
1795750 501
1795760 500
1795770 500
1795780 500
1795790 500
1795800 500
1795810 500
1795820 500
1795830 500
1795840 500
1795850 500
1795860 500
1795870 500
1795880 500
1795890 500
1795900 500
1795910 500
1795920 500
1795930 500
1795940 500
1795950 500
1795960 500
1795970 500
1795980 500
1795990 500
1796000 499
1796010 499
1796020 499
1796030 499
1796040 499
1796050 499
1796060 499
1796070 499
1796080 498
1796090 499
1796100 499
1796110 499
1796120 499
1796130 499
1796140 499
1796150 499
1796160 498
1796170 498
1796180 498
1796190 498
1796200 498
1796210 498
1796220 498
1796230 498
1796240 498
1796250 498
1796260 498
1796270 498
1796280 498
1796290 497
1796300 497
1796310 497
1796320 497
1796330 497
1796340 497
1796350 497
1796360 497
1796370 497
1796380 497
1796390 497
1796400 497
1796410 497
1796420 497
1796430 497
1796440 497
1796450 497
1796460 497
1796470 497
1796480 497
1796490 497
1796500 497
1796510 497
1796520 497
1796530 497
1796540 496
1796550 497
1796560 497
1796570 497
1796580 497
1796590 497
1796600 497
1796610 497
1796620 497
1796630 497
1796640 496
1796650 496
1796660 496
1796670 496
1796680 496
1796690 495
1796700 495
1796710 495
1796720 495
1796730 495
1796740 495
1796750 495
1796760 494
1796770 494
1796780 494
1796790 494
1796800 494
1796810 494
1796820 494
1796830 494
1796840 494
1796850 494
1796860 494
1796870 494
1796880 494
1796890 494
1796900 493
1796910 493
1796920 493
1796930 493
1796940 493
1796950 492
1796960 492
1796970 492
1796980 492
1796990 492
1797000 492
1797010 491
1797020 491
1797030 491
1797040 491
1797050 490
1797060 490
1797070 490
1797080 490
1797090 490
1797100 490
1797110 490
1797120 490
1797130 490
1797140 490
1797150 490
1797160 490
1797170 490
1797180 490
1797190 489
1797200 489
1797210 489
1797220 489
1797230 489
1797240 489
1797250 489
1797260 489
1797270 489
1797280 489
1797290 489
1797300 489
1797310 489
1797320 489
1797330 489
1797340 488
1797350 488
1797360 488
1797370 488
1797380 488
1797390 488
1797400 488
1797410 488
1797420 488
1797430 488
1797440 488
1797450 488
1797460 488
1797470 488
1797480 488
1797490 488
1797500 488
1797510 488
1797520 488
1797530 488
1797540 488
1797550 488
1797560 488
1797570 488
1797580 488
1797590 488
1797600 488
1797610 488
1797620 487
1797630 487
1797640 487
1797650 487
1797660 486
1797670 486
1797680 486
1797690 486
1797700 485
1797710 485
1797720 485
1797730 485
1797740 485
1797750 485
1797760 485
1797770 485
1797780 484
1797790 484
1797800 484
1797810 484
1797820 484
1797830 484
1797840 483
1797850 483
1797860 483
1797870 483
1797880 483
1797890 482
1797900 482
1797910 482
1797920 481
1797930 481
1797940 481
1797950 481
1797960 481
1797970 481
1797980 481
1797990 481
1798000 481
1798010 480
1798020 480
1798030 480
1798040 480
1798050 479
1798060 479
1798070 479
1798080 479
1798090 479
1798100 479
1798110 479
1798120 479
1798130 478
1798140 478
1798150 478
1798160 478
1798170 478
1798180 478
1798190 477
1798200 477
1798210 477
1798220 477
1798230 477
1798240 476
1798250 476
1798260 476
1798270 476
1798280 476
1798290 475
1798300 475
1798310 475
1798320 475
1798330 474
1798340 474
1798350 474
1798360 474
1798370 473
1798380 473
1798390 473
1798400 473
1798410 472
1798420 472
1798430 472
1798440 472
1798450 472
1798460 471
1798470 471
1798480 471
1798490 471
1798500 471
1798510 470
1798520 470
1798530 470
1798540 470
1798550 470
1798560 469
1798570 469
1798580 469
1798590 469
1798600 469
1798610 468
1798620 468
1798630 468
1798640 468
1798650 468
1798660 468
1798670 468
1798680 467
1798690 467
1798700 467
1798710 467
1798720 467
1798730 467
1798740 467
1798750 467
1798760 467
1798770 467
1798780 466
1798790 466
1798800 466
1798810 466
1798820 466
1798830 465
1798840 465
1798850 465
1798860 465
1798870 465
1798880 465
1798890 464
1798900 464
1798910 464
1798920 464
1798930 463
1798940 463
1798950 463
1798960 463
1798970 463
1798980 462
1798990 462
1799000 462
1799010 462
1799020 462
1799030 462
1799040 462
1799050 462
1799060 462
1799070 462
1799080 461
1799090 461
1799100 460
1799110 460
1799120 460
1799130 459
1799140 459
1799150 459
1799160 459
1799170 459
1799180 458
1799190 458
1799200 458
1799210 458
1799220 458
1799230 458
1799240 458
1799250 458
1799260 458
1799270 457
1799280 457
1799290 457
1799300 457
1799310 457
1799320 457
1799330 457
1799340 457
1799350 457
1799360 457
1799370 457
1799380 457
1799390 457
1799400 457
1799410 456
1799420 456
1799430 456
1799440 456
1799450 456
1799460 456
1799470 456
1799480 456
1799490 456
1799500 456
1799510 456
1799520 456
1799530 455
1799540 455
1799550 455
1799560 455
1799570 454
1799580 454
1799590 454
1799600 454
1799610 454
1799620 453
1799630 453
1799640 453
1799650 452
1799660 452
1799670 452
1799680 452
1799690 451
1799700 451
1799710 450
1799720 450
1799730 450
1799740 450
1799750 450
1799760 450
1799770 449
1799780 449
1799790 449
1799800 449
1799810 449
1799820 449
1799830 448
1799840 448
1799850 447
1799860 447
1799870 447
1799880 447
1799890 447
1799900 447
1799910 447
1799920 447
1799930 446
1799940 446
1799950 446
1799960 445
1799970 445
1799980 445
1799990 445
