1780000 672
1780010 669
1780020 665
1780030 662
1780040 660
1780050 657
1780060 656
1780070 654
1780080 653
1780090 652
1780100 651
1780110 650
1780120 650
1780130 650
1780140 650
1780150 650
1780160 650
1780170 650
1780180 649
1780190 648
1780200 647
1780210 646
1780220 645
1780230 644
1780240 643
1780250 643
1780260 643
1780270 644
1780280 645
1780290 646
1780300 647
1780310 648
1780320 649
1780330 650
1780340 650
1780350 649
1780360 648
1780370 647
1780380 645
1780390 645
1780400 644
1780410 643
1780420 640
1780430 639
1780440 638
1780450 639
1780460 640
1780470 641
1780480 642
1780490 645
1780500 647
1780510 650
1780520 652
1780530 654
1780540 656
1780550 657
1780560 659
1780570 661
1780580 663
1780590 666
1780600 667
1780610 669
1780620 671
1780630 674
1780640 676
1780650 678
1780660 679
1780670 679
1780680 680
1780690 681
1780700 680
1780710 680
1780720 679
1780730 678
1780740 677
1780750 677
1780760 678
1780770 678
1780780 679
1780790 680
1780800 681
1780810 682
1780820 684
1780830 687
1780840 689
1780850 691
1780860 694
1780870 696
1780880 699
1780890 701
1780900 704
1780910 706
1780920 708
1780930 709
1780940 710
1780950 711
1780960 712
1780970 712
1780980 713
1780990 714
1781000 716
1781010 718
1781020 720
1781030 723
1781040 727
1781050 730
1781060 733
1781070 737
1781080 739
1781090 741
1781100 743
1781110 745
1781120 747
1781130 750
1781140 752
1781150 754
1781160 755
1781170 757
1781180 759
1781190 761
1781200 763
1781210 765
1781220 767
1781230 770
1781240 772
1781250 774
1781260 777
1781270 780
1781280 782
1781290 785
1781300 787
1781310 789
1781320 791
1781330 793
1781340 794
1781350 795
1781360 795
1781370 796
1781380 796
1781390 797
1781400 799
1781410 800
1781420 801
1781430 802
1781440 804
1781450 807
1781460 811
1781470 815
1781480 819
1781490 823
1781500 827
1781510 831
1781520 835
1781530 839
1781540 844
1781550 848
1781560 853
1781570 857
1781580 862
1781590 868
1781600 873
1781610 876
1781620 878
1781630 879
1781640 880
1781650 881
1781660 882
1781670 883
1781680 884
1781690 886
1781700 887
1781710 888
1781720 890
1781730 891
1781740 893
1781750 896
1781760 898
1781770 900
1781780 902
1781790 904
1781800 906
1781810 908
1781820 909
1781830 911
1781840 913
1781850 914
1781860 916
1781870 917
1781880 919
1781890 920
1781900 922
1781910 923
1781920 924
1781930 926
1781940 927
1781950 928
1781960 929
1781970 930
1781980 931
1781990 932
1782000 933
1782010 934
1782020 935
1782030 936
1782040 936
1782050 938
1782060 940
1782070 941
1782080 942
1782090 943
1782100 943
1782110 942
1782120 942
1782130 941
1782140 941
1782150 940
1782160 939
1782170 937
1782180 936
1782190 933
1782200 931
1782210 928
1782220 926
1782230 924
1782240 923
1782250 922
1782260 922
1782270 922
1782280 922
1782290 921
1782300 921
1782310 921
1782320 920
1782330 920
1782340 920
1782350 919
1782360 919
1782370 919
1782380 918
1782390 918
1782400 917
1782410 915
1782420 913
1782430 911
1782440 910
1782450 908
1782460 907
1782470 906
1782480 905
1782490 904
1782500 903
1782510 902
1782520 901
1782530 900
1782540 898
1782550 897
1782560 896
1782570 895
1782580 893
1782590 891
1782600 889
1782610 887
1782620 886
1782630 884
1782640 882
1782650 880
1782660 879
1782670 879
1782680 878
1782690 877
1782700 876
1782710 876
1782720 875
1782730 873
1782740 872
1782750 871
1782760 869
1782770 868
1782780 866
1782790 865
1782800 864
1782810 862
1782820 861
1782830 859
1782840 857
1782850 855
1782860 853
1782870 851
1782880 849
1782890 847
1782900 845
1782910 842
1782920 840
1782930 838
1782940 836
1782950 835
1782960 834
1782970 833
1782980 831
1782990 830
1783000 829
1783010 828
1783020 826
1783030 825
1783040 823
1783050 822
1783060 821
1783070 820
1783080 818
1783090 817
1783100 815
1783110 814
1783120 812
1783130 810
1783140 808
1783150 806
1783160 804
1783170 801
1783180 799
1783190 797
1783200 794
1783210 791
1783220 788
1783230 784
1783240 780
1783250 776
1783260 773
1783270 769
1783280 766
1783290 764
1783300 761
1783310 758
1783320 755
1783330 752
1783340 749
1783350 747
1783360 745
1783370 743
1783380 742
1783390 741
1783400 740
1783410 740
1783420 739
1783430 739
1783440 740
1783450 740
1783460 741
1783470 742
1783480 743
1783490 743
1783500 744
1783510 745
1783520 746
1783530 747
1783540 748
1783550 749
1783560 752
1783570 753
1783580 750
1783590 746
1783600 744
1783610 743
1783620 743
1783630 743
1783640 741
1783650 740
1783660 738
1783670 737
1783680 737
1783690 737
1783700 737
1783710 737
1783720 737
1783730 736
1783740 735
1783750 733
1783760 731
1783770 728
1783780 726
1783790 724
1783800 723
1783810 722
1783820 721
1783830 720
1783840 719
1783850 718
1783860 717
1783870 716
1783880 715
1783890 714
1783900 713
1783910 712
1783920 712
1783930 711
1783940 710
1783950 710
1783960 710
1783970 709
1783980 709
1783990 709
1784000 710
1784010 710
1784020 710
1784030 711
1784040 711
1784050 711
1784060 712
1784070 712
1784080 712
1784090 712
1784100 712
1784110 712
1784120 711
1784130 711
1784140 710
1784150 709
1784160 708
1784170 706
1784180 705
1784190 702
1784200 701
1784210 699
1784220 698
1784230 697
1784240 696
1784250 695
1784260 695
1784270 694
1784280 693
1784290 692
1784300 690
1784310 688
1784320 688
1784330 689
1784340 691
1784350 693
1784360 696
1784370 699
1784380 701
1784390 703
1784400 704
1784410 706
1784420 707
1784430 709
1784440 710
1784450 711
1784460 712
1784470 712
1784480 713
1784490 713
1784500 712
1784510 711
1784520 710
1784530 708
1784540 707
1784550 705
1784560 702
1784570 700
1784580 697
1784590 695
1784600 693
1784610 692
1784620 691
1784630 690
1784640 689
1784650 687
1784660 684
1784670 681
1784680 678
1784690 676
1784700 674
1784710 671
1784720 668
1784730 666
1784740 664
1784750 661
1784760 658
1784770 655
1784780 652
1784790 648
1784800 644
1784810 640
1784820 636
1784830 632
1784840 628
1784850 625
1784860 621
1784870 619
1784880 616
1784890 615
1784900 613
1784910 611
1784920 610
1784930 609
1784940 607
1784950 606
1784960 604
1784970 601
1784980 599
1784990 595
1785000 591
1785010 588
1785020 584
1785030 581
1785040 578
1785050 576
1785060 573
1785070 571
1785080 569
1785090 567
1785100 564
1785110 561
1785120 557
1785130 553
1785140 551
1785150 549
1785160 548
1785170 547
1785180 546
1785190 544
1785200 544
1785210 543
1785220 544
1785230 544
1785240 546
1785250 548
1785260 551
1785270 554
1785280 558
1785290 561
1785300 565
1785310 568
1785320 571
1785330 572
1785340 572
1785350 571
1785360 570
1785370 568
1785380 565
1785390 564
1785400 564
1785410 564
1785420 564
1785430 563
1785440 562
1785450 562
1785460 562
1785470 562
1785480 563
1785490 563
1785500 564
1785510 566
1785520 568
1785530 570
1785540 573
1785550 576
1785560 581
1785570 586
1785580 592
1785590 598
1785600 602
1785610 605
1785620 610
1785630 614
1785640 618
1785650 621
1785660 623
1785670 624
1785680 626
1785690 627
1785700 628
1785710 626
1785720 626
1785730 627
1785740 628
1785750 631
1785760 634
1785770 637
1785780 640
1785790 641
1785800 643
1785810 644
1785820 645
1785830 648
1785840 651
1785850 654
1785860 658
1785870 661
1785880 665
1785890 669
1785900 673
1785910 677
1785920 681
1785930 685
1785940 689
1785950 693
1785960 697
1785970 701
1785980 705
1785990 709
1786000 713
1786010 717
1786020 720
1786030 724
1786040 727
1786050 729
1786060 731
1786070 732
1786080 733
1786090 733
1786100 734
1786110 737
1786120 739
1786130 742
1786140 744
1786150 746
1786160 748
1786170 751
1786180 753
1786190 755
1786200 755
1786210 755
1786220 754
1786230 754
1786240 753
1786250 753
1786260 752
1786270 751
1786280 750
1786290 749
1786300 748
1786310 747
1786320 746
1786330 745
1786340 745
1786350 745
1786360 745
1786370 744
1786380 743
1786390 743
1786400 742
1786410 742
1786420 742
1786430 743
1786440 744
1786450 746
1786460 749
1786470 753
1786480 756
1786490 759
1786500 762
1786510 765
1786520 768
1786530 771
1786540 773
1786550 776
1786560 779
1786570 782
1786580 784
1786590 787
1786600 789
1786610 792
1786620 794
1786630 796
1786640 798
1786650 800
1786660 800
1786670 801
1786680 800
1786690 799
1786700 798
1786710 797
1786720 796
1786730 794
1786740 793
1786750 791
1786760 789
1786770 788
1786780 786
1786790 784
1786800 783
1786810 782
1786820 781
1786830 780
1786840 780
1786850 780
1786860 780
1786870 780
1786880 780
1786890 779
1786900 779
1786910 778
1786920 778
1786930 777
1786940 777
1786950 777
1786960 777
1786970 778
1786980 777
1786990 777
1787000 776
1787010 774
1787020 771
1787030 767
1787040 764
1787050 760
1787060 758
1787070 756
1787080 754
1787090 752
1787100 750
1787110 748
1787120 747
1787130 746
1787140 745
1787150 744
1787160 743
1787170 742
1787180 740
1787190 739
1787200 738
1787210 739
1787220 739
1787230 739
1787240 739
1787250 739
1787260 739
1787270 739
1787280 739
1787290 738
1787300 739
1787310 740
1787320 741
1787330 743
1787340 745
1787350 747
1787360 749
1787370 750
1787380 751
1787390 751
1787400 751
1787410 751
1787420 753
1787430 755
1787440 758
1787450 761
1787460 763
1787470 766
1787480 767
1787490 768
1787500 769
1787510 767
1787520 765
1787530 763
1787540 761
1787550 760
1787560 759
1787570 758
1787580 757
1787590 756
1787600 755
1787610 754
1787620 753
1787630 752
1787640 751
1787650 749
1787660 749
1787670 749
1787680 749
1787690 751
1787700 753
1787710 756
1787720 759
1787730 762
1787740 766
1787750 769
1787760 773
1787770 776
1787780 780
1787790 784
1787800 787
1787810 791
1787820 794
1787830 797
1787840 800
1787850 804
1787860 807
1787870 810
1787880 814
1787890 817
1787900 820
1787910 824
1787920 827
1787930 830
1787940 833
1787950 837
1787960 840
1787970 844
1787980 848
1787990 851
1788000 854
1788010 856
1788020 858
1788030 860
1788040 862
1788050 864
1788060 864
1788070 864
1788080 864
1788090 863
1788100 861
1788110 860
1788120 858
1788130 857
1788140 856
1788150 855
1788160 853
1788170 851
1788180 849
1788190 846
1788200 844
1788210 841
1788220 839
1788230 837
1788240 834
1788250 832
1788260 829
1788270 826
1788280 824
1788290 821
1788300 818
1788310 816
1788320 813
1788330 810
1788340 807
1788350 805
1788360 802
1788370 799
1788380 796
1788390 792
1788400 789
1788410 786
1788420 783
1788430 780
1788440 777
1788450 773
1788460 769
1788470 766
1788480 763
1788490 760
1788500 756
1788510 754
1788520 751
1788530 748
1788540 745
1788550 742
1788560 740
1788570 737
1788580 734
1788590 731
1788600 728
1788610 726
1788620 723
1788630 720
1788640 717
1788650 714
1788660 712
1788670 709
1788680 707
1788690 704
1788700 702
1788710 700
1788720 697
1788730 694
1788740 692
1788750 689
1788760 686
1788770 684
1788780 681
1788790 678
1788800 676
1788810 673
1788820 670
1788830 668
1788840 665
1788850 663
1788860 660
1788870 658
1788880 656
1788890 654
1788900 652
1788910 651
1788920 649
1788930 648
1788940 647
1788950 646
1788960 645
1788970 643
1788980 641
1788990 639
1789000 638
1789010 637
1789020 636
1789030 635
1789040 634
1789050 633
1789060 632
1789070 632
1789080 631
1789090 629
1789100 627
1789110 625
1789120 622
1789130 620
1789140 617
1789150 615
1789160 613
1789170 611
1789180 610
1789190 608
1789200 607
1789210 606
1789220 606
1789230 605
1789240 605
1789250 604
1789260 603
1789270 601
1789280 600
1789290 598
1789300 597
1789310 596
1789320 595
1789330 594
1789340 593
1789350 592
1789360 591
1789370 590
1789380 589
1789390 587
1789400 586
1789410 584
1789420 583
1789430 582
1789440 580
1789450 579
1789460 578
1789470 577
1789480 576
1789490 575
1789500 573
1789510 572
1789520 571
1789530 569
1789540 568
1789550 567
1789560 566
1789570 565
1789580 564
1789590 563
1789600 562
1789610 561
1789620 560
1789630 558
1789640 557
1789650 556
1789660 555
1789670 554
1789680 553
1789690 552
1789700 551
1789710 550
1789720 549
1789730 549
1789740 548
1789750 548
1789760 547
1789770 547
1789780 546
1789790 546
1789800 545
1789810 544
1789820 544
1789830 543
1789840 543
1789850 542
1789860 542
1789870 542
1789880 541
1789890 541
1789900 541
1789910 540
1789920 540
1789930 540
1789940 539
1789950 539
1789960 539
1789970 539
1789980 538
1789990 538
1790000 538
1790010 538
1790020 539
1790030 539
1790040 539
1790050 539
1790060 539
1790070 539
1790080 538
1790090 537
1790100 537
1790110 535
1790120 534
1790130 533
1790140 531
1790150 528
1790160 526
1790170 525
1790180 523
1790190 522
1790200 522
1790210 521
1790220 520
1790230 519
1790240 518
1790250 517
1790260 516
1790270 515
1790280 514
1790290 514
1790300 513
1790310 512
1790320 512
1790330 511
1790340 510
1790350 509
1790360 508
1790370 507
1790380 506
1790390 505
1790400 505
1790410 504
1790420 503
1790430 502
1790440 501
1790450 500
1790460 500
1790470 498
1790480 497
1790490 495
1790500 494
1790510 493
1790520 492
1790530 491
1790540 491
1790550 490
1790560 490
1790570 490
1790580 490
1790590 489
1790600 489
1790610 489
1790620 489
1790630 489
1790640 489
1790650 488
1790660 488
1790670 488
1790680 488
1790690 489
1790700 489
1790710 489
1790720 488
1790730 488
1790740 488
1790750 489
1790760 489
1790770 488
1790780 487
1790790 487
1790800 486
1790810 486
1790820 485
1790830 484
1790840 483
1790850 481
1790860 481
1790870 480
1790880 479
1790890 479
1790900 479
1790910 479
1790920 478
1790930 478
1790940 477
1790950 476
1790960 476
1790970 474
1790980 473
1790990 472
1791000 472
1791010 471
1791020 470
1791030 470
1791040 470
1791050 469
1791060 469
1791070 468
1791080 467
1791090 467
1791100 467
1791110 467
1791120 467
1791130 466
1791140 465
1791150 464
1791160 463
1791170 463
1791180 462
1791190 461
1791200 460
1791210 459
1791220 459
1791230 458
1791240 458
1791250 458
1791260 457
1791270 457
1791280 457
1791290 457
1791300 457
1791310 456
1791320 455
1791330 454
1791340 453
1791350 452
1791360 451
1791370 451
1791380 450
1791390 449
1791400 449
1791410 449
1791420 448
1791430 448
1791440 448
1791450 447
1791460 447
1791470 447
1791480 447
1791490 446
1791500 446
1791510 446
1791520 446
1791530 445
1791540 445
1791550 444
1791560 444
1791570 444
1791580 443
1791590 443
1791600 443
1791610 443
1791620 443
1791630 443
1791640 443
1791650 443
1791660 443
1791670 443
1791680 444
1791690 446
1791700 448
1791710 450
1791720 451
1791730 451
1791740 450
1791750 449
1791760 448
1791770 447
1791780 446
1791790 445
1791800 444
1791810 443
1791820 442
1791830 441
1791840 441
1791850 441
1791860 440
1791870 440
1791880 441
1791890 441
1791900 441
1791910 441
1791920 441
1791930 441
1791940 441
1791950 441
1791960 442
1791970 442
1791980 442
1791990 442
1792000 442
1792010 441
1792020 441
1792030 441
1792040 440
1792050 440
1792060 439
1792070 439
1792080 439
1792090 438
1792100 438
1792110 438
1792120 437
1792130 437
1792140 437
1792150 436
1792160 436
1792170 436
1792180 435
1792190 436
1792200 436
1792210 437
1792220 437
1792230 438
1792240 438
1792250 439
1792260 439
1792270 440
1792280 441
1792290 442
1792300 442
1792310 443
1792320 444
1792330 445
1792340 446
1792350 447
1792360 447
1792370 448
1792380 449
1792390 449
1792400 450
1792410 450
1792420 450
1792430 450
1792440 450
1792450 450
1792460 450
1792470 450
1792480 450
1792490 450
1792500 450
1792510 450
1792520 451
1792530 451
1792540 450
1792550 450
1792560 450
1792570 449
1792580 449
1792590 449
1792600 449
1792610 449
1792620 449
1792630 449
1792640 449
1792650 449
1792660 449
1792670 449
1792680 450
1792690 450
1792700 450
1792710 450
1792720 450
1792730 450
1792740 449
1792750 449
1792760 448
1792770 448
1792780 448
1792790 448
1792800 448
1792810 447
1792820 447
1792830 446
1792840 446
1792850 445
1792860 445
1792870 444
1792880 444
1792890 444
1792900 443
1792910 443
1792920 443
1792930 443
1792940 443
1792950 442
1792960 442
1792970 442
1792980 442
1792990 443
1793000 443
1793010 443
1793020 443
1793030 443
1793040 443
1793050 443
1793060 443
1793070 443
1793080 443
1793090 443
1793100 443
1793110 444
1793120 444
1793130 445
1793140 446
1793150 447
1793160 448
1793170 449
1793180 449
1793190 449
1793200 450
1793210 450
1793220 451
1793230 452
1793240 452
1793250 453
1793260 453
1793270 453
1793280 454
1793290 455
1793300 455
1793310 456
1793320 456
1793330 457
1793340 457
1793350 458
1793360 459
1793370 459
1793380 460
1793390 460
1793400 461
1793410 461
1793420 462
1793430 463
1793440 464
1793450 465
1793460 465
1793470 466
1793480 466
1793490 467
1793500 467
1793510 468
1793520 468
1793530 468
1793540 469
1793550 469
1793560 469
1793570 470
1793580 470
1793590 471
1793600 471
1793610 472
1793620 473
1793630 474
1793640 474
1793650 475
1793660 476
1793670 477
1793680 478
1793690 478
1793700 479
1793710 479
1793720 480
1793730 480
1793740 481
1793750 481
1793760 482
1793770 482
1793780 483
1793790 483
1793800 484
1793810 484
1793820 485
1793830 486
1793840 486
1793850 487
1793860 488
1793870 488
1793880 489
1793890 489
1793900 490
1793910 490
1793920 491
1793930 491
1793940 492
1793950 493
1793960 493
1793970 494
1793980 494
1793990 495
1794000 496
1794010 497
1794020 497
1794030 498
1794040 499
1794050 500
1794060 500
1794070 501
1794080 502
1794090 503
1794100 504
1794110 504
1794120 505
1794130 505
1794140 505
1794150 506
1794160 506
1794170 506
1794180 507
1794190 507
1794200 507
1794210 508
1794220 508
1794230 508
1794240 508
1794250 508
1794260 508
1794270 508
1794280 507
1794290 507
1794300 507
1794310 507
1794320 507
1794330 507
1794340 507
1794350 507
1794360 507
1794370 507
1794380 507
1794390 506
1794400 506
1794410 506
1794420 506
1794430 506
1794440 506
1794450 506
1794460 506
1794470 506
1794480 505
1794490 505
1794500 505
1794510 505
1794520 505
1794530 505
1794540 504
1794550 504
1794560 504
1794570 504
1794580 504
1794590 504
1794600 504
1794610 503
1794620 503
1794630 503
1794640 503
1794650 503
1794660 503
1794670 503
1794680 503
1794690 502
1794700 502
1794710 503
1794720 502
1794730 502
1794740 502
1794750 502
1794760 502
1794770 501
1794780 501
1794790 501
1794800 501
1794810 501
1794820 500
1794830 500
1794840 500
1794850 499
1794860 499
1794870 499
1794880 499
1794890 498
1794900 498
1794910 498
1794920 498
1794930 498
1794940 497
1794950 497
1794960 497
1794970 497
1794980 497
1794990 497
1795000 496
1795010 496
1795020 495
1795030 495
1795040 495
1795050 494
1795060 494
1795070 493
1795080 493
1795090 493
1795100 492
1795110 492
1795120 491
1795130 491
1795140 491
1795150 491
1795160 490
1795170 490
1795180 489
1795190 489
1795200 488
1795210 487
1795220 487
1795230 486
1795240 485
1795250 485
1795260 484
1795270 484
1795280 484
1795290 483
1795300 483
1795310 482
1795320 482
1795330 481
1795340 481
1795350 480
1795360 480
1795370 479
1795380 478
1795390 478
1795400 478
1795410 477
1795420 477
1795430 477
1795440 477
1795450 477
1795460 477
1795470 477
1795480 477
1795490 477
1795500 476
1795510 476
1795520 475
1795530 474
1795540 472
1795550 470
1795560 468
1795570 466
1795580 465
1795590 464
1795600 463
1795610 462
1795620 462
1795630 463
1795640 465
1795650 466
1795660 468
1795670 469
1795680 471
1795690 473
1795700 475
1795710 477
1795720 479
1795730 482
1795740 485
1795750 486
1795760 488
1795770 489
1795780 489
1795790 489
1795800 489
1795810 490
1795820 490
1795830 490
1795840 490
1795850 489
1795860 489
1795870 489
1795880 489
1795890 489
1795900 489
1795910 489
1795920 489
1795930 488
1795940 488
1795950 488
1795960 488
1795970 489
1795980 489
1795990 489
1796000 489
1796010 489
1796020 489
1796030 489
1796040 489
1796050 489
1796060 489
1796070 489
1796080 488
1796090 488
1796100 488
1796110 487
1796120 487
1796130 487
1796140 487
1796150 487
1796160 487
1796170 487
1796180 487
1796190 487
1796200 488
1796210 488
1796220 488
1796230 488
1796240 488
1796250 489
1796260 488
1796270 489
1796280 489
1796290 490
1796300 490
1796310 490
1796320 490
1796330 490
1796340 490
1796350 490
1796360 490
1796370 490
1796380 490
1796390 490
1796400 489
1796410 489
1796420 489
1796430 489
1796440 488
1796450 488
1796460 488
1796470 488
1796480 488
1796490 487
1796500 487
1796510 487
1796520 486
1796530 486
1796540 486
1796550 485
1796560 484
1796570 484
1796580 484
1796590 483
1796600 483
1796610 483
1796620 482
1796630 482
1796640 482
1796650 482
1796660 482
1796670 482
1796680 482
1796690 481
1796700 481
1796710 481
1796720 480
1796730 480
1796740 479
1796750 478
1796760 478
1796770 477
1796780 477
1796790 476
1796800 475
1796810 474
1796820 473
1796830 473
1796840 472
1796850 470
1796860 469
1796870 469
1796880 468
1796890 468
1796900 468
1796910 467
1796920 466
1796930 465
1796940 464
1796950 463
1796960 462
1796970 461
1796980 460
1796990 459
1797000 458
1797010 457
1797020 455
1797030 454
1797040 452
1797050 450
1797060 449
1797070 447
1797080 446
1797090 445
1797100 444
1797110 444
1797120 443
1797130 442
1797140 441
1797150 440
1797160 439
1797170 438
1797180 437
1797190 436
1797200 435
1797210 434
1797220 433
1797230 433
1797240 434
1797250 434
1797260 434
1797270 434
1797280 434
1797290 433
1797300 433
1797310 434
1797320 435
1797330 436
1797340 438
1797350 440
1797360 440
1797370 440
1797380 440
1797390 440
1797400 440
1797410 440
1797420 439
1797430 438
1797440 437
1797450 435
1797460 435
1797470 434
1797480 433
1797490 433
1797500 432
1797510 431
1797520 431
1797530 431
1797540 431
1797550 431
1797560 430
1797570 430
1797580 431
1797590 432
1797600 434
1797610 436
1797620 439
1797630 442
1797640 445
1797650 447
1797660 450
1797670 452
1797680 454
1797690 456
1797700 458
1797710 460
1797720 462
1797730 463
1797740 464
1797750 465
1797760 466
1797770 467
1797780 469
1797790 470
1797800 471
1797810 472
1797820 474
1797830 475
1797840 476
1797850 477
1797860 477
1797870 478
1797880 478
1797890 478
1797900 478
1797910 479
1797920 479
1797930 479
1797940 479
1797950 479
1797960 479
1797970 479
1797980 479
1797990 478
1798000 478
1798010 478
1798020 478
1798030 478
1798040 477
1798050 477
1798060 477
1798070 477
1798080 477
1798090 477
1798100 476
1798110 476
1798120 476
1798130 476
1798140 475
1798150 475
1798160 475
1798170 475
1798180 474
1798190 474
1798200 474
1798210 474
1798220 474
1798230 474
1798240 473
1798250 473
1798260 473
1798270 473
1798280 472
1798290 472
1798300 472
1798310 472
1798320 471
1798330 471
1798340 471
1798350 471
1798360 471
1798370 471
1798380 470
1798390 470
1798400 470
1798410 469
1798420 469
1798430 469
1798440 469
1798450 469
1798460 469
1798470 469
1798480 469
1798490 468
1798500 468
1798510 468
1798520 468
1798530 468
1798540 467
1798550 467
1798560 467
1798570 467
1798580 467
1798590 467
1798600 467
1798610 466
1798620 466
1798630 466
1798640 466
1798650 466
1798660 466
1798670 466
1798680 466
1798690 466
1798700 465
1798710 465
1798720 465
1798730 465
1798740 465
1798750 464
1798760 464
1798770 464
1798780 464
1798790 464
1798800 464
1798810 464
1798820 463
1798830 463
1798840 463
1798850 462
1798860 462
1798870 462
1798880 461
1798890 461
1798900 461
1798910 460
1798920 460
1798930 460
1798940 459
1798950 459
1798960 459
1798970 459
1798980 458
1798990 458
1799000 458
1799010 457
1799020 457
1799030 457
1799040 457
1799050 457
1799060 457
1799070 457
1799080 456
1799090 456
1799100 456
1799110 455
1799120 455
1799130 455
1799140 455
1799150 455
1799160 455
1799170 455
1799180 455
1799190 455
1799200 454
1799210 454
1799220 454
1799230 454
1799240 453
1799250 453
1799260 452
1799270 452
1799280 451
1799290 451
1799300 451
1799310 451
1799320 450
1799330 450
1799340 450
1799350 449
1799360 449
1799370 449
1799380 448
1799390 448
1799400 448
1799410 447
1799420 447
1799430 446
1799440 446
1799450 446
1799460 445
1799470 445
1799480 444
1799490 444
1799500 443
1799510 443
1799520 442
1799530 441
1799540 440
1799550 438
1799560 436
1799570 434
1799580 433
1799590 432
1799600 432
1799610 431
1799620 431
1799630 431
1799640 430
1799650 429
1799660 428
1799670 426
1799680 425
1799690 424
1799700 422
1799710 422
1799720 422
1799730 422
1799740 423
1799750 423
1799760 423
1799770 423
1799780 423
1799790 422
1799800 422
1799810 423
1799820 423
1799830 423
1799840 423
1799850 423
1799860 423
1799870 423
1799880 423
1799890 422
1799900 422
1799910 422
1799920 422
1799930 422
1799940 422
1799950 422
1799960 422
1799970 422
1799980 422
1799990 422
