1780000 535
1780010 539
1780020 542
1780030 546
1780040 549
1780050 553
1780060 556
1780070 559
1780080 561
1780090 564
1780100 567
1780110 570
1780120 573
1780130 576
1780140 579
1780150 581
1780160 584
1780170 586
1780180 588
1780190 591
1780200 593
1780210 595
1780220 597
1780230 599
1780240 601
1780250 602
1780260 604
1780270 605
1780280 607
1780290 610
1780300 612
1780310 614
1780320 616
1780330 619
1780340 622
1780350 625
1780360 628
1780370 631
1780380 635
1780390 638
1780400 641
1780410 645
1780420 648
1780430 651
1780440 655
1780450 658
1780460 661
1780470 664
1780480 667
1780490 669
1780500 672
1780510 673
1780520 672
1780530 669
1780540 665
1780550 661
1780560 656
1780570 652
1780580 648
1780590 644
1780600 639
1780610 635
1780620 631
1780630 627
1780640 623
1780650 620
1780660 617
1780670 614
1780680 611
1780690 609
1780700 608
1780710 608
1780720 610
1780730 613
1780740 616
1780750 619
1780760 622
1780770 624
1780780 626
1780790 628
1780800 630
1780810 633
1780820 635
1780830 638
1780840 641
1780850 643
1780860 646
1780870 649
1780880 652
1780890 655
1780900 658
1780910 661
1780920 664
1780930 667
1780940 670
1780950 673
1780960 676
1780970 680
1780980 683
1780990 686
1781000 689
1781010 693
1781020 696
1781030 700
1781040 703
1781050 706
1781060 710
1781070 713
1781080 716
1781090 720
1781100 723
1781110 726
1781120 728
1781130 728
1781140 729
1781150 729
1781160 729
1781170 728
1781180 728
1781190 726
1781200 725
1781210 724
1781220 723
1781230 721
1781240 720
1781250 720
1781260 719
1781270 718
1781280 717
1781290 716
1781300 715
1781310 714
1781320 713
1781330 713
1781340 713
1781350 715
1781360 717
1781370 721
1781380 725
1781390 728
1781400 732
1781410 736
1781420 740
1781430 744
1781440 748
1781450 751
1781460 755
1781470 758
1781480 761
1781490 764
1781500 766
1781510 769
1781520 771
1781530 773
1781540 774
1781550 776
1781560 777
1781570 779
1781580 780
1781590 781
1781600 781
1781610 781
1781620 781
1781630 781
1781640 780
1781650 779
1781660 777
1781670 776
1781680 775
1781690 774
1781700 772
1781710 770
1781720 768
1781730 767
1781740 765
1781750 763
1781760 761
1781770 760
1781780 758
1781790 755
1781800 754
1781810 752
1781820 750
1781830 749
1781840 748
1781850 746
1781860 745
1781870 743
1781880 742
1781890 740
1781900 739
1781910 740
1781920 741
1781930 742
1781940 743
1781950 744
1781960 746
1781970 748
1781980 750
1781990 752
1782000 754
1782010 756
1782020 758
1782030 761
1782040 765
1782050 768
1782060 772
1782070 775
1782080 779
1782090 783
1782100 787
1782110 790
1782120 794
1782130 798
1782140 802
1782150 806
1782160 811
1782170 816
1782180 820
1782190 823
1782200 827
1782210 830
1782220 833
1782230 834
1782240 836
1782250 838
1782260 840
1782270 842
1782280 844
1782290 844
1782300 845
1782310 846
1782320 847
1782330 849
1782340 851
1782350 853
1782360 854
1782370 855
1782380 855
1782390 854
1782400 854
1782410 852
1782420 851
1782430 849
1782440 847
1782450 845
1782460 844
1782470 842
1782480 840
1782490 838
1782500 837
1782510 836
1782520 835
1782530 834
1782540 834
1782550 834
1782560 835
1782570 835
1782580 836
1782590 838
1782600 840
1782610 842
1782620 845
1782630 849
1782640 852
1782650 855
1782660 858
1782670 860
1782680 862
1782690 863
1782700 864
1782710 865
1782720 865
1782730 866
1782740 869
1782750 872
1782760 874
1782770 876
1782780 878
1782790 880
1782800 881
1782810 882
1782820 884
1782830 886
1782840 886
1782850 885
1782860 884
1782870 885
1782880 885
1782890 886
1782900 887
1782910 887
1782920 887
1782930 887
1782940 887
1782950 887
1782960 887
1782970 887
1782980 887
1782990 887
1783000 887
1783010 888
1783020 888
1783030 890
1783040 891
1783050 893
1783060 894
1783070 893
1783080 892
1783090 891
1783100 889
1783110 886
1783120 884
1783130 881
1783140 878
1783150 875
1783160 871
1783170 867
1783180 864
1783190 861
1783200 858
1783210 855
1783220 852
1783230 849
1783240 846
1783250 842
1783260 838
1783270 834
1783280 830
1783290 827
1783300 823
1783310 820
1783320 817
1783330 813
1783340 809
1783350 805
1783360 801
1783370 796
1783380 792
1783390 787
1783400 782
1783410 778
1783420 773
1783430 768
1783440 764
1783450 759
1783460 754
1783470 750
1783480 745
1783490 740
1783500 736
1783510 731
1783520 726
1783530 721
1783540 716
1783550 712
1783560 707
1783570 702
1783580 698
1783590 693
1783600 689
1783610 685
1783620 682
1783630 678
1783640 675
1783650 672
1783660 669
1783670 665
1783680 661
1783690 657
1783700 653
1783710 649
1783720 645
1783730 642
1783740 639
1783750 637
1783760 635
1783770 634
1783780 635
1783790 635
1783800 634
1783810 633
1783820 632
1783830 630
1783840 628
1783850 626
1783860 624
1783870 622
1783880 621
1783890 619
1783900 618
1783910 617
1783920 615
1783930 614
1783940 613
1783950 612
1783960 611
1783970 610
1783980 609
1783990 608
1784000 608
1784010 607
1784020 607
1784030 607
1784040 606
1784050 604
1784060 603
1784070 601
1784080 598
1784090 595
1784100 592
1784110 589
1784120 586
1784130 583
1784140 580
1784150 576
1784160 573
1784170 570
1784180 567
1784190 564
1784200 561
1784210 557
1784220 554
1784230 550
1784240 547
1784250 543
1784260 540
1784270 536
1784280 533
1784290 529
1784300 526
1784310 523
1784320 519
1784330 516
1784340 514
1784350 512
1784360 512
1784370 512
1784380 512
1784390 513
1784400 515
1784410 516
1784420 517
1784430 519
1784440 520
1784450 522
1784460 524
1784470 525
1784480 527
1784490 529
1784500 530
1784510 532
1784520 532
1784530 533
1784540 531
1784550 530
1784560 528
1784570 528
1784580 527
1784590 527
1784600 527
1784610 527
1784620 527
1784630 528
1784640 529
1784650 531
1784660 534
1784670 537
1784680 541
1784690 545
1784700 549
1784710 553
1784720 558
1784730 562
1784740 566
1784750 571
1784760 575
1784770 579
1784780 584
1784790 589
1784800 593
1784810 598
1784820 602
1784830 606
1784840 611
1784850 615
1784860 620
1784870 624
1784880 629
1784890 633
1784900 637
1784910 642
1784920 646
1784930 649
1784940 653
1784950 656
1784960 659
1784970 662
1784980 664
1784990 666
1785000 667
1785010 669
1785020 671
1785030 673
1785040 676
1785050 679
1785060 682
1785070 685
1785080 688
1785090 692
1785100 696
1785110 699
1785120 703
1785130 707
1785140 710
1785150 714
1785160 718
1785170 722
1785180 726
1785190 730
1785200 734
1785210 738
1785220 742
1785230 746
1785240 750
1785250 754
1785260 758
1785270 762
1785280 767
1785290 771
1785300 775
1785310 779
1785320 783
1785330 787
1785340 790
1785350 794
1785360 798
1785370 802
1785380 806
1785390 809
1785400 813
1785410 816
1785420 819
1785430 822
1785440 824
1785450 826
1785460 829
1785470 831
1785480 834
1785490 837
1785500 839
1785510 840
1785520 840
1785530 839
1785540 839
1785550 838
1785560 838
1785570 837
1785580 837
1785590 836
1785600 835
1785610 834
1785620 834
1785630 833
1785640 831
1785650 829
1785660 827
1785670 825
1785680 823
1785690 821
1785700 820
1785710 818
1785720 816
1785730 814
1785740 812
1785750 811
1785760 809
1785770 808
1785780 806
1785790 805
1785800 803
1785810 802
1785820 800
1785830 798
1785840 796
1785850 793
1785860 791
1785870 787
1785880 784
1785890 781
1785900 777
1785910 774
1785920 771
1785930 769
1785940 767
1785950 766
1785960 765
1785970 764
1785980 762
1785990 761
1786000 760
1786010 759
1786020 758
1786030 757
1786040 755
1786050 754
1786060 752
1786070 751
1786080 749
1786090 748
1786100 746
1786110 745
1786120 744
1786130 743
1786140 742
1786150 741
1786160 741
1786170 741
1786180 740
1786190 740
1786200 741
1786210 741
1786220 742
1786230 743
1786240 743
1786250 744
1786260 745
1786270 745
1786280 745
1786290 745
1786300 743
1786310 743
1786320 742
1786330 742
1786340 741
1786350 741
1786360 741
1786370 741
1786380 741
1786390 740
1786400 740
1786410 740
1786420 739
1786430 738
1786440 737
1786450 735
1786460 734
1786470 732
1786480 730
1786490 728
1786500 725
1786510 723
1786520 720
1786530 717
1786540 714
1786550 711
1786560 708
1786570 705
1786580 703
1786590 701
1786600 701
1786610 700
1786620 700
1786630 701
1786640 701
1786650 701
1786660 702
1786670 703
1786680 704
1786690 705
1786700 706
1786710 707
1786720 707
1786730 708
1786740 708
1786750 708
1786760 709
1786770 710
1786780 710
1786790 708
1786800 707
1786810 706
1786820 704
1786830 703
1786840 701
1786850 699
1786860 697
1786870 695
1786880 693
1786890 691
1786900 689
1786910 687
1786920 685
1786930 684
1786940 683
1786950 682
1786960 681
1786970 679
1786980 678
1786990 676
1787000 675
1787010 674
1787020 672
1787030 671
1787040 670
1787050 669
1787060 668
1787070 666
1787080 665
1787090 663
1787100 661
1787110 659
1787120 657
1787130 655
1787140 652
1787150 650
1787160 646
1787170 643
1787180 641
1787190 640
1787200 639
1787210 637
1787220 636
1787230 634
1787240 632
1787250 629
1787260 626
1787270 625
1787280 625
1787290 625
1787300 626
1787310 626
1787320 626
1787330 628
1787340 628
1787350 628
1787360 626
1787370 622
1787380 618
1787390 614
1787400 611
1787410 606
1787420 601
1787430 596
1787440 591
1787450 586
1787460 583
1787470 579
1787480 576
1787490 574
1787500 572
1787510 570
1787520 568
1787530 568
1787540 567
1787550 567
1787560 566
1787570 566
1787580 565
1787590 564
1787600 563
1787610 561
1787620 560
1787630 558
1787640 558
1787650 558
1787660 557
1787670 558
1787680 558
1787690 558
1787700 558
1787710 558
1787720 558
1787730 558
1787740 558
1787750 558
1787760 558
1787770 559
1787780 559
1787790 560
1787800 561
1787810 561
1787820 562
1787830 562
1787840 562
1787850 562
1787860 562
1787870 562
1787880 562
1787890 562
1787900 561
1787910 561
1787920 561
1787930 560
1787940 560
1787950 559
1787960 559
1787970 558
1787980 558
1787990 557
1788000 556
1788010 556
1788020 555
1788030 554
1788040 554
1788050 554
1788060 553
1788070 553
1788080 552
1788090 551
1788100 551
1788110 550
1788120 550
1788130 549
1788140 549
1788150 549
1788160 548
1788170 548
1788180 548
1788190 547
1788200 546
1788210 544
1788220 543
1788230 543
1788240 543
1788250 543
1788260 543
1788270 543
1788280 543
1788290 543
1788300 543
1788310 543
1788320 542
1788330 541
1788340 540
1788350 539
1788360 539
1788370 539
1788380 539
1788390 539
1788400 539
1788410 538
1788420 538
1788430 538
1788440 537
1788450 537
1788460 536
1788470 536
1788480 536
1788490 536
1788500 537
1788510 537
1788520 537
1788530 537
1788540 536
1788550 536
1788560 536
1788570 536
1788580 536
1788590 535
1788600 535
1788610 536
1788620 536
1788630 536
1788640 537
1788650 537
1788660 537
1788670 537
1788680 537
1788690 537
1788700 537
1788710 537
1788720 538
1788730 538
1788740 538
1788750 538
1788760 537
1788770 537
1788780 538
1788790 539
1788800 540
1788810 540
1788820 540
1788830 540
1788840 539
1788850 539
1788860 539
1788870 539
1788880 539
1788890 538
1788900 538
1788910 538
1788920 537
1788930 537
1788940 536
1788950 535
1788960 535
1788970 535
1788980 535
1788990 534
1789000 533
1789010 533
1789020 532
1789030 532
1789040 531
1789050 530
1789060 529
1789070 528
1789080 528
1789090 527
1789100 525
1789110 522
1789120 519
1789130 516
1789140 514
1789150 513
1789160 512
1789170 512
1789180 511
1789190 511
1789200 511
1789210 512
1789220 512
1789230 514
1789240 516
1789250 518
1789260 521
1789270 523
1789280 525
1789290 526
1789300 527
1789310 527
1789320 528
1789330 529
1789340 530
1789350 530
1789360 531
1789370 531
1789380 531
1789390 531
1789400 531
1789410 531
1789420 531
1789430 530
1789440 529
1789450 528
1789460 527
1789470 526
1789480 524
1789490 523
1789500 522
1789510 521
1789520 520
1789530 519
1789540 518
1789550 517
1789560 517
1789570 517
1789580 517
1789590 517
1789600 516
1789610 516
1789620 516
1789630 517
1789640 518
1789650 519
1789660 520
1789670 522
1789680 523
1789690 523
1789700 524
1789710 523
1789720 523
1789730 523
1789740 522
1789750 522
1789760 522
1789770 522
1789780 521
1789790 520
1789800 519
1789810 517
1789820 516
1789830 515
1789840 513
1789850 511
1789860 509
1789870 508
1789880 506
1789890 504
1789900 502
1789910 500
1789920 498
1789930 496
1789940 494
1789950 492
1789960 490
1789970 488
1789980 486
1789990 484
1790000 483
1790010 482
1790020 482
1790030 481
1790040 481
1790050 480
1790060 480
1790070 480
1790080 479
1790090 479
1790100 478
1790110 478
1790120 477
1790130 477
1790140 476
1790150 476
1790160 475
1790170 474
1790180 474
1790190 473
1790200 473
1790210 472
1790220 472
1790230 471
1790240 471
1790250 470
1790260 470
1790270 470
1790280 470
1790290 469
1790300 470
1790310 470
1790320 470
1790330 471
1790340 471
1790350 472
1790360 472
1790370 472
1790380 473
1790390 473
1790400 474
1790410 474
1790420 475
1790430 475
1790440 476
1790450 476
1790460 477
1790470 478
1790480 478
1790490 479
1790500 480
1790510 481
1790520 482
1790530 483
1790540 485
1790550 486
1790560 488
1790570 489
1790580 491
1790590 492
1790600 493
1790610 494
1790620 495
1790630 495
1790640 495
1790650 494
1790660 494
1790670 493
1790680 493
1790690 493
1790700 492
1790710 492
1790720 491
1790730 490
1790740 490
1790750 489
1790760 488
1790770 487
1790780 486
1790790 486
1790800 485
1790810 485
1790820 484
1790830 484
1790840 483
1790850 482
1790860 481
1790870 481
1790880 480
1790890 480
1790900 479
1790910 478
1790920 478
1790930 477
1790940 477
1790950 476
1790960 475
1790970 474
1790980 473
1790990 472
1791000 471
1791010 471
1791020 470
1791030 470
1791040 469
1791050 469
1791060 468
1791070 468
1791080 467
1791090 467
1791100 467
1791110 466
1791120 466
1791130 466
1791140 466
1791150 465
1791160 465
1791170 464
1791180 464
1791190 463
1791200 463
1791210 462
1791220 461
1791230 461
1791240 460
1791250 460
1791260 459
1791270 458
1791280 458
1791290 457
1791300 457
1791310 457
1791320 456
1791330 456
1791340 455
1791350 455
1791360 455
1791370 455
1791380 455
1791390 455
1791400 455
1791410 455
1791420 455
1791430 455
1791440 454
1791450 454
1791460 454
1791470 454
1791480 455
1791490 455
1791500 456
1791510 456
1791520 456
1791530 456
1791540 456
1791550 456
1791560 456
1791570 456
1791580 455
1791590 454
1791600 453
1791610 451
1791620 449
1791630 447
1791640 446
1791650 444
1791660 443
1791670 442
1791680 440
1791690 439
1791700 438
1791710 437
1791720 436
1791730 434
1791740 431
1791750 428
1791760 425
1791770 422
1791780 420
1791790 418
1791800 417
1791810 416
1791820 415
1791830 414
1791840 414
1791850 413
1791860 412
1791870 412
1791880 412
1791890 412
1791900 413
1791910 413
1791920 414
1791930 415
1791940 416
1791950 418
1791960 419
1791970 421
1791980 422
1791990 423
1792000 424
1792010 425
1792020 425
1792030 426
1792040 427
1792050 427
1792060 428
1792070 429
1792080 429
1792090 430
1792100 430
1792110 430
1792120 431
1792130 432
1792140 433
1792150 435
1792160 436
1792170 438
1792180 439
1792190 440
1792200 442
1792210 443
1792220 444
1792230 446
1792240 449
1792250 452
1792260 455
1792270 458
1792280 461
1792290 463
1792300 466
1792310 467
1792320 468
1792330 469
1792340 470
1792350 471
1792360 472
1792370 473
1792380 474
1792390 475
1792400 476
1792410 478
1792420 480
1792430 482
1792440 484
1792450 485
1792460 485
1792470 485
1792480 485
1792490 484
1792500 482
1792510 482
1792520 481
1792530 481
1792540 481
1792550 481
1792560 481
1792570 481
1792580 482
1792590 482
1792600 482
1792610 482
1792620 483
1792630 483
1792640 484
1792650 484
1792660 485
1792670 486
1792680 487
1792690 487
1792700 488
1792710 489
1792720 491
1792730 492
1792740 493
1792750 495
1792760 496
1792770 497
1792780 499
1792790 500
1792800 502
1792810 503
1792820 505
1792830 506
1792840 508
1792850 509
1792860 511
1792870 512
1792880 514
1792890 515
1792900 516
1792910 518
1792920 519
1792930 520
1792940 521
1792950 522
1792960 523
1792970 524
1792980 524
1792990 525
1793000 525
1793010 525
1793020 526
1793030 526
1793040 526
1793050 526
1793060 527
1793070 527
1793080 528
1793090 528
1793100 529
1793110 530
1793120 530
1793130 530
1793140 530
1793150 529
1793160 529
1793170 528
1793180 528
1793190 528
1793200 527
1793210 527
1793220 526
1793230 526
1793240 525
1793250 524
1793260 524
1793270 523
1793280 522
1793290 521
1793300 520
1793310 519
1793320 518
1793330 516
1793340 515
1793350 514
1793360 513
1793370 513
1793380 512
1793390 512
1793400 511
1793410 511
1793420 511
1793430 510
1793440 510
1793450 510
1793460 510
1793470 510
1793480 509
1793490 509
1793500 509
1793510 509
1793520 509
1793530 509
1793540 509
1793550 508
1793560 508
1793570 508
1793580 507
1793590 507
1793600 507
1793610 506
1793620 505
1793630 505
1793640 505
1793650 504
1793660 504
1793670 503
1793680 502
1793690 501
1793700 500
1793710 499
1793720 498
1793730 497
1793740 495
1793750 494
1793760 493
1793770 492
1793780 491
1793790 491
1793800 491
1793810 492
1793820 493
1793830 493
1793840 494
1793850 496
1793860 497
1793870 498
1793880 498
1793890 498
1793900 498
1793910 498
1793920 498
1793930 498
1793940 499
1793950 499
1793960 499
1793970 499
1793980 499
1793990 499
1794000 499
1794010 499
1794020 498
1794030 498
1794040 498
1794050 499
1794060 499
1794070 499
1794080 499
1794090 500
1794100 500
1794110 500
1794120 500
1794130 501
1794140 501
1794150 501
1794160 501
1794170 502
1794180 502
1794190 502
1794200 502
1794210 502
1794220 503
1794230 503
1794240 504
1794250 504
1794260 504
1794270 504
1794280 505
1794290 505
1794300 506
1794310 506
1794320 506
1794330 506
1794340 506
1794350 507
1794360 507
1794370 507
1794380 507
1794390 507
1794400 508
1794410 508
1794420 508
1794430 508
1794440 509
1794450 509
1794460 509
1794470 509
1794480 509
1794490 509
1794500 509
1794510 509
1794520 510
1794530 510
1794540 510
1794550 510
1794560 510
1794570 510
1794580 511
1794590 511
1794600 511
1794610 511
1794620 512
1794630 512
1794640 512
1794650 512
1794660 513
1794670 513
1794680 513
1794690 513
1794700 514
1794710 514
1794720 514
1794730 514
1794740 514
1794750 514
1794760 514
1794770 514
1794780 514
1794790 514
1794800 514
1794810 514
1794820 513
1794830 513
1794840 513
1794850 513
1794860 513
1794870 513
1794880 513
1794890 513
1794900 513
1794910 513
1794920 513
1794930 513
1794940 512
1794950 512
1794960 512
1794970 512
1794980 511
1794990 511
1795000 511
1795010 511
1795020 511
1795030 510
1795040 510
1795050 510
1795060 510
1795070 510
1795080 510
1795090 510
1795100 510
1795110 510
1795120 510
1795130 510
1795140 510
1795150 510
1795160 510
1795170 509
1795180 509
1795190 509
1795200 509
1795210 508
1795220 508
1795230 508
1795240 508
1795250 508
1795260 508
1795270 508
1795280 508
1795290 508
1795300 508
1795310 508
1795320 507
1795330 507
1795340 507
1795350 507
1795360 506
1795370 506
1795380 506
1795390 505
1795400 505
1795410 505
1795420 504
1795430 504
1795440 504
1795450 504
1795460 504
1795470 504
1795480 503
1795490 503
1795500 503
1795510 503
1795520 503
1795530 503
1795540 503
1795550 503
1795560 503
1795570 503
1795580 502
1795590 502
1795600 502
1795610 502
1795620 502
1795630 501
1795640 501
1795650 501
1795660 501
1795670 500
1795680 500
1795690 500
1795700 499
1795710 499
1795720 499
1795730 499
1795740 498
1795750 498
1795760 498
1795770 498
1795780 497
1795790 497
1795800 497
1795810 497
1795820 496
1795830 496
1795840 496
1795850 496
1795860 496
1795870 496
1795880 495
1795890 495
1795900 495
1795910 495
1795920 494
1795930 494
1795940 494
1795950 493
1795960 493
1795970 493
1795980 492
1795990 492
1796000 492
1796010 492
1796020 492
1796030 491
1796040 491
1796050 491
1796060 491
1796070 491
1796080 491
1796090 491
1796100 491
1796110 490
1796120 490
1796130 490
1796140 490
1796150 489
1796160 489
1796170 489
1796180 489
1796190 489
1796200 489
1796210 489
1796220 488
1796230 487
1796240 487
1796250 487
1796260 486
1796270 486
1796280 486
1796290 485
1796300 485
1796310 484
1796320 484
1796330 484
1796340 483
1796350 483
1796360 483
1796370 483
1796380 482
1796390 482
1796400 482
1796410 482
1796420 481
1796430 481
1796440 480
1796450 479
1796460 479
1796470 478
1796480 478
1796490 477
1796500 477
1796510 476
1796520 476
1796530 476
1796540 475
1796550 475
1796560 474
1796570 473
1796580 473
1796590 472
1796600 472
1796610 471
1796620 471
1796630 470
1796640 470
1796650 469
1796660 469
1796670 468
1796680 467
1796690 467
1796700 465
1796710 464
1796720 463
1796730 461
1796740 460
1796750 459
1796760 458
1796770 457
1796780 457
1796790 456
1796800 455
1796810 455
1796820 454
1796830 453
1796840 452
1796850 451
1796860 450
1796870 449
1796880 448
1796890 447
1796900 447
1796910 446
1796920 445
1796930 445
1796940 444
1796950 443
1796960 442
1796970 441
1796980 440
1796990 439
1797000 438
1797010 437
1797020 436
1797030 435
1797040 434
1797050 434
1797060 433
1797070 432
1797080 431
1797090 431
1797100 430
1797110 429
1797120 428
1797130 428
1797140 427
1797150 427
1797160 427
1797170 426
1797180 426
1797190 426
1797200 425
1797210 425
1797220 424
1797230 424
1797240 424
1797250 423
1797260 423
1797270 422
1797280 421
1797290 420
1797300 419
1797310 418
1797320 417
1797330 416
1797340 415
1797350 414
1797360 413
1797370 412
1797380 412
1797390 411
1797400 410
1797410 409
1797420 409
1797430 408
1797440 407
1797450 407
1797460 406
1797470 405
1797480 404
1797490 403
1797500 402
1797510 402
1797520 401
1797530 400
1797540 399
1797550 398
1797560 397
1797570 396
1797580 395
1797590 395
1797600 394
1797610 394
1797620 394
1797630 394
1797640 394
1797650 394
1797660 395
1797670 395
1797680 395
1797690 395
1797700 395
1797710 395
1797720 395
1797730 395
1797740 395
1797750 395
1797760 394
1797770 393
1797780 391
1797790 389
1797800 387
1797810 384
1797820 382
1797830 381
1797840 380
1797850 379
1797860 379
1797870 380
1797880 381
1797890 383
1797900 385
1797910 388
1797920 391
1797930 393
1797940 395
1797950 397
1797960 399
1797970 401
1797980 403
1797990 405
1798000 408
1798010 411
1798020 414
1798030 417
1798040 420
1798050 422
1798060 424
1798070 425
1798080 425
1798090 424
1798100 424
1798110 424
1798120 424
1798130 425
1798140 425
1798150 426
1798160 425
1798170 426
1798180 427
1798190 429
1798200 431
1798210 433
1798220 435
1798230 437
1798240 438
1798250 441
1798260 443
1798270 445
1798280 446
1798290 446
1798300 447
1798310 447
1798320 447
1798330 447
1798340 447
1798350 447
1798360 447
1798370 447
1798380 447
1798390 448
1798400 448
1798410 449
1798420 449
1798430 450
1798440 451
1798450 451
1798460 452
1798470 452
1798480 453
1798490 453
1798500 453
1798510 453
1798520 453
1798530 452
1798540 452
1798550 451
1798560 450
1798570 449
1798580 449
1798590 448
1798600 447
1798610 445
1798620 444
1798630 443
1798640 442
1798650 441
1798660 441
1798670 440
1798680 439
1798690 439
1798700 438
1798710 438
1798720 437
1798730 437
1798740 436
1798750 436
1798760 435
1798770 435
1798780 435
1798790 435
1798800 435
1798810 434
1798820 434
1798830 434
1798840 433
1798850 433
1798860 433
1798870 432
1798880 432
1798890 431
1798900 431
1798910 430
1798920 429
1798930 427
1798940 425
1798950 422
1798960 420
1798970 417
1798980 416
1798990 415
1799000 414
1799010 414
1799020 413
1799030 413
1799040 413
1799050 413
1799060 413
1799070 414
1799080 415
1799090 415
1799100 415
1799110 416
1799120 416
1799130 417
1799140 417
1799150 417
1799160 417
1799170 418
1799180 418
1799190 419
1799200 420
1799210 421
1799220 424
1799230 426
1799240 428
1799250 429
1799260 430
1799270 431
1799280 433
1799290 435
1799300 438
1799310 440
1799320 441
1799330 442
1799340 443
1799350 443
1799360 443
1799370 444
1799380 443
1799390 443
1799400 443
1799410 443
1799420 443
1799430 442
1799440 442
1799450 441
1799460 440
1799470 439
1799480 437
1799490 437
1799500 436
1799510 435
1799520 434
1799530 433
1799540 432
1799550 431
1799560 430
1799570 429
1799580 428
1799590 427
1799600 426
1799610 426
1799620 425
1799630 425
1799640 424
1799650 424
1799660 423
1799670 423
1799680 422
1799690 421
1799700 421
1799710 420
1799720 419
1799730 419
1799740 418
1799750 417
1799760 417
1799770 416
1799780 416
1799790 415
1799800 414
1799810 413
1799820 412
1799830 411
1799840 409
1799850 408
1799860 406
1799870 404
1799880 403
1799890 403
1799900 403
1799910 403
1799920 404
1799930 403
1799940 402
1799950 402
1799960 403
1799970 405
1799980 406
1799990 408
