1780000 614
1780010 612
1780020 609
1780030 605
1780040 602
1780050 600
1780060 600
1780070 601
1780080 601
1780090 602
1780100 602
1780110 602
1780120 601
1780130 600
1780140 599
1780150 598
1780160 597
1780170 596
1780180 595
1780190 594
1780200 594
1780210 593
1780220 594
1780230 594
1780240 595
1780250 595
1780260 595
1780270 595
1780280 595
1780290 594
1780300 594
1780310 593
1780320 591
1780330 590
1780340 588
1780350 586
1780360 584
1780370 582
1780380 580
1780390 577
1780400 575
1780410 572
1780420 569
1780430 566
1780440 563
1780450 560
1780460 557
1780470 555
1780480 552
1780490 550
1780500 548
1780510 547
1780520 546
1780530 545
1780540 543
1780550 542
1780560 541
1780570 541
1780580 541
1780590 540
1780600 539
1780610 537
1780620 536
1780630 534
1780640 533
1780650 531
1780660 529
1780670 526
1780680 524
1780690 521
1780700 518
1780710 516
1780720 513
1780730 512
1780740 510
1780750 508
1780760 506
1780770 505
1780780 503
1780790 502
1780800 500
1780810 499
1780820 498
1780830 498
1780840 497
1780850 496
1780860 496
1780870 495
1780880 495
1780890 494
1780900 493
1780910 492
1780920 492
1780930 491
1780940 490
1780950 489
1780960 487
1780970 484
1780980 481
1780990 480
1781000 480
1781010 480
1781020 479
1781030 479
1781040 480
1781050 480
1781060 481
1781070 484
1781080 487
1781090 490
1781100 494
1781110 499
1781120 504
1781130 510
1781140 514
1781150 517
1781160 517
1781170 519
1781180 521
1781190 524
1781200 529
1781210 533
1781220 536
1781230 539
1781240 543
1781250 546
1781260 545
1781270 543
1781280 541
1781290 539
1781300 536
1781310 533
1781320 529
1781330 526
1781340 522
1781350 518
1781360 515
1781370 512
1781380 511
1781390 512
1781400 514
1781410 515
1781420 515
1781430 513
1781440 511
1781450 509
1781460 506
1781470 504
1781480 503
1781490 502
1781500 503
1781510 503
1781520 504
1781530 505
1781540 508
1781550 511
1781560 515
1781570 518
1781580 521
1781590 524
1781600 529
1781610 533
1781620 537
1781630 541
1781640 545
1781650 548
1781660 551
1781670 554
1781680 558
1781690 562
1781700 566
1781710 570
1781720 574
1781730 578
1781740 581
1781750 584
1781760 585
1781770 585
1781780 585
1781790 584
1781800 583
1781810 582
1781820 581
1781830 580
1781840 579
1781850 579
1781860 579
1781870 579
1781880 578
1781890 577
1781900 578
1781910 580
1781920 582
1781930 583
1781940 585
1781950 587
1781960 587
1781970 585
1781980 583
1781990 581
1782000 578
1782010 576
1782020 575
1782030 573
1782040 571
1782050 569
1782060 568
1782070 567
1782080 566
1782090 566
1782100 566
1782110 567
1782120 568
1782130 569
1782140 570
1782150 572
1782160 574
1782170 577
1782180 579
1782190 581
1782200 584
1782210 586
1782220 588
1782230 590
1782240 592
1782250 594
1782260 597
1782270 599
1782280 601
1782290 602
1782300 604
1782310 605
1782320 607
1782330 608
1782340 609
1782350 610
1782360 611
1782370 612
1782380 613
1782390 614
1782400 615
1782410 617
1782420 618
1782430 620
1782440 622
1782450 624
1782460 627
1782470 629
1782480 631
1782490 633
1782500 636
1782510 638
1782520 639
1782530 642
1782540 644
1782550 647
1782560 649
1782570 652
1782580 654
1782590 657
1782600 659
1782610 661
1782620 663
1782630 665
1782640 668
1782650 670
1782660 672
1782670 674
1782680 677
1782690 680
1782700 683
1782710 686
1782720 688
1782730 689
1782740 690
1782750 690
1782760 690
1782770 690
1782780 690
1782790 690
1782800 690
1782810 691
1782820 692
1782830 692
1782840 690
1782850 688
1782860 686
1782870 683
1782880 681
1782890 678
1782900 675
1782910 672
1782920 670
1782930 667
1782940 664
1782950 661
1782960 658
1782970 655
1782980 652
1782990 649
1783000 647
1783010 644
1783020 641
1783030 638
1783040 636
1783050 633
1783060 629
1783070 626
1783080 622
1783090 619
1783100 615
1783110 612
1783120 609
1783130 606
1783140 603
1783150 601
1783160 599
1783170 596
1783180 595
1783190 593
1783200 593
1783210 592
1783220 593
1783230 593
1783240 592
1783250 591
1783260 590
1783270 589
1783280 588
1783290 589
1783300 588
1783310 588
1783320 587
1783330 585
1783340 583
1783350 582
1783360 581
1783370 580
1783380 579
1783390 577
1783400 575
1783410 573
1783420 570
1783430 567
1783440 564
1783450 561
1783460 559
1783470 558
1783480 559
1783490 559
1783500 560
1783510 560
1783520 561
1783530 561
1783540 562
1783550 564
1783560 567
1783570 570
1783580 574
1783590 578
1783600 582
1783610 586
1783620 591
1783630 594
1783640 596
1783650 596
1783660 594
1783670 593
1783680 591
1783690 590
1783700 589
1783710 588
1783720 586
1783730 585
1783740 584
1783750 584
1783760 583
1783770 582
1783780 581
1783790 579
1783800 578
1783810 578
1783820 579
1783830 579
1783840 580
1783850 580
1783860 581
1783870 581
1783880 581
1783890 581
1783900 580
1783910 579
1783920 579
1783930 578
1783940 579
1783950 580
1783960 580
1783970 580
1783980 580
1783990 581
1784000 581
1784010 581
1784020 579
1784030 577
1784040 576
1784050 575
1784060 576
1784070 577
1784080 578
1784090 577
1784100 576
1784110 574
1784120 573
1784130 572
1784140 571
1784150 570
1784160 569
1784170 567
1784180 566
1784190 565
1784200 564
1784210 563
1784220 561
1784230 559
1784240 554
1784250 549
1784260 544
1784270 540
1784280 536
1784290 534
1784300 532
1784310 531
1784320 530
1784330 529
1784340 527
1784350 524
1784360 521
1784370 518
1784380 517
1784390 516
1784400 515
1784410 514
1784420 513
1784430 513
1784440 513
1784450 514
1784460 514
1784470 515
1784480 515
1784490 514
1784500 514
1784510 514
1784520 514
1784530 515
1784540 514
1784550 514
1784560 514
1784570 514
1784580 515
1784590 516
1784600 517
1784610 518
1784620 519
1784630 520
1784640 522
1784650 524
1784660 525
1784670 526
1784680 528
1784690 531
1784700 534
1784710 536
1784720 537
1784730 537
1784740 537
1784750 540
1784760 544
1784770 549
1784780 555
1784790 560
1784800 565
1784810 568
1784820 570
1784830 571
1784840 571
1784850 569
1784860 568
1784870 567
1784880 566
1784890 567
1784900 569
1784910 570
1784920 572
1784930 575
1784940 578
1784950 580
1784960 583
1784970 584
1784980 586
1784990 586
1785000 585
1785010 584
1785020 583
1785030 581
1785040 579
1785050 578
1785060 576
1785070 573
1785080 571
1785090 568
1785100 566
1785110 564
1785120 563
1785130 562
1785140 562
1785150 561
1785160 561
1785170 561
1785180 560
1785190 560
1785200 559
1785210 559
1785220 558
1785230 556
1785240 553
1785250 550
1785260 547
1785270 544
1785280 541
1785290 538
1785300 535
1785310 531
1785320 528
1785330 525
1785340 522
1785350 519
1785360 517
1785370 516
1785380 515
1785390 514
1785400 513
1785410 512
1785420 510
1785430 508
1785440 506
1785450 504
1785460 502
1785470 500
1785480 498
1785490 497
1785500 495
1785510 493
1785520 491
1785530 489
1785540 488
1785550 487
1785560 486
1785570 485
1785580 484
1785590 482
1785600 480
1785610 477
1785620 475
1785630 473
1785640 471
1785650 470
1785660 469
1785670 467
1785680 465
1785690 463
1785700 461
1785710 458
1785720 456
1785730 454
1785740 453
1785750 452
1785760 451
1785770 450
1785780 449
1785790 448
1785800 447
1785810 445
1785820 444
1785830 443
1785840 442
1785850 441
1785860 440
1785870 438
1785880 437
1785890 436
1785900 435
1785910 434
1785920 433
1785930 432
1785940 431
1785950 430
1785960 429
1785970 428
1785980 427
1785990 427
1786000 426
1786010 425
1786020 425
1786030 424
1786040 424
1786050 423
1786060 423
1786070 422
1786080 422
1786090 422
1786100 422
1786110 422
1786120 421
1786130 421
1786140 421
1786150 419
1786160 419
1786170 419
1786180 420
1786190 422
1786200 423
1786210 423
1786220 422
1786230 421
1786240 420
1786250 420
1786260 419
1786270 418
1786280 417
1786290 416
1786300 414
1786310 413
1786320 412
1786330 410
1786340 409
1786350 408
1786360 406
1786370 405
1786380 403
1786390 402
1786400 401
1786410 399
1786420 398
1786430 397
1786440 396
1786450 395
1786460 395
1786470 395
1786480 394
1786490 394
1786500 394
1786510 393
1786520 393
1786530 393
1786540 393
1786550 393
1786560 393
1786570 392
1786580 393
1786590 393
1786600 394
1786610 394
1786620 394
1786630 393
1786640 393
1786650 393
1786660 393
1786670 394
1786680 395
1786690 396
1786700 398
1786710 399
1786720 401
1786730 402
1786740 403
1786750 403
1786760 403
1786770 403
1786780 403
1786790 405
1786800 407
1786810 410
1786820 411
1786830 412
1786840 413
1786850 413
1786860 414
1786870 415
1786880 417
1786890 418
1786900 420
1786910 421
1786920 422
1786930 422
1786940 423
1786950 423
1786960 423
1786970 424
1786980 424
1786990 425
1787000 425
1787010 425
1787020 426
1787030 426
1787040 427
1787050 428
1787060 428
1787070 429
1787080 429
1787090 430
1787100 430
1787110 431
1787120 431
1787130 432
1787140 432
1787150 433
1787160 433
1787170 433
1787180 433
1787190 434
1787200 434
1787210 434
1787220 434
1787230 434
1787240 433
1787250 433
1787260 432
1787270 432
1787280 432
1787290 432
1787300 432
1787310 432
1787320 433
1787330 433
1787340 433
1787350 433
1787360 433
1787370 433
1787380 433
1787390 433
1787400 433
1787410 434
1787420 435
1787430 436
1787440 437
1787450 438
1787460 438
1787470 439
1787480 440
1787490 441
1787500 442
1787510 443
1787520 444
1787530 445
1787540 447
1787550 448
1787560 450
1787570 452
1787580 453
1787590 455
1787600 458
1787610 460
1787620 462
1787630 464
1787640 466
1787650 469
1787660 471
1787670 473
1787680 475
1787690 478
1787700 480
1787710 482
1787720 484
1787730 484
1787740 482
1787750 480
1787760 477
1787770 476
1787780 475
1787790 476
1787800 477
1787810 479
1787820 480
1787830 482
1787840 483
1787850 484
1787860 485
1787870 485
1787880 486
1787890 486
1787900 488
1787910 490
1787920 492
1787930 495
1787940 497
1787950 501
1787960 504
1787970 508
1787980 512
1787990 517
1788000 521
1788010 526
1788020 530
1788030 534
1788040 538
1788050 542
1788060 545
1788070 549
1788080 553
1788090 556
1788100 560
1788110 564
1788120 567
1788130 571
1788140 574
1788150 578
1788160 581
1788170 584
1788180 587
1788190 590
1788200 593
1788210 595
1788220 596
1788230 596
1788240 596
1788250 596
1788260 595
1788270 595
1788280 595
1788290 594
1788300 594
1788310 594
1788320 594
1788330 593
1788340 593
1788350 593
1788360 593
1788370 594
1788380 594
1788390 594
1788400 595
1788410 596
1788420 597
1788430 597
1788440 597
1788450 596
1788460 595
1788470 594
1788480 593
1788490 591
1788500 590
1788510 588
1788520 587
1788530 585
1788540 584
1788550 583
1788560 582
1788570 582
1788580 581
1788590 581
1788600 581
1788610 582
1788620 582
1788630 583
1788640 583
1788650 582
1788660 581
1788670 580
1788680 579
1788690 577
1788700 576
1788710 574
1788720 572
1788730 569
1788740 567
1788750 565
1788760 563
1788770 561
1788780 561
1788790 560
1788800 560
1788810 561
1788820 561
1788830 560
1788840 559
1788850 558
1788860 557
1788870 557
1788880 556
1788890 555
1788900 554
1788910 552
1788920 551
1788930 549
1788940 548
1788950 547
1788960 546
1788970 545
1788980 543
1788990 542
1789000 541
1789010 541
1789020 540
1789030 540
1789040 539
1789050 538
1789060 538
1789070 537
1789080 537
1789090 536
1789100 535
1789110 535
1789120 534
1789130 533
1789140 533
1789150 532
1789160 532
1789170 532
1789180 531
1789190 531
1789200 530
1789210 529
1789220 528
1789230 527
1789240 527
1789250 526
1789260 525
1789270 525
1789280 525
1789290 524
1789300 523
1789310 522
1789320 522
1789330 521
1789340 521
1789350 520
1789360 519
1789370 519
1789380 518
1789390 518
1789400 517
1789410 516
1789420 516
1789430 515
1789440 514
1789450 513
1789460 512
1789470 511
1789480 510
1789490 509
1789500 508
1789510 507
1789520 505
1789530 504
1789540 503
1789550 502
1789560 500
1789570 499
1789580 497
1789590 495
1789600 494
1789610 493
1789620 492
1789630 491
1789640 489
1789650 487
1789660 485
1789670 483
1789680 482
1789690 480
1789700 478
1789710 476
1789720 475
1789730 473
1789740 472
1789750 470
1789760 469
1789770 468
1789780 468
1789790 467
1789800 466
1789810 465
1789820 464
1789830 463
1789840 461
1789850 459
1789860 457
1789870 456
1789880 455
1789890 454
1789900 453
1789910 452
1789920 452
1789930 451
1789940 451
1789950 450
1789960 449
1789970 449
1789980 448
1789990 447
1790000 446
1790010 444
1790020 443
1790030 441
1790040 440
1790050 439
1790060 437
1790070 436
1790080 434
1790090 433
1790100 431
1790110 430
1790120 428
1790130 427
1790140 425
1790150 424
1790160 423
1790170 423
1790180 422
1790190 421
1790200 420
1790210 420
1790220 419
1790230 419
1790240 418
1790250 417
1790260 417
1790270 416
1790280 416
1790290 415
1790300 415
1790310 414
1790320 414
1790330 414
1790340 414
1790350 413
1790360 413
1790370 413
1790380 413
1790390 412
1790400 412
1790410 411
1790420 411
1790430 410
1790440 410
1790450 409
1790460 408
1790470 407
1790480 407
1790490 406
1790500 404
1790510 403
1790520 401
1790530 399
1790540 397
1790550 394
1790560 391
1790570 388
1790580 385
1790590 382
1790600 379
1790610 377
1790620 376
1790630 374
1790640 372
1790650 371
1790660 370
1790670 370
1790680 370
1790690 371
1790700 371
1790710 373
1790720 375
1790730 377
1790740 379
1790750 381
1790760 383
1790770 384
1790780 385
1790790 387
1790800 387
1790810 388
1790820 389
1790830 390
1790840 390
1790850 390
1790860 390
1790870 390
1790880 390
1790890 390
1790900 391
1790910 392
1790920 393
1790930 394
1790940 395
1790950 396
1790960 396
1790970 396
1790980 397
1790990 397
1791000 396
1791010 396
1791020 395
1791030 394
1791040 393
1791050 392
1791060 391
1791070 391
1791080 390
1791090 389
1791100 389
1791110 388
1791120 387
1791130 386
1791140 385
1791150 385
1791160 384
1791170 383
1791180 382
1791190 381
1791200 381
1791210 380
1791220 379
1791230 378
1791240 377
1791250 377
1791260 376
1791270 375
1791280 375
1791290 374
1791300 373
1791310 372
1791320 372
1791330 371
1791340 370
1791350 369
1791360 368
1791370 368
1791380 367
1791390 366
1791400 365
1791410 365
1791420 364
1791430 364
1791440 363
1791450 362
1791460 361
1791470 360
1791480 359
1791490 359
1791500 358
1791510 358
1791520 358
1791530 358
1791540 358
1791550 358
1791560 359
1791570 360
1791580 360
1791590 360
1791600 361
1791610 361
1791620 363
1791630 364
1791640 365
1791650 368
1791660 370
1791670 373
1791680 375
1791690 377
1791700 379
1791710 381
1791720 382
1791730 384
1791740 384
1791750 385
1791760 386
1791770 387
1791780 388
1791790 389
1791800 391
1791810 393
1791820 394
1791830 395
1791840 397
1791850 398
1791860 400
1791870 403
1791880 406
1791890 409
1791900 412
1791910 416
1791920 419
1791930 422
1791940 425
1791950 427
1791960 429
1791970 431
1791980 433
1791990 434
1792000 436
1792010 438
1792020 439
1792030 439
1792040 440
1792050 440
1792060 441
1792070 441
1792080 442
1792090 443
1792100 443
1792110 443
1792120 444
1792130 445
1792140 445
1792150 446
1792160 446
1792170 445
1792180 445
1792190 445
1792200 444
1792210 444
1792220 443
1792230 443
1792240 443
1792250 442
1792260 442
1792270 442
1792280 442
1792290 442
1792300 442
1792310 442
1792320 441
1792330 441
1792340 441
1792350 441
1792360 441
1792370 441
1792380 442
1792390 442
1792400 442
1792410 442
1792420 443
1792430 443
1792440 444
1792450 444
1792460 444
1792470 445
1792480 446
1792490 446
1792500 446
1792510 446
1792520 447
1792530 447
1792540 447
1792550 448
1792560 448
1792570 448
1792580 449
1792590 449
1792600 449
1792610 450
1792620 450
1792630 450
1792640 451
1792650 451
1792660 452
1792670 452
1792680 453
1792690 454
1792700 454
1792710 455
1792720 456
1792730 456
1792740 457
1792750 458
1792760 459
1792770 460
1792780 461
1792790 462
1792800 463
1792810 464
1792820 465
1792830 467
1792840 468
1792850 469
1792860 470
1792870 471
1792880 471
1792890 472
1792900 473
1792910 474
1792920 475
1792930 475
1792940 476
1792950 477
1792960 477
1792970 478
1792980 478
1792990 479
1793000 480
1793010 480
1793020 481
1793030 481
1793040 482
1793050 482
1793060 483
1793070 483
1793080 483
1793090 484
1793100 484
1793110 485
1793120 485
1793130 485
1793140 485
1793150 485
1793160 485
1793170 484
1793180 484
1793190 483
1793200 483
1793210 482
1793220 482
1793230 481
1793240 480
1793250 480
1793260 479
1793270 478
1793280 477
1793290 476
1793300 475
1793310 473
1793320 472
1793330 471
1793340 470
1793350 469
1793360 468
1793370 468
1793380 467
1793390 466
1793400 465
1793410 464
1793420 463
1793430 461
1793440 458
1793450 454
1793460 450
1793470 447
1793480 445
1793490 443
1793500 442
1793510 440
1793520 439
1793530 438
1793540 437
1793550 436
1793560 435
1793570 435
1793580 435
1793590 434
1793600 434
1793610 433
1793620 431
1793630 431
1793640 430
1793650 429
1793660 429
1793670 428
1793680 427
1793690 426
1793700 426
1793710 425
1793720 424
1793730 424
1793740 423
1793750 423
1793760 422
1793770 422
1793780 422
1793790 421
1793800 421
1793810 421
1793820 420
1793830 420
1793840 419
1793850 418
1793860 417
1793870 417
1793880 416
1793890 415
1793900 415
1793910 414
1793920 414
1793930 413
1793940 413
1793950 413
1793960 412
1793970 412
1793980 411
1793990 411
1794000 411
1794010 411
1794020 410
1794030 410
1794040 410
1794050 410
1794060 410
1794070 410
1794080 410
1794090 410
1794100 410
1794110 410
1794120 410
1794130 410
1794140 410
1794150 409
1794160 409
1794170 408
1794180 407
1794190 406
1794200 405
1794210 404
1794220 403
1794230 402
1794240 401
1794250 400
1794260 399
1794270 398
1794280 398
1794290 397
1794300 396
1794310 395
1794320 395
1794330 394
1794340 394
1794350 393
1794360 393
1794370 393
1794380 392
1794390 392
1794400 392
1794410 392
1794420 392
1794430 391
1794440 391
1794450 391
1794460 392
1794470 393
1794480 394
1794490 395
1794500 395
1794510 396
1794520 398
1794530 399
1794540 400
1794550 401
1794560 402
1794570 404
1794580 405
1794590 406
1794600 407
1794610 409
1794620 411
1794630 413
1794640 415
1794650 417
1794660 419
1794670 421
1794680 423
1794690 425
1794700 426
1794710 428
1794720 429
1794730 430
1794740 432
1794750 433
1794760 433
1794770 434
1794780 435
1794790 435
1794800 436
1794810 435
1794820 434
1794830 432
1794840 430
1794850 428
1794860 426
1794870 423
1794880 421
1794890 419
1794900 417
1794910 415
1794920 413
1794930 411
1794940 409
1794950 407
1794960 405
1794970 403
1794980 400
1794990 398
1795000 396
1795010 394
1795020 392
1795030 391
1795040 390
1795050 389
1795060 389
1795070 389
1795080 389
1795090 391
1795100 392
1795110 394
1795120 395
1795130 397
1795140 399
1795150 401
1795160 403
1795170 404
1795180 405
1795190 406
1795200 407
1795210 408
1795220 409
1795230 411
1795240 412
1795250 413
1795260 414
1795270 415
1795280 416
1795290 417
1795300 418
1795310 420
1795320 421
1795330 422
1795340 424
1795350 426
1795360 427
1795370 428
1795380 430
1795390 431
1795400 432
1795410 433
1795420 434
1795430 435
1795440 436
1795450 437
1795460 437
1795470 438
1795480 438
1795490 439
1795500 440
1795510 440
1795520 441
1795530 441
1795540 442
1795550 442
1795560 442
1795570 439
1795580 436
1795590 433
1795600 433
1795610 434
1795620 437
1795630 440
1795640 442
1795650 445
1795660 446
1795670 447
1795680 447
1795690 447
1795700 447
1795710 447
1795720 446
1795730 445
1795740 444
1795750 442
1795760 440
1795770 439
1795780 438
1795790 439
1795800 439
1795810 440
1795820 441
1795830 442
1795840 443
1795850 444
1795860 445
1795870 447
1795880 449
1795890 451
1795900 453
1795910 455
1795920 457
1795930 459
1795940 460
1795950 462
1795960 464
1795970 466
1795980 468
1795990 470
1796000 472
1796010 475
1796020 476
1796030 477
1796040 477
1796050 478
1796060 478
1796070 479
1796080 479
1796090 479
1796100 478
1796110 478
1796120 478
1796130 478
1796140 478
1796150 478
1796160 478
1796170 478
1796180 478
1796190 478
1796200 478
1796210 478
1796220 478
1796230 478
1796240 478
1796250 478
1796260 478
1796270 478
1796280 478
1796290 478
1796300 478
1796310 478
1796320 478
1796330 478
1796340 477
1796350 476
1796360 475
1796370 473
1796380 471
1796390 470
1796400 468
1796410 465
1796420 464
1796430 463
1796440 462
1796450 461
1796460 460
1796470 460
1796480 459
1796490 458
1796500 457
1796510 456
1796520 455
1796530 455
1796540 454
1796550 453
1796560 453
1796570 452
1796580 451
1796590 450
1796600 449
1796610 448
1796620 447
1796630 446
1796640 445
1796650 445
1796660 444
1796670 443
1796680 442
1796690 441
1796700 440
1796710 439
1796720 438
1796730 437
1796740 436
1796750 435
1796760 434
1796770 432
1796780 431
1796790 429
1796800 427
1796810 426
1796820 424
1796830 423
1796840 421
1796850 420
1796860 420
1796870 420
1796880 421
1796890 423
1796900 424
1796910 425
1796920 425
1796930 426
1796940 426
1796950 426
1796960 427
1796970 427
1796980 427
1796990 427
1797000 427
1797010 427
1797020 426
1797030 426
1797040 426
1797050 425
1797060 425
1797070 426
1797080 426
1797090 427
1797100 427
1797110 427
1797120 427
1797130 428
1797140 428
1797150 428
1797160 428
1797170 428
1797180 429
1797190 429
1797200 430
1797210 430
1797220 431
1797230 432
1797240 433
1797250 434
1797260 435
1797270 436
1797280 438
1797290 439
1797300 440
1797310 442
1797320 443
1797330 445
1797340 446
1797350 448
1797360 449
1797370 450
1797380 451
1797390 452
1797400 453
1797410 454
1797420 456
1797430 457
1797440 457
1797450 457
1797460 457
1797470 456
1797480 456
1797490 455
1797500 454
1797510 453
1797520 452
1797530 452
1797540 451
1797550 451
1797560 450
1797570 450
1797580 449
1797590 448
1797600 448
1797610 447
1797620 446
1797630 445
1797640 444
1797650 444
1797660 443
1797670 442
1797680 441
1797690 441
1797700 440
1797710 439
1797720 439
1797730 438
1797740 437
1797750 436
1797760 436
1797770 435
1797780 434
1797790 433
1797800 432
1797810 431
1797820 430
1797830 429
1797840 428
1797850 427
1797860 427
1797870 426
1797880 426
1797890 425
1797900 424
1797910 423
1797920 423
1797930 422
1797940 421
1797950 421
1797960 420
1797970 420
1797980 419
1797990 419
1798000 418
1798010 418
1798020 418
1798030 417
1798040 416
1798050 416
1798060 415
1798070 414
1798080 413
1798090 413
1798100 412
1798110 412
1798120 411
1798130 410
1798140 410
1798150 410
1798160 410
1798170 409
1798180 408
1798190 407
1798200 407
1798210 406
1798220 405
1798230 404
1798240 403
1798250 402
1798260 402
1798270 401
1798280 400
1798290 400
1798300 400
1798310 400
1798320 400
1798330 399
1798340 399
1798350 398
1798360 397
1798370 397
1798380 396
1798390 396
1798400 395
1798410 395
1798420 394
1798430 394
1798440 393
1798450 393
1798460 393
1798470 392
1798480 392
1798490 392
1798500 392
1798510 392
1798520 391
1798530 391
1798540 389
1798550 388
1798560 388
1798570 387
1798580 386
1798590 386
1798600 386
1798610 387
1798620 388
1798630 388
1798640 388
1798650 388
1798660 388
1798670 388
1798680 389
1798690 389
1798700 389
1798710 390
1798720 390
1798730 390
1798740 390
1798750 390
1798760 390
1798770 390
1798780 390
1798790 390
1798800 390
1798810 389
1798820 388
1798830 387
1798840 385
1798850 380
1798860 376
1798870 373
1798880 373
1798890 373
1798900 372
1798910 371
1798920 371
1798930 371
1798940 371
1798950 371
1798960 371
1798970 371
1798980 371
1798990 371
1799000 371
1799010 371
1799020 371
1799030 371
1799040 371
1799050 371
1799060 370
1799070 369
1799080 369
1799090 369
1799100 371
1799110 373
1799120 373
1799130 373
1799140 372
1799150 370
1799160 369
1799170 367
1799180 366
1799190 365
1799200 365
1799210 365
1799220 365
1799230 364
1799240 363
1799250 363
1799260 362
1799270 363
1799280 364
1799290 364
1799300 365
1799310 366
1799320 367
1799330 367
1799340 365
1799350 363
1799360 362
1799370 362
1799380 362
1799390 362
1799400 362
1799410 362
1799420 362
1799430 362
1799440 362
1799450 362
1799460 362
1799470 361
1799480 360
1799490 360
1799500 361
1799510 361
1799520 360
1799530 360
1799540 360
1799550 361
1799560 361
1799570 362
1799580 363
1799590 363
1799600 363
1799610 363
1799620 363
1799630 363
1799640 363
1799650 364
1799660 365
1799670 365
1799680 366
1799690 366
1799700 366
1799710 366
1799720 366
1799730 366
1799740 364
1799750 362
1799760 362
1799770 363
1799780 366
1799790 369
1799800 371
1799810 372
1799820 373
1799830 373
1799840 372
1799850 372
1799860 372
1799870 372
1799880 371
1799890 371
1799900 372
1799910 372
1799920 373
1799930 374
1799940 375
1799950 375
1799960 375
1799970 374
1799980 373
1799990 372
