1780000 562
1780010 559
1780020 558
1780030 556
1780040 554
1780050 553
1780060 552
1780070 551
1780080 551
1780090 550
1780100 549
1780110 548
1780120 547
1780130 545
1780140 544
1780150 542
1780160 540
1780170 538
1780180 536
1780190 534
1780200 532
1780210 529
1780220 526
1780230 524
1780240 521
1780250 519
1780260 518
1780270 516
1780280 514
1780290 513
1780300 511
1780310 510
1780320 509
1780330 507
1780340 505
1780350 504
1780360 502
1780370 501
1780380 499
1780390 498
1780400 497
1780410 496
1780420 495
1780430 493
1780440 492
1780450 492
1780460 491
1780470 491
1780480 490
1780490 489
1780500 488
1780510 486
1780520 483
1780530 480
1780540 477
1780550 475
1780560 475
1780570 474
1780580 473
1780590 473
1780600 472
1780610 472
1780620 471
1780630 471
1780640 470
1780650 471
1780660 472
1780670 473
1780680 476
1780690 479
1780700 481
1780710 483
1780720 486
1780730 489
1780740 489
1780750 490
1780760 490
1780770 490
1780780 489
1780790 488
1780800 490
1780810 493
1780820 496
1780830 498
1780840 501
1780850 504
1780860 507
1780870 510
1780880 513
1780890 516
1780900 519
1780910 522
1780920 524
1780930 524
1780940 523
1780950 522
1780960 522
1780970 522
1780980 523
1780990 524
1781000 525
1781010 527
1781020 529
1781030 532
1781040 534
1781050 536
1781060 537
1781070 536
1781080 533
1781090 530
1781100 526
1781110 523
1781120 521
1781130 520
1781140 520
1781150 521
1781160 522
1781170 526
1781180 529
1781190 532
1781200 533
1781210 534
1781220 534
1781230 535
1781240 536
1781250 536
1781260 537
1781270 538
1781280 539
1781290 540
1781300 541
1781310 542
1781320 543
1781330 544
1781340 546
1781350 549
1781360 551
1781370 551
1781380 551
1781390 551
1781400 552
1781410 553
1781420 555
1781430 556
1781440 558
1781450 559
1781460 561
1781470 562
1781480 563
1781490 564
1781500 565
1781510 566
1781520 568
1781530 569
1781540 571
1781550 572
1781560 574
1781570 575
1781580 576
1781590 578
1781600 579
1781610 580
1781620 581
1781630 583
1781640 584
1781650 585
1781660 585
1781670 586
1781680 585
1781690 582
1781700 580
1781710 576
1781720 572
1781730 569
1781740 568
1781750 570
1781760 572
1781770 574
1781780 577
1781790 580
1781800 583
1781810 587
1781820 591
1781830 595
1781840 599
1781850 603
1781860 607
1781870 611
1781880 614
1781890 618
1781900 619
1781910 618
1781920 615
1781930 613
1781940 612
1781950 610
1781960 607
1781970 604
1781980 600
1781990 598
1782000 597
1782010 597
1782020 597
1782030 596
1782040 593
1782050 590
1782060 587
1782070 584
1782080 584
1782090 584
1782100 586
1782110 589
1782120 592
1782130 595
1782140 599
1782150 603
1782160 607
1782170 611
1782180 615
1782190 619
1782200 624
1782210 628
1782220 632
1782230 637
1782240 642
1782250 647
1782260 652
1782270 657
1782280 661
1782290 665
1782300 669
1782310 673
1782320 676
1782330 680
1782340 683
1782350 687
1782360 690
1782370 692
1782380 694
1782390 695
1782400 695
1782410 696
1782420 696
1782430 697
1782440 699
1782450 702
1782460 705
1782470 708
1782480 711
1782490 712
1782500 711
1782510 710
1782520 708
1782530 706
1782540 705
1782550 703
1782560 700
1782570 698
1782580 695
1782590 693
1782600 690
1782610 688
1782620 686
1782630 683
1782640 681
1782650 678
1782660 676
1782670 673
1782680 671
1782690 668
1782700 666
1782710 663
1782720 661
1782730 659
1782740 656
1782750 654
1782760 652
1782770 651
1782780 649
1782790 647
1782800 645
1782810 644
1782820 642
1782830 641
1782840 639
1782850 638
1782860 636
1782870 635
1782880 633
1782890 632
1782900 631
1782910 630
1782920 629
1782930 629
1782940 630
1782950 630
1782960 632
1782970 633
1782980 635
1782990 635
1783000 635
1783010 634
1783020 633
1783030 632
1783040 633
1783050 633
1783060 633
1783070 633
1783080 634
1783090 634
1783100 633
1783110 633
1783120 634
1783130 634
1783140 635
1783150 636
1783160 637
1783170 639
1783180 640
1783190 642
1783200 644
1783210 644
1783220 643
1783230 640
1783240 636
1783250 633
1783260 630
1783270 627
1783280 624
1783290 621
1783300 619
1783310 616
1783320 614
1783330 612
1783340 611
1783350 609
1783360 608
1783370 606
1783380 605
1783390 604
1783400 603
1783410 602
1783420 601
1783430 600
1783440 599
1783450 597
1783460 595
1783470 593
1783480 590
1783490 588
1783500 586
1783510 583
1783520 581
1783530 580
1783540 578
1783550 577
1783560 574
1783570 571
1783580 568
1783590 566
1783600 564
1783610 562
1783620 560
1783630 557
1783640 553
1783650 550
1783660 548
1783670 547
1783680 547
1783690 546
1783700 545
1783710 543
1783720 541
1783730 538
1783740 536
1783750 533
1783760 531
1783770 530
1783780 529
1783790 529
1783800 528
1783810 528
1783820 528
1783830 528
1783840 528
1783850 529
1783860 529
1783870 529
1783880 529
1783890 529
1783900 529
1783910 529
1783920 529
1783930 529
1783940 529
1783950 528
1783960 528
1783970 527
1783980 526
1783990 525
1784000 525
1784010 525
1784020 525
1784030 526
1784040 525
1784050 524
1784060 521
1784070 520
1784080 519
1784090 517
1784100 514
1784110 509
1784120 504
1784130 500
1784140 496
1784150 493
1784160 489
1784170 486
1784180 484
1784190 482
1784200 482
1784210 482
1784220 483
1784230 484
1784240 485
1784250 487
1784260 488
1784270 490
1784280 491
1784290 492
1784300 493
1784310 495
1784320 497
1784330 500
1784340 503
1784350 506
1784360 511
1784370 515
1784380 519
1784390 522
1784400 525
1784410 527
1784420 530
1784430 533
1784440 536
1784450 539
1784460 543
1784470 548
1784480 552
1784490 555
1784500 556
1784510 553
1784520 551
1784530 548
1784540 546
1784550 544
1784560 542
1784570 540
1784580 539
1784590 538
1784600 537
1784610 535
1784620 533
1784630 533
1784640 532
1784650 532
1784660 529
1784670 527
1784680 524
1784690 521
1784700 518
1784710 515
1784720 513
1784730 510
1784740 508
1784750 505
1784760 502
1784770 498
1784780 494
1784790 491
1784800 487
1784810 484
1784820 482
1784830 480
1784840 479
1784850 477
1784860 475
1784870 474
1784880 473
1784890 472
1784900 471
1784910 470
1784920 468
1784930 465
1784940 462
1784950 460
1784960 458
1784970 457
1784980 457
1784990 457
1785000 456
1785010 456
1785020 455
1785030 454
1785040 453
1785050 452
1785060 452
1785070 452
1785080 452
1785090 453
1785100 453
1785110 454
1785120 455
1785130 455
1785140 456
1785150 457
1785160 458
1785170 459
1785180 460
1785190 461
1785200 462
1785210 463
1785220 465
1785230 468
1785240 470
1785250 471
1785260 473
1785270 473
1785280 473
1785290 472
1785300 472
1785310 472
1785320 471
1785330 472
1785340 472
1785350 471
1785360 469
1785370 466
1785380 462
1785390 458
1785400 456
1785410 454
1785420 454
1785430 455
1785440 457
1785450 459
1785460 461
1785470 463
1785480 465
1785490 467
1785500 468
1785510 468
1785520 469
1785530 469
1785540 467
1785550 465
1785560 463
1785570 463
1785580 463
1785590 463
1785600 462
1785610 460
1785620 457
1785630 453
1785640 449
1785650 445
1785660 441
1785670 438
1785680 437
1785690 437
1785700 437
1785710 437
1785720 438
1785730 439
1785740 439
1785750 439
1785760 438
1785770 437
1785780 437
1785790 440
1785800 443
1785810 445
1785820 444
1785830 443
1785840 442
1785850 442
1785860 441
1785870 441
1785880 442
1785890 442
1785900 441
1785910 440
1785920 438
1785930 436
1785940 433
1785950 430
1785960 428
1785970 427
1785980 426
1785990 424
1786000 422
1786010 420
1786020 418
1786030 417
1786040 415
1786050 414
1786060 414
1786070 413
1786080 412
1786090 410
1786100 409
1786110 408
1786120 407
1786130 405
1786140 403
1786150 402
1786160 401
1786170 401
1786180 402
1786190 403
1786200 405
1786210 408
1786220 410
1786230 411
1786240 413
1786250 415
1786260 417
1786270 418
1786280 419
1786290 421
1786300 423
1786310 424
1786320 426
1786330 428
1786340 430
1786350 431
1786360 432
1786370 432
1786380 433
1786390 435
1786400 437
1786410 439
1786420 441
1786430 442
1786440 444
1786450 446
1786460 448
1786470 450
1786480 452
1786490 454
1786500 457
1786510 459
1786520 462
1786530 464
1786540 466
1786550 466
1786560 464
1786570 460
1786580 457
1786590 454
1786600 454
1786610 454
1786620 455
1786630 456
1786640 457
1786650 458
1786660 460
1786670 461
1786680 462
1786690 462
1786700 463
1786710 464
1786720 465
1786730 468
1786740 470
1786750 472
1786760 473
1786770 473
1786780 472
1786790 473
1786800 473
1786810 474
1786820 475
1786830 476
1786840 477
1786850 478
1786860 479
1786870 481
1786880 483
1786890 486
1786900 489
1786910 490
1786920 492
1786930 494
1786940 495
1786950 496
1786960 497
1786970 497
1786980 498
1786990 498
1787000 499
1787010 499
1787020 500
1787030 502
1787040 504
1787050 505
1787060 506
1787070 507
1787080 508
1787090 508
1787100 508
1787110 508
1787120 507
1787130 506
1787140 505
1787150 503
1787160 501
1787170 500
1787180 500
1787190 501
1787200 502
1787210 502
1787220 503
1787230 503
1787240 503
1787250 503
1787260 503
1787270 501
1787280 501
1787290 501
1787300 502
1787310 505
1787320 507
1787330 511
1787340 514
1787350 517
1787360 520
1787370 522
1787380 523
1787390 524
1787400 525
1787410 527
1787420 528
1787430 529
1787440 530
1787450 530
1787460 531
1787470 531
1787480 531
1787490 531
1787500 531
1787510 531
1787520 532
1787530 534
1787540 536
1787550 539
1787560 542
1787570 545
1787580 547
1787590 548
1787600 547
1787610 546
1787620 544
1787630 544
1787640 545
1787650 546
1787660 546
1787670 547
1787680 549
1787690 550
1787700 551
1787710 552
1787720 553
1787730 554
1787740 557
1787750 561
1787760 564
1787770 568
1787780 571
1787790 575
1787800 579
1787810 583
1787820 587
1787830 591
1787840 595
1787850 599
1787860 603
1787870 608
1787880 612
1787890 615
1787900 619
1787910 623
1787920 627
1787930 630
1787940 632
1787950 635
1787960 637
1787970 639
1787980 642
1787990 644
1788000 645
1788010 646
1788020 647
1788030 648
1788040 649
1788050 650
1788060 650
1788070 651
1788080 652
1788090 653
1788100 653
1788110 654
1788120 654
1788130 654
1788140 654
1788150 654
1788160 654
1788170 655
1788180 655
1788190 655
1788200 655
1788210 655
1788220 655
1788230 655
1788240 654
1788250 654
1788260 654
1788270 654
1788280 653
1788290 653
1788300 652
1788310 652
1788320 651
1788330 651
1788340 650
1788350 650
1788360 649
1788370 648
1788380 648
1788390 647
1788400 646
1788410 645
1788420 644
1788430 643
1788440 643
1788450 642
1788460 641
1788470 641
1788480 640
1788490 639
1788500 639
1788510 638
1788520 637
1788530 636
1788540 636
1788550 635
1788560 634
1788570 633
1788580 633
1788590 632
1788600 631
1788610 630
1788620 629
1788630 628
1788640 626
1788650 625
1788660 624
1788670 622
1788680 620
1788690 619
1788700 617
1788710 615
1788720 614
1788730 612
1788740 610
1788750 609
1788760 607
1788770 605
1788780 604
1788790 602
1788800 601
1788810 599
1788820 598
1788830 597
1788840 595
1788850 594
1788860 593
1788870 591
1788880 590
1788890 589
1788900 588
1788910 586
1788920 585
1788930 583
1788940 581
1788950 580
1788960 578
1788970 577
1788980 575
1788990 573
1789000 571
1789010 569
1789020 567
1789030 566
1789040 564
1789050 562
1789060 561
1789070 559
1789080 557
1789090 556
1789100 554
1789110 553
1789120 551
1789130 550
1789140 548
1789150 547
1789160 545
1789170 543
1789180 542
1789190 540
1789200 539
1789210 537
1789220 536
1789230 535
1789240 533
1789250 532
1789260 530
1789270 529
1789280 527
1789290 526
1789300 524
1789310 523
1789320 522
1789330 521
1789340 519
1789350 517
1789360 515
1789370 514
1789380 512
1789390 510
1789400 509
1789410 508
1789420 507
1789430 506
1789440 505
1789450 503
1789460 502
1789470 499
1789480 497
1789490 494
1789500 491
1789510 488
1789520 484
1789530 480
1789540 477
1789550 473
1789560 470
1789570 468
1789580 465
1789590 463
1789600 461
1789610 459
1789620 456
1789630 454
1789640 451
1789650 447
1789660 444
1789670 441
1789680 438
1789690 436
1789700 433
1789710 430
1789720 428
1789730 425
1789740 424
1789750 422
1789760 420
1789770 419
1789780 417
1789790 416
1789800 415
1789810 415
1789820 414
1789830 413
1789840 412
1789850 412
1789860 411
1789870 410
1789880 409
1789890 409
1789900 408
1789910 408
1789920 408
1789930 407
1789940 407
1789950 407
1789960 407
1789970 408
1789980 409
1789990 410
1790000 411
1790010 412
1790020 413
1790030 414
1790040 415
1790050 416
1790060 416
1790070 417
1790080 419
1790090 420
1790100 421
1790110 422
1790120 423
1790130 424
1790140 424
1790150 425
1790160 425
1790170 426
1790180 426
1790190 427
1790200 427
1790210 428
1790220 429
1790230 431
1790240 432
1790250 433
1790260 434
1790270 435
1790280 436
1790290 437
1790300 438
1790310 438
1790320 439
1790330 439
1790340 439
1790350 439
1790360 439
1790370 439
1790380 438
1790390 438
1790400 438
1790410 438
1790420 437
1790430 437
1790440 437
1790450 437
1790460 437
1790470 437
1790480 437
1790490 438
1790500 438
1790510 439
1790520 440
1790530 441
1790540 441
1790550 442
1790560 443
1790570 444
1790580 445
1790590 446
1790600 446
1790610 447
1790620 447
1790630 447
1790640 448
1790650 449
1790660 450
1790670 451
1790680 452
1790690 453
1790700 454
1790710 455
1790720 456
1790730 457
1790740 457
1790750 458
1790760 459
1790770 460
1790780 461
1790790 462
1790800 462
1790810 463
1790820 463
1790830 464
1790840 465
1790850 465
1790860 466
1790870 466
1790880 466
1790890 465
1790900 465
1790910 464
1790920 463
1790930 462
1790940 461
1790950 459
1790960 458
1790970 456
1790980 455
1790990 454
1791000 452
1791010 451
1791020 449
1791030 448
1791040 447
1791050 446
1791060 445
1791070 443
1791080 442
1791090 440
1791100 439
1791110 438
1791120 436
1791130 435
1791140 433
1791150 432
1791160 431
1791170 429
1791180 428
1791190 426
1791200 424
1791210 422
1791220 420
1791230 418
1791240 417
1791250 414
1791260 412
1791270 409
1791280 406
1791290 404
1791300 402
1791310 399
1791320 397
1791330 394
1791340 392
1791350 390
1791360 388
1791370 386
1791380 385
1791390 384
1791400 383
1791410 382
1791420 381
1791430 380
1791440 379
1791450 378
1791460 377
1791470 376
1791480 374
1791490 373
1791500 372
1791510 370
1791520 369
1791530 367
1791540 366
1791550 365
1791560 364
1791570 363
1791580 363
1791590 363
1791600 363
1791610 363
1791620 364
1791630 365
1791640 367
1791650 369
1791660 371
1791670 372
1791680 373
1791690 375
1791700 376
1791710 378
1791720 380
1791730 383
1791740 385
1791750 387
1791760 388
1791770 390
1791780 393
1791790 395
1791800 398
1791810 401
1791820 403
1791830 406
1791840 409
1791850 411
1791860 413
1791870 415
1791880 417
1791890 419
1791900 421
1791910 423
1791920 424
1791930 426
1791940 427
1791950 428
1791960 428
1791970 429
1791980 429
1791990 430
1792000 430
1792010 430
1792020 429
1792030 428
1792040 426
1792050 425
1792060 423
1792070 421
1792080 419
1792090 418
1792100 418
1792110 417
1792120 418
1792130 418
1792140 418
1792150 419
1792160 421
1792170 422
1792180 424
1792190 425
1792200 427
1792210 428
1792220 429
1792230 430
1792240 432
1792250 433
1792260 435
1792270 437
1792280 438
1792290 440
1792300 441
1792310 442
1792320 443
1792330 444
1792340 445
1792350 446
1792360 446
1792370 447
1792380 447
1792390 448
1792400 449
1792410 449
1792420 450
1792430 450
1792440 451
1792450 451
1792460 452
1792470 453
1792480 454
1792490 455
1792500 456
1792510 457
1792520 458
1792530 459
1792540 459
1792550 460
1792560 461
1792570 461
1792580 462
1792590 463
1792600 463
1792610 464
1792620 465
1792630 466
1792640 467
1792650 469
1792660 470
1792670 472
1792680 473
1792690 473
1792700 474
1792710 475
1792720 476
1792730 477
1792740 478
1792750 478
1792760 479
1792770 480
1792780 480
1792790 481
1792800 481
1792810 482
1792820 482
1792830 483
1792840 483
1792850 484
1792860 485
1792870 485
1792880 486
1792890 487
1792900 487
1792910 488
1792920 488
1792930 489
1792940 489
1792950 490
1792960 490
1792970 490
1792980 490
1792990 491
1793000 491
1793010 490
1793020 490
1793030 490
1793040 491
1793050 491
1793060 491
1793070 491
1793080 491
1793090 491
1793100 491
1793110 490
1793120 490
1793130 490
1793140 489
1793150 489
1793160 489
1793170 488
1793180 488
1793190 487
1793200 487
1793210 486
1793220 485
1793230 484
1793240 484
1793250 483
1793260 482
1793270 482
1793280 481
1793290 480
1793300 479
1793310 478
1793320 477
1793330 475
1793340 473
1793350 471
1793360 469
1793370 468
1793380 466
1793390 465
1793400 464
1793410 462
1793420 461
1793430 460
1793440 459
1793450 457
1793460 456
1793470 456
1793480 455
1793490 454
1793500 454
1793510 453
1793520 453
1793530 452
1793540 452
1793550 451
1793560 450
1793570 449
1793580 448
1793590 448
1793600 447
1793610 445
1793620 443
1793630 442
1793640 440
1793650 438
1793660 437
1793670 436
1793680 436
1793690 436
1793700 436
1793710 436
1793720 436
1793730 436
1793740 436
1793750 436
1793760 436
1793770 435
1793780 435
1793790 435
1793800 435
1793810 435
1793820 435
1793830 434
1793840 434
1793850 434
1793860 435
1793870 435
1793880 434
1793890 434
1793900 434
1793910 433
1793920 432
1793930 431
1793940 429
1793950 428
1793960 426
1793970 424
1793980 422
1793990 420
1794000 420
1794010 421
1794020 424
1794030 427
1794040 431
1794050 435
1794060 438
1794070 441
1794080 444
1794090 447
1794100 449
1794110 451
1794120 453
1794130 454
1794140 456
1794150 458
1794160 460
1794170 462
1794180 464
1794190 466
1794200 467
1794210 468
1794220 468
1794230 468
1794240 467
1794250 466
1794260 466
1794270 466
1794280 466
1794290 465
1794300 463
1794310 461
1794320 458
1794330 456
1794340 453
1794350 450
1794360 447
1794370 444
1794380 441
1794390 439
1794400 437
1794410 436
1794420 436
1794430 436
1794440 436
1794450 436
1794460 436
1794470 437
1794480 438
1794490 438
1794500 437
1794510 435
1794520 433
1794530 430
1794540 428
1794550 426
1794560 424
1794570 422
1794580 420
1794590 419
1794600 418
1794610 418
1794620 417
1794630 416
1794640 416
1794650 415
1794660 414
1794670 414
1794680 413
1794690 412
1794700 412
1794710 411
1794720 410
1794730 410
1794740 409
1794750 408
1794760 408
1794770 407
1794780 406
1794790 405
1794800 405
1794810 404
1794820 403
1794830 403
1794840 402
1794850 401
1794860 401
1794870 400
1794880 400
1794890 400
1794900 399
1794910 399
1794920 398
1794930 398
1794940 398
1794950 398
1794960 398
1794970 398
1794980 398
1794990 398
1795000 398
1795010 397
1795020 397
1795030 397
1795040 397
1795050 397
1795060 397
1795070 397
1795080 397
1795090 397
1795100 397
1795110 397
1795120 397
1795130 397
1795140 398
1795150 398
1795160 398
1795170 398
1795180 398
1795190 398
1795200 398
1795210 398
1795220 398
1795230 398
1795240 398
1795250 399
1795260 399
1795270 399
1795280 399
1795290 399
1795300 399
1795310 400
1795320 400
1795330 400
1795340 400
1795350 400
1795360 400
1795370 401
1795380 401
1795390 401
1795400 402
1795410 402
1795420 402
1795430 403
1795440 404
1795450 404
1795460 405
1795470 405
1795480 406
1795490 406
1795500 407
1795510 407
1795520 408
1795530 409
1795540 409
1795550 410
1795560 410
1795570 411
1795580 412
1795590 412
1795600 413
1795610 414
1795620 415
1795630 415
1795640 416
1795650 417
1795660 418
1795670 419
1795680 420
1795690 421
1795700 422
1795710 422
1795720 423
1795730 424
1795740 425
1795750 426
1795760 427
1795770 428
1795780 429
1795790 431
1795800 432
1795810 434
1795820 436
1795830 438
1795840 441
1795850 443
1795860 446
1795870 448
1795880 450
1795890 452
1795900 454
1795910 456
1795920 458
1795930 461
1795940 463
1795950 465
1795960 467
1795970 469
1795980 471
1795990 473
1796000 475
1796010 477
1796020 479
1796030 482
1796040 483
1796050 484
1796060 484
1796070 484
1796080 484
1796090 483
1796100 483
1796110 483
1796120 483
1796130 483
1796140 483
1796150 483
1796160 483
1796170 482
1796180 482
1796190 482
1796200 482
1796210 482
1796220 481
1796230 480
1796240 480
1796250 480
1796260 479
1796270 479
1796280 479
1796290 478
1796300 478
1796310 477
1796320 477
1796330 476
1796340 476
1796350 475
1796360 475
1796370 474
1796380 473
1796390 473
1796400 472
1796410 471
1796420 471
1796430 470
1796440 470
1796450 469
1796460 469
1796470 468
1796480 467
1796490 466
1796500 466
1796510 465
1796520 465
1796530 464
1796540 464
1796550 463
1796560 463
1796570 462
1796580 462
1796590 462
1796600 461
1796610 461
1796620 461
1796630 460
1796640 460
1796650 459
1796660 459
1796670 459
1796680 458
1796690 458
1796700 457
1796710 457
1796720 457
1796730 458
1796740 459
1796750 460
1796760 461
1796770 462
1796780 462
1796790 463
1796800 464
1796810 465
1796820 466
1796830 467
1796840 469
1796850 470
1796860 472
1796870 473
1796880 473
1796890 474
1796900 474
1796910 474
1796920 474
1796930 474
1796940 474
1796950 474
1796960 474
1796970 473
1796980 473
1796990 472
1797000 472
1797010 471
1797020 471
1797030 470
1797040 470
1797050 470
1797060 470
1797070 470
1797080 470
1797090 470
1797100 470
1797110 470
1797120 470
1797130 470
1797140 470
1797150 470
1797160 470
1797170 470
1797180 470
1797190 470
1797200 470
1797210 469
1797220 469
1797230 469
1797240 469
1797250 468
1797260 468
1797270 468
1797280 468
1797290 468
1797300 467
1797310 467
1797320 467
1797330 466
1797340 466
1797350 465
1797360 464
1797370 464
1797380 463
1797390 463
1797400 463
1797410 462
1797420 462
1797430 461
1797440 461
1797450 460
1797460 460
1797470 460
1797480 459
1797490 459
1797500 458
1797510 458
1797520 457
1797530 457
1797540 457
1797550 456
1797560 456
1797570 455
1797580 455
1797590 455
1797600 455
1797610 454
1797620 454
1797630 454
1797640 454
1797650 453
1797660 453
1797670 453
1797680 452
1797690 452
1797700 452
1797710 452
1797720 452
1797730 451
1797740 451
1797750 451
1797760 451
1797770 451
1797780 450
1797790 450
1797800 449
1797810 449
1797820 449
1797830 448
1797840 448
1797850 448
1797860 448
1797870 448
1797880 448
1797890 448
1797900 448
1797910 447
1797920 447
1797930 447
1797940 447
1797950 447
1797960 447
1797970 447
1797980 447
1797990 447
1798000 447
1798010 446
1798020 445
1798030 445
1798040 444
1798050 443
1798060 442
1798070 442
1798080 441
1798090 441
1798100 440
1798110 440
1798120 439
1798130 439
1798140 438
1798150 437
1798160 436
1798170 435
1798180 434
1798190 433
1798200 432
1798210 431
1798220 430
1798230 429
1798240 429
1798250 428
1798260 427
1798270 427
1798280 426
1798290 425
1798300 425
1798310 424
1798320 423
1798330 422
1798340 422
1798350 421
1798360 421
1798370 420
1798380 419
1798390 419
1798400 418
1798410 418
1798420 417
1798430 416
1798440 416
1798450 415
1798460 415
1798470 414
1798480 414
1798490 414
1798500 414
1798510 414
1798520 414
1798530 414
1798540 414
1798550 413
1798560 413
1798570 413
1798580 413
1798590 413
1798600 413
1798610 413
1798620 413
1798630 413
1798640 414
1798650 414
1798660 414
1798670 413
1798680 413
1798690 413
1798700 413
1798710 413
1798720 413
1798730 413
1798740 413
1798750 413
1798760 412
1798770 412
1798780 412
1798790 412
1798800 411
1798810 410
1798820 408
1798830 407
1798840 406
1798850 406
1798860 405
1798870 404
1798880 404
1798890 403
1798900 402
1798910 401
1798920 401
1798930 400
1798940 399
1798950 399
1798960 398
1798970 398
1798980 397
1798990 397
1799000 397
1799010 396
1799020 396
1799030 395
1799040 395
1799050 394
1799060 394
1799070 394
1799080 393
1799090 393
1799100 393
1799110 393
1799120 392
1799130 391
1799140 391
1799150 390
1799160 390
1799170 389
1799180 389
1799190 389
1799200 388
1799210 388
1799220 387
1799230 387
1799240 386
1799250 386
1799260 385
1799270 385
1799280 384
1799290 383
1799300 382
1799310 382
1799320 381
1799330 380
1799340 379
1799350 378
1799360 378
1799370 377
1799380 377
1799390 376
1799400 376
1799410 375
1799420 374
1799430 374
1799440 373
1799450 372
1799460 371
1799470 370
1799480 369
1799490 368
1799500 367
1799510 367
1799520 366
1799530 366
1799540 365
1799550 364
1799560 363
1799570 362
1799580 361
1799590 360
1799600 359
1799610 359
1799620 358
1799630 357
1799640 357
1799650 356
1799660 356
1799670 355
1799680 354
1799690 354
1799700 353
1799710 352
1799720 351
1799730 351
1799740 350
1799750 350
1799760 349
1799770 348
1799780 346
1799790 345
1799800 344
1799810 343
1799820 342
1799830 340
1799840 338
1799850 337
1799860 336
1799870 334
1799880 334
1799890 333
1799900 332
1799910 332
1799920 331
1799930 331
1799940 330
1799950 330
1799960 329
1799970 329
1799980 328
1799990 328
