1780000 604
1780010 602
1780020 600
1780030 598
1780040 595
1780050 592
1780060 588
1780070 585
1780080 585
1780090 585
1780100 586
1780110 586
1780120 586
1780130 586
1780140 585
1780150 584
1780160 583
1780170 581
1780180 580
1780190 578
1780200 577
1780210 577
1780220 577
1780230 577
1780240 578
1780250 578
1780260 578
1780270 578
1780280 578
1780290 578
1780300 578
1780310 579
1780320 579
1780330 578
1780340 577
1780350 576
1780360 574
1780370 572
1780380 570
1780390 568
1780400 566
1780410 563
1780420 560
1780430 557
1780440 554
1780450 550
1780460 547
1780470 543
1780480 540
1780490 536
1780500 534
1780510 532
1780520 531
1780530 530
1780540 530
1780550 529
1780560 527
1780570 526
1780580 526
1780590 526
1780600 526
1780610 525
1780620 525
1780630 524
1780640 523
1780650 521
1780660 520
1780670 519
1780680 517
1780690 515
1780700 514
1780710 512
1780720 510
1780730 508
1780740 507
1780750 506
1780760 505
1780770 504
1780780 502
1780790 501
1780800 499
1780810 497
1780820 496
1780830 494
1780840 493
1780850 492
1780860 491
1780870 491
1780880 490
1780890 490
1780900 489
1780910 489
1780920 488
1780930 487
1780940 486
1780950 485
1780960 482
1780970 480
1780980 479
1780990 479
1781000 479
1781010 479
1781020 479
1781030 481
1781040 482
1781050 484
1781060 487
1781070 490
1781080 492
1781090 495
1781100 498
1781110 502
1781120 508
1781130 514
1781140 521
1781150 527
1781160 532
1781170 536
1781180 539
1781190 542
1781200 547
1781210 550
1781220 552
1781230 554
1781240 556
1781250 558
1781260 558
1781270 557
1781280 555
1781290 551
1781300 546
1781310 542
1781320 539
1781330 536
1781340 533
1781350 532
1781360 530
1781370 529
1781380 528
1781390 528
1781400 528
1781410 528
1781420 529
1781430 529
1781440 527
1781450 524
1781460 521
1781470 517
1781480 514
1781490 511
1781500 508
1781510 506
1781520 505
1781530 505
1781540 506
1781550 507
1781560 509
1781570 512
1781580 514
1781590 517
1781600 520
1781610 523
1781620 526
1781630 529
1781640 532
1781650 536
1781660 540
1781670 544
1781680 547
1781690 549
1781700 551
1781710 555
1781720 559
1781730 563
1781740 566
1781750 568
1781760 568
1781770 568
1781780 567
1781790 566
1781800 565
1781810 564
1781820 562
1781830 560
1781840 559
1781850 559
1781860 560
1781870 559
1781880 559
1781890 558
1781900 560
1781910 563
1781920 564
1781930 566
1781940 568
1781950 569
1781960 569
1781970 568
1781980 565
1781990 563
1782000 561
1782010 558
1782020 557
1782030 555
1782040 554
1782050 554
1782060 554
1782070 554
1782080 555
1782090 557
1782100 559
1782110 560
1782120 562
1782130 563
1782140 564
1782150 566
1782160 568
1782170 569
1782180 571
1782190 573
1782200 575
1782210 577
1782220 578
1782230 580
1782240 581
1782250 583
1782260 584
1782270 586
1782280 587
1782290 589
1782300 590
1782310 592
1782320 593
1782330 594
1782340 596
1782350 597
1782360 598
1782370 600
1782380 601
1782390 602
1782400 604
1782410 606
1782420 607
1782430 609
1782440 611
1782450 613
1782460 615
1782470 617
1782480 619
1782490 621
1782500 623
1782510 625
1782520 627
1782530 629
1782540 631
1782550 633
1782560 636
1782570 638
1782580 640
1782590 642
1782600 644
1782610 647
1782620 649
1782630 652
1782640 654
1782650 656
1782660 659
1782670 661
1782680 664
1782690 668
1782700 671
1782710 673
1782720 674
1782730 675
1782740 676
1782750 677
1782760 678
1782770 679
1782780 680
1782790 681
1782800 681
1782810 682
1782820 683
1782830 682
1782840 681
1782850 679
1782860 677
1782870 674
1782880 671
1782890 669
1782900 666
1782910 664
1782920 662
1782930 661
1782940 660
1782950 659
1782960 657
1782970 655
1782980 653
1782990 649
1783000 646
1783010 643
1783020 641
1783030 638
1783040 635
1783050 633
1783060 630
1783070 627
1783080 625
1783090 622
1783100 620
1783110 617
1783120 614
1783130 611
1783140 608
1783150 605
1783160 602
1783170 598
1783180 595
1783190 592
1783200 588
1783210 586
1783220 583
1783230 581
1783240 579
1783250 578
1783260 576
1783270 575
1783280 575
1783290 574
1783300 574
1783310 575
1783320 576
1783330 578
1783340 579
1783350 577
1783360 575
1783370 573
1783380 572
1783390 571
1783400 570
1783410 569
1783420 567
1783430 564
1783440 561
1783450 558
1783460 555
1783470 552
1783480 551
1783490 551
1783500 551
1783510 551
1783520 552
1783530 552
1783540 555
1783550 558
1783560 561
1783570 564
1783580 567
1783590 571
1783600 575
1783610 579
1783620 584
1783630 587
1783640 590
1783650 592
1783660 593
1783670 592
1783680 591
1783690 589
1783700 588
1783710 586
1783720 584
1783730 583
1783740 581
1783750 580
1783760 578
1783770 576
1783780 575
1783790 573
1783800 572
1783810 571
1783820 570
1783830 569
1783840 569
1783850 569
1783860 568
1783870 568
1783880 568
1783890 568
1783900 568
1783910 568
1783920 567
1783930 567
1783940 569
1783950 571
1783960 571
1783970 570
1783980 569
1783990 567
1784000 567
1784010 567
1784020 567
1784030 565
1784040 563
1784050 559
1784060 558
1784070 559
1784080 563
1784090 563
1784100 562
1784110 559
1784120 556
1784130 554
1784140 554
1784150 553
1784160 553
1784170 553
1784180 551
1784190 549
1784200 546
1784210 544
1784220 544
1784230 543
1784240 542
1784250 541
1784260 540
1784270 539
1784280 539
1784290 540
1784300 541
1784310 541
1784320 541
1784330 541
1784340 540
1784350 539
1784360 535
1784370 531
1784380 527
1784390 524
1784400 521
1784410 518
1784420 515
1784430 512
1784440 510
1784450 508
1784460 507
1784470 505
1784480 505
1784490 505
1784500 505
1784510 505
1784520 505
1784530 505
1784540 505
1784550 504
1784560 504
1784570 504
1784580 504
1784590 505
1784600 505
1784610 506
1784620 507
1784630 508
1784640 509
1784650 510
1784660 511
1784670 512
1784680 513
1784690 513
1784700 516
1784710 519
1784720 522
1784730 525
1784740 528
1784750 531
1784760 535
1784770 539
1784780 543
1784790 546
1784800 548
1784810 549
1784820 548
1784830 548
1784840 547
1784850 546
1784860 544
1784870 542
1784880 544
1784890 546
1784900 548
1784910 552
1784920 555
1784930 559
1784940 562
1784950 565
1784960 569
1784970 572
1784980 574
1784990 575
1785000 574
1785010 573
1785020 572
1785030 574
1785040 575
1785050 578
1785060 578
1785070 578
1785080 578
1785090 578
1785100 577
1785110 576
1785120 575
1785130 574
1785140 572
1785150 571
1785160 570
1785170 569
1785180 568
1785190 567
1785200 566
1785210 564
1785220 563
1785230 562
1785240 559
1785250 557
1785260 554
1785270 550
1785280 547
1785290 544
1785300 540
1785310 537
1785320 534
1785330 532
1785340 530
1785350 529
1785360 529
1785370 529
1785380 529
1785390 528
1785400 527
1785410 526
1785420 525
1785430 523
1785440 521
1785450 519
1785460 516
1785470 514
1785480 512
1785490 510
1785500 508
1785510 506
1785520 505
1785530 504
1785540 504
1785550 503
1785560 501
1785570 500
1785580 498
1785590 496
1785600 494
1785610 492
1785620 490
1785630 488
1785640 486
1785650 484
1785660 481
1785670 479
1785680 475
1785690 472
1785700 470
1785710 468
1785720 467
1785730 467
1785740 467
1785750 467
1785760 466
1785770 466
1785780 465
1785790 464
1785800 463
1785810 462
1785820 460
1785830 459
1785840 457
1785850 455
1785860 453
1785870 452
1785880 451
1785890 450
1785900 449
1785910 448
1785920 447
1785930 447
1785940 447
1785950 446
1785960 445
1785970 445
1785980 444
1785990 444
1786000 444
1786010 443
1786020 443
1786030 442
1786040 442
1786050 441
1786060 441
1786070 440
1786080 440
1786090 441
1786100 441
1786110 441
1786120 440
1786130 438
1786140 436
1786150 434
1786160 433
1786170 433
1786180 435
1786190 435
1786200 435
1786210 435
1786220 435
1786230 434
1786240 434
1786250 433
1786260 432
1786270 431
1786280 430
1786290 429
1786300 427
1786310 425
1786320 423
1786330 420
1786340 417
1786350 414
1786360 410
1786370 407
1786380 404
1786390 400
1786400 398
1786410 396
1786420 395
1786430 394
1786440 394
1786450 394
1786460 394
1786470 394
1786480 394
1786490 394
1786500 394
1786510 394
1786520 394
1786530 393
1786540 393
1786550 393
1786560 394
1786570 395
1786580 397
1786590 398
1786600 399
1786610 400
1786620 402
1786630 403
1786640 405
1786650 406
1786660 407
1786670 407
1786680 408
1786690 409
1786700 411
1786710 412
1786720 413
1786730 414
1786740 415
1786750 416
1786760 417
1786770 417
1786780 417
1786790 417
1786800 418
1786810 419
1786820 420
1786830 421
1786840 422
1786850 423
1786860 423
1786870 424
1786880 425
1786890 425
1786900 426
1786910 426
1786920 427
1786930 427
1786940 428
1786950 428
1786960 428
1786970 429
1786980 430
1786990 431
1787000 431
1787010 432
1787020 433
1787030 433
1787040 434
1787050 435
1787060 436
1787070 437
1787080 438
1787090 439
1787100 439
1787110 439
1787120 439
1787130 439
1787140 439
1787150 439
1787160 439
1787170 440
1787180 440
1787190 440
1787200 441
1787210 441
1787220 441
1787230 441
1787240 440
1787250 440
1787260 439
1787270 439
1787280 439
1787290 440
1787300 440
1787310 440
1787320 440
1787330 441
1787340 441
1787350 442
1787360 443
1787370 443
1787380 444
1787390 444
1787400 443
1787410 443
1787420 442
1787430 443
1787440 444
1787450 446
1787460 446
1787470 447
1787480 448
1787490 449
1787500 450
1787510 452
1787520 453
1787530 454
1787540 456
1787550 457
1787560 459
1787570 461
1787580 463
1787590 464
1787600 467
1787610 469
1787620 471
1787630 473
1787640 476
1787650 478
1787660 480
1787670 483
1787680 485
1787690 487
1787700 490
1787710 492
1787720 493
1787730 495
1787740 496
1787750 497
1787760 497
1787770 496
1787780 495
1787790 494
1787800 493
1787810 493
1787820 493
1787830 495
1787840 496
1787850 497
1787860 498
1787870 499
1787880 500
1787890 501
1787900 502
1787910 504
1787920 505
1787930 507
1787940 508
1787950 510
1787960 513
1787970 515
1787980 519
1787990 522
1788000 526
1788010 530
1788020 534
1788030 539
1788040 543
1788050 547
1788060 551
1788070 555
1788080 559
1788090 564
1788100 567
1788110 571
1788120 575
1788130 578
1788140 582
1788150 585
1788160 588
1788170 591
1788180 594
1788190 597
1788200 600
1788210 603
1788220 605
1788230 607
1788240 608
1788250 609
1788260 609
1788270 609
1788280 609
1788290 609
1788300 609
1788310 609
1788320 608
1788330 608
1788340 608
1788350 608
1788360 608
1788370 608
1788380 608
1788390 608
1788400 608
1788410 608
1788420 608
1788430 608
1788440 608
1788450 608
1788460 607
1788470 606
1788480 605
1788490 604
1788500 603
1788510 602
1788520 601
1788530 600
1788540 599
1788550 598
1788560 597
1788570 596
1788580 595
1788590 594
1788600 594
1788610 593
1788620 592
1788630 592
1788640 592
1788650 591
1788660 590
1788670 589
1788680 588
1788690 587
1788700 586
1788710 585
1788720 584
1788730 582
1788740 581
1788750 580
1788760 578
1788770 576
1788780 575
1788790 574
1788800 572
1788810 571
1788820 570
1788830 569
1788840 569
1788850 568
1788860 567
1788870 566
1788880 565
1788890 564
1788900 562
1788910 561
1788920 559
1788930 558
1788940 556
1788950 555
1788960 554
1788970 553
1788980 551
1788990 550
1789000 549
1789010 549
1789020 548
1789030 547
1789040 546
1789050 545
1789060 544
1789070 544
1789080 544
1789090 543
1789100 542
1789110 542
1789120 541
1789130 540
1789140 539
1789150 538
1789160 537
1789170 537
1789180 536
1789190 535
1789200 534
1789210 533
1789220 532
1789230 531
1789240 530
1789250 529
1789260 528
1789270 528
1789280 527
1789290 526
1789300 526
1789310 525
1789320 524
1789330 524
1789340 523
1789350 522
1789360 521
1789370 521
1789380 520
1789390 519
1789400 519
1789410 517
1789420 516
1789430 514
1789440 513
1789450 513
1789460 512
1789470 511
1789480 510
1789490 508
1789500 507
1789510 506
1789520 505
1789530 503
1789540 502
1789550 501
1789560 499
1789570 498
1789580 496
1789590 495
1789600 494
1789610 493
1789620 491
1789630 490
1789640 488
1789650 487
1789660 485
1789670 484
1789680 481
1789690 479
1789700 477
1789710 475
1789720 473
1789730 472
1789740 471
1789750 470
1789760 469
1789770 468
1789780 467
1789790 466
1789800 465
1789810 464
1789820 463
1789830 461
1789840 460
1789850 458
1789860 456
1789870 455
1789880 453
1789890 452
1789900 450
1789910 449
1789920 448
1789930 447
1789940 446
1789950 445
1789960 444
1789970 442
1789980 441
1789990 439
1790000 438
1790010 437
1790020 436
1790030 434
1790040 433
1790050 432
1790060 431
1790070 429
1790080 428
1790090 426
1790100 425
1790110 423
1790120 420
1790130 418
1790140 416
1790150 415
1790160 414
1790170 413
1790180 413
1790190 412
1790200 412
1790210 411
1790220 410
1790230 409
1790240 409
1790250 408
1790260 407
1790270 406
1790280 405
1790290 404
1790300 404
1790310 403
1790320 403
1790330 402
1790340 402
1790350 402
1790360 401
1790370 401
1790380 400
1790390 399
1790400 398
1790410 395
1790420 391
1790430 388
1790440 387
1790450 386
1790460 386
1790470 387
1790480 388
1790490 388
1790500 387
1790510 386
1790520 384
1790530 382
1790540 381
1790550 379
1790560 378
1790570 377
1790580 375
1790590 375
1790600 374
1790610 374
1790620 374
1790630 374
1790640 374
1790650 375
1790660 377
1790670 379
1790680 381
1790690 382
1790700 384
1790710 385
1790720 387
1790730 389
1790740 391
1790750 393
1790760 394
1790770 396
1790780 397
1790790 398
1790800 399
1790810 400
1790820 401
1790830 402
1790840 402
1790850 402
1790860 403
1790870 403
1790880 402
1790890 402
1790900 402
1790910 403
1790920 404
1790930 406
1790940 407
1790950 408
1790960 408
1790970 408
1790980 408
1790990 408
1791000 407
1791010 405
1791020 404
1791030 403
1791040 402
1791050 401
1791060 400
1791070 400
1791080 399
1791090 398
1791100 397
1791110 397
1791120 396
1791130 395
1791140 394
1791150 393
1791160 391
1791170 390
1791180 390
1791190 388
1791200 387
1791210 386
1791220 385
1791230 384
1791240 383
1791250 382
1791260 381
1791270 380
1791280 379
1791290 378
1791300 377
1791310 377
1791320 376
1791330 375
1791340 374
1791350 374
1791360 373
1791370 372
1791380 372
1791390 371
1791400 370
1791410 370
1791420 369
1791430 368
1791440 367
1791450 366
1791460 366
1791470 365
1791480 364
1791490 364
1791500 363
1791510 361
1791520 360
1791530 360
1791540 359
1791550 359
1791560 359
1791570 359
1791580 359
1791590 360
1791600 361
1791610 362
1791620 363
1791630 364
1791640 366
1791650 369
1791660 372
1791670 374
1791680 376
1791690 379
1791700 382
1791710 384
1791720 385
1791730 386
1791740 387
1791750 388
1791760 390
1791770 391
1791780 393
1791790 395
1791800 397
1791810 399
1791820 400
1791830 402
1791840 404
1791850 406
1791860 408
1791870 410
1791880 412
1791890 415
1791900 417
1791910 420
1791920 422
1791930 425
1791940 428
1791950 430
1791960 433
1791970 435
1791980 438
1791990 440
1792000 443
1792010 445
1792020 446
1792030 447
1792040 448
1792050 448
1792060 449
1792070 449
1792080 450
1792090 450
1792100 451
1792110 451
1792120 452
1792130 453
1792140 454
1792150 455
1792160 456
1792170 456
1792180 456
1792190 455
1792200 455
1792210 455
1792220 455
1792230 455
1792240 455
1792250 454
1792260 454
1792270 454
1792280 454
1792290 454
1792300 454
1792310 454
1792320 453
1792330 453
1792340 453
1792350 453
1792360 453
1792370 453
1792380 453
1792390 453
1792400 453
1792410 453
1792420 453
1792430 454
1792440 454
1792450 454
1792460 454
1792470 454
1792480 455
1792490 455
1792500 455
1792510 456
1792520 456
1792530 457
1792540 457
1792550 457
1792560 458
1792570 458
1792580 458
1792590 458
1792600 458
1792610 458
1792620 458
1792630 459
1792640 460
1792650 460
1792660 460
1792670 460
1792680 461
1792690 462
1792700 463
1792710 464
1792720 465
1792730 466
1792740 466
1792750 466
1792760 467
1792770 467
1792780 467
1792790 467
1792800 467
1792810 467
1792820 467
1792830 468
1792840 469
1792850 470
1792860 471
1792870 473
1792880 474
1792890 475
1792900 475
1792910 476
1792920 477
1792930 477
1792940 478
1792950 479
1792960 479
1792970 480
1792980 481
1792990 481
1793000 481
1793010 482
1793020 482
1793030 482
1793040 482
1793050 483
1793060 483
1793070 483
1793080 484
1793090 484
1793100 485
1793110 485
1793120 486
1793130 486
1793140 486
1793150 486
1793160 485
1793170 485
1793180 485
1793190 485
1793200 484
1793210 484
1793220 484
1793230 484
1793240 484
1793250 483
1793260 483
1793270 482
1793280 482
1793290 481
1793300 480
1793310 479
1793320 478
1793330 478
1793340 477
1793350 477
1793360 476
1793370 475
1793380 474
1793390 473
1793400 473
1793410 472
1793420 470
1793430 468
1793440 465
1793450 461
1793460 457
1793470 453
1793480 450
1793490 448
1793500 447
1793510 446
1793520 445
1793530 444
1793540 443
1793550 442
1793560 441
1793570 439
1793580 438
1793590 438
1793600 437
1793610 436
1793620 435
1793630 434
1793640 433
1793650 433
1793660 432
1793670 431
1793680 430
1793690 429
1793700 428
1793710 428
1793720 427
1793730 426
1793740 425
1793750 425
1793760 424
1793770 424
1793780 424
1793790 423
1793800 423
1793810 423
1793820 422
1793830 421
1793840 421
1793850 420
1793860 420
1793870 419
1793880 419
1793890 418
1793900 417
1793910 416
1793920 416
1793930 415
1793940 415
1793950 414
1793960 414
1793970 413
1793980 413
1793990 412
1794000 412
1794010 412
1794020 412
1794030 412
1794040 412
1794050 412
1794060 412
1794070 411
1794080 411
1794090 410
1794100 410
1794110 409
1794120 408
1794130 407
1794140 406
1794150 405
1794160 404
1794170 404
1794180 403
1794190 402
1794200 401
1794210 401
1794220 400
1794230 399
1794240 398
1794250 398
1794260 397
1794270 397
1794280 396
1794290 396
1794300 395
1794310 395
1794320 395
1794330 394
1794340 394
1794350 394
1794360 393
1794370 393
1794380 393
1794390 394
1794400 394
1794410 395
1794420 395
1794430 396
1794440 398
1794450 399
1794460 400
1794470 401
1794480 402
1794490 403
1794500 404
1794510 405
1794520 407
1794530 408
1794540 410
1794550 412
1794560 414
1794570 415
1794580 417
1794590 418
1794600 419
1794610 421
1794620 422
1794630 424
1794640 426
1794650 428
1794660 430
1794670 432
1794680 434
1794690 435
1794700 437
1794710 438
1794720 439
1794730 440
1794740 441
1794750 441
1794760 441
1794770 441
1794780 440
1794790 438
1794800 436
1794810 434
1794820 431
1794830 429
1794840 427
1794850 425
1794860 423
1794870 421
1794880 420
1794890 418
1794900 417
1794910 415
1794920 414
1794930 414
1794940 412
1794950 411
1794960 410
1794970 408
1794980 407
1794990 405
1795000 403
1795010 401
1795020 400
1795030 398
1795040 397
1795050 396
1795060 394
1795070 393
1795080 392
1795090 391
1795100 390
1795110 390
1795120 390
1795130 390
1795140 391
1795150 392
1795160 394
1795170 396
1795180 397
1795190 399
1795200 400
1795210 400
1795220 401
1795230 401
1795240 402
1795250 403
1795260 404
1795270 404
1795280 405
1795290 406
1795300 407
1795310 408
1795320 409
1795330 411
1795340 412
1795350 414
1795360 415
1795370 416
1795380 418
1795390 419
1795400 420
1795410 420
1795420 421
1795430 422
1795440 422
1795450 423
1795460 423
1795470 424
1795480 424
1795490 424
1795500 425
1795510 425
1795520 425
1795530 425
1795540 425
1795550 425
1795560 425
1795570 424
1795580 423
1795590 423
1795600 423
1795610 425
1795620 427
1795630 428
1795640 429
1795650 429
1795660 428
1795670 428
1795680 428
1795690 429
1795700 429
1795710 429
1795720 429
1795730 429
1795740 429
1795750 430
1795760 431
1795770 432
1795780 433
1795790 434
1795800 436
1795810 437
1795820 438
1795830 439
1795840 441
1795850 442
1795860 443
1795870 445
1795880 446
1795890 448
1795900 450
1795910 452
1795920 454
1795930 456
1795940 458
1795950 460
1795960 462
1795970 464
1795980 466
1795990 468
1796000 470
1796010 472
1796020 474
1796030 475
1796040 476
1796050 476
1796060 477
1796070 477
1796080 478
1796090 478
1796100 478
1796110 478
1796120 478
1796130 479
1796140 479
1796150 479
1796160 479
1796170 479
1796180 479
1796190 479
1796200 479
1796210 479
1796220 479
1796230 479
1796240 479
1796250 479
1796260 479
1796270 479
1796280 479
1796290 479
1796300 479
1796310 479
1796320 479
1796330 478
1796340 477
1796350 476
1796360 474
1796370 473
1796380 472
1796390 471
1796400 469
1796410 468
1796420 466
1796430 465
1796440 465
1796450 464
1796460 463
1796470 462
1796480 461
1796490 460
1796500 459
1796510 459
1796520 458
1796530 457
1796540 456
1796550 455
1796560 454
1796570 453
1796580 452
1796590 452
1796600 451
1796610 450
1796620 449
1796630 448
1796640 447
1796650 446
1796660 444
1796670 443
1796680 442
1796690 441
1796700 440
1796710 439
1796720 438
1796730 437
1796740 436
1796750 435
1796760 434
1796770 432
1796780 431
1796790 428
1796800 427
1796810 425
1796820 425
1796830 425
1796840 425
1796850 426
1796860 427
1796870 428
1796880 429
1796890 429
1796900 430
1796910 430
1796920 431
1796930 431
1796940 432
1796950 432
1796960 432
1796970 432
1796980 432
1796990 432
1797000 431
1797010 431
1797020 431
1797030 431
1797040 430
1797050 430
1797060 430
1797070 431
1797080 432
1797090 433
1797100 433
1797110 434
1797120 435
1797130 435
1797140 435
1797150 435
1797160 436
1797170 436
1797180 436
1797190 436
1797200 436
1797210 437
1797220 437
1797230 438
1797240 438
1797250 439
1797260 439
1797270 440
1797280 441
1797290 443
1797300 444
1797310 446
1797320 447
1797330 448
1797340 449
1797350 450
1797360 451
1797370 452
1797380 454
1797390 456
1797400 457
1797410 458
1797420 459
1797430 459
1797440 459
1797450 459
1797460 458
1797470 458
1797480 458
1797490 457
1797500 457
1797510 456
1797520 456
1797530 455
1797540 454
1797550 454
1797560 453
1797570 453
1797580 452
1797590 452
1797600 451
1797610 451
1797620 450
1797630 449
1797640 449
1797650 448
1797660 447
1797670 446
1797680 445
1797690 444
1797700 443
1797710 443
1797720 442
1797730 441
1797740 440
1797750 440
1797760 439
1797770 439
1797780 438
1797790 437
1797800 436
1797810 435
1797820 434
1797830 433
1797840 432
1797850 431
1797860 430
1797870 430
1797880 429
1797890 428
1797900 427
1797910 427
1797920 426
1797930 425
1797940 425
1797950 424
1797960 424
1797970 424
1797980 423
1797990 423
1798000 422
1798010 421
1798020 420
1798030 420
1798040 419
1798050 418
1798060 417
1798070 417
1798080 416
1798090 416
1798100 415
1798110 414
1798120 414
1798130 413
1798140 413
1798150 412
1798160 412
1798170 411
1798180 410
1798190 409
1798200 408
1798210 407
1798220 406
1798230 406
1798240 406
1798250 406
1798260 406
1798270 406
1798280 405
1798290 405
1798300 404
1798310 404
1798320 403
1798330 402
1798340 402
1798350 401
1798360 401
1798370 401
1798380 401
1798390 401
1798400 401
1798410 400
1798420 400
1798430 399
1798440 399
1798450 398
1798460 398
1798470 397
1798480 397
1798490 397
1798500 396
1798510 395
1798520 394
1798530 393
1798540 392
1798550 391
1798560 390
1798570 388
1798580 390
1798590 391
1798600 391
1798610 392
1798620 392
1798630 393
1798640 393
1798650 394
1798660 394
1798670 394
1798680 395
1798690 395
1798700 395
1798710 395
1798720 395
1798730 395
1798740 395
1798750 395
1798760 395
1798770 395
1798780 394
1798790 394
1798800 394
1798810 394
1798820 394
1798830 393
1798840 393
1798850 392
1798860 392
1798870 391
1798880 390
1798890 388
1798900 386
1798910 382
1798920 379
1798930 377
1798940 376
1798950 376
1798960 375
1798970 375
1798980 375
1798990 374
1799000 372
1799010 371
1799020 371
1799030 371
1799040 371
1799050 371
1799060 371
1799070 370
1799080 368
1799090 367
1799100 367
1799110 368
1799120 369
1799130 370
1799140 370
1799150 369
1799160 369
1799170 369
1799180 369
1799190 369
1799200 368
1799210 368
1799220 367
1799230 367
1799240 368
1799250 368
1799260 367
1799270 366
1799280 364
1799290 362
1799300 361
1799310 360
1799320 360
1799330 359
1799340 359
1799350 359
1799360 359
1799370 359
1799380 359
1799390 359
1799400 358
1799410 358
1799420 358
1799430 358
1799440 358
1799450 357
1799460 357
1799470 357
1799480 357
1799490 359
1799500 359
1799510 359
1799520 360
1799530 362
1799540 363
1799550 363
1799560 364
1799570 364
1799580 364
1799590 364
1799600 364
1799610 364
1799620 363
1799630 363
1799640 363
1799650 363
1799660 363
1799670 362
1799680 360
1799690 359
1799700 357
1799710 357
1799720 356
1799730 356
1799740 356
1799750 356
1799760 356
1799770 355
1799780 355
1799790 355
1799800 355
1799810 355
1799820 356
1799830 358
1799840 361
1799850 366
1799860 366
1799870 366
1799880 366
1799890 367
1799900 369
1799910 372
1799920 373
1799930 373
1799940 373
1799950 373
1799960 373
1799970 373
1799980 373
1799990 373
