1780000 648
1780010 648
1780020 649
1780030 649
1780040 650
1780050 651
1780060 652
1780070 653
1780080 653
1780090 653
1780100 653
1780110 653
1780120 653
1780130 653
1780140 653
1780150 654
1780160 654
1780170 654
1780180 654
1780190 655
1780200 655
1780210 655
1780220 655
1780230 655
1780240 655
1780250 655
1780260 655
1780270 655
1780280 655
1780290 655
1780300 654
1780310 653
1780320 651
1780330 648
1780340 647
1780350 648
1780360 649
1780370 650
1780380 652
1780390 653
1780400 655
1780410 657
1780420 658
1780430 659
1780440 658
1780450 656
1780460 653
1780470 650
1780480 646
1780490 642
1780500 638
1780510 634
1780520 631
1780530 628
1780540 625
1780550 622
1780560 619
1780570 615
1780580 612
1780590 609
1780600 607
1780610 605
1780620 603
1780630 602
1780640 600
1780650 598
1780660 596
1780670 594
1780680 592
1780690 591
1780700 590
1780710 590
1780720 591
1780730 593
1780740 596
1780750 599
1780760 603
1780770 606
1780780 609
1780790 613
1780800 616
1780810 620
1780820 623
1780830 626
1780840 629
1780850 632
1780860 635
1780870 637
1780880 640
1780890 643
1780900 645
1780910 648
1780920 651
1780930 654
1780940 656
1780950 659
1780960 662
1780970 665
1780980 667
1780990 670
1781000 672
1781010 674
1781020 677
1781030 679
1781040 681
1781050 683
1781060 685
1781070 686
1781080 688
1781090 690
1781100 692
1781110 693
1781120 694
1781130 696
1781140 697
1781150 698
1781160 700
1781170 701
1781180 701
1781190 702
1781200 702
1781210 703
1781220 703
1781230 703
1781240 703
1781250 703
1781260 703
1781270 703
1781280 703
1781290 704
1781300 704
1781310 704
1781320 704
1781330 704
1781340 704
1781350 704
1781360 704
1781370 704
1781380 704
1781390 703
1781400 703
1781410 701
1781420 699
1781430 695
1781440 691
1781450 687
1781460 684
1781470 681
1781480 678
1781490 676
1781500 675
1781510 674
1781520 673
1781530 672
1781540 671
1781550 670
1781560 669
1781570 668
1781580 667
1781590 666
1781600 665
1781610 664
1781620 663
1781630 662
1781640 661
1781650 660
1781660 661
1781670 661
1781680 662
1781690 663
1781700 665
1781710 666
1781720 668
1781730 670
1781740 671
1781750 672
1781760 673
1781770 674
1781780 674
1781790 674
1781800 673
1781810 672
1781820 671
1781830 671
1781840 670
1781850 669
1781860 668
1781870 667
1781880 666
1781890 664
1781900 663
1781910 660
1781920 658
1781930 656
1781940 655
1781950 653
1781960 651
1781970 648
1781980 645
1781990 643
1782000 642
1782010 643
1782020 644
1782030 647
1782040 649
1782050 651
1782060 654
1782070 657
1782080 659
1782090 662
1782100 665
1782110 668
1782120 669
1782130 670
1782140 670
1782150 670
1782160 669
1782170 668
1782180 666
1782190 663
1782200 660
1782210 656
1782220 651
1782230 646
1782240 642
1782250 637
1782260 633
1782270 629
1782280 625
1782290 622
1782300 619
1782310 617
1782320 616
1782330 616
1782340 617
1782350 618
1782360 619
1782370 621
1782380 622
1782390 624
1782400 625
1782410 626
1782420 626
1782430 626
1782440 625
1782450 623
1782460 622
1782470 621
1782480 619
1782490 618
1782500 616
1782510 614
1782520 612
1782530 611
1782540 609
1782550 606
1782560 604
1782570 602
1782580 600
1782590 599
1782600 599
1782610 599
1782620 598
1782630 597
1782640 596
1782650 594
1782660 592
1782670 590
1782680 589
1782690 589
1782700 589
1782710 590
1782720 590
1782730 590
1782740 591
1782750 591
1782760 592
1782770 592
1782780 593
1782790 594
1782800 595
1782810 596
1782820 598
1782830 601
1782840 604
1782850 607
1782860 610
1782870 613
1782880 617
1782890 620
1782900 624
1782910 628
1782920 631
1782930 635
1782940 640
1782950 644
1782960 648
1782970 650
1782980 652
1782990 653
1783000 654
1783010 656
1783020 659
1783030 661
1783040 664
1783050 666
1783060 669
1783070 672
1783080 674
1783090 678
1783100 681
1783110 684
1783120 687
1783130 691
1783140 694
1783150 697
1783160 699
1783170 702
1783180 704
1783190 706
1783200 708
1783210 710
1783220 713
1783230 717
1783240 722
1783250 726
1783260 729
1783270 729
1783280 729
1783290 729
1783300 730
1783310 730
1783320 730
1783330 730
1783340 730
1783350 730
1783360 731
1783370 731
1783380 731
1783390 730
1783400 729
1783410 727
1783420 726
1783430 724
1783440 722
1783450 721
1783460 719
1783470 718
1783480 716
1783490 715
1783500 714
1783510 713
1783520 712
1783530 711
1783540 710
1783550 710
1783560 709
1783570 709
1783580 708
1783590 707
1783600 705
1783610 704
1783620 703
1783630 701
1783640 699
1783650 698
1783660 697
1783670 697
1783680 696
1783690 696
1783700 695
1783710 695
1783720 696
1783730 696
1783740 697
1783750 698
1783760 698
1783770 699
1783780 701
1783790 702
1783800 702
1783810 702
1783820 701
1783830 700
1783840 699
1783850 698
1783860 697
1783870 696
1783880 693
1783890 689
1783900 685
1783910 679
1783920 674
1783930 669
1783940 664
1783950 659
1783960 655
1783970 651
1783980 648
1783990 646
1784000 644
1784010 642
1784020 639
1784030 635
1784040 632
1784050 628
1784060 625
1784070 623
1784080 622
1784090 621
1784100 621
1784110 621
1784120 621
1784130 620
1784140 618
1784150 616
1784160 614
1784170 613
1784180 611
1784190 609
1784200 607
1784210 604
1784220 602
1784230 599
1784240 596
1784250 594
1784260 592
1784270 590
1784280 589
1784290 588
1784300 587
1784310 586
1784320 585
1784330 583
1784340 582
1784350 580
1784360 579
1784370 578
1784380 576
1784390 574
1784400 572
1784410 571
1784420 570
1784430 568
1784440 567
1784450 565
1784460 564
1784470 562
1784480 561
1784490 559
1784500 557
1784510 556
1784520 555
1784530 554
1784540 553
1784550 551
1784560 549
1784570 547
1784580 545
1784590 544
1784600 542
1784610 541
1784620 539
1784630 537
1784640 536
1784650 534
1784660 531
1784670 529
1784680 526
1784690 523
1784700 520
1784710 517
1784720 513
1784730 511
1784740 508
1784750 507
1784760 505
1784770 504
1784780 503
1784790 502
1784800 502
1784810 501
1784820 501
1784830 500
1784840 499
1784850 498
1784860 497
1784870 496
1784880 495
1784890 495
1784900 494
1784910 493
1784920 493
1784930 493
1784940 492
1784950 491
1784960 490
1784970 488
1784980 487
1784990 486
1785000 485
1785010 483
1785020 481
1785030 480
1785040 480
1785050 480
1785060 481
1785070 481
1785080 482
1785090 483
1785100 485
1785110 487
1785120 489
1785130 492
1785140 494
1785150 495
1785160 492
1785170 491
1785180 491
1785190 494
1785200 497
1785210 500
1785220 504
1785230 507
1785240 510
1785250 513
1785260 516
1785270 519
1785280 521
1785290 523
1785300 525
1785310 526
1785320 526
1785330 527
1785340 528
1785350 529
1785360 531
1785370 534
1785380 537
1785390 540
1785400 544
1785410 547
1785420 551
1785430 555
1785440 558
1785450 561
1785460 562
1785470 563
1785480 563
1785490 564
1785500 563
1785510 563
1785520 562
1785530 562
1785540 561
1785550 561
1785560 560
1785570 559
1785580 559
1785590 560
1785600 562
1785610 562
1785620 562
1785630 562
1785640 560
1785650 559
1785660 558
1785670 556
1785680 555
1785690 553
1785700 551
1785710 550
1785720 549
1785730 547
1785740 545
1785750 544
1785760 544
1785770 545
1785780 545
1785790 545
1785800 545
1785810 544
1785820 543
1785830 541
1785840 540
1785850 539
1785860 538
1785870 538
1785880 537
1785890 535
1785900 533
1785910 531
1785920 529
1785930 527
1785940 525
1785950 523
1785960 521
1785970 520
1785980 518
1785990 516
1786000 514
1786010 512
1786020 511
1786030 509
1786040 507
1786050 505
1786060 503
1786070 501
1786080 498
1786090 496
1786100 494
1786110 493
1786120 491
1786130 489
1786140 487
1786150 485
1786160 484
1786170 482
1786180 481
1786190 480
1786200 480
1786210 479
1786220 478
1786230 477
1786240 476
1786250 475
1786260 474
1786270 473
1786280 473
1786290 472
1786300 471
1786310 470
1786320 469
1786330 468
1786340 467
1786350 467
1786360 466
1786370 465
1786380 465
1786390 464
1786400 462
1786410 460
1786420 458
1786430 456
1786440 454
1786450 453
1786460 453
1786470 453
1786480 453
1786490 454
1786500 454
1786510 455
1786520 456
1786530 457
1786540 458
1786550 459
1786560 458
1786570 458
1786580 457
1786590 456
1786600 455
1786610 454
1786620 453
1786630 451
1786640 450
1786650 449
1786660 448
1786670 447
1786680 444
1786690 442
1786700 440
1786710 437
1786720 435
1786730 433
1786740 431
1786750 430
1786760 428
1786770 427
1786780 427
1786790 426
1786800 427
1786810 428
1786820 430
1786830 432
1786840 434
1786850 436
1786860 439
1786870 442
1786880 445
1786890 448
1786900 451
1786910 454
1786920 458
1786930 462
1786940 466
1786950 471
1786960 475
1786970 480
1786980 484
1786990 489
1787000 494
1787010 498
1787020 502
1787030 505
1787040 506
1787050 507
1787060 507
1787070 507
1787080 506
1787090 504
1787100 503
1787110 502
1787120 501
1787130 500
1787140 499
1787150 498
1787160 497
1787170 497
1787180 496
1787190 495
1787200 494
1787210 493
1787220 493
1787230 492
1787240 491
1787250 491
1787260 490
1787270 490
1787280 490
1787290 490
1787300 490
1787310 490
1787320 490
1787330 491
1787340 492
1787350 492
1787360 493
1787370 493
1787380 492
1787390 492
1787400 492
1787410 492
1787420 492
1787430 491
1787440 491
1787450 490
1787460 490
1787470 490
1787480 490
1787490 490
1787500 489
1787510 489
1787520 489
1787530 489
1787540 489
1787550 489
1787560 489
1787570 488
1787580 487
1787590 486
1787600 484
1787610 482
1787620 482
1787630 483
1787640 485
1787650 486
1787660 487
1787670 489
1787680 490
1787690 492
1787700 493
1787710 496
1787720 498
1787730 501
1787740 503
1787750 506
1787760 508
1787770 511
1787780 513
1787790 516
1787800 518
1787810 520
1787820 522
1787830 523
1787840 524
1787850 524
1787860 523
1787870 522
1787880 522
1787890 521
1787900 519
1787910 517
1787920 516
1787930 514
1787940 513
1787950 511
1787960 510
1787970 508
1787980 507
1787990 506
1788000 505
1788010 505
1788020 504
1788030 503
1788040 502
1788050 501
1788060 500
1788070 498
1788080 497
1788090 496
1788100 495
1788110 495
1788120 495
1788130 495
1788140 495
1788150 494
1788160 494
1788170 493
1788180 492
1788190 491
1788200 489
1788210 487
1788220 485
1788230 483
1788240 480
1788250 478
1788260 476
1788270 473
1788280 471
1788290 468
1788300 466
1788310 465
1788320 463
1788330 461
1788340 460
1788350 458
1788360 456
1788370 454
1788380 452
1788390 451
1788400 449
1788410 447
1788420 446
1788430 444
1788440 443
1788450 441
1788460 439
1788470 438
1788480 437
1788490 436
1788500 435
1788510 434
1788520 433
1788530 432
1788540 432
1788550 431
1788560 430
1788570 430
1788580 429
1788590 429
1788600 428
1788610 427
1788620 426
1788630 426
1788640 425
1788650 424
1788660 423
1788670 422
1788680 422
1788690 421
1788700 421
1788710 420
1788720 419
1788730 419
1788740 419
1788750 419
1788760 418
1788770 418
1788780 418
1788790 417
1788800 417
1788810 416
1788820 415
1788830 415
1788840 414
1788850 414
1788860 414
1788870 413
1788880 413
1788890 413
1788900 413
1788910 413
1788920 413
1788930 413
1788940 413
1788950 413
1788960 413
1788970 413
1788980 414
1788990 414
1789000 414
1789010 414
1789020 414
1789030 414
1789040 414
1789050 414
1789060 415
1789070 415
1789080 416
1789090 416
1789100 415
1789110 415
1789120 414
1789130 414
1789140 414
1789150 414
1789160 413
1789170 413
1789180 413
1789190 413
1789200 412
1789210 411
1789220 410
1789230 409
1789240 408
1789250 407
1789260 406
1789270 405
1789280 404
1789290 403
1789300 402
1789310 401
1789320 401
1789330 400
1789340 398
1789350 398
1789360 398
1789370 398
1789380 398
1789390 398
1789400 398
1789410 398
1789420 397
1789430 396
1789440 396
1789450 395
1789460 395
1789470 394
1789480 394
1789490 394
1789500 393
1789510 392
1789520 392
1789530 391
1789540 390
1789550 389
1789560 389
1789570 388
1789580 387
1789590 386
1789600 385
1789610 385
1789620 384
1789630 382
1789640 381
1789650 379
1789660 378
1789670 378
1789680 379
1789690 380
1789700 381
1789710 382
1789720 383
1789730 383
1789740 384
1789750 385
1789760 386
1789770 386
1789780 386
1789790 386
1789800 386
1789810 385
1789820 385
1789830 385
1789840 385
1789850 385
1789860 385
1789870 385
1789880 385
1789890 385
1789900 385
1789910 384
1789920 384
1789930 383
1789940 382
1789950 381
1789960 381
1789970 380
1789980 379
1789990 378
1790000 377
1790010 377
1790020 376
1790030 375
1790040 375
1790050 374
1790060 374
1790070 373
1790080 372
1790090 371
1790100 370
1790110 369
1790120 369
1790130 368
1790140 367
1790150 366
1790160 366
1790170 365
1790180 364
1790190 364
1790200 363
1790210 362
1790220 362
1790230 361
1790240 361
1790250 360
1790260 360
1790270 359
1790280 359
1790290 358
1790300 358
1790310 357
1790320 357
1790330 357
1790340 357
1790350 357
1790360 356
1790370 356
1790380 355
1790390 355
1790400 355
1790410 354
1790420 354
1790430 354
1790440 354
1790450 354
1790460 354
1790470 354
1790480 354
1790490 354
1790500 354
1790510 354
1790520 355
1790530 355
1790540 354
1790550 354
1790560 354
1790570 352
1790580 351
1790590 351
1790600 350
1790610 350
1790620 350
1790630 350
1790640 350
1790650 350
1790660 349
1790670 349
1790680 348
1790690 348
1790700 347
1790710 347
1790720 346
1790730 346
1790740 346
1790750 345
1790760 345
1790770 344
1790780 344
1790790 343
1790800 342
1790810 341
1790820 341
1790830 340
1790840 340
1790850 340
1790860 340
1790870 340
1790880 339
1790890 339
1790900 338
1790910 338
1790920 338
1790930 337
1790940 337
1790950 337
1790960 337
1790970 337
1790980 337
1790990 336
1791000 336
1791010 336
1791020 336
1791030 336
1791040 336
1791050 336
1791060 336
1791070 336
1791080 336
1791090 336
1791100 336
1791110 335
1791120 335
1791130 334
1791140 334
1791150 334
1791160 334
1791170 333
1791180 333
1791190 333
1791200 333
1791210 333
1791220 333
1791230 332
1791240 332
1791250 332
1791260 332
1791270 332
1791280 332
1791290 332
1791300 332
1791310 332
1791320 332
1791330 332
1791340 332
1791350 332
1791360 332
1791370 333
1791380 333
1791390 333
1791400 333
1791410 333
1791420 333
1791430 333
1791440 333
1791450 333
1791460 332
1791470 333
1791480 333
1791490 333
1791500 333
1791510 333
1791520 333
1791530 334
1791540 334
1791550 335
1791560 335
1791570 336
1791580 336
1791590 336
1791600 337
1791610 337
1791620 337
1791630 338
1791640 338
1791650 339
1791660 339
1791670 340
1791680 341
1791690 342
1791700 343
1791710 343
1791720 343
1791730 344
1791740 344
1791750 344
1791760 345
1791770 346
1791780 346
1791790 347
1791800 347
1791810 348
1791820 348
1791830 349
1791840 350
1791850 350
1791860 351
1791870 352
1791880 352
1791890 353
1791900 354
1791910 354
1791920 355
1791930 356
1791940 357
1791950 358
1791960 359
1791970 360
1791980 362
1791990 363
1792000 364
1792010 365
1792020 366
1792030 367
1792040 368
1792050 369
1792060 370
1792070 371
1792080 373
1792090 374
1792100 376
1792110 378
1792120 380
1792130 382
1792140 384
1792150 386
1792160 388
1792170 390
1792180 392
1792190 394
1792200 396
1792210 398
1792220 401
1792230 403
1792240 405
1792250 407
1792260 409
1792270 411
1792280 413
1792290 415
1792300 417
1792310 419
1792320 420
1792330 422
1792340 423
1792350 425
1792360 426
1792370 427
1792380 427
1792390 427
1792400 427
1792410 427
1792420 426
1792430 425
1792440 424
1792450 423
1792460 422
1792470 421
1792480 421
1792490 420
1792500 419
1792510 418
1792520 417
1792530 416
1792540 415
1792550 414
1792560 413
1792570 412
1792580 411
1792590 410
1792600 409
1792610 408
1792620 408
1792630 408
1792640 407
1792650 407
1792660 406
1792670 406
1792680 405
1792690 404
1792700 403
1792710 402
1792720 401
1792730 400
1792740 398
1792750 398
1792760 397
1792770 396
1792780 396
1792790 395
1792800 394
1792810 393
1792820 393
1792830 392
1792840 391
1792850 390
1792860 389
1792870 388
1792880 387
1792890 386
1792900 385
1792910 383
1792920 382
1792930 381
1792940 380
1792950 378
1792960 377
1792970 376
1792980 375
1792990 373
1793000 372
1793010 371
1793020 370
1793030 369
1793040 368
1793050 367
1793060 366
1793070 366
1793080 365
1793090 364
1793100 364
1793110 363
1793120 363
1793130 362
1793140 362
1793150 362
1793160 361
1793170 361
1793180 360
1793190 360
1793200 359
1793210 359
1793220 358
1793230 358
1793240 358
1793250 357
1793260 357
1793270 357
1793280 356
1793290 356
1793300 356
1793310 355
1793320 355
1793330 355
1793340 355
1793350 355
1793360 354
1793370 354
1793380 354
1793390 354
1793400 354
1793410 354
1793420 354
1793430 354
1793440 354
1793450 354
1793460 354
1793470 354
1793480 354
1793490 354
1793500 354
1793510 353
1793520 353
1793530 352
1793540 352
1793550 352
1793560 351
1793570 351
1793580 351
1793590 350
1793600 351
1793610 351
1793620 351
1793630 351
1793640 351
1793650 351
1793660 351
1793670 351
1793680 351
1793690 350
1793700 350
1793710 350
1793720 349
1793730 349
1793740 349
1793750 349
1793760 349
1793770 349
1793780 349
1793790 349
1793800 349
1793810 349
1793820 349
1793830 350
1793840 350
1793850 351
1793860 352
1793870 353
1793880 355
1793890 356
1793900 357
1793910 358
1793920 360
1793930 362
1793940 363
1793950 365
1793960 367
1793970 369
1793980 370
1793990 373
1794000 375
1794010 378
1794020 380
1794030 382
1794040 384
1794050 385
1794060 386
1794070 388
1794080 389
1794090 391
1794100 392
1794110 393
1794120 395
1794130 396
1794140 398
1794150 399
1794160 401
1794170 403
1794180 404
1794190 406
1794200 407
1794210 409
1794220 410
1794230 411
1794240 413
1794250 414
1794260 415
1794270 417
1794280 418
1794290 419
1794300 420
1794310 421
1794320 423
1794330 424
1794340 426
1794350 427
1794360 429
1794370 430
1794380 431
1794390 432
1794400 433
1794410 434
1794420 435
1794430 435
1794440 436
1794450 437
1794460 437
1794470 438
1794480 439
1794490 439
1794500 439
1794510 439
1794520 438
1794530 438
1794540 438
1794550 438
1794560 438
1794570 438
1794580 438
1794590 437
1794600 437
1794610 437
1794620 437
1794630 437
1794640 438
1794650 438
1794660 438
1794670 438
1794680 438
1794690 438
1794700 438
1794710 438
1794720 438
1794730 437
1794740 436
1794750 436
1794760 435
1794770 434
1794780 434
1794790 433
1794800 432
1794810 432
1794820 432
1794830 431
1794840 431
1794850 430
1794860 430
1794870 429
1794880 429
1794890 429
1794900 429
1794910 428
1794920 427
1794930 427
1794940 426
1794950 425
1794960 424
1794970 424
1794980 423
1794990 423
1795000 423
1795010 423
1795020 423
1795030 422
1795040 422
1795050 422
1795060 422
1795070 423
1795080 424
1795090 426
1795100 428
1795110 430
1795120 432
1795130 434
1795140 435
1795150 437
1795160 439
1795170 441
1795180 443
1795190 445
1795200 447
1795210 448
1795220 450
1795230 451
1795240 452
1795250 453
1795260 454
1795270 455
1795280 456
1795290 458
1795300 459
1795310 460
1795320 461
1795330 462
1795340 464
1795350 465
1795360 466
1795370 467
1795380 468
1795390 469
1795400 469
1795410 470
1795420 470
1795430 470
1795440 471
1795450 471
1795460 471
1795470 471
1795480 471
1795490 471
1795500 471
1795510 470
1795520 470
1795530 469
1795540 468
1795550 467
1795560 467
1795570 466
1795580 465
1795590 464
1795600 463
1795610 463
1795620 462
1795630 461
1795640 461
1795650 461
1795660 460
1795670 460
1795680 460
1795690 460
1795700 460
1795710 460
1795720 460
1795730 460
1795740 460
1795750 459
1795760 459
1795770 459
1795780 460
1795790 461
1795800 461
1795810 460
1795820 459
1795830 458
1795840 457
1795850 456
1795860 455
1795870 453
1795880 452
1795890 451
1795900 449
1795910 448
1795920 446
1795930 444
1795940 442
1795950 440
1795960 439
1795970 439
1795980 438
1795990 438
1796000 437
1796010 434
1796020 431
1796030 427
1796040 423
1796050 420
1796060 417
1796070 414
1796080 411
1796090 409
1796100 406
1796110 404
1796120 403
1796130 402
1796140 401
1796150 401
1796160 400
1796170 400
1796180 399
1796190 398
1796200 397
1796210 397
1796220 396
1796230 395
1796240 395
1796250 394
1796260 394
1796270 393
1796280 392
1796290 392
1796300 391
1796310 390
1796320 389
1796330 388
1796340 388
1796350 387
1796360 386
1796370 385
1796380 384
1796390 384
1796400 383
1796410 383
1796420 382
1796430 382
1796440 381
1796450 381
1796460 381
1796470 380
1796480 380
1796490 380
1796500 379
1796510 379
1796520 379
1796530 380
1796540 380
1796550 382
1796560 384
1796570 385
1796580 387
1796590 389
1796600 391
1796610 393
1796620 395
1796630 396
1796640 398
1796650 399
1796660 401
1796670 402
1796680 403
1796690 404
1796700 404
1796710 405
1796720 405
1796730 406
1796740 406
1796750 406
1796760 406
1796770 405
1796780 404
1796790 400
1796800 396
1796810 392
1796820 387
1796830 382
1796840 378
1796850 376
1796860 374
1796870 372
1796880 371
1796890 370
1796900 369
1796910 367
1796920 365
1796930 363
1796940 361
1796950 358
1796960 355
1796970 351
1796980 347
1796990 344
1797000 340
1797010 336
1797020 332
1797030 329
1797040 327
1797050 327
1797060 327
1797070 328
1797080 330
1797090 333
1797100 336
1797110 340
1797120 343
1797130 347
1797140 350
1797150 354
1797160 357
1797170 361
1797180 365
1797190 369
1797200 373
1797210 378
1797220 382
1797230 386
1797240 391
1797250 397
1797260 402
1797270 406
1797280 410
1797290 414
1797300 418
1797310 422
1797320 426
1797330 429
1797340 432
1797350 435
1797360 437
1797370 438
1797380 439
1797390 439
1797400 439
1797410 439
1797420 439
1797430 439
1797440 438
1797450 438
1797460 438
1797470 439
1797480 439
1797490 439
1797500 439
1797510 439
1797520 438
1797530 438
1797540 438
1797550 438
1797560 438
1797570 437
1797580 437
1797590 437
1797600 436
1797610 436
1797620 436
1797630 435
1797640 435
1797650 434
1797660 433
1797670 432
1797680 431
1797690 430
1797700 429
1797710 427
1797720 426
1797730 425
1797740 424
1797750 423
1797760 422
1797770 422
1797780 422
1797790 422
1797800 422
1797810 422
1797820 422
1797830 423
1797840 423
1797850 424
1797860 425
1797870 425
1797880 426
1797890 426
1797900 426
1797910 426
1797920 426
1797930 426
1797940 424
1797950 423
1797960 422
1797970 422
1797980 422
1797990 423
1798000 424
1798010 425
1798020 426
1798030 427
1798040 427
1798050 427
1798060 427
1798070 426
1798080 425
1798090 424
1798100 423
1798110 422
1798120 421
1798130 420
1798140 419
1798150 417
1798160 415
1798170 414
1798180 412
1798190 411
1798200 410
1798210 409
1798220 408
1798230 407
1798240 406
1798250 405
1798260 404
1798270 403
1798280 402
1798290 402
1798300 401
1798310 401
1798320 400
1798330 399
1798340 399
1798350 398
1798360 397
1798370 397
1798380 398
1798390 400
1798400 401
1798410 403
1798420 405
1798430 406
1798440 408
1798450 409
1798460 411
1798470 412
1798480 413
1798490 415
1798500 416
1798510 417
1798520 419
1798530 420
1798540 422
1798550 423
1798560 425
1798570 427
1798580 428
1798590 429
1798600 430
1798610 431
1798620 432
1798630 433
1798640 434
1798650 436
1798660 437
1798670 438
1798680 439
1798690 440
1798700 441
1798710 441
1798720 442
1798730 442
1798740 443
1798750 444
1798760 444
1798770 445
1798780 445
1798790 445
1798800 445
1798810 445
1798820 446
1798830 446
1798840 446
1798850 446
1798860 446
1798870 447
1798880 447
1798890 447
1798900 447
1798910 447
1798920 447
1798930 447
1798940 446
1798950 445
1798960 445
1798970 444
1798980 443
1798990 441
1799000 440
1799010 439
1799020 438
1799030 437
1799040 436
1799050 435
1799060 434
1799070 433
1799080 432
1799090 430
1799100 428
1799110 426
1799120 425
1799130 423
1799140 421
1799150 419
1799160 417
1799170 416
1799180 415
1799190 415
1799200 414
1799210 414
1799220 414
1799230 413
1799240 413
1799250 412
1799260 412
1799270 412
1799280 411
1799290 410
1799300 410
1799310 409
1799320 408
1799330 407
1799340 407
1799350 407
1799360 406
1799370 406
1799380 405
1799390 404
1799400 402
1799410 401
1799420 400
1799430 400
1799440 399
1799450 399
1799460 398
1799470 398
1799480 397
1799490 396
1799500 395
1799510 394
1799520 393
1799530 392
1799540 391
1799550 391
1799560 390
1799570 390
1799580 390
1799590 389
1799600 389
1799610 388
1799620 388
1799630 388
1799640 387
1799650 387
1799660 386
1799670 386
1799680 386
1799690 385
1799700 385
1799710 385
1799720 384
1799730 384
1799740 384
1799750 384
1799760 384
1799770 383
1799780 383
1799790 383
1799800 383
1799810 383
1799820 382
1799830 382
1799840 382
1799850 382
1799860 381
1799870 381
1799880 381
1799890 381
1799900 381
1799910 381
1799920 381
1799930 381
1799940 381
1799950 380
1799960 380
1799970 380
1799980 379
1799990 379
