1780000 706
1780010 705
1780020 705
1780030 704
1780040 704
1780050 703
1780060 702
1780070 701
1780080 699
1780090 699
1780100 698
1780110 698
1780120 699
1780130 698
1780140 698
1780150 698
1780160 697
1780170 696
1780180 695
1780190 694
1780200 693
1780210 691
1780220 689
1780230 686
1780240 683
1780250 679
1780260 676
1780270 672
1780280 667
1780290 663
1780300 658
1780310 654
1780320 650
1780330 645
1780340 640
1780350 635
1780360 631
1780370 626
1780380 623
1780390 623
1780400 625
1780410 627
1780420 629
1780430 632
1780440 634
1780450 637
1780460 641
1780470 644
1780480 648
1780490 651
1780500 655
1780510 659
1780520 662
1780530 666
1780540 669
1780550 670
1780560 670
1780570 669
1780580 668
1780590 667
1780600 667
1780610 668
1780620 671
1780630 674
1780640 677
1780650 681
1780660 684
1780670 688
1780680 691
1780690 695
1780700 698
1780710 701
1780720 704
1780730 707
1780740 710
1780750 712
1780760 714
1780770 715
1780780 716
1780790 717
1780800 718
1780810 719
1780820 720
1780830 720
1780840 720
1780850 721
1780860 721
1780870 721
1780880 721
1780890 721
1780900 721
1780910 721
1780920 722
1780930 722
1780940 722
1780950 722
1780960 723
1780970 723
1780980 723
1780990 723
1781000 723
1781010 724
1781020 724
1781030 724
1781040 724
1781050 724
1781060 724
1781070 725
1781080 725
1781090 725
1781100 726
1781110 726
1781120 727
1781130 727
1781140 727
1781150 727
1781160 728
1781170 728
1781180 728
1781190 728
1781200 729
1781210 729
1781220 729
1781230 729
1781240 730
1781250 730
1781260 730
1781270 731
1781280 731
1781290 732
1781300 732
1781310 732
1781320 732
1781330 732
1781340 732
1781350 733
1781360 733
1781370 733
1781380 733
1781390 733
1781400 734
1781410 734
1781420 735
1781430 735
1781440 735
1781450 736
1781460 736
1781470 736
1781480 735
1781490 735
1781500 734
1781510 733
1781520 732
1781530 731
1781540 730
1781550 729
1781560 728
1781570 727
1781580 727
1781590 726
1781600 725
1781610 724
1781620 723
1781630 722
1781640 720
1781650 719
1781660 718
1781670 717
1781680 715
1781690 714
1781700 713
1781710 712
1781720 710
1781730 709
1781740 708
1781750 706
1781760 705
1781770 703
1781780 701
1781790 699
1781800 698
1781810 696
1781820 694
1781830 692
1781840 690
1781850 688
1781860 686
1781870 684
1781880 681
1781890 679
1781900 676
1781910 674
1781920 672
1781930 670
1781940 667
1781950 665
1781960 662
1781970 659
1781980 657
1781990 655
1782000 654
1782010 653
1782020 652
1782030 650
1782040 649
1782050 647
1782060 646
1782070 645
1782080 645
1782090 643
1782100 642
1782110 641
1782120 641
1782130 640
1782140 639
1782150 637
1782160 636
1782170 635
1782180 633
1782190 632
1782200 630
1782210 628
1782220 626
1782230 624
1782240 622
1782250 620
1782260 618
1782270 616
1782280 614
1782290 612
1782300 609
1782310 606
1782320 603
1782330 599
1782340 595
1782350 591
1782360 586
1782370 582
1782380 579
1782390 575
1782400 572
1782410 569
1782420 566
1782430 563
1782440 560
1782450 557
1782460 555
1782470 553
1782480 552
1782490 550
1782500 548
1782510 547
1782520 545
1782530 544
1782540 542
1782550 540
1782560 538
1782570 536
1782580 535
1782590 533
1782600 532
1782610 530
1782620 529
1782630 527
1782640 526
1782650 525
1782660 524
1782670 522
1782680 521
1782690 520
1782700 519
1782710 518
1782720 518
1782730 517
1782740 516
1782750 515
1782760 514
1782770 513
1782780 512
1782790 511
1782800 511
1782810 511
1782820 511
1782830 511
1782840 511
1782850 510
1782860 510
1782870 509
1782880 508
1782890 507
1782900 506
1782910 505
1782920 503
1782930 501
1782940 497
1782950 494
1782960 491
1782970 489
1782980 489
1782990 488
1783000 487
1783010 487
1783020 487
1783030 486
1783040 488
1783050 491
1783060 494
1783070 498
1783080 502
1783090 506
1783100 509
1783110 513
1783120 516
1783130 519
1783140 521
1783150 523
1783160 525
1783170 526
1783180 528
1783190 529
1783200 530
1783210 532
1783220 533
1783230 535
1783240 536
1783250 537
1783260 538
1783270 539
1783280 539
1783290 539
1783300 540
1783310 540
1783320 539
1783330 539
1783340 539
1783350 539
1783360 539
1783370 538
1783380 538
1783390 537
1783400 537
1783410 537
1783420 537
1783430 537
1783440 536
1783450 536
1783460 536
1783470 535
1783480 535
1783490 534
1783500 534
1783510 533
1783520 533
1783530 532
1783540 532
1783550 532
1783560 532
1783570 532
1783580 532
1783590 532
1783600 532
1783610 532
1783620 531
1783630 531
1783640 531
1783650 531
1783660 531
1783670 531
1783680 530
1783690 530
1783700 530
1783710 529
1783720 529
1783730 529
1783740 528
1783750 528
1783760 527
1783770 526
1783780 526
1783790 525
1783800 524
1783810 523
1783820 523
1783830 522
1783840 521
1783850 521
1783860 520
1783870 520
1783880 520
1783890 520
1783900 519
1783910 519
1783920 519
1783930 519
1783940 520
1783950 520
1783960 520
1783970 520
1783980 521
1783990 521
1784000 521
1784010 521
1784020 521
1784030 521
1784040 520
1784050 520
1784060 519
1784070 518
1784080 518
1784090 517
1784100 516
1784110 515
1784120 514
1784130 512
1784140 511
1784150 510
1784160 508
1784170 506
1784180 504
1784190 500
1784200 496
1784210 492
1784220 487
1784230 483
1784240 479
1784250 474
1784260 469
1784270 465
1784280 462
1784290 459
1784300 457
1784310 457
1784320 456
1784330 456
1784340 457
1784350 456
1784360 456
1784370 455
1784380 453
1784390 450
1784400 448
1784410 445
1784420 443
1784430 441
1784440 439
1784450 437
1784460 435
1784470 434
1784480 431
1784490 429
1784500 428
1784510 426
1784520 424
1784530 423
1784540 422
1784550 421
1784560 419
1784570 417
1784580 416
1784590 416
1784600 415
1784610 415
1784620 414
1784630 414
1784640 414
1784650 414
1784660 413
1784670 413
1784680 413
1784690 413
1784700 413
1784710 413
1784720 413
1784730 412
1784740 412
1784750 412
1784760 412
1784770 413
1784780 413
1784790 414
1784800 415
1784810 416
1784820 417
1784830 417
1784840 418
1784850 418
1784860 418
1784870 418
1784880 418
1784890 418
1784900 419
1784910 419
1784920 420
1784930 421
1784940 422
1784950 423
1784960 425
1784970 426
1784980 426
1784990 427
1785000 428
1785010 429
1785020 430
1785030 432
1785040 433
1785050 435
1785060 436
1785070 437
1785080 438
1785090 440
1785100 441
1785110 443
1785120 445
1785130 446
1785140 448
1785150 449
1785160 451
1785170 452
1785180 453
1785190 454
1785200 456
1785210 457
1785220 458
1785230 460
1785240 461
1785250 463
1785260 465
1785270 466
1785280 467
1785290 469
1785300 470
1785310 472
1785320 473
1785330 474
1785340 475
1785350 474
1785360 473
1785370 469
1785380 466
1785390 462
1785400 459
1785410 456
1785420 453
1785430 450
1785440 448
1785450 445
1785460 443
1785470 440
1785480 437
1785490 434
1785500 432
1785510 429
1785520 427
1785530 425
1785540 423
1785550 422
1785560 422
1785570 422
1785580 422
1785590 422
1785600 423
1785610 424
1785620 425
1785630 427
1785640 428
1785650 430
1785660 432
1785670 434
1785680 437
1785690 439
1785700 442
1785710 446
1785720 449
1785730 452
1785740 455
1785750 459
1785760 462
1785770 465
1785780 468
1785790 471
1785800 474
1785810 477
1785820 479
1785830 481
1785840 484
1785850 485
1785860 487
1785870 489
1785880 492
1785890 494
1785900 496
1785910 498
1785920 500
1785930 502
1785940 504
1785950 507
1785960 509
1785970 512
1785980 515
1785990 517
1786000 520
1786010 522
1786020 524
1786030 526
1786040 527
1786050 526
1786060 525
1786070 523
1786080 521
1786090 518
1786100 517
1786110 516
1786120 514
1786130 513
1786140 511
1786150 510
1786160 507
1786170 504
1786180 500
1786190 499
1786200 499
1786210 499
1786220 499
1786230 500
1786240 501
1786250 502
1786260 503
1786270 504
1786280 505
1786290 506
1786300 507
1786310 508
1786320 510
1786330 512
1786340 515
1786350 518
1786360 521
1786370 524
1786380 527
1786390 530
1786400 531
1786410 533
1786420 534
1786430 535
1786440 535
1786450 534
1786460 533
1786470 533
1786480 532
1786490 531
1786500 530
1786510 530
1786520 529
1786530 529
1786540 529
1786550 529
1786560 531
1786570 533
1786580 536
1786590 538
1786600 540
1786610 543
1786620 545
1786630 546
1786640 548
1786650 549
1786660 550
1786670 551
1786680 552
1786690 552
1786700 552
1786710 553
1786720 553
1786730 553
1786740 553
1786750 552
1786760 552
1786770 552
1786780 551
1786790 551
1786800 551
1786810 551
1786820 551
1786830 551
1786840 551
1786850 550
1786860 550
1786870 550
1786880 549
1786890 549
1786900 549
1786910 549
1786920 549
1786930 549
1786940 548
1786950 548
1786960 548
1786970 548
1786980 548
1786990 548
1787000 547
1787010 548
1787020 548
1787030 548
1787040 549
1787050 549
1787060 550
1787070 550
1787080 551
1787090 551
1787100 551
1787110 552
1787120 552
1787130 552
1787140 552
1787150 552
1787160 552
1787170 553
1787180 553
1787190 553
1787200 554
1787210 554
1787220 555
1787230 555
1787240 556
1787250 556
1787260 557
1787270 557
1787280 557
1787290 557
1787300 557
1787310 557
1787320 558
1787330 558
1787340 559
1787350 560
1787360 560
1787370 560
1787380 561
1787390 561
1787400 560
1787410 560
1787420 559
1787430 558
1787440 558
1787450 557
1787460 556
1787470 555
1787480 555
1787490 554
1787500 553
1787510 552
1787520 551
1787530 550
1787540 550
1787550 549
1787560 548
1787570 548
1787580 548
1787590 547
1787600 547
1787610 545
1787620 544
1787630 544
1787640 543
1787650 543
1787660 543
1787670 542
1787680 542
1787690 542
1787700 541
1787710 541
1787720 541
1787730 541
1787740 541
1787750 541
1787760 541
1787770 540
1787780 540
1787790 540
1787800 540
1787810 540
1787820 539
1787830 539
1787840 539
1787850 538
1787860 538
1787870 537
1787880 537
1787890 537
1787900 536
1787910 536
1787920 535
1787930 535
1787940 534
1787950 534
1787960 533
1787970 533
1787980 532
1787990 531
1788000 531
1788010 530
1788020 529
1788030 528
1788040 528
1788050 527
1788060 526
1788070 525
1788080 525
1788090 524
1788100 523
1788110 522
1788120 521
1788130 521
1788140 520
1788150 519
1788160 518
1788170 516
1788180 515
1788190 513
1788200 511
1788210 509
1788220 508
1788230 506
1788240 504
1788250 502
1788260 501
1788270 499
1788280 498
1788290 496
1788300 495
1788310 493
1788320 492
1788330 490
1788340 488
1788350 486
1788360 485
1788370 483
1788380 481
1788390 480
1788400 479
1788410 477
1788420 476
1788430 475
1788440 474
1788450 472
1788460 471
1788470 470
1788480 469
1788490 468
1788500 467
1788510 467
1788520 467
1788530 467
1788540 467
1788550 468
1788560 468
1788570 468
1788580 468
1788590 468
1788600 468
1788610 467
1788620 467
1788630 468
1788640 468
1788650 468
1788660 467
1788670 467
1788680 467
1788690 467
1788700 466
1788710 466
1788720 465
1788730 465
1788740 464
1788750 464
1788760 463
1788770 463
1788780 462
1788790 461
1788800 460
1788810 459
1788820 458
1788830 458
1788840 457
1788850 456
1788860 455
1788870 453
1788880 452
1788890 451
1788900 449
1788910 448
1788920 447
1788930 446
1788940 445
1788950 445
1788960 444
1788970 443
1788980 442
1788990 441
1789000 440
1789010 439
1789020 437
1789030 436
1789040 435
1789050 434
1789060 433
1789070 433
1789080 432
1789090 432
1789100 431
1789110 430
1789120 429
1789130 427
1789140 426
1789150 425
1789160 423
1789170 421
1789180 418
1789190 415
1789200 413
1789210 410
1789220 408
1789230 408
1789240 408
1789250 407
1789260 407
1789270 406
1789280 405
1789290 404
1789300 402
1789310 401
1789320 399
1789330 399
1789340 398
1789350 397
1789360 397
1789370 396
1789380 395
1789390 395
1789400 395
1789410 394
1789420 394
1789430 393
1789440 393
1789450 392
1789460 392
1789470 391
1789480 391
1789490 391
1789500 390
1789510 390
1789520 390
1789530 389
1789540 389
1789550 389
1789560 389
1789570 389
1789580 389
1789590 389
1789600 389
1789610 389
1789620 389
1789630 388
1789640 387
1789650 387
1789660 387
1789670 387
1789680 386
1789690 386
1789700 385
1789710 385
1789720 384
1789730 384
1789740 383
1789750 382
1789760 382
1789770 381
1789780 380
1789790 380
1789800 379
1789810 379
1789820 378
1789830 377
1789840 377
1789850 376
1789860 376
1789870 375
1789880 375
1789890 374
1789900 374
1789910 374
1789920 373
1789930 373
1789940 373
1789950 373
1789960 373
1789970 373
1789980 373
1789990 373
1790000 373
1790010 373
1790020 373
1790030 374
1790040 374
1790050 375
1790060 375
1790070 376
1790080 377
1790090 377
1790100 378
1790110 378
1790120 379
1790130 379
1790140 380
1790150 381
1790160 381
1790170 382
1790180 382
1790190 383
1790200 383
1790210 383
1790220 382
1790230 382
1790240 382
1790250 382
1790260 381
1790270 381
1790280 381
1790290 380
1790300 380
1790310 380
1790320 380
1790330 380
1790340 379
1790350 379
1790360 378
1790370 378
1790380 377
1790390 376
1790400 375
1790410 375
1790420 374
1790430 373
1790440 372
1790450 372
1790460 371
1790470 371
1790480 371
1790490 372
1790500 372
1790510 371
1790520 371
1790530 371
1790540 370
1790550 371
1790560 370
1790570 370
1790580 370
1790590 370
1790600 370
1790610 369
1790620 370
1790630 370
1790640 370
1790650 370
1790660 371
1790670 371
1790680 371
1790690 371
1790700 371
1790710 370
1790720 370
1790730 369
1790740 368
1790750 368
1790760 368
1790770 368
1790780 367
1790790 367
1790800 367
1790810 367
1790820 367
1790830 367
1790840 367
1790850 367
1790860 366
1790870 366
1790880 365
1790890 364
1790900 364
1790910 363
1790920 362
1790930 362
1790940 361
1790950 360
1790960 360
1790970 360
1790980 359
1790990 360
1791000 360
1791010 361
1791020 361
1791030 362
1791040 362
1791050 361
1791060 361
1791070 360
1791080 359
1791090 359
1791100 358
1791110 357
1791120 357
1791130 357
1791140 356
1791150 356
1791160 356
1791170 357
1791180 357
1791190 357
1791200 357
1791210 356
1791220 355
1791230 354
1791240 354
1791250 354
1791260 354
1791270 354
1791280 354
1791290 354
1791300 353
1791310 353
1791320 353
1791330 353
1791340 353
1791350 353
1791360 353
1791370 354
1791380 354
1791390 354
1791400 354
1791410 354
1791420 354
1791430 354
1791440 354
1791450 354
1791460 353
1791470 353
1791480 353
1791490 353
1791500 352
1791510 352
1791520 352
1791530 352
1791540 351
1791550 351
1791560 351
1791570 351
1791580 350
1791590 350
1791600 350
1791610 349
1791620 348
1791630 347
1791640 346
1791650 345
1791660 343
1791670 341
1791680 340
1791690 338
1791700 337
1791710 336
1791720 335
1791730 333
1791740 332
1791750 331
1791760 330
1791770 328
1791780 324
1791790 321
1791800 319
1791810 318
1791820 317
1791830 317
1791840 317
1791850 318
1791860 318
1791870 318
1791880 318
1791890 318
1791900 318
1791910 318
1791920 317
1791930 317
1791940 317
1791950 317
1791960 317
1791970 317
1791980 317
1791990 317
1792000 317
1792010 317
1792020 317
1792030 316
1792040 316
1792050 317
1792060 317
1792070 317
1792080 317
1792090 317
1792100 317
1792110 316
1792120 316
1792130 316
1792140 316
1792150 316
1792160 316
1792170 316
1792180 316
1792190 316
1792200 316
1792210 316
1792220 316
1792230 316
1792240 316
1792250 315
1792260 315
1792270 315
1792280 315
1792290 315
1792300 316
1792310 316
1792320 316
1792330 316
1792340 316
1792350 316
1792360 315
1792370 314
1792380 314
1792390 314
1792400 315
1792410 316
1792420 317
1792430 317
1792440 317
1792450 317
1792460 317
1792470 317
1792480 317
1792490 317
1792500 317
1792510 317
1792520 317
1792530 317
1792540 317
1792550 317
1792560 317
1792570 317
1792580 317
1792590 317
1792600 317
1792610 317
1792620 317
1792630 317
1792640 316
1792650 317
1792660 317
1792670 317
1792680 317
1792690 316
1792700 316
1792710 316
1792720 316
1792730 315
1792740 316
1792750 316
1792760 316
1792770 316
1792780 316
1792790 316
1792800 316
1792810 316
1792820 315
1792830 315
1792840 315
1792850 315
1792860 315
1792870 315
1792880 315
1792890 315
1792900 315
1792910 315
1792920 315
1792930 315
1792940 315
1792950 315
1792960 316
1792970 316
1792980 316
1792990 316
1793000 316
1793010 317
1793020 316
1793030 316
1793040 316
1793050 317
1793060 317
1793070 317
1793080 317
1793090 317
1793100 318
1793110 318
1793120 319
1793130 320
1793140 321
1793150 322
1793160 323
1793170 324
1793180 325
1793190 326
1793200 327
1793210 328
1793220 330
1793230 329
1793240 330
1793250 331
1793260 332
1793270 333
1793280 335
1793290 336
1793300 337
1793310 337
1793320 338
1793330 338
1793340 338
1793350 338
1793360 337
1793370 337
1793380 336
1793390 336
1793400 335
1793410 335
1793420 334
1793430 334
1793440 335
1793450 335
1793460 335
1793470 335
1793480 335
1793490 334
1793500 334
1793510 334
1793520 334
1793530 335
1793540 336
1793550 337
1793560 339
1793570 340
1793580 341
1793590 342
1793600 343
1793610 345
1793620 346
1793630 347
1793640 348
1793650 348
1793660 349
1793670 349
1793680 350
1793690 351
1793700 351
1793710 351
1793720 352
1793730 352
1793740 352
1793750 353
1793760 353
1793770 354
1793780 354
1793790 355
1793800 355
1793810 356
1793820 356
1793830 357
1793840 357
1793850 358
1793860 358
1793870 359
1793880 360
1793890 361
1793900 362
1793910 363
1793920 364
1793930 364
1793940 365
1793950 366
1793960 366
1793970 366
1793980 367
1793990 367
1794000 368
1794010 369
1794020 369
1794030 370
1794040 371
1794050 371
1794060 372
1794070 372
1794080 373
1794090 373
1794100 374
1794110 375
1794120 375
1794130 376
1794140 376
1794150 377
1794160 377
1794170 377
1794180 378
1794190 378
1794200 378
1794210 378
1794220 379
1794230 379
1794240 379
1794250 379
1794260 379
1794270 379
1794280 379
1794290 379
1794300 379
1794310 379
1794320 379
1794330 379
1794340 378
1794350 378
1794360 377
1794370 377
1794380 376
1794390 376
1794400 375
1794410 374
1794420 374
1794430 373
1794440 372
1794450 370
1794460 369
1794470 368
1794480 366
1794490 364
1794500 363
1794510 363
1794520 362
1794530 363
1794540 363
1794550 363
1794560 362
1794570 362
1794580 362
1794590 363
1794600 365
1794610 367
1794620 370
1794630 373
1794640 376
1794650 378
1794660 381
1794670 383
1794680 384
1794690 385
1794700 386
1794710 388
1794720 389
1794730 390
1794740 391
1794750 392
1794760 392
1794770 393
1794780 394
1794790 396
1794800 397
1794810 399
1794820 401
1794830 402
1794840 403
1794850 403
1794860 404
1794870 404
1794880 405
1794890 405
1794900 406
1794910 407
1794920 407
1794930 407
1794940 407
1794950 407
1794960 407
1794970 407
1794980 407
1794990 407
1795000 406
1795010 406
1795020 406
1795030 407
1795040 407
1795050 407
1795060 407
1795070 407
1795080 407
1795090 407
1795100 406
1795110 406
1795120 406
1795130 405
1795140 405
1795150 405
1795160 405
1795170 405
1795180 405
1795190 405
1795200 404
1795210 404
1795220 404
1795230 404
1795240 404
1795250 403
1795260 403
1795270 402
1795280 402
1795290 402
1795300 402
1795310 401
1795320 401
1795330 400
1795340 400
1795350 400
1795360 399
1795370 399
1795380 399
1795390 398
1795400 398
1795410 397
1795420 397
1795430 397
1795440 397
1795450 397
1795460 397
1795470 398
1795480 399
1795490 399
1795500 399
1795510 399
1795520 399
1795530 399
1795540 399
1795550 398
1795560 396
1795570 395
1795580 394
1795590 392
1795600 390
1795610 388
1795620 386
1795630 385
1795640 383
1795650 381
1795660 380
1795670 379
1795680 378
1795690 377
1795700 376
1795710 375
1795720 374
1795730 373
1795740 372
1795750 372
1795760 371
1795770 370
1795780 369
1795790 368
1795800 367
1795810 366
1795820 365
1795830 364
1795840 364
1795850 363
1795860 363
1795870 362
1795880 361
1795890 361
1795900 361
1795910 360
1795920 360
1795930 359
1795940 359
1795950 359
1795960 359
1795970 358
1795980 358
1795990 358
1796000 358
1796010 358
1796020 358
1796030 358
1796040 357
1796050 357
1796060 357
1796070 358
1796080 357
1796090 357
1796100 357
1796110 357
1796120 357
1796130 357
1796140 357
1796150 357
1796160 357
1796170 357
1796180 356
1796190 356
1796200 356
1796210 356
1796220 356
1796230 356
1796240 355
1796250 355
1796260 355
1796270 355
1796280 355
1796290 355
1796300 355
1796310 355
1796320 355
1796330 355
1796340 355
1796350 355
1796360 355
1796370 355
1796380 356
1796390 356
1796400 356
1796410 356
1796420 356
1796430 356
1796440 356
1796450 356
1796460 356
1796470 356
1796480 356
1796490 356
1796500 356
1796510 356
1796520 356
1796530 356
1796540 356
1796550 356
1796560 356
1796570 356
1796580 356
1796590 356
1796600 356
1796610 356
1796620 356
1796630 356
1796640 356
1796650 356
1796660 356
1796670 356
1796680 356
1796690 356
1796700 356
1796710 357
1796720 357
1796730 357
1796740 357
1796750 357
1796760 357
1796770 357
1796780 357
1796790 357
1796800 358
1796810 358
1796820 358
1796830 358
1796840 359
1796850 359
1796860 359
1796870 359
1796880 359
1796890 359
1796900 359
1796910 359
1796920 359
1796930 358
1796940 358
1796950 358
1796960 357
1796970 357
1796980 356
1796990 355
1797000 355
1797010 354
1797020 354
1797030 353
1797040 353
1797050 352
1797060 352
1797070 352
1797080 351
1797090 351
1797100 350
1797110 350
1797120 349
1797130 349
1797140 348
1797150 348
1797160 347
1797170 347
1797180 346
1797190 346
1797200 345
1797210 345
1797220 344
1797230 344
1797240 343
1797250 342
1797260 342
1797270 341
1797280 340
1797290 340
1797300 339
1797310 339
1797320 338
1797330 338
1797340 337
1797350 337
1797360 336
1797370 335
1797380 335
1797390 334
1797400 333
1797410 333
1797420 332
1797430 332
1797440 331
1797450 331
1797460 331
1797470 330
1797480 330
1797490 330
1797500 330
1797510 331
1797520 331
1797530 332
1797540 334
1797550 335
1797560 336
1797570 338
1797580 339
1797590 340
1797600 342
1797610 343
1797620 345
1797630 346
1797640 347
1797650 348
1797660 349
1797670 350
1797680 351
1797690 352
1797700 353
1797710 354
1797720 355
1797730 356
1797740 357
1797750 358
1797760 358
1797770 359
1797780 360
1797790 360
1797800 361
1797810 362
1797820 362
1797830 363
1797840 363
1797850 364
1797860 364
1797870 365
1797880 366
1797890 366
1797900 367
1797910 368
1797920 368
1797930 369
1797940 369
1797950 370
1797960 370
1797970 370
1797980 370
1797990 370
1798000 371
1798010 371
1798020 371
1798030 372
1798040 372
1798050 372
1798060 373
1798070 373
1798080 373
1798090 373
1798100 373
1798110 373
1798120 373
1798130 373
1798140 373
1798150 372
1798160 372
1798170 372
1798180 372
1798190 371
1798200 371
1798210 370
1798220 370
1798230 370
1798240 369
1798250 369
1798260 369
1798270 369
1798280 368
1798290 368
1798300 368
1798310 368
1798320 368
1798330 368
1798340 368
1798350 367
1798360 367
1798370 367
1798380 367
1798390 367
1798400 367
1798410 367
1798420 367
1798430 366
1798440 366
1798450 365
1798460 365
1798470 366
1798480 366
1798490 367
1798500 367
1798510 368
1798520 368
1798530 368
1798540 368
1798550 367
1798560 367
1798570 367
1798580 366
1798590 366
1798600 366
1798610 366
1798620 366
1798630 367
1798640 368
1798650 369
1798660 370
1798670 370
1798680 371
1798690 372
1798700 373
1798710 373
1798720 373
1798730 374
1798740 374
1798750 375
1798760 375
1798770 376
1798780 376
1798790 377
1798800 377
1798810 377
1798820 377
1798830 377
1798840 377
1798850 377
1798860 377
1798870 377
1798880 377
1798890 377
1798900 377
1798910 377
1798920 377
1798930 377
1798940 378
1798950 378
1798960 378
1798970 378
1798980 378
1798990 378
1799000 378
1799010 379
1799020 379
1799030 379
1799040 379
1799050 379
1799060 379
1799070 379
1799080 379
1799090 379
1799100 379
1799110 378
1799120 378
1799130 378
1799140 377
1799150 377
1799160 377
1799170 377
1799180 376
1799190 376
1799200 376
1799210 376
1799220 376
1799230 375
1799240 375
1799250 375
1799260 375
1799270 374
1799280 374
1799290 374
1799300 373
1799310 373
1799320 373
1799330 372
1799340 372
1799350 372
1799360 372
1799370 371
1799380 371
1799390 371
1799400 370
1799410 369
1799420 369
1799430 368
1799440 368
1799450 367
1799460 367
1799470 366
1799480 366
1799490 365
1799500 365
1799510 364
1799520 363
1799530 363
1799540 362
1799550 362
1799560 361
1799570 360
1799580 359
1799590 358
1799600 358
1799610 357
1799620 356
1799630 356
1799640 355
1799650 354
1799660 353
1799670 352
1799680 350
1799690 349
1799700 349
1799710 348
1799720 347
1799730 347
1799740 346
1799750 345
1799760 345
1799770 344
1799780 343
1799790 343
1799800 342
1799810 341
1799820 341
1799830 340
1799840 339
1799850 338
1799860 338
1799870 337
1799880 337
1799890 336
1799900 336
1799910 336
1799920 336
1799930 336
1799940 336
1799950 336
1799960 336
1799970 336
1799980 336
1799990 337
