1780000 416
1780010 415
1780020 412
1780030 410
1780040 409
1780050 408
1780060 408
1780070 407
1780080 407
1780090 407
1780100 407
1780110 407
1780120 406
1780130 406
1780140 406
1780150 406
1780160 406
1780170 406
1780180 406
1780190 406
1780200 406
1780210 407
1780220 408
1780230 410
1780240 411
1780250 412
1780260 414
1780270 415
1780280 416
1780290 417
1780300 419
1780310 420
1780320 423
1780330 425
1780340 427
1780350 429
1780360 431
1780370 434
1780380 436
1780390 438
1780400 441
1780410 443
1780420 445
1780430 448
1780440 450
1780450 452
1780460 454
1780470 455
1780480 456
1780490 456
1780500 456
1780510 454
1780520 453
1780530 453
1780540 455
1780550 457
1780560 462
1780570 465
1780580 469
1780590 474
1780600 478
1780610 481
1780620 485
1780630 488
1780640 492
1780650 495
1780660 498
1780670 501
1780680 504
1780690 507
1780700 510
1780710 513
1780720 515
1780730 517
1780740 519
1780750 522
1780760 524
1780770 527
1780780 529
1780790 531
1780800 533
1780810 535
1780820 536
1780830 537
1780840 538
1780850 539
1780860 540
1780870 540
1780880 540
1780890 540
1780900 539
1780910 539
1780920 538
1780930 537
1780940 535
1780950 533
1780960 530
1780970 527
1780980 524
1780990 521
1781000 519
1781010 517
1781020 514
1781030 513
1781040 512
1781050 515
1781060 517
1781070 520
1781080 523
1781090 526
1781100 529
1781110 531
1781120 534
1781130 536
1781140 539
1781150 541
1781160 543
1781170 544
1781180 546
1781190 547
1781200 548
1781210 550
1781220 551
1781230 553
1781240 556
1781250 558
1781260 560
1781270 563
1781280 566
1781290 568
1781300 571
1781310 573
1781320 575
1781330 578
1781340 580
1781350 582
1781360 584
1781370 585
1781380 586
1781390 585
1781400 584
1781410 581
1781420 578
1781430 575
1781440 572
1781450 569
1781460 567
1781470 564
1781480 562
1781490 560
1781500 558
1781510 556
1781520 555
1781530 554
1781540 553
1781550 553
1781560 553
1781570 552
1781580 552
1781590 551
1781600 551
1781610 551
1781620 552
1781630 552
1781640 553
1781650 553
1781660 554
1781670 555
1781680 556
1781690 558
1781700 560
1781710 562
1781720 564
1781730 567
1781740 569
1781750 570
1781760 569
1781770 567
1781780 564
1781790 561
1781800 558
1781810 554
1781820 550
1781830 545
1781840 541
1781850 537
1781860 532
1781870 528
1781880 526
1781890 524
1781900 525
1781910 526
1781920 528
1781930 530
1781940 532
1781950 534
1781960 536
1781970 538
1781980 540
1781990 541
1782000 543
1782010 544
1782020 544
1782030 544
1782040 543
1782050 542
1782060 540
1782070 538
1782080 537
1782090 538
1782100 540
1782110 543
1782120 546
1782130 549
1782140 552
1782150 554
1782160 557
1782170 559
1782180 562
1782190 563
1782200 564
1782210 563
1782220 563
1782230 562
1782240 561
1782250 560
1782260 559
1782270 558
1782280 556
1782290 555
1782300 554
1782310 553
1782320 551
1782330 549
1782340 547
1782350 544
1782360 542
1782370 541
1782380 543
1782390 545
1782400 547
1782410 549
1782420 550
1782430 552
1782440 553
1782450 552
1782460 551
1782470 549
1782480 546
1782490 544
1782500 542
1782510 540
1782520 537
1782530 535
1782540 533
1782550 530
1782560 528
1782570 526
1782580 525
1782590 526
1782600 528
1782610 532
1782620 535
1782630 539
1782640 543
1782650 546
1782660 550
1782670 554
1782680 558
1782690 561
1782700 564
1782710 567
1782720 569
1782730 571
1782740 572
1782750 572
1782760 573
1782770 573
1782780 574
1782790 575
1782800 577
1782810 578
1782820 579
1782830 580
1782840 580
1782850 580
1782860 579
1782870 579
1782880 578
1782890 577
1782900 576
1782910 574
1782920 573
1782930 570
1782940 568
1782950 566
1782960 565
1782970 564
1782980 564
1782990 564
1783000 563
1783010 562
1783020 562
1783030 562
1783040 562
1783050 562
1783060 563
1783070 564
1783080 566
1783090 569
1783100 572
1783110 574
1783120 576
1783130 577
1783140 578
1783150 579
1783160 579
1783170 578
1783180 577
1783190 575
1783200 573
1783210 571
1783220 569
1783230 565
1783240 559
1783250 551
1783260 543
1783270 534
1783280 525
1783290 519
1783300 513
1783310 506
1783320 501
1783330 496
1783340 491
1783350 487
1783360 482
1783370 478
1783380 474
1783390 470
1783400 466
1783410 463
1783420 461
1783430 458
1783440 456
1783450 454
1783460 452
1783470 450
1783480 447
1783490 445
1783500 443
1783510 440
1783520 438
1783530 435
1783540 433
1783550 430
1783560 426
1783570 423
1783580 421
1783590 421
1783600 419
1783610 418
1783620 416
1783630 417
1783640 419
1783650 422
1783660 426
1783670 430
1783680 433
1783690 437
1783700 441
1783710 445
1783720 449
1783730 453
1783740 457
1783750 460
1783760 464
1783770 468
1783780 472
1783790 476
1783800 479
1783810 482
1783820 485
1783830 487
1783840 489
1783850 490
1783860 490
1783870 489
1783880 488
1783890 487
1783900 487
1783910 486
1783920 486
1783930 486
1783940 487
1783950 487
1783960 487
1783970 487
1783980 486
1783990 486
1784000 485
1784010 485
1784020 484
1784030 484
1784040 483
1784050 482
1784060 481
1784070 481
1784080 480
1784090 479
1784100 478
1784110 477
1784120 476
1784130 476
1784140 475
1784150 474
1784160 473
1784170 472
1784180 472
1784190 471
1784200 470
1784210 469
1784220 468
1784230 467
1784240 466
1784250 464
1784260 463
1784270 461
1784280 459
1784290 458
1784300 456
1784310 453
1784320 450
1784330 448
1784340 445
1784350 443
1784360 441
1784370 438
1784380 436
1784390 433
1784400 430
1784410 427
1784420 424
1784430 422
1784440 419
1784450 416
1784460 413
1784470 409
1784480 407
1784490 405
1784500 405
1784510 404
1784520 405
1784530 407
1784540 410
1784550 414
1784560 418
1784570 422
1784580 426
1784590 430
1784600 433
1784610 435
1784620 434
1784630 432
1784640 429
1784650 426
1784660 423
1784670 422
1784680 420
1784690 419
1784700 418
1784710 417
1784720 416
1784730 415
1784740 415
1784750 415
1784760 416
1784770 417
1784780 416
1784790 415
1784800 413
1784810 412
1784820 410
1784830 408
1784840 406
1784850 404
1784860 404
1784870 404
1784880 405
1784890 407
1784900 408
1784910 410
1784920 412
1784930 414
1784940 417
1784950 419
1784960 422
1784970 424
1784980 426
1784990 428
1785000 430
1785010 432
1785020 433
1785030 434
1785040 436
1785050 438
1785060 440
1785070 442
1785080 445
1785090 448
1785100 450
1785110 452
1785120 454
1785130 456
1785140 458
1785150 460
1785160 463
1785170 465
1785180 467
1785190 470
1785200 472
1785210 475
1785220 477
1785230 479
1785240 481
1785250 483
1785260 485
1785270 487
1785280 489
1785290 490
1785300 492
1785310 493
1785320 494
1785330 495
1785340 496
1785350 497
1785360 497
1785370 496
1785380 495
1785390 494
1785400 492
1785410 490
1785420 488
1785430 486
1785440 483
1785450 481
1785460 479
1785470 478
1785480 477
1785490 476
1785500 475
1785510 474
1785520 473
1785530 473
1785540 475
1785550 477
1785560 480
1785570 483
1785580 486
1785590 488
1785600 491
1785610 493
1785620 496
1785630 498
1785640 500
1785650 502
1785660 504
1785670 506
1785680 508
1785690 510
1785700 512
1785710 513
1785720 514
1785730 515
1785740 515
1785750 516
1785760 516
1785770 516
1785780 516
1785790 516
1785800 516
1785810 516
1785820 516
1785830 516
1785840 516
1785850 516
1785860 516
1785870 516
1785880 515
1785890 514
1785900 513
1785910 513
1785920 512
1785930 511
1785940 510
1785950 509
1785960 510
1785970 511
1785980 512
1785990 513
1786000 514
1786010 515
1786020 515
1786030 516
1786040 516
1786050 517
1786060 517
1786070 517
1786080 517
1786090 517
1786100 516
1786110 516
1786120 516
1786130 516
1786140 517
1786150 517
1786160 517
1786170 516
1786180 516
1786190 516
1786200 516
1786210 516
1786220 516
1786230 516
1786240 516
1786250 516
1786260 516
1786270 516
1786280 516
1786290 516
1786300 516
1786310 516
1786320 516
1786330 516
1786340 517
1786350 517
1786360 517
1786370 517
1786380 517
1786390 517
1786400 517
1786410 518
1786420 518
1786430 518
1786440 519
1786450 519
1786460 519
1786470 519
1786480 519
1786490 519
1786500 519
1786510 519
1786520 520
1786530 520
1786540 520
1786550 520
1786560 520
1786570 520
1786580 520
1786590 520
1786600 519
1786610 519
1786620 519
1786630 519
1786640 519
1786650 519
1786660 520
1786670 521
1786680 522
1786690 522
1786700 522
1786710 522
1786720 523
1786730 523
1786740 522
1786750 522
1786760 522
1786770 521
1786780 521
1786790 520
1786800 520
1786810 520
1786820 520
1786830 520
1786840 520
1786850 520
1786860 520
1786870 520
1786880 521
1786890 521
1786900 521
1786910 522
1786920 522
1786930 522
1786940 522
1786950 523
1786960 523
1786970 524
1786980 524
1786990 525
1787000 526
1787010 526
1787020 526
1787030 527
1787040 527
1787050 528
1787060 528
1787070 528
1787080 529
1787090 529
1787100 529
1787110 529
1787120 529
1787130 529
1787140 530
1787150 530
1787160 530
1787170 530
1787180 530
1787190 530
1787200 530
1787210 530
1787220 531
1787230 531
1787240 531
1787250 532
1787260 532
1787270 532
1787280 533
1787290 533
1787300 533
1787310 534
1787320 534
1787330 534
1787340 535
1787350 535
1787360 535
1787370 535
1787380 535
1787390 534
1787400 534
1787410 533
1787420 531
1787430 530
1787440 529
1787450 528
1787460 527
1787470 527
1787480 527
1787490 527
1787500 528
1787510 529
1787520 530
1787530 531
1787540 533
1787550 534
1787560 535
1787570 535
1787580 536
1787590 536
1787600 537
1787610 538
1787620 539
1787630 539
1787640 539
1787650 540
1787660 540
1787670 540
1787680 541
1787690 541
1787700 541
1787710 541
1787720 541
1787730 542
1787740 542
1787750 542
1787760 542
1787770 543
1787780 543
1787790 543
1787800 543
1787810 543
1787820 542
1787830 542
1787840 542
1787850 542
1787860 541
1787870 541
1787880 541
1787890 541
1787900 541
1787910 541
1787920 541
1787930 541
1787940 541
1787950 540
1787960 540
1787970 541
1787980 541
1787990 541
1788000 541
1788010 541
1788020 541
1788030 541
1788040 541
1788050 541
1788060 541
1788070 542
1788080 542
1788090 542
1788100 543
1788110 543
1788120 543
1788130 544
1788140 544
1788150 545
1788160 544
1788170 544
1788180 544
1788190 544
1788200 542
1788210 541
1788220 540
1788230 539
1788240 538
1788250 537
1788260 536
1788270 536
1788280 535
1788290 534
1788300 534
1788310 534
1788320 533
1788330 533
1788340 533
1788350 533
1788360 532
1788370 532
1788380 532
1788390 530
1788400 528
1788410 526
1788420 524
1788430 523
1788440 521
1788450 519
1788460 518
1788470 516
1788480 515
1788490 513
1788500 512
1788510 511
1788520 510
1788530 509
1788540 508
1788550 507
1788560 505
1788570 504
1788580 503
1788590 502
1788600 500
1788610 499
1788620 498
1788630 497
1788640 496
1788650 495
1788660 494
1788670 493
1788680 493
1788690 492
1788700 492
1788710 492
1788720 492
1788730 493
1788740 493
1788750 494
1788760 493
1788770 493
1788780 491
1788790 489
1788800 487
1788810 485
1788820 483
1788830 481
1788840 478
1788850 475
1788860 473
1788870 470
1788880 469
1788890 467
1788900 465
1788910 463
1788920 461
1788930 459
1788940 456
1788950 454
1788960 451
1788970 448
1788980 445
1788990 443
1789000 441
1789010 438
1789020 437
1789030 435
1789040 433
1789050 431
1789060 429
1789070 426
1789080 424
1789090 423
1789100 421
1789110 419
1789120 418
1789130 417
1789140 415
1789150 414
1789160 411
1789170 408
1789180 406
1789190 405
1789200 405
1789210 405
1789220 405
1789230 405
1789240 406
1789250 406
1789260 407
1789270 407
1789280 407
1789290 407
1789300 407
1789310 407
1789320 407
1789330 407
1789340 407
1789350 406
1789360 405
1789370 404
1789380 403
1789390 401
1789400 399
1789410 397
1789420 394
1789430 392
1789440 390
1789450 387
1789460 385
1789470 382
1789480 380
1789490 377
1789500 375
1789510 372
1789520 369
1789530 367
1789540 365
1789550 362
1789560 360
1789570 358
1789580 356
1789590 354
1789600 352
1789610 350
1789620 348
1789630 346
1789640 344
1789650 343
1789660 340
1789670 338
1789680 336
1789690 335
1789700 334
1789710 334
1789720 334
1789730 334
1789740 334
1789750 334
1789760 334
1789770 334
1789780 334
1789790 334
1789800 334
1789810 333
1789820 333
1789830 333
1789840 333
1789850 333
1789860 333
1789870 333
1789880 333
1789890 333
1789900 333
1789910 333
1789920 333
1789930 333
1789940 333
1789950 333
1789960 333
1789970 333
1789980 333
1789990 333
1790000 333
1790010 333
1790020 333
1790030 333
1790040 333
1790050 333
1790060 333
1790070 333
1790080 333
1790090 332
1790100 332
1790110 332
1790120 332
1790130 332
1790140 333
1790150 334
1790160 336
1790170 338
1790180 341
1790190 343
1790200 344
1790210 344
1790220 343
1790230 341
1790240 340
1790250 340
1790260 340
1790270 339
1790280 338
1790290 337
1790300 335
1790310 334
1790320 333
1790330 332
1790340 332
1790350 331
1790360 331
1790370 330
1790380 330
1790390 329
1790400 329
1790410 328
1790420 329
1790430 329
1790440 329
1790450 330
1790460 330
1790470 330
1790480 331
1790490 331
1790500 331
1790510 331
1790520 331
1790530 331
1790540 333
1790550 335
1790560 338
1790570 338
1790580 338
1790590 337
1790600 336
1790610 335
1790620 334
1790630 334
1790640 335
1790650 337
1790660 340
1790670 343
1790680 347
1790690 349
1790700 350
1790710 351
1790720 349
1790730 348
1790740 348
1790750 348
1790760 348
1790770 347
1790780 347
1790790 347
1790800 347
1790810 346
1790820 346
1790830 346
1790840 345
1790850 345
1790860 344
1790870 343
1790880 342
1790890 342
1790900 341
1790910 340
1790920 339
1790930 338
1790940 338
1790950 337
1790960 336
1790970 335
1790980 335
1790990 335
1791000 335
1791010 336
1791020 336
1791030 337
1791040 337
1791050 338
1791060 340
1791070 341
1791080 341
1791090 342
1791100 344
1791110 345
1791120 346
1791130 347
1791140 348
1791150 349
1791160 351
1791170 352
1791180 354
1791190 356
1791200 357
1791210 359
1791220 360
1791230 362
1791240 364
1791250 365
1791260 367
1791270 368
1791280 370
1791290 371
1791300 372
1791310 373
1791320 374
1791330 376
1791340 378
1791350 379
1791360 381
1791370 382
1791380 384
1791390 385
1791400 385
1791410 386
1791420 385
1791430 384
1791440 384
1791450 383
1791460 381
1791470 378
1791480 375
1791490 372
1791500 369
1791510 366
1791520 363
1791530 360
1791540 357
1791550 355
1791560 354
1791570 353
1791580 352
1791590 351
1791600 351
1791610 351
1791620 350
1791630 350
1791640 350
1791650 350
1791660 350
1791670 349
1791680 349
1791690 349
1791700 349
1791710 349
1791720 350
1791730 350
1791740 351
1791750 352
1791760 353
1791770 354
1791780 356
1791790 359
1791800 362
1791810 365
1791820 368
1791830 371
1791840 374
1791850 377
1791860 380
1791870 383
1791880 386
1791890 389
1791900 392
1791910 395
1791920 397
1791930 399
1791940 401
1791950 401
1791960 401
1791970 400
1791980 399
1791990 399
1792000 398
1792010 398
1792020 398
1792030 397
1792040 397
1792050 396
1792060 395
1792070 394
1792080 392
1792090 389
1792100 386
1792110 384
1792120 382
1792130 380
1792140 380
1792150 380
1792160 381
1792170 381
1792180 383
1792190 386
1792200 389
1792210 391
1792220 393
1792230 396
1792240 398
1792250 400
1792260 401
1792270 402
1792280 402
1792290 402
1792300 402
1792310 402
1792320 402
1792330 401
1792340 401
1792350 401
1792360 400
1792370 399
1792380 398
1792390 397
1792400 396
1792410 396
1792420 394
1792430 393
1792440 392
1792450 392
1792460 392
1792470 393
1792480 393
1792490 394
1792500 394
1792510 395
1792520 395
1792530 395
1792540 395
1792550 395
1792560 395
1792570 395
1792580 396
1792590 396
1792600 398
1792610 399
1792620 400
1792630 401
1792640 402
1792650 404
1792660 405
1792670 407
1792680 408
1792690 409
1792700 410
1792710 412
1792720 413
1792730 414
1792740 416
1792750 418
1792760 419
1792770 422
1792780 424
1792790 426
1792800 429
1792810 431
1792820 434
1792830 436
1792840 438
1792850 440
1792860 442
1792870 443
1792880 444
1792890 446
1792900 447
1792910 448
1792920 448
1792930 449
1792940 450
1792950 450
1792960 450
1792970 451
1792980 451
1792990 451
1793000 451
1793010 451
1793020 451
1793030 451
1793040 451
1793050 452
1793060 452
1793070 452
1793080 452
1793090 452
1793100 452
1793110 451
1793120 451
1793130 451
1793140 451
1793150 451
1793160 451
1793170 451
1793180 450
1793190 450
1793200 450
1793210 450
1793220 450
1793230 450
1793240 449
1793250 449
1793260 449
1793270 449
1793280 449
1793290 448
1793300 448
1793310 448
1793320 448
1793330 448
1793340 447
1793350 447
1793360 446
1793370 445
1793380 444
1793390 442
1793400 441
1793410 440
1793420 438
1793430 437
1793440 436
1793450 435
1793460 433
1793470 432
1793480 431
1793490 430
1793500 429
1793510 428
1793520 427
1793530 426
1793540 426
1793550 425
1793560 424
1793570 423
1793580 422
1793590 421
1793600 420
1793610 420
1793620 419
1793630 418
1793640 417
1793650 416
1793660 415
1793670 413
1793680 412
1793690 412
1793700 412
1793710 413
1793720 414
1793730 415
1793740 416
1793750 416
1793760 417
1793770 417
1793780 418
1793790 418
1793800 418
1793810 418
1793820 418
1793830 418
1793840 418
1793850 418
1793860 418
1793870 419
1793880 419
1793890 419
1793900 419
1793910 420
1793920 420
1793930 421
1793940 421
1793950 421
1793960 421
1793970 421
1793980 421
1793990 421
1794000 421
1794010 421
1794020 421
1794030 421
1794040 421
1794050 421
1794060 420
1794070 420
1794080 419
1794090 419
1794100 418
1794110 418
1794120 418
1794130 417
1794140 417
1794150 416
1794160 415
1794170 414
1794180 413
1794190 412
1794200 412
1794210 411
1794220 410
1794230 410
1794240 409
1794250 408
1794260 408
1794270 407
1794280 407
1794290 406
1794300 406
1794310 405
1794320 405
1794330 405
1794340 404
1794350 404
1794360 404
1794370 403
1794380 403
1794390 403
1794400 402
1794410 402
1794420 402
1794430 402
1794440 401
1794450 401
1794460 401
1794470 401
1794480 401
1794490 400
1794500 400
1794510 400
1794520 399
1794530 399
1794540 399
1794550 399
1794560 399
1794570 399
1794580 399
1794590 400
1794600 400
1794610 400
1794620 400
1794630 401
1794640 401
1794650 401
1794660 402
1794670 402
1794680 402
1794690 403
1794700 403
1794710 403
1794720 403
1794730 404
1794740 404
1794750 404
1794760 404
1794770 405
1794780 405
1794790 405
1794800 405
1794810 405
1794820 406
1794830 406
1794840 406
1794850 406
1794860 407
1794870 407
1794880 408
1794890 408
1794900 408
1794910 408
1794920 408
1794930 408
1794940 408
1794950 408
1794960 408
1794970 408
1794980 408
1794990 408
1795000 407
1795010 407
1795020 407
1795030 407
1795040 407
1795050 407
1795060 407
1795070 407
1795080 408
1795090 408
1795100 408
1795110 408
1795120 407
1795130 407
1795140 407
1795150 407
1795160 407
1795170 406
1795180 406
1795190 405
1795200 405
1795210 405
1795220 405
1795230 405
1795240 405
1795250 405
1795260 406
1795270 406
1795280 406
1795290 406
1795300 406
1795310 406
1795320 406
1795330 406
1795340 406
1795350 406
1795360 405
1795370 405
1795380 405
1795390 405
1795400 405
1795410 404
1795420 404
1795430 404
1795440 403
1795450 403
1795460 403
1795470 403
1795480 403
1795490 402
1795500 402
1795510 402
1795520 402
1795530 402
1795540 402
1795550 401
1795560 401
1795570 401
1795580 401
1795590 401
1795600 401
1795610 401
1795620 401
1795630 401
1795640 401
1795650 401
1795660 401
1795670 401
1795680 401
1795690 401
1795700 401
1795710 401
1795720 400
1795730 399
1795740 399
1795750 398
1795760 397
1795770 397
1795780 396
1795790 396
1795800 396
1795810 395
1795820 395
1795830 394
1795840 394
1795850 394
1795860 393
1795870 393
1795880 393
1795890 392
1795900 392
1795910 392
1795920 392
1795930 391
1795940 391
1795950 391
1795960 391
1795970 390
1795980 390
1795990 390
1796000 389
1796010 389
1796020 389
1796030 389
1796040 388
1796050 388
1796060 387
1796070 387
1796080 386
1796090 386
1796100 385
1796110 385
1796120 384
1796130 384
1796140 383
1796150 383
1796160 382
1796170 383
1796180 383
1796190 382
1796200 382
1796210 381
1796220 381
1796230 379
1796240 379
1796250 378
1796260 378
1796270 378
1796280 377
1796290 377
1796300 377
1796310 377
1796320 377
1796330 377
1796340 377
1796350 377
1796360 377
1796370 376
1796380 376
1796390 375
1796400 374
1796410 373
1796420 372
1796430 372
1796440 371
1796450 371
1796460 370
1796470 370
1796480 370
1796490 369
1796500 369
1796510 368
1796520 368
1796530 367
1796540 367
1796550 366
1796560 366
1796570 365
1796580 364
1796590 364
1796600 363
1796610 362
1796620 361
1796630 361
1796640 360
1796650 359
1796660 359
1796670 358
1796680 358
1796690 358
1796700 357
1796710 357
1796720 356
1796730 355
1796740 354
1796750 354
1796760 353
1796770 352
1796780 352
1796790 352
1796800 351
1796810 350
1796820 350
1796830 350
1796840 349
1796850 349
1796860 348
1796870 347
1796880 346
1796890 346
1796900 345
1796910 345
1796920 344
1796930 344
1796940 344
1796950 343
1796960 342
1796970 342
1796980 341
1796990 341
1797000 340
1797010 339
1797020 338
1797030 338
1797040 337
1797050 337
1797060 336
1797070 335
1797080 335
1797090 334
1797100 334
1797110 333
1797120 333
1797130 332
1797140 332
1797150 331
1797160 331
1797170 330
1797180 330
1797190 329
1797200 329
1797210 328
1797220 328
1797230 327
1797240 326
1797250 326
1797260 325
1797270 325
1797280 325
1797290 325
1797300 325
1797310 324
1797320 324
1797330 324
1797340 324
1797350 324
1797360 323
1797370 323
1797380 323
1797390 323
1797400 323
1797410 323
1797420 323
1797430 323
1797440 323
1797450 322
1797460 322
1797470 322
1797480 322
1797490 322
1797500 322
1797510 322
1797520 322
1797530 322
1797540 322
1797550 322
1797560 322
1797570 322
1797580 322
1797590 322
1797600 321
1797610 321
1797620 321
1797630 321
1797640 321
1797650 321
1797660 321
1797670 321
1797680 321
1797690 321
1797700 321
1797710 321
1797720 321
1797730 320
1797740 320
1797750 320
1797760 320
1797770 320
1797780 320
1797790 321
1797800 321
1797810 321
1797820 321
1797830 321
1797840 321
1797850 321
1797860 321
1797870 321
1797880 322
1797890 322
1797900 322
1797910 322
1797920 322
1797930 322
1797940 322
1797950 322
1797960 322
1797970 322
1797980 322
1797990 323
1798000 323
1798010 323
1798020 323
1798030 324
1798040 324
1798050 324
1798060 324
1798070 325
1798080 325
1798090 325
1798100 325
1798110 324
1798120 324
1798130 324
1798140 324
1798150 324
1798160 323
1798170 323
1798180 323
1798190 323
1798200 323
1798210 323
1798220 323
1798230 323
1798240 323
1798250 323
1798260 323
1798270 323
1798280 323
1798290 323
1798300 323
1798310 323
1798320 323
1798330 323
1798340 323
1798350 323
1798360 323
1798370 323
1798380 323
1798390 323
1798400 323
1798410 323
1798420 323
1798430 323
1798440 324
1798450 324
1798460 324
1798470 324
1798480 324
1798490 324
1798500 325
1798510 325
1798520 325
1798530 325
1798540 325
1798550 325
1798560 325
1798570 325
1798580 325
1798590 325
1798600 325
1798610 325
1798620 325
1798630 325
1798640 325
1798650 325
1798660 325
1798670 325
1798680 326
1798690 326
1798700 326
1798710 326
1798720 326
1798730 326
1798740 326
1798750 326
1798760 326
1798770 326
1798780 326
1798790 326
1798800 327
1798810 327
1798820 328
1798830 329
1798840 329
1798850 330
1798860 331
1798870 331
1798880 332
1798890 333
1798900 333
1798910 334
1798920 334
1798930 335
1798940 336
1798950 336
1798960 336
1798970 337
1798980 337
1798990 337
1799000 337
1799010 337
1799020 337
1799030 337
1799040 337
1799050 337
1799060 337
1799070 337
1799080 337
1799090 337
1799100 337
1799110 337
1799120 337
1799130 337
1799140 337
1799150 337
1799160 337
1799170 338
1799180 338
1799190 339
1799200 339
1799210 340
1799220 340
1799230 341
1799240 341
1799250 341
1799260 342
1799270 342
1799280 342
1799290 342
1799300 342
1799310 342
1799320 342
1799330 342
1799340 342
1799350 342
1799360 342
1799370 342
1799380 342
1799390 342
1799400 342
1799410 342
1799420 343
1799430 343
1799440 343
1799450 343
1799460 343
1799470 343
1799480 343
1799490 344
1799500 344
1799510 344
1799520 344
1799530 344
1799540 345
1799550 345
1799560 346
1799570 346
1799580 346
1799590 346
1799600 346
1799610 347
1799620 347
1799630 347
1799640 348
1799650 348
1799660 348
1799670 348
1799680 348
1799690 349
1799700 349
1799710 349
1799720 349
1799730 349
1799740 349
1799750 349
1799760 348
1799770 348
1799780 348
1799790 347
1799800 347
1799810 346
1799820 346
1799830 346
1799840 346
1799850 347
1799860 347
1799870 347
1799880 348
1799890 348
1799900 348
1799910 348
1799920 348
1799930 348
1799940 348
1799950 348
1799960 348
1799970 348
1799980 348
1799990 347
