1780000 421
1780010 419
1780020 417
1780030 414
1780040 412
1780050 411
1780060 412
1780070 412
1780080 414
1780090 416
1780100 419
1780110 423
1780120 426
1780130 430
1780140 433
1780150 437
1780160 439
1780170 441
1780180 443
1780190 445
1780200 447
1780210 449
1780220 451
1780230 452
1780240 454
1780250 457
1780260 459
1780270 461
1780280 463
1780290 465
1780300 468
1780310 470
1780320 473
1780330 475
1780340 477
1780350 480
1780360 482
1780370 485
1780380 488
1780390 490
1780400 493
1780410 495
1780420 497
1780430 500
1780440 502
1780450 504
1780460 506
1780470 508
1780480 510
1780490 512
1780500 514
1780510 516
1780520 518
1780530 520
1780540 522
1780550 524
1780560 526
1780570 528
1780580 530
1780590 531
1780600 533
1780610 535
1780620 536
1780630 537
1780640 538
1780650 538
1780660 538
1780670 539
1780680 540
1780690 542
1780700 544
1780710 547
1780720 549
1780730 552
1780740 555
1780750 558
1780760 562
1780770 565
1780780 568
1780790 570
1780800 573
1780810 576
1780820 578
1780830 582
1780840 585
1780850 588
1780860 592
1780870 594
1780880 596
1780890 597
1780900 597
1780910 595
1780920 594
1780930 592
1780940 590
1780950 588
1780960 585
1780970 583
1780980 581
1780990 579
1781000 578
1781010 576
1781020 575
1781030 574
1781040 573
1781050 572
1781060 572
1781070 572
1781080 572
1781090 572
1781100 572
1781110 573
1781120 573
1781130 574
1781140 575
1781150 577
1781160 579
1781170 581
1781180 584
1781190 586
1781200 588
1781210 591
1781220 593
1781230 595
1781240 597
1781250 600
1781260 602
1781270 604
1781280 606
1781290 609
1781300 611
1781310 614
1781320 616
1781330 619
1781340 622
1781350 625
1781360 628
1781370 631
1781380 633
1781390 636
1781400 637
1781410 637
1781420 637
1781430 636
1781440 635
1781450 634
1781460 633
1781470 632
1781480 631
1781490 631
1781500 630
1781510 630
1781520 630
1781530 630
1781540 630
1781550 631
1781560 631
1781570 631
1781580 630
1781590 630
1781600 630
1781610 629
1781620 628
1781630 627
1781640 625
1781650 622
1781660 620
1781670 616
1781680 612
1781690 608
1781700 604
1781710 602
1781720 600
1781730 598
1781740 597
1781750 595
1781760 594
1781770 593
1781780 591
1781790 590
1781800 589
1781810 587
1781820 586
1781830 583
1781840 582
1781850 583
1781860 584
1781870 586
1781880 588
1781890 591
1781900 593
1781910 596
1781920 598
1781930 600
1781940 602
1781950 603
1781960 604
1781970 605
1781980 607
1781990 608
1782000 609
1782010 610
1782020 611
1782030 612
1782040 613
1782050 613
1782060 613
1782070 613
1782080 612
1782090 611
1782100 611
1782110 609
1782120 608
1782130 607
1782140 607
1782150 608
1782160 610
1782170 612
1782180 614
1782190 616
1782200 619
1782210 621
1782220 624
1782230 627
1782240 629
1782250 630
1782260 630
1782270 630
1782280 630
1782290 629
1782300 628
1782310 628
1782320 627
1782330 626
1782340 626
1782350 625
1782360 624
1782370 624
1782380 624
1782390 624
1782400 623
1782410 624
1782420 624
1782430 624
1782440 624
1782450 624
1782460 623
1782470 622
1782480 621
1782490 619
1782500 616
1782510 613
1782520 611
1782530 608
1782540 605
1782550 602
1782560 599
1782570 596
1782580 594
1782590 592
1782600 591
1782610 590
1782620 590
1782630 589
1782640 589
1782650 589
1782660 590
1782670 591
1782680 591
1782690 590
1782700 590
1782710 590
1782720 589
1782730 589
1782740 589
1782750 589
1782760 588
1782770 588
1782780 587
1782790 587
1782800 586
1782810 585
1782820 584
1782830 582
1782840 581
1782850 578
1782860 576
1782870 574
1782880 572
1782890 570
1782900 569
1782910 567
1782920 566
1782930 564
1782940 563
1782950 561
1782960 559
1782970 557
1782980 555
1782990 553
1783000 552
1783010 550
1783020 549
1783030 548
1783040 546
1783050 545
1783060 543
1783070 541
1783080 540
1783090 538
1783100 536
1783110 534
1783120 532
1783130 530
1783140 528
1783150 527
1783160 526
1783170 525
1783180 524
1783190 523
1783200 522
1783210 521
1783220 520
1783230 519
1783240 518
1783250 517
1783260 516
1783270 515
1783280 512
1783290 510
1783300 506
1783310 503
1783320 500
1783330 498
1783340 496
1783350 494
1783360 492
1783370 490
1783380 488
1783390 487
1783400 486
1783410 485
1783420 484
1783430 483
1783440 482
1783450 481
1783460 480
1783470 480
1783480 479
1783490 478
1783500 478
1783510 478
1783520 477
1783530 477
1783540 476
1783550 474
1783560 471
1783570 468
1783580 465
1783590 461
1783600 457
1783610 453
1783620 449
1783630 445
1783640 441
1783650 438
1783660 435
1783670 432
1783680 431
1783690 430
1783700 432
1783710 435
1783720 439
1783730 442
1783740 446
1783750 450
1783760 453
1783770 457
1783780 460
1783790 463
1783800 466
1783810 469
1783820 472
1783830 475
1783840 478
1783850 481
1783860 484
1783870 486
1783880 488
1783890 489
1783900 490
1783910 490
1783920 490
1783930 490
1783940 490
1783950 490
1783960 489
1783970 489
1783980 488
1783990 488
1784000 488
1784010 487
1784020 486
1784030 486
1784040 486
1784050 485
1784060 485
1784070 485
1784080 485
1784090 484
1784100 484
1784110 484
1784120 484
1784130 483
1784140 483
1784150 482
1784160 481
1784170 480
1784180 477
1784190 473
1784200 468
1784210 463
1784220 458
1784230 453
1784240 449
1784250 445
1784260 442
1784270 438
1784280 436
1784290 434
1784300 433
1784310 433
1784320 434
1784330 435
1784340 435
1784350 436
1784360 437
1784370 439
1784380 441
1784390 442
1784400 444
1784410 446
1784420 448
1784430 449
1784440 451
1784450 452
1784460 453
1784470 455
1784480 456
1784490 457
1784500 456
1784510 455
1784520 454
1784530 452
1784540 450
1784550 446
1784560 442
1784570 439
1784580 438
1784590 439
1784600 442
1784610 445
1784620 447
1784630 449
1784640 451
1784650 451
1784660 452
1784670 452
1784680 452
1784690 452
1784700 451
1784710 451
1784720 451
1784730 450
1784740 450
1784750 450
1784760 450
1784770 451
1784780 451
1784790 451
1784800 451
1784810 451
1784820 451
1784830 450
1784840 448
1784850 446
1784860 444
1784870 444
1784880 445
1784890 446
1784900 447
1784910 447
1784920 447
1784930 446
1784940 445
1784950 443
1784960 442
1784970 441
1784980 439
1784990 438
1785000 436
1785010 435
1785020 434
1785030 433
1785040 433
1785050 432
1785060 431
1785070 430
1785080 428
1785090 427
1785100 426
1785110 426
1785120 426
1785130 426
1785140 425
1785150 423
1785160 421
1785170 419
1785180 419
1785190 420
1785200 421
1785210 422
1785220 424
1785230 426
1785240 428
1785250 431
1785260 434
1785270 437
1785280 441
1785290 443
1785300 446
1785310 448
1785320 451
1785330 453
1785340 456
1785350 459
1785360 462
1785370 464
1785380 467
1785390 470
1785400 473
1785410 475
1785420 477
1785430 478
1785440 480
1785450 481
1785460 483
1785470 484
1785480 485
1785490 486
1785500 487
1785510 488
1785520 489
1785530 490
1785540 490
1785550 491
1785560 491
1785570 492
1785580 492
1785590 493
1785600 494
1785610 495
1785620 496
1785630 496
1785640 497
1785650 498
1785660 499
1785670 500
1785680 500
1785690 501
1785700 502
1785710 503
1785720 504
1785730 505
1785740 506
1785750 506
1785760 507
1785770 507
1785780 508
1785790 508
1785800 509
1785810 510
1785820 511
1785830 512
1785840 513
1785850 513
1785860 514
1785870 515
1785880 515
1785890 515
1785900 515
1785910 515
1785920 515
1785930 516
1785940 516
1785950 516
1785960 516
1785970 516
1785980 517
1785990 517
1786000 518
1786010 518
1786020 518
1786030 519
1786040 519
1786050 519
1786060 520
1786070 520
1786080 520
1786090 521
1786100 521
1786110 521
1786120 521
1786130 521
1786140 521
1786150 520
1786160 520
1786170 520
1786180 520
1786190 520
1786200 520
1786210 520
1786220 519
1786230 518
1786240 517
1786250 516
1786260 515
1786270 515
1786280 514
1786290 513
1786300 513
1786310 512
1786320 511
1786330 510
1786340 508
1786350 505
1786360 502
1786370 499
1786380 496
1786390 494
1786400 492
1786410 491
1786420 490
1786430 490
1786440 491
1786450 492
1786460 493
1786470 493
1786480 493
1786490 490
1786500 486
1786510 482
1786520 477
1786530 472
1786540 468
1786550 464
1786560 461
1786570 459
1786580 461
1786590 463
1786600 465
1786610 468
1786620 471
1786630 474
1786640 477
1786650 480
1786660 483
1786670 486
1786680 489
1786690 492
1786700 494
1786710 496
1786720 498
1786730 501
1786740 503
1786750 505
1786760 506
1786770 507
1786780 508
1786790 508
1786800 508
1786810 509
1786820 509
1786830 509
1786840 509
1786850 509
1786860 507
1786870 505
1786880 501
1786890 496
1786900 492
1786910 488
1786920 484
1786930 480
1786940 476
1786950 473
1786960 471
1786970 469
1786980 468
1786990 468
1787000 469
1787010 470
1787020 472
1787030 474
1787040 476
1787050 479
1787060 482
1787070 484
1787080 487
1787090 489
1787100 492
1787110 494
1787120 496
1787130 498
1787140 500
1787150 501
1787160 502
1787170 501
1787180 500
1787190 497
1787200 495
1787210 492
1787220 489
1787230 486
1787240 483
1787250 479
1787260 476
1787270 473
1787280 471
1787290 471
1787300 472
1787310 473
1787320 474
1787330 475
1787340 476
1787350 477
1787360 478
1787370 478
1787380 477
1787390 476
1787400 474
1787410 471
1787420 468
1787430 465
1787440 462
1787450 461
1787460 462
1787470 464
1787480 466
1787490 468
1787500 471
1787510 473
1787520 475
1787530 477
1787540 479
1787550 482
1787560 485
1787570 488
1787580 491
1787590 494
1787600 497
1787610 499
1787620 502
1787630 504
1787640 507
1787650 509
1787660 511
1787670 513
1787680 515
1787690 516
1787700 517
1787710 518
1787720 519
1787730 519
1787740 520
1787750 520
1787760 521
1787770 521
1787780 522
1787790 523
1787800 523
1787810 524
1787820 525
1787830 525
1787840 526
1787850 526
1787860 527
1787870 527
1787880 527
1787890 527
1787900 528
1787910 528
1787920 528
1787930 527
1787940 527
1787950 526
1787960 526
1787970 525
1787980 525
1787990 524
1788000 523
1788010 520
1788020 518
1788030 515
1788040 512
1788050 509
1788060 507
1788070 507
1788080 508
1788090 508
1788100 509
1788110 510
1788120 511
1788130 511
1788140 512
1788150 512
1788160 513
1788170 513
1788180 514
1788190 514
1788200 515
1788210 515
1788220 516
1788230 516
1788240 516
1788250 516
1788260 517
1788270 517
1788280 517
1788290 518
1788300 518
1788310 518
1788320 519
1788330 519
1788340 519
1788350 520
1788360 520
1788370 520
1788380 520
1788390 520
1788400 521
1788410 522
1788420 523
1788430 523
1788440 523
1788450 522
1788460 522
1788470 522
1788480 521
1788490 521
1788500 521
1788510 521
1788520 521
1788530 520
1788540 520
1788550 521
1788560 520
1788570 520
1788580 519
1788590 519
1788600 519
1788610 518
1788620 518
1788630 517
1788640 517
1788650 517
1788660 516
1788670 516
1788680 515
1788690 514
1788700 514
1788710 513
1788720 512
1788730 512
1788740 511
1788750 510
1788760 508
1788770 507
1788780 506
1788790 504
1788800 501
1788810 498
1788820 495
1788830 490
1788840 485
1788850 481
1788860 477
1788870 473
1788880 469
1788890 466
1788900 464
1788910 462
1788920 460
1788930 458
1788940 457
1788950 455
1788960 453
1788970 451
1788980 449
1788990 447
1789000 445
1789010 444
1789020 443
1789030 442
1789040 441
1789050 440
1789060 439
1789070 438
1789080 437
1789090 436
1789100 435
1789110 435
1789120 434
1789130 434
1789140 434
1789150 433
1789160 433
1789170 433
1789180 433
1789190 433
1789200 433
1789210 433
1789220 433
1789230 433
1789240 433
1789250 434
1789260 435
1789270 437
1789280 439
1789290 440
1789300 442
1789310 443
1789320 444
1789330 445
1789340 446
1789350 447
1789360 447
1789370 447
1789380 447
1789390 447
1789400 448
1789410 448
1789420 449
1789430 449
1789440 448
1789450 447
1789460 444
1789470 442
1789480 440
1789490 438
1789500 437
1789510 436
1789520 434
1789530 432
1789540 430
1789550 428
1789560 426
1789570 425
1789580 423
1789590 421
1789600 419
1789610 417
1789620 415
1789630 413
1789640 411
1789650 410
1789660 408
1789670 407
1789680 405
1789690 404
1789700 402
1789710 401
1789720 400
1789730 399
1789740 398
1789750 398
1789760 397
1789770 397
1789780 396
1789790 396
1789800 396
1789810 396
1789820 396
1789830 396
1789840 396
1789850 396
1789860 395
1789870 393
1789880 392
1789890 392
1789900 391
1789910 390
1789920 389
1789930 388
1789940 387
1789950 386
1789960 385
1789970 384
1789980 383
1789990 383
1790000 382
1790010 381
1790020 381
1790030 381
1790040 382
1790050 381
1790060 380
1790070 381
1790080 382
1790090 384
1790100 386
1790110 387
1790120 389
1790130 389
1790140 389
1790150 389
1790160 389
1790170 389
1790180 389
1790190 390
1790200 390
1790210 390
1790220 390
1790230 390
1790240 389
1790250 389
1790260 388
1790270 388
1790280 388
1790290 388
1790300 388
1790310 388
1790320 387
1790330 385
1790340 381
1790350 377
1790360 373
1790370 369
1790380 365
1790390 362
1790400 361
1790410 360
1790420 359
1790430 358
1790440 357
1790450 356
1790460 355
1790470 354
1790480 354
1790490 353
1790500 353
1790510 353
1790520 353
1790530 353
1790540 353
1790550 353
1790560 353
1790570 354
1790580 354
1790590 355
1790600 356
1790610 357
1790620 356
1790630 355
1790640 353
1790650 349
1790660 345
1790670 341
1790680 337
1790690 333
1790700 331
1790710 330
1790720 330
1790730 328
1790740 327
1790750 326
1790760 326
1790770 327
1790780 328
1790790 329
1790800 330
1790810 330
1790820 330
1790830 330
1790840 330
1790850 330
1790860 330
1790870 330
1790880 330
1790890 330
1790900 330
1790910 330
1790920 330
1790930 330
1790940 330
1790950 330
1790960 330
1790970 329
1790980 329
1790990 329
1791000 328
1791010 329
1791020 329
1791030 329
1791040 330
1791050 330
1791060 330
1791070 329
1791080 329
1791090 329
1791100 329
1791110 329
1791120 329
1791130 329
1791140 329
1791150 329
1791160 329
1791170 329
1791180 329
1791190 329
1791200 328
1791210 328
1791220 328
1791230 328
1791240 328
1791250 328
1791260 328
1791270 328
1791280 328
1791290 328
1791300 328
1791310 328
1791320 328
1791330 328
1791340 328
1791350 328
1791360 329
1791370 329
1791380 329
1791390 330
1791400 331
1791410 332
1791420 334
1791430 336
1791440 338
1791450 340
1791460 340
1791470 340
1791480 339
1791490 338
1791500 338
1791510 338
1791520 337
1791530 337
1791540 337
1791550 338
1791560 338
1791570 338
1791580 338
1791590 338
1791600 338
1791610 338
1791620 338
1791630 338
1791640 338
1791650 338
1791660 338
1791670 338
1791680 338
1791690 339
1791700 342
1791710 344
1791720 346
1791730 347
1791740 348
1791750 350
1791760 352
1791770 354
1791780 357
1791790 359
1791800 362
1791810 365
1791820 367
1791830 367
1791840 367
1791850 367
1791860 366
1791870 366
1791880 365
1791890 364
1791900 363
1791910 362
1791920 361
1791930 360
1791940 359
1791950 358
1791960 357
1791970 355
1791980 354
1791990 354
1792000 354
1792010 354
1792020 354
1792030 354
1792040 354
1792050 354
1792060 355
1792070 355
1792080 355
1792090 355
1792100 356
1792110 356
1792120 356
1792130 356
1792140 357
1792150 357
1792160 358
1792170 358
1792180 358
1792190 359
1792200 359
1792210 360
1792220 360
1792230 361
1792240 362
1792250 362
1792260 363
1792270 364
1792280 365
1792290 365
1792300 366
1792310 367
1792320 368
1792330 369
1792340 370
1792350 370
1792360 371
1792370 372
1792380 372
1792390 373
1792400 373
1792410 374
1792420 375
1792430 376
1792440 376
1792450 377
1792460 378
1792470 379
1792480 379
1792490 380
1792500 381
1792510 381
1792520 382
1792530 383
1792540 384
1792550 385
1792560 387
1792570 388
1792580 389
1792590 390
1792600 391
1792610 392
1792620 393
1792630 394
1792640 395
1792650 396
1792660 398
1792670 400
1792680 402
1792690 403
1792700 405
1792710 406
1792720 408
1792730 408
1792740 410
1792750 412
1792760 414
1792770 415
1792780 417
1792790 418
1792800 419
1792810 420
1792820 421
1792830 422
1792840 423
1792850 425
1792860 426
1792870 427
1792880 428
1792890 429
1792900 429
1792910 430
1792920 430
1792930 429
1792940 428
1792950 428
1792960 428
1792970 428
1792980 429
1792990 429
1793000 429
1793010 428
1793020 428
1793030 427
1793040 427
1793050 427
1793060 427
1793070 428
1793080 428
1793090 428
1793100 428
1793110 428
1793120 428
1793130 429
1793140 429
1793150 429
1793160 430
1793170 430
1793180 431
1793190 432
1793200 432
1793210 433
1793220 434
1793230 434
1793240 435
1793250 435
1793260 436
1793270 437
1793280 437
1793290 437
1793300 437
1793310 437
1793320 437
1793330 438
1793340 438
1793350 438
1793360 438
1793370 438
1793380 438
1793390 437
1793400 437
1793410 437
1793420 437
1793430 437
1793440 437
1793450 436
1793460 436
1793470 435
1793480 434
1793490 433
1793500 433
1793510 432
1793520 431
1793530 431
1793540 430
1793550 429
1793560 429
1793570 428
1793580 427
1793590 426
1793600 425
1793610 425
1793620 424
1793630 423
1793640 422
1793650 421
1793660 421
1793670 420
1793680 419
1793690 418
1793700 417
1793710 417
1793720 416
1793730 415
1793740 415
1793750 414
1793760 413
1793770 413
1793780 412
1793790 411
1793800 410
1793810 410
1793820 409
1793830 408
1793840 408
1793850 407
1793860 407
1793870 406
1793880 405
1793890 404
1793900 404
1793910 403
1793920 403
1793930 402
1793940 402
1793950 402
1793960 402
1793970 402
1793980 401
1793990 401
1794000 401
1794010 401
1794020 402
1794030 403
1794040 403
1794050 402
1794060 402
1794070 402
1794080 402
1794090 402
1794100 402
1794110 401
1794120 401
1794130 401
1794140 401
1794150 401
1794160 401
1794170 401
1794180 401
1794190 401
1794200 401
1794210 401
1794220 401
1794230 401
1794240 400
1794250 400
1794260 400
1794270 400
1794280 400
1794290 400
1794300 400
1794310 400
1794320 399
1794330 399
1794340 399
1794350 398
1794360 398
1794370 397
1794380 397
1794390 396
1794400 396
1794410 395
1794420 395
1794430 394
1794440 394
1794450 394
1794460 393
1794470 393
1794480 393
1794490 393
1794500 392
1794510 392
1794520 392
1794530 392
1794540 392
1794550 392
1794560 392
1794570 391
1794580 391
1794590 390
1794600 389
1794610 389
1794620 388
1794630 388
1794640 387
1794650 387
1794660 387
1794670 387
1794680 387
1794690 387
1794700 387
1794710 387
1794720 387
1794730 387
1794740 387
1794750 387
1794760 387
1794770 387
1794780 387
1794790 387
1794800 387
1794810 387
1794820 387
1794830 388
1794840 388
1794850 388
1794860 388
1794870 388
1794880 388
1794890 388
1794900 389
1794910 389
1794920 389
1794930 389
1794940 390
1794950 390
1794960 390
1794970 390
1794980 390
1794990 391
1795000 391
1795010 391
1795020 391
1795030 392
1795040 392
1795050 393
1795060 393
1795070 393
1795080 393
1795090 393
1795100 393
1795110 393
1795120 393
1795130 393
1795140 393
1795150 393
1795160 392
1795170 392
1795180 392
1795190 392
1795200 392
1795210 392
1795220 392
1795230 392
1795240 392
1795250 392
1795260 392
1795270 392
1795280 392
1795290 392
1795300 393
1795310 393
1795320 393
1795330 393
1795340 393
1795350 393
1795360 393
1795370 392
1795380 392
1795390 392
1795400 391
1795410 391
1795420 390
1795430 390
1795440 390
1795450 390
1795460 389
1795470 389
1795480 389
1795490 389
1795500 389
1795510 388
1795520 388
1795530 388
1795540 388
1795550 388
1795560 388
1795570 388
1795580 388
1795590 388
1795600 388
1795610 388
1795620 388
1795630 388
1795640 389
1795650 389
1795660 389
1795670 389
1795680 389
1795690 389
1795700 389
1795710 389
1795720 389
1795730 389
1795740 389
1795750 389
1795760 389
1795770 388
1795780 388
1795790 388
1795800 388
1795810 388
1795820 388
1795830 388
1795840 388
1795850 387
1795860 388
1795870 388
1795880 388
1795890 388
1795900 388
1795910 388
1795920 388
1795930 388
1795940 388
1795950 388
1795960 389
1795970 389
1795980 389
1795990 389
1796000 389
1796010 388
1796020 388
1796030 388
1796040 388
1796050 388
1796060 387
1796070 387
1796080 387
1796090 387
1796100 387
1796110 387
1796120 387
1796130 387
1796140 387
1796150 387
1796160 387
1796170 387
1796180 387
1796190 387
1796200 387
1796210 387
1796220 388
1796230 388
1796240 388
1796250 388
1796260 388
1796270 389
1796280 389
1796290 390
1796300 390
1796310 390
1796320 390
1796330 389
1796340 388
1796350 387
1796360 386
1796370 386
1796380 385
1796390 385
1796400 384
1796410 383
1796420 383
1796430 382
1796440 381
1796450 381
1796460 380
1796470 380
1796480 379
1796490 379
1796500 378
1796510 378
1796520 377
1796530 376
1796540 375
1796550 375
1796560 374
1796570 374
1796580 373
1796590 373
1796600 373
1796610 371
1796620 371
1796630 370
1796640 369
1796650 368
1796660 368
1796670 367
1796680 367
1796690 366
1796700 366
1796710 365
1796720 364
1796730 364
1796740 363
1796750 363
1796760 362
1796770 362
1796780 361
1796790 361
1796800 360
1796810 358
1796820 357
1796830 356
1796840 356
1796850 355
1796860 355
1796870 354
1796880 353
1796890 352
1796900 352
1796910 351
1796920 350
1796930 350
1796940 349
1796950 349
1796960 348
1796970 348
1796980 347
1796990 347
1797000 346
1797010 346
1797020 345
1797030 345
1797040 345
1797050 344
1797060 344
1797070 344
1797080 343
1797090 343
1797100 342
1797110 342
1797120 342
1797130 341
1797140 341
1797150 341
1797160 341
1797170 340
1797180 340
1797190 339
1797200 339
1797210 338
1797220 337
1797230 336
1797240 335
1797250 335
1797260 335
1797270 335
1797280 334
1797290 334
1797300 334
1797310 333
1797320 333
1797330 333
1797340 332
1797350 332
1797360 331
1797370 331
1797380 330
1797390 329
1797400 328
1797410 327
1797420 326
1797430 326
1797440 325
1797450 325
1797460 324
1797470 324
1797480 323
1797490 323
1797500 323
1797510 322
1797520 322
1797530 322
1797540 322
1797550 321
1797560 321
1797570 321
1797580 321
1797590 321
1797600 320
1797610 320
1797620 320
1797630 320
1797640 320
1797650 320
1797660 320
1797670 320
1797680 320
1797690 320
1797700 319
1797710 319
1797720 319
1797730 319
1797740 319
1797750 319
1797760 319
1797770 319
1797780 319
1797790 319
1797800 319
1797810 318
1797820 318
1797830 318
1797840 318
1797850 318
1797860 318
1797870 318
1797880 318
1797890 318
1797900 318
1797910 318
1797920 318
1797930 318
1797940 318
1797950 318
1797960 317
1797970 317
1797980 317
1797990 317
1798000 317
1798010 317
1798020 317
1798030 317
1798040 317
1798050 317
1798060 317
1798070 317
1798080 317
1798090 317
1798100 317
1798110 317
1798120 317
1798130 317
1798140 317
1798150 317
1798160 317
1798170 317
1798180 317
1798190 317
1798200 317
1798210 318
1798220 318
1798230 318
1798240 318
1798250 318
1798260 318
1798270 318
1798280 318
1798290 318
1798300 318
1798310 318
1798320 317
1798330 317
1798340 317
1798350 317
1798360 317
1798370 317
1798380 317
1798390 317
1798400 317
1798410 317
1798420 317
1798430 317
1798440 317
1798450 318
1798460 318
1798470 318
1798480 318
1798490 318
1798500 319
1798510 319
1798520 319
1798530 319
1798540 319
1798550 319
1798560 319
1798570 319
1798580 320
1798590 320
1798600 320
1798610 320
1798620 320
1798630 320
1798640 320
1798650 320
1798660 321
1798670 321
1798680 321
1798690 321
1798700 321
1798710 321
1798720 321
1798730 321
1798740 321
1798750 321
1798760 321
1798770 321
1798780 321
1798790 321
1798800 321
1798810 321
1798820 321
1798830 321
1798840 321
1798850 321
1798860 321
1798870 321
1798880 321
1798890 321
1798900 321
1798910 321
1798920 321
1798930 322
1798940 322
1798950 322
1798960 323
1798970 323
1798980 323
1798990 323
1799000 324
1799010 324
1799020 324
1799030 324
1799040 324
1799050 324
1799060 325
1799070 325
1799080 325
1799090 325
1799100 325
1799110 325
1799120 325
1799130 325
1799140 325
1799150 326
1799160 326
1799170 326
1799180 326
1799190 326
1799200 326
1799210 326
1799220 326
1799230 326
1799240 326
1799250 326
1799260 326
1799270 327
1799280 327
1799290 327
1799300 327
1799310 328
1799320 328
1799330 329
1799340 329
1799350 329
1799360 329
1799370 330
1799380 330
1799390 330
1799400 329
1799410 329
1799420 329
1799430 329
1799440 329
1799450 329
1799460 329
1799470 329
1799480 329
1799490 329
1799500 329
1799510 330
1799520 330
1799530 330
1799540 330
1799550 330
1799560 330
1799570 330
1799580 330
1799590 330
1799600 330
1799610 330
1799620 331
1799630 331
1799640 331
1799650 331
1799660 332
1799670 332
1799680 332
1799690 332
1799700 332
1799710 332
1799720 332
1799730 332
1799740 331
1799750 331
1799760 331
1799770 331
1799780 330
1799790 330
1799800 330
1799810 330
1799820 330
1799830 330
1799840 330
1799850 330
1799860 330
1799870 330
1799880 330
1799890 330
1799900 330
1799910 329
1799920 329
1799930 329
1799940 329
1799950 329
1799960 329
1799970 329
1799980 329
1799990 329
