1780000 532
1780010 529
1780020 527
1780030 524
1780040 521
1780050 519
1780060 516
1780070 514
1780080 513
1780090 512
1780100 510
1780110 508
1780120 506
1780130 503
1780140 502
1780150 500
1780160 499
1780170 498
1780180 495
1780190 491
1780200 487
1780210 483
1780220 480
1780230 478
1780240 477
1780250 476
1780260 475
1780270 474
1780280 474
1780290 473
1780300 472
1780310 471
1780320 471
1780330 470
1780340 469
1780350 468
1780360 467
1780370 466
1780380 465
1780390 464
1780400 463
1780410 462
1780420 461
1780430 460
1780440 459
1780450 458
1780460 458
1780470 457
1780480 457
1780490 456
1780500 455
1780510 455
1780520 454
1780530 453
1780540 452
1780550 451
1780560 451
1780570 450
1780580 449
1780590 448
1780600 448
1780610 448
1780620 448
1780630 448
1780640 448
1780650 448
1780660 448
1780670 448
1780680 448
1780690 448
1780700 448
1780710 448
1780720 448
1780730 448
1780740 448
1780750 448
1780760 448
1780770 448
1780780 448
1780790 447
1780800 447
1780810 447
1780820 447
1780830 448
1780840 449
1780850 450
1780860 451
1780870 451
1780880 452
1780890 452
1780900 452
1780910 452
1780920 452
1780930 453
1780940 453
1780950 454
1780960 457
1780970 459
1780980 463
1780990 465
1781000 467
1781010 466
1781020 464
1781030 461
1781040 458
1781050 455
1781060 452
1781070 449
1781080 445
1781090 442
1781100 439
1781110 436
1781120 434
1781130 432
1781140 431
1781150 430
1781160 429
1781170 428
1781180 428
1781190 427
1781200 427
1781210 427
1781220 427
1781230 427
1781240 426
1781250 426
1781260 426
1781270 426
1781280 425
1781290 424
1781300 424
1781310 423
1781320 423
1781330 422
1781340 421
1781350 421
1781360 421
1781370 420
1781380 420
1781390 420
1781400 419
1781410 419
1781420 419
1781430 419
1781440 419
1781450 420
1781460 420
1781470 421
1781480 421
1781490 422
1781500 423
1781510 423
1781520 424
1781530 425
1781540 425
1781550 426
1781560 426
1781570 426
1781580 427
1781590 428
1781600 428
1781610 429
1781620 429
1781630 430
1781640 432
1781650 433
1781660 434
1781670 434
1781680 435
1781690 437
1781700 439
1781710 442
1781720 444
1781730 446
1781740 447
1781750 446
1781760 444
1781770 441
1781780 438
1781790 434
1781800 431
1781810 427
1781820 424
1781830 422
1781840 420
1781850 418
1781860 417
1781870 416
1781880 414
1781890 413
1781900 413
1781910 412
1781920 411
1781930 411
1781940 412
1781950 413
1781960 413
1781970 413
1781980 413
1781990 413
1782000 413
1782010 412
1782020 412
1782030 412
1782040 412
1782050 412
1782060 412
1782070 412
1782080 413
1782090 413
1782100 413
1782110 413
1782120 414
1782130 414
1782140 413
1782150 413
1782160 414
1782170 415
1782180 416
1782190 417
1782200 418
1782210 419
1782220 420
1782230 421
1782240 422
1782250 424
1782260 425
1782270 426
1782280 427
1782290 428
1782300 428
1782310 429
1782320 429
1782330 429
1782340 429
1782350 430
1782360 430
1782370 430
1782380 431
1782390 431
1782400 432
1782410 432
1782420 433
1782430 434
1782440 434
1782450 435
1782460 436
1782470 437
1782480 438
1782490 439
1782500 440
1782510 441
1782520 442
1782530 444
1782540 446
1782550 449
1782560 451
1782570 452
1782580 454
1782590 455
1782600 456
1782610 458
1782620 460
1782630 462
1782640 464
1782650 466
1782660 467
1782670 468
1782680 470
1782690 472
1782700 474
1782710 477
1782720 478
1782730 479
1782740 479
1782750 475
1782760 469
1782770 464
1782780 459
1782790 455
1782800 452
1782810 448
1782820 445
1782830 443
1782840 441
1782850 439
1782860 438
1782870 437
1782880 436
1782890 437
1782900 437
1782910 438
1782920 438
1782930 438
1782940 439
1782950 440
1782960 442
1782970 444
1782980 446
1782990 449
1783000 451
1783010 453
1783020 455
1783030 456
1783040 455
1783050 449
1783060 441
1783070 438
1783080 434
1783090 432
1783100 429
1783110 427
1783120 424
1783130 422
1783140 422
1783150 422
1783160 421
1783170 422
1783180 422
1783190 424
1783200 427
1783210 428
1783220 430
1783230 430
1783240 431
1783250 431
1783260 431
1783270 431
1783280 431
1783290 431
1783300 431
1783310 431
1783320 432
1783330 432
1783340 432
1783350 432
1783360 432
1783370 431
1783380 430
1783390 429
1783400 428
1783410 426
1783420 425
1783430 423
1783440 423
1783450 422
1783460 421
1783470 421
1783480 420
1783490 420
1783500 420
1783510 420
1783520 421
1783530 421
1783540 421
1783550 422
1783560 423
1783570 424
1783580 427
1783590 428
1783600 429
1783610 430
1783620 428
1783630 427
1783640 426
1783650 424
1783660 424
1783670 423
1783680 423
1783690 423
1783700 423
1783710 424
1783720 425
1783730 426
1783740 427
1783750 428
1783760 430
1783770 431
1783780 432
1783790 434
1783800 438
1783810 441
1783820 444
1783830 444
1783840 445
1783850 446
1783860 446
1783870 447
1783880 448
1783890 450
1783900 450
1783910 450
1783920 450
1783930 450
1783940 450
1783950 449
1783960 448
1783970 447
1783980 445
1783990 443
1784000 440
1784010 439
1784020 438
1784030 437
1784040 434
1784050 432
1784060 429
1784070 426
1784080 424
1784090 423
1784100 423
1784110 423
1784120 421
1784130 419
1784140 417
1784150 415
1784160 415
1784170 414
1784180 413
1784190 410
1784200 405
1784210 399
1784220 395
1784230 392
1784240 388
1784250 382
1784260 378
1784270 374
1784280 371
1784290 368
1784300 365
1784310 364
1784320 362
1784330 361
1784340 361
1784350 360
1784360 360
1784370 360
1784380 360
1784390 360
1784400 360
1784410 360
1784420 361
1784430 362
1784440 363
1784450 363
1784460 363
1784470 363
1784480 363
1784490 363
1784500 363
1784510 363
1784520 363
1784530 363
1784540 363
1784550 363
1784560 363
1784570 363
1784580 363
1784590 363
1784600 363
1784610 363
1784620 364
1784630 364
1784640 364
1784650 364
1784660 363
1784670 363
1784680 363
1784690 363
1784700 363
1784710 363
1784720 363
1784730 363
1784740 362
1784750 362
1784760 362
1784770 362
1784780 362
1784790 363
1784800 363
1784810 363
1784820 363
1784830 363
1784840 363
1784850 363
1784860 363
1784870 363
1784880 363
1784890 364
1784900 363
1784910 363
1784920 363
1784930 364
1784940 364
1784950 364
1784960 365
1784970 365
1784980 366
1784990 366
1785000 367
1785010 367
1785020 368
1785030 369
1785040 369
1785050 370
1785060 371
1785070 371
1785080 372
1785090 373
1785100 375
1785110 376
1785120 377
1785130 378
1785140 380
1785150 381
1785160 383
1785170 385
1785180 387
1785190 389
1785200 391
1785210 393
1785220 396
1785230 398
1785240 401
1785250 403
1785260 406
1785270 409
1785280 411
1785290 413
1785300 416
1785310 418
1785320 420
1785330 422
1785340 424
1785350 426
1785360 429
1785370 431
1785380 433
1785390 437
1785400 440
1785410 445
1785420 449
1785430 454
1785440 458
1785450 462
1785460 465
1785470 468
1785480 472
1785490 475
1785500 477
1785510 480
1785520 482
1785530 485
1785540 488
1785550 490
1785560 493
1785570 496
1785580 498
1785590 501
1785600 503
1785610 506
1785620 509
1785630 511
1785640 513
1785650 515
1785660 517
1785670 520
1785680 521
1785690 520
1785700 519
1785710 517
1785720 515
1785730 513
1785740 512
1785750 511
1785760 510
1785770 509
1785780 507
1785790 504
1785800 502
1785810 501
1785820 501
1785830 500
1785840 499
1785850 499
1785860 499
1785870 499
1785880 498
1785890 496
1785900 495
1785910 493
1785920 491
1785930 490
1785940 488
1785950 486
1785960 485
1785970 483
1785980 481
1785990 480
1786000 478
1786010 477
1786020 475
1786030 473
1786040 472
1786050 471
1786060 470
1786070 469
1786080 468
1786090 466
1786100 465
1786110 464
1786120 462
1786130 461
1786140 459
1786150 458
1786160 456
1786170 455
1786180 454
1786190 452
1786200 451
1786210 450
1786220 449
1786230 448
1786240 447
1786250 446
1786260 445
1786270 443
1786280 442
1786290 440
1786300 437
1786310 433
1786320 430
1786330 426
1786340 424
1786350 421
1786360 418
1786370 415
1786380 412
1786390 409
1786400 405
1786410 402
1786420 398
1786430 395
1786440 391
1786450 388
1786460 385
1786470 382
1786480 379
1786490 377
1786500 375
1786510 373
1786520 371
1786530 367
1786540 365
1786550 363
1786560 361
1786570 360
1786580 359
1786590 359
1786600 360
1786610 360
1786620 361
1786630 361
1786640 361
1786650 362
1786660 362
1786670 362
1786680 363
1786690 363
1786700 364
1786710 365
1786720 366
1786730 366
1786740 368
1786750 371
1786760 375
1786770 376
1786780 378
1786790 379
1786800 380
1786810 381
1786820 382
1786830 383
1786840 384
1786850 386
1786860 387
1786870 388
1786880 389
1786890 391
1786900 392
1786910 394
1786920 395
1786930 397
1786940 398
1786950 400
1786960 401
1786970 402
1786980 404
1786990 405
1787000 406
1787010 408
1787020 409
1787030 410
1787040 411
1787050 412
1787060 413
1787070 414
1787080 416
1787090 417
1787100 418
1787110 419
1787120 421
1787130 422
1787140 423
1787150 425
1787160 427
1787170 429
1787180 431
1787190 433
1787200 436
1787210 439
1787220 442
1787230 445
1787240 447
1787250 450
1787260 453
1787270 456
1787280 459
1787290 461
1787300 464
1787310 466
1787320 468
1787330 471
1787340 474
1787350 476
1787360 479
1787370 480
1787380 482
1787390 484
1787400 486
1787410 488
1787420 490
1787430 492
1787440 493
1787450 494
1787460 496
1787470 499
1787480 502
1787490 504
1787500 506
1787510 507
1787520 508
1787530 508
1787540 508
1787550 508
1787560 508
1787570 508
1787580 507
1787590 506
1787600 505
1787610 503
1787620 502
1787630 500
1787640 498
1787650 497
1787660 497
1787670 497
1787680 496
1787690 496
1787700 496
1787710 495
1787720 494
1787730 494
1787740 493
1787750 492
1787760 490
1787770 489
1787780 488
1787790 488
1787800 487
1787810 486
1787820 484
1787830 484
1787840 483
1787850 483
1787860 483
1787870 483
1787880 483
1787890 483
1787900 483
1787910 484
1787920 485
1787930 485
1787940 486
1787950 486
1787960 485
1787970 485
1787980 484
1787990 484
1788000 484
1788010 483
1788020 482
1788030 481
1788040 480
1788050 480
1788060 479
1788070 478
1788080 478
1788090 478
1788100 478
1788110 479
1788120 479
1788130 481
1788140 482
1788150 484
1788160 486
1788170 488
1788180 490
1788190 493
1788200 494
1788210 496
1788220 497
1788230 498
1788240 498
1788250 499
1788260 499
1788270 500
1788280 500
1788290 500
1788300 500
1788310 500
1788320 500
1788330 501
1788340 501
1788350 500
1788360 500
1788370 499
1788380 500
1788390 500
1788400 501
1788410 502
1788420 503
1788430 504
1788440 505
1788450 506
1788460 507
1788470 509
1788480 510
1788490 510
1788500 511
1788510 511
1788520 510
1788530 510
1788540 510
1788550 510
1788560 510
1788570 510
1788580 509
1788590 509
1788600 508
1788610 508
1788620 507
1788630 507
1788640 507
1788650 506
1788660 506
1788670 505
1788680 505
1788690 504
1788700 504
1788710 504
1788720 503
1788730 503
1788740 502
1788750 502
1788760 501
1788770 500
1788780 500
1788790 499
1788800 498
1788810 497
1788820 497
1788830 496
1788840 496
1788850 495
1788860 494
1788870 493
1788880 492
1788890 492
1788900 491
1788910 491
1788920 490
1788930 489
1788940 488
1788950 487
1788960 487
1788970 486
1788980 485
1788990 485
1789000 484
1789010 483
1789020 482
1789030 480
1789040 480
1789050 480
1789060 480
1789070 480
1789080 480
1789090 481
1789100 482
1789110 482
1789120 483
1789130 484
1789140 485
1789150 486
1789160 487
1789170 488
1789180 489
1789190 489
1789200 490
1789210 490
1789220 491
1789230 492
1789240 492
1789250 493
1789260 493
1789270 493
1789280 494
1789290 494
1789300 494
1789310 494
1789320 494
1789330 494
1789340 494
1789350 494
1789360 494
1789370 494
1789380 494
1789390 494
1789400 494
1789410 494
1789420 494
1789430 494
1789440 494
1789450 494
1789460 494
1789470 494
1789480 494
1789490 495
1789500 495
1789510 495
1789520 495
1789530 495
1789540 495
1789550 494
1789560 494
1789570 494
1789580 493
1789590 493
1789600 493
1789610 492
1789620 492
1789630 492
1789640 492
1789650 491
1789660 491
1789670 490
1789680 490
1789690 489
1789700 489
1789710 488
1789720 487
1789730 487
1789740 486
1789750 486
1789760 485
1789770 484
1789780 484
1789790 483
1789800 482
1789810 482
1789820 481
1789830 481
1789840 480
1789850 480
1789860 479
1789870 479
1789880 478
1789890 477
1789900 476
1789910 475
1789920 474
1789930 473
1789940 473
1789950 471
1789960 470
1789970 470
1789980 468
1789990 467
1790000 466
1790010 465
1790020 463
1790030 463
1790040 462
1790050 462
1790060 461
1790070 461
1790080 460
1790090 459
1790100 459
1790110 458
1790120 456
1790130 455
1790140 455
1790150 454
1790160 453
1790170 453
1790180 452
1790190 452
1790200 451
1790210 450
1790220 449
1790230 448
1790240 447
1790250 446
1790260 445
1790270 444
1790280 443
1790290 442
1790300 441
1790310 440
1790320 439
1790330 438
1790340 438
1790350 437
1790360 436
1790370 435
1790380 434
1790390 433
1790400 432
1790410 431
1790420 430
1790430 429
1790440 428
1790450 427
1790460 426
1790470 425
1790480 425
1790490 424
1790500 424
1790510 423
1790520 424
1790530 424
1790540 424
1790550 424
1790560 424
1790570 424
1790580 424
1790590 423
1790600 423
1790610 423
1790620 423
1790630 422
1790640 421
1790650 420
1790660 418
1790670 417
1790680 416
1790690 414
1790700 412
1790710 411
1790720 410
1790730 408
1790740 407
1790750 407
1790760 406
1790770 406
1790780 406
1790790 406
1790800 406
1790810 406
1790820 406
1790830 406
1790840 406
1790850 406
1790860 407
1790870 407
1790880 407
1790890 408
1790900 409
1790910 410
1790920 411
1790930 412
1790940 413
1790950 414
1790960 415
1790970 416
1790980 417
1790990 418
1791000 419
1791010 419
1791020 420
1791030 421
1791040 422
1791050 422
1791060 423
1791070 423
1791080 424
1791090 424
1791100 424
1791110 425
1791120 425
1791130 426
1791140 426
1791150 427
1791160 428
1791170 428
1791180 429
1791190 430
1791200 431
1791210 432
1791220 434
1791230 436
1791240 438
1791250 440
1791260 442
1791270 444
1791280 446
1791290 448
1791300 449
1791310 451
1791320 452
1791330 453
1791340 454
1791350 455
1791360 456
1791370 456
1791380 456
1791390 455
1791400 454
1791410 454
1791420 454
1791430 455
1791440 455
1791450 455
1791460 455
1791470 455
1791480 456
1791490 456
1791500 456
1791510 456
1791520 457
1791530 457
1791540 458
1791550 459
1791560 461
1791570 463
1791580 464
1791590 466
1791600 467
1791610 468
1791620 469
1791630 470
1791640 471
1791650 472
1791660 472
1791670 473
1791680 474
1791690 474
1791700 474
1791710 475
1791720 475
1791730 476
1791740 476
1791750 477
1791760 478
1791770 478
1791780 478
1791790 479
1791800 479
1791810 479
1791820 480
1791830 480
1791840 480
1791850 480
1791860 480
1791870 480
1791880 480
1791890 480
1791900 480
1791910 481
1791920 481
1791930 481
1791940 482
1791950 482
1791960 483
1791970 484
1791980 484
1791990 484
1792000 484
1792010 484
1792020 484
1792030 483
1792040 482
1792050 481
1792060 481
1792070 480
1792080 480
1792090 479
1792100 479
1792110 478
1792120 478
1792130 477
1792140 476
1792150 476
1792160 475
1792170 474
1792180 474
1792190 473
1792200 472
1792210 471
1792220 471
1792230 470
1792240 469
1792250 468
1792260 468
1792270 467
1792280 466
1792290 465
1792300 464
1792310 464
1792320 462
1792330 461
1792340 461
1792350 460
1792360 459
1792370 458
1792380 457
1792390 456
1792400 455
1792410 455
1792420 454
1792430 453
1792440 452
1792450 451
1792460 451
1792470 450
1792480 449
1792490 449
1792500 448
1792510 448
1792520 447
1792530 447
1792540 446
1792550 446
1792560 446
1792570 445
1792580 444
1792590 444
1792600 443
1792610 442
1792620 441
1792630 440
1792640 440
1792650 439
1792660 438
1792670 437
1792680 437
1792690 436
1792700 435
1792710 434
1792720 434
1792730 433
1792740 433
1792750 432
1792760 431
1792770 430
1792780 430
1792790 429
1792800 429
1792810 428
1792820 428
1792830 427
1792840 427
1792850 426
1792860 426
1792870 425
1792880 424
1792890 423
1792900 423
1792910 422
1792920 422
1792930 422
1792940 422
1792950 423
1792960 424
1792970 425
1792980 426
1792990 428
1793000 430
1793010 432
1793020 434
1793030 436
1793040 439
1793050 441
1793060 443
1793070 446
1793080 448
1793090 450
1793100 451
1793110 453
1793120 454
1793130 455
1793140 455
1793150 454
1793160 454
1793170 453
1793180 453
1793190 452
1793200 451
1793210 450
1793220 449
1793230 447
1793240 445
1793250 444
1793260 443
1793270 441
1793280 439
1793290 436
1793300 434
1793310 431
1793320 427
1793330 424
1793340 420
1793350 416
1793360 412
1793370 408
1793380 404
1793390 402
1793400 400
1793410 401
1793420 402
1793430 405
1793440 408
1793450 411
1793460 414
1793470 417
1793480 420
1793490 423
1793500 426
1793510 430
1793520 433
1793530 436
1793540 440
1793550 443
1793560 447
1793570 450
1793580 454
1793590 457
1793600 460
1793610 463
1793620 466
1793630 469
1793640 472
1793650 475
1793660 478
1793670 481
1793680 484
1793690 487
1793700 491
1793710 494
1793720 497
1793730 500
1793740 503
1793750 506
1793760 509
1793770 512
1793780 514
1793790 517
1793800 519
1793810 520
1793820 522
1793830 523
1793840 524
1793850 525
1793860 525
1793870 525
1793880 525
1793890 524
1793900 523
1793910 523
1793920 522
1793930 522
1793940 522
1793950 522
1793960 521
1793970 521
1793980 521
1793990 520
1794000 520
1794010 520
1794020 519
1794030 519
1794040 519
1794050 519
1794060 518
1794070 518
1794080 518
1794090 518
1794100 518
1794110 518
1794120 517
1794130 517
1794140 517
1794150 517
1794160 516
1794170 515
1794180 513
1794190 510
1794200 507
1794210 504
1794220 500
1794230 496
1794240 492
1794250 489
1794260 485
1794270 481
1794280 478
1794290 475
1794300 471
1794310 469
1794320 467
1794330 466
1794340 468
1794350 471
1794360 474
1794370 477
1794380 480
1794390 484
1794400 486
1794410 489
1794420 491
1794430 493
1794440 495
1794450 498
1794460 500
1794470 503
1794480 506
1794490 509
1794500 512
1794510 515
1794520 518
1794530 521
1794540 524
1794550 527
1794560 529
1794570 531
1794580 533
1794590 535
1794600 537
1794610 538
1794620 540
1794630 541
1794640 542
1794650 544
1794660 545
1794670 546
1794680 547
1794690 548
1794700 548
1794710 549
1794720 549
1794730 550
1794740 551
1794750 552
1794760 553
1794770 555
1794780 556
1794790 556
1794800 557
1794810 558
1794820 559
1794830 559
1794840 560
1794850 561
1794860 561
1794870 562
1794880 562
1794890 562
1794900 562
1794910 562
1794920 562
1794930 562
1794940 562
1794950 562
1794960 562
1794970 562
1794980 563
1794990 563
1795000 563
1795010 564
1795020 564
1795030 565
1795040 566
1795050 566
1795060 567
1795070 568
1795080 569
1795090 570
1795100 570
1795110 571
1795120 571
1795130 571
1795140 570
1795150 568
1795160 567
1795170 566
1795180 564
1795190 563
1795200 561
1795210 559
1795220 557
1795230 555
1795240 553
1795250 551
1795260 548
1795270 546
1795280 543
1795290 541
1795300 539
1795310 537
1795320 536
1795330 534
1795340 533
1795350 532
1795360 530
1795370 529
1795380 528
1795390 527
1795400 526
1795410 525
1795420 523
1795430 522
1795440 520
1795450 519
1795460 517
1795470 515
1795480 513
1795490 510
1795500 508
1795510 506
1795520 504
1795530 502
1795540 500
1795550 498
1795560 496
1795570 495
1795580 494
1795590 493
1795600 492
1795610 492
1795620 492
1795630 492
1795640 492
1795650 492
1795660 492
1795670 493
1795680 494
1795690 495
1795700 497
1795710 498
1795720 501
1795730 503
1795740 505
1795750 507
1795760 509
1795770 511
1795780 513
1795790 515
1795800 516
1795810 518
1795820 519
1795830 520
1795840 521
1795850 522
1795860 522
1795870 522
1795880 522
1795890 520
1795900 518
1795910 515
1795920 511
1795930 508
1795940 506
1795950 505
1795960 504
1795970 504
1795980 504
1795990 505
1796000 505
1796010 507
1796020 509
1796030 512
1796040 515
1796050 518
1796060 520
1796070 523
1796080 525
1796090 527
1796100 530
1796110 532
1796120 535
1796130 538
1796140 542
1796150 547
1796160 554
1796170 559
1796180 564
1796190 565
1796200 567
1796210 569
1796220 570
1796230 571
1796240 571
1796250 571
1796260 571
1796270 571
1796280 570
1796290 570
1796300 570
1796310 569
1796320 569
1796330 569
1796340 569
1796350 569
1796360 569
1796370 570
1796380 570
1796390 570
1796400 570
1796410 570
1796420 570
1796430 570
1796440 570
1796450 570
1796460 570
1796470 570
1796480 570
1796490 570
1796500 570
1796510 570
1796520 570
1796530 570
1796540 570
1796550 570
1796560 570
1796570 569
1796580 569
1796590 569
1796600 569
1796610 569
1796620 569
1796630 569
1796640 568
1796650 566
1796660 562
1796670 557
1796680 552
1796690 547
1796700 542
1796710 538
1796720 534
1796730 532
1796740 532
1796750 532
1796760 534
1796770 536
1796780 539
1796790 543
1796800 546
1796810 550
1796820 554
1796830 558
1796840 561
1796850 564
1796860 565
1796870 565
1796880 563
1796890 559
1796900 555
1796910 550
1796920 546
1796930 542
1796940 538
1796950 537
1796960 536
1796970 537
1796980 539
1796990 541
1797000 544
1797010 546
1797020 549
1797030 551
1797040 553
1797050 554
1797060 556
1797070 557
1797080 556
1797090 553
1797100 549
1797110 544
1797120 540
1797130 537
1797140 534
1797150 531
1797160 527
1797170 524
1797180 520
1797190 516
1797200 513
1797210 509
1797220 507
1797230 504
1797240 502
1797250 500
1797260 499
1797270 497
1797280 495
1797290 493
1797300 490
1797310 486
1797320 482
1797330 477
1797340 476
1797350 477
1797360 479
1797370 483
1797380 487
1797390 492
1797400 496
1797410 501
1797420 506
1797430 511
1797440 516
1797450 520
1797460 519
1797470 517
1797480 515
1797490 514
1797500 513
1797510 512
1797520 512
1797530 512
1797540 511
1797550 511
1797560 510
1797570 510
1797580 509
1797590 509
1797600 509
1797610 509
1797620 509
1797630 510
1797640 511
1797650 512
1797660 513
1797670 514
1797680 516
1797690 518
1797700 520
1797710 521
1797720 523
1797730 525
1797740 526
1797750 527
1797760 527
1797770 529
1797780 531
1797790 535
1797800 540
1797810 546
1797820 550
1797830 554
1797840 558
1797850 561
1797860 563
1797870 564
1797880 564
1797890 564
1797900 565
1797910 566
1797920 567
1797930 569
1797940 571
1797950 573
1797960 575
1797970 577
1797980 579
1797990 581
1798000 582
1798010 584
1798020 586
1798030 588
1798040 591
1798050 593
1798060 595
1798070 596
1798080 598
1798090 599
1798100 600
1798110 602
1798120 604
1798130 607
1798140 609
1798150 610
1798160 611
1798170 612
1798180 613
1798190 614
1798200 615
1798210 615
1798220 616
1798230 616
1798240 616
1798250 616
1798260 615
1798270 614
1798280 610
1798290 607
1798300 604
1798310 601
1798320 599
1798330 597
1798340 596
1798350 595
1798360 595
1798370 595
1798380 596
1798390 597
1798400 599
1798410 600
1798420 602
1798430 603
1798440 605
1798450 607
1798460 609
1798470 611
1798480 613
1798490 615
1798500 617
1798510 619
1798520 620
1798530 621
1798540 622
1798550 623
1798560 623
1798570 622
1798580 620
1798590 619
1798600 619
1798610 618
1798620 618
1798630 618
1798640 617
1798650 617
1798660 615
1798670 613
1798680 610
1798690 606
1798700 604
1798710 603
1798720 602
1798730 602
1798740 601
1798750 601
1798760 602
1798770 604
1798780 606
1798790 608
1798800 608
1798810 607
1798820 605
1798830 605
1798840 606
1798850 609
1798860 613
1798870 616
1798880 620
1798890 621
1798900 622
1798910 622
1798920 621
1798930 621
1798940 621
1798950 621
1798960 621
1798970 622
1798980 623
1798990 624
1799000 624
1799010 625
1799020 627
1799030 628
1799040 629
1799050 630
1799060 632
1799070 634
1799080 636
1799090 638
1799100 639
1799110 639
1799120 639
1799130 639
1799140 639
1799150 638
1799160 637
1799170 636
1799180 635
1799190 633
1799200 631
1799210 629
1799220 627
1799230 625
1799240 623
1799250 623
1799260 624
1799270 625
1799280 625
1799290 627
1799300 628
1799310 630
1799320 632
1799330 634
1799340 635
1799350 637
1799360 638
1799370 638
1799380 639
1799390 639
1799400 639
1799410 639
1799420 639
1799430 639
1799440 638
1799450 638
1799460 637
1799470 636
1799480 636
1799490 635
1799500 634
1799510 633
1799520 632
1799530 631
1799540 630
1799550 629
1799560 628
1799570 627
1799580 626
1799590 625
1799600 624
1799610 623
1799620 621
1799630 620
1799640 618
1799650 616
1799660 614
1799670 613
1799680 612
1799690 612
1799700 612
1799710 613
1799720 614
1799730 615
1799740 616
1799750 617
1799760 618
1799770 618
1799780 617
1799790 617
1799800 616
1799810 614
1799820 613
1799830 611
1799840 609
1799850 606
1799860 604
1799870 602
1799880 599
1799890 597
1799900 595
1799910 592
1799920 590
1799930 587
1799940 584
1799950 583
1799960 581
1799970 581
1799980 580
1799990 579
