1780000 547
1780010 548
1780020 549
1780030 550
1780040 552
1780050 554
1780060 555
1780070 557
1780080 559
1780090 560
1780100 562
1780110 564
1780120 565
1780130 565
1780140 564
1780150 564
1780160 564
1780170 563
1780180 563
1780190 563
1780200 562
1780210 561
1780220 561
1780230 560
1780240 560
1780250 560
1780260 560
1780270 559
1780280 559
1780290 559
1780300 559
1780310 559
1780320 558
1780330 558
1780340 556
1780350 555
1780360 554
1780370 553
1780380 553
1780390 553
1780400 553
1780410 553
1780420 553
1780430 552
1780440 551
1780450 549
1780460 548
1780470 548
1780480 548
1780490 549
1780500 550
1780510 550
1780520 550
1780530 549
1780540 549
1780550 549
1780560 549
1780570 549
1780580 548
1780590 548
1780600 547
1780610 547
1780620 547
1780630 547
1780640 547
1780650 547
1780660 547
1780670 547
1780680 546
1780690 546
1780700 546
1780710 545
1780720 544
1780730 543
1780740 542
1780750 541
1780760 540
1780770 539
1780780 538
1780790 537
1780800 536
1780810 535
1780820 534
1780830 533
1780840 532
1780850 532
1780860 531
1780870 531
1780880 530
1780890 530
1780900 530
1780910 529
1780920 528
1780930 528
1780940 527
1780950 526
1780960 525
1780970 524
1780980 523
1780990 522
1781000 521
1781010 520
1781020 520
1781030 519
1781040 518
1781050 517
1781060 517
1781070 516
1781080 515
1781090 515
1781100 514
1781110 514
1781120 513
1781130 513
1781140 513
1781150 513
1781160 513
1781170 512
1781180 512
1781190 511
1781200 511
1781210 510
1781220 510
1781230 510
1781240 510
1781250 509
1781260 509
1781270 509
1781280 509
1781290 509
1781300 509
1781310 509
1781320 509
1781330 509
1781340 509
1781350 509
1781360 509
1781370 509
1781380 509
1781390 509
1781400 509
1781410 509
1781420 509
1781430 509
1781440 509
1781450 509
1781460 509
1781470 508
1781480 508
1781490 508
1781500 507
1781510 507
1781520 507
1781530 507
1781540 507
1781550 506
1781560 506
1781570 506
1781580 505
1781590 505
1781600 504
1781610 504
1781620 504
1781630 504
1781640 504
1781650 504
1781660 504
1781670 504
1781680 504
1781690 503
1781700 503
1781710 503
1781720 503
1781730 502
1781740 502
1781750 502
1781760 501
1781770 501
1781780 501
1781790 500
1781800 500
1781810 499
1781820 499
1781830 498
1781840 498
1781850 497
1781860 497
1781870 496
1781880 496
1781890 495
1781900 495
1781910 494
1781920 494
1781930 493
1781940 493
1781950 492
1781960 492
1781970 491
1781980 491
1781990 490
1782000 490
1782010 490
1782020 489
1782030 489
1782040 488
1782050 488
1782060 487
1782070 486
1782080 486
1782090 485
1782100 484
1782110 483
1782120 482
1782130 481
1782140 481
1782150 480
1782160 479
1782170 478
1782180 478
1782190 477
1782200 476
1782210 475
1782220 475
1782230 474
1782240 473
1782250 472
1782260 471
1782270 470
1782280 468
1782290 466
1782300 465
1782310 462
1782320 460
1782330 457
1782340 453
1782350 449
1782360 445
1782370 441
1782380 437
1782390 433
1782400 430
1782410 427
1782420 425
1782430 423
1782440 421
1782450 419
1782460 418
1782470 417
1782480 416
1782490 415
1782500 414
1782510 413
1782520 412
1782530 411
1782540 410
1782550 410
1782560 409
1782570 408
1782580 408
1782590 407
1782600 406
1782610 405
1782620 404
1782630 404
1782640 403
1782650 402
1782660 402
1782670 401
1782680 401
1782690 400
1782700 399
1782710 399
1782720 398
1782730 398
1782740 397
1782750 397
1782760 396
1782770 396
1782780 395
1782790 395
1782800 395
1782810 394
1782820 394
1782830 393
1782840 393
1782850 393
1782860 392
1782870 392
1782880 391
1782890 390
1782900 390
1782910 389
1782920 389
1782930 389
1782940 388
1782950 388
1782960 387
1782970 387
1782980 386
1782990 386
1783000 385
1783010 385
1783020 384
1783030 384
1783040 383
1783050 382
1783060 382
1783070 381
1783080 381
1783090 380
1783100 380
1783110 380
1783120 379
1783130 379
1783140 378
1783150 378
1783160 377
1783170 377
1783180 376
1783190 376
1783200 375
1783210 375
1783220 374
1783230 374
1783240 374
1783250 374
1783260 374
1783270 374
1783280 374
1783290 374
1783300 374
1783310 374
1783320 373
1783330 373
1783340 373
1783350 373
1783360 373
1783370 373
1783380 373
1783390 373
1783400 372
1783410 372
1783420 372
1783430 372
1783440 372
1783450 371
1783460 371
1783470 371
1783480 371
1783490 371
1783500 371
1783510 371
1783520 371
1783530 371
1783540 371
1783550 371
1783560 369
1783570 368
1783580 368
1783590 369
1783600 370
1783610 370
1783620 371
1783630 371
1783640 370
1783650 370
1783660 370
1783670 370
1783680 370
1783690 370
1783700 370
1783710 370
1783720 370
1783730 370
1783740 371
1783750 372
1783760 373
1783770 373
1783780 373
1783790 374
1783800 377
1783810 380
1783820 383
1783830 387
1783840 391
1783850 396
1783860 400
1783870 405
1783880 411
1783890 416
1783900 421
1783910 425
1783920 429
1783930 432
1783940 435
1783950 437
1783960 439
1783970 440
1783980 441
1783990 442
1784000 443
1784010 444
1784020 446
1784030 448
1784040 450
1784050 452
1784060 455
1784070 457
1784080 460
1784090 462
1784100 463
1784110 465
1784120 467
1784130 469
1784140 471
1784150 474
1784160 476
1784170 479
1784180 481
1784190 484
1784200 487
1784210 489
1784220 493
1784230 496
1784240 499
1784250 502
1784260 505
1784270 508
1784280 510
1784290 512
1784300 514
1784310 513
1784320 513
1784330 512
1784340 511
1784350 511
1784360 510
1784370 510
1784380 510
1784390 509
1784400 509
1784410 509
1784420 509
1784430 508
1784440 506
1784450 505
1784460 503
1784470 501
1784480 499
1784490 497
1784500 494
1784510 492
1784520 490
1784530 488
1784540 486
1784550 484
1784560 480
1784570 476
1784580 472
1784590 468
1784600 464
1784610 461
1784620 458
1784630 455
1784640 454
1784650 451
1784660 447
1784670 443
1784680 439
1784690 436
1784700 433
1784710 431
1784720 429
1784730 427
1784740 426
1784750 425
1784760 424
1784770 423
1784780 423
1784790 422
1784800 421
1784810 420
1784820 419
1784830 419
1784840 418
1784850 419
1784860 420
1784870 420
1784880 419
1784890 419
1784900 419
1784910 419
1784920 418
1784930 416
1784940 414
1784950 414
1784960 414
1784970 416
1784980 417
1784990 418
1785000 419
1785010 419
1785020 419
1785030 420
1785040 421
1785050 422
1785060 424
1785070 424
1785080 425
1785090 426
1785100 428
1785110 429
1785120 430
1785130 430
1785140 430
1785150 431
1785160 431
1785170 431
1785180 432
1785190 433
1785200 433
1785210 433
1785220 434
1785230 436
1785240 438
1785250 439
1785260 440
1785270 440
1785280 441
1785290 441
1785300 440
1785310 440
1785320 439
1785330 439
1785340 438
1785350 437
1785360 437
1785370 436
1785380 436
1785390 435
1785400 435
1785410 435
1785420 434
1785430 434
1785440 434
1785450 434
1785460 434
1785470 433
1785480 433
1785490 433
1785500 432
1785510 432
1785520 432
1785530 431
1785540 431
1785550 430
1785560 430
1785570 430
1785580 429
1785590 429
1785600 428
1785610 428
1785620 427
1785630 427
1785640 426
1785650 426
1785660 426
1785670 425
1785680 425
1785690 424
1785700 424
1785710 423
1785720 422
1785730 421
1785740 420
1785750 419
1785760 418
1785770 416
1785780 415
1785790 414
1785800 412
1785810 410
1785820 408
1785830 406
1785840 404
1785850 403
1785860 401
1785870 400
1785880 398
1785890 397
1785900 396
1785910 395
1785920 394
1785930 393
1785940 392
1785950 391
1785960 389
1785970 386
1785980 383
1785990 381
1786000 380
1786010 378
1786020 377
1786030 379
1786040 379
1786050 379
1786060 379
1786070 379
1786080 379
1786090 379
1786100 379
1786110 379
1786120 379
1786130 379
1786140 379
1786150 379
1786160 379
1786170 379
1786180 379
1786190 380
1786200 380
1786210 380
1786220 380
1786230 380
1786240 381
1786250 381
1786260 381
1786270 382
1786280 381
1786290 381
1786300 382
1786310 382
1786320 382
1786330 382
1786340 382
1786350 383
1786360 383
1786370 383
1786380 383
1786390 384
1786400 384
1786410 384
1786420 384
1786430 385
1786440 385
1786450 385
1786460 386
1786470 386
1786480 387
1786490 388
1786500 389
1786510 391
1786520 392
1786530 394
1786540 396
1786550 397
1786560 397
1786570 397
1786580 396
1786590 395
1786600 395
1786610 395
1786620 395
1786630 395
1786640 396
1786650 398
1786660 400
1786670 401
1786680 402
1786690 402
1786700 402
1786710 402
1786720 403
1786730 404
1786740 405
1786750 406
1786760 407
1786770 407
1786780 408
1786790 409
1786800 410
1786810 411
1786820 411
1786830 412
1786840 413
1786850 414
1786860 414
1786870 415
1786880 416
1786890 417
1786900 418
1786910 419
1786920 421
1786930 422
1786940 423
1786950 424
1786960 425
1786970 426
1786980 426
1786990 427
1787000 428
1787010 428
1787020 429
1787030 429
1787040 430
1787050 430
1787060 431
1787070 431
1787080 432
1787090 432
1787100 433
1787110 433
1787120 433
1787130 434
1787140 434
1787150 435
1787160 436
1787170 436
1787180 437
1787190 437
1787200 438
1787210 438
1787220 439
1787230 440
1787240 440
1787250 441
1787260 442
1787270 443
1787280 444
1787290 445
1787300 446
1787310 446
1787320 447
1787330 448
1787340 448
1787350 448
1787360 448
1787370 449
1787380 450
1787390 451
1787400 452
1787410 454
1787420 456
1787430 457
1787440 458
1787450 460
1787460 461
1787470 462
1787480 463
1787490 464
1787500 465
1787510 466
1787520 467
1787530 468
1787540 468
1787550 469
1787560 469
1787570 469
1787580 469
1787590 469
1787600 469
1787610 470
1787620 470
1787630 470
1787640 471
1787650 471
1787660 472
1787670 472
1787680 473
1787690 473
1787700 473
1787710 474
1787720 474
1787730 474
1787740 474
1787750 475
1787760 475
1787770 475
1787780 475
1787790 475
1787800 475
1787810 475
1787820 475
1787830 474
1787840 474
1787850 474
1787860 474
1787870 474
1787880 473
1787890 473
1787900 473
1787910 473
1787920 473
1787930 474
1787940 474
1787950 477
1787960 479
1787970 482
1787980 483
1787990 485
1788000 486
1788010 488
1788020 489
1788030 490
1788040 491
1788050 492
1788060 492
1788070 493
1788080 493
1788090 494
1788100 494
1788110 494
1788120 495
1788130 495
1788140 495
1788150 495
1788160 494
1788170 494
1788180 494
1788190 494
1788200 494
1788210 493
1788220 493
1788230 493
1788240 493
1788250 493
1788260 493
1788270 493
1788280 493
1788290 493
1788300 493
1788310 493
1788320 493
1788330 492
1788340 492
1788350 492
1788360 491
1788370 491
1788380 490
1788390 490
1788400 489
1788410 488
1788420 488
1788430 488
1788440 487
1788450 487
1788460 489
1788470 490
1788480 492
1788490 493
1788500 495
1788510 497
1788520 498
1788530 500
1788540 501
1788550 501
1788560 502
1788570 503
1788580 504
1788590 504
1788600 505
1788610 506
1788620 507
1788630 507
1788640 508
1788650 509
1788660 511
1788670 512
1788680 514
1788690 515
1788700 515
1788710 514
1788720 512
1788730 510
1788740 507
1788750 505
1788760 503
1788770 501
1788780 499
1788790 497
1788800 495
1788810 493
1788820 491
1788830 488
1788840 486
1788850 483
1788860 481
1788870 478
1788880 476
1788890 474
1788900 472
1788910 471
1788920 469
1788930 467
1788940 466
1788950 466
1788960 466
1788970 467
1788980 467
1788990 468
1789000 469
1789010 471
1789020 472
1789030 474
1789040 475
1789050 477
1789060 479
1789070 480
1789080 482
1789090 483
1789100 485
1789110 486
1789120 487
1789130 488
1789140 489
1789150 490
1789160 491
1789170 493
1789180 494
1789190 496
1789200 498
1789210 499
1789220 500
1789230 502
1789240 503
1789250 504
1789260 505
1789270 506
1789280 508
1789290 510
1789300 512
1789310 514
1789320 516
1789330 518
1789340 520
1789350 522
1789360 524
1789370 527
1789380 529
1789390 531
1789400 533
1789410 535
1789420 537
1789430 539
1789440 541
1789450 543
1789460 544
1789470 545
1789480 545
1789490 545
1789500 544
1789510 543
1789520 543
1789530 542
1789540 542
1789550 542
1789560 542
1789570 542
1789580 542
1789590 542
1789600 541
1789610 541
1789620 541
1789630 540
1789640 540
1789650 539
1789660 538
1789670 537
1789680 536
1789690 535
1789700 534
1789710 533
1789720 532
1789730 531
1789740 530
1789750 529
1789760 528
1789770 527
1789780 526
1789790 526
1789800 525
1789810 524
1789820 523
1789830 523
1789840 522
1789850 521
1789860 520
1789870 519
1789880 517
1789890 514
1789900 511
1789910 509
1789920 506
1789930 505
1789940 503
1789950 502
1789960 501
1789970 500
1789980 498
1789990 497
1790000 496
1790010 495
1790020 494
1790030 493
1790040 492
1790050 491
1790060 490
1790070 489
1790080 488
1790090 488
1790100 487
1790110 486
1790120 486
1790130 486
1790140 485
1790150 485
1790160 484
1790170 484
1790180 483
1790190 482
1790200 482
1790210 481
1790220 480
1790230 480
1790240 479
1790250 477
1790260 476
1790270 474
1790280 472
1790290 471
1790300 471
1790310 471
1790320 471
1790330 471
1790340 472
1790350 474
1790360 476
1790370 478
1790380 481
1790390 483
1790400 486
1790410 488
1790420 489
1790430 491
1790440 492
1790450 493
1790460 494
1790470 495
1790480 496
1790490 497
1790500 498
1790510 498
1790520 499
1790530 500
1790540 500
1790550 501
1790560 503
1790570 504
1790580 505
1790590 506
1790600 506
1790610 506
1790620 507
1790630 507
1790640 507
1790650 507
1790660 508
1790670 508
1790680 508
1790690 509
1790700 510
1790710 511
1790720 512
1790730 513
1790740 514
1790750 515
1790760 516
1790770 516
1790780 517
1790790 518
1790800 519
1790810 520
1790820 521
1790830 522
1790840 523
1790850 524
1790860 525
1790870 525
1790880 526
1790890 527
1790900 527
1790910 528
1790920 529
1790930 530
1790940 530
1790950 530
1790960 530
1790970 530
1790980 530
1790990 530
1791000 530
1791010 530
1791020 530
1791030 529
1791040 529
1791050 529
1791060 529
1791070 528
1791080 528
1791090 528
1791100 528
1791110 528
1791120 528
1791130 527
1791140 527
1791150 527
1791160 526
1791170 526
1791180 525
1791190 525
1791200 525
1791210 524
1791220 524
1791230 524
1791240 523
1791250 523
1791260 522
1791270 521
1791280 521
1791290 520
1791300 519
1791310 518
1791320 518
1791330 517
1791340 517
1791350 516
1791360 515
1791370 515
1791380 514
1791390 514
1791400 513
1791410 512
1791420 512
1791430 511
1791440 511
1791450 510
1791460 509
1791470 508
1791480 508
1791490 507
1791500 507
1791510 506
1791520 506
1791530 507
1791540 507
1791550 507
1791560 507
1791570 506
1791580 506
1791590 505
1791600 504
1791610 503
1791620 503
1791630 502
1791640 501
1791650 500
1791660 498
1791670 497
1791680 496
1791690 494
1791700 493
1791710 492
1791720 491
1791730 489
1791740 487
1791750 485
1791760 483
1791770 480
1791780 477
1791790 474
1791800 470
1791810 467
1791820 465
1791830 463
1791840 463
1791850 462
1791860 461
1791870 460
1791880 459
1791890 458
1791900 457
1791910 457
1791920 456
1791930 455
1791940 454
1791950 454
1791960 453
1791970 452
1791980 452
1791990 451
1792000 450
1792010 450
1792020 449
1792030 449
1792040 448
1792050 448
1792060 448
1792070 448
1792080 447
1792090 447
1792100 447
1792110 447
1792120 448
1792130 448
1792140 448
1792150 449
1792160 449
1792170 450
1792180 450
1792190 450
1792200 451
1792210 451
1792220 451
1792230 451
1792240 452
1792250 452
1792260 453
1792270 453
1792280 454
1792290 455
1792300 456
1792310 457
1792320 458
1792330 459
1792340 460
1792350 462
1792360 463
1792370 464
1792380 465
1792390 467
1792400 468
1792410 468
1792420 469
1792430 469
1792440 470
1792450 471
1792460 471
1792470 472
1792480 473
1792490 473
1792500 472
1792510 472
1792520 471
1792530 471
1792540 469
1792550 467
1792560 465
1792570 463
1792580 459
1792590 456
1792600 453
1792610 449
1792620 444
1792630 440
1792640 437
1792650 434
1792660 433
1792670 433
1792680 433
1792690 434
1792700 434
1792710 435
1792720 435
1792730 435
1792740 437
1792750 440
1792760 444
1792770 447
1792780 449
1792790 452
1792800 454
1792810 457
1792820 458
1792830 459
1792840 461
1792850 463
1792860 465
1792870 467
1792880 470
1792890 473
1792900 476
1792910 480
1792920 484
1792930 487
1792940 491
1792950 495
1792960 498
1792970 501
1792980 504
1792990 506
1793000 508
1793010 510
1793020 512
1793030 514
1793040 515
1793050 517
1793060 518
1793070 519
1793080 521
1793090 521
1793100 522
1793110 523
1793120 523
1793130 524
1793140 524
1793150 524
1793160 524
1793170 524
1793180 524
1793190 524
1793200 523
1793210 522
1793220 521
1793230 521
1793240 520
1793250 520
1793260 520
1793270 519
1793280 518
1793290 516
1793300 513
1793310 510
1793320 506
1793330 503
1793340 499
1793350 496
1793360 493
1793370 490
1793380 487
1793390 484
1793400 481
1793410 479
1793420 477
1793430 475
1793440 475
1793450 475
1793460 475
1793470 476
1793480 477
1793490 478
1793500 479
1793510 481
1793520 482
1793530 483
1793540 483
1793550 483
1793560 484
1793570 485
1793580 486
1793590 487
1793600 488
1793610 489
1793620 489
1793630 490
1793640 491
1793650 492
1793660 494
1793670 496
1793680 498
1793690 499
1793700 501
1793710 502
1793720 502
1793730 502
1793740 502
1793750 502
1793760 502
1793770 503
1793780 503
1793790 504
1793800 505
1793810 505
1793820 506
1793830 507
1793840 507
1793850 508
1793860 509
1793870 510
1793880 511
1793890 511
1793900 512
1793910 513
1793920 514
1793930 516
1793940 517
1793950 519
1793960 520
1793970 521
1793980 522
1793990 523
1794000 524
1794010 524
1794020 525
1794030 526
1794040 527
1794050 527
1794060 528
1794070 530
1794080 531
1794090 533
1794100 534
1794110 536
1794120 537
1794130 539
1794140 540
1794150 542
1794160 544
1794170 545
1794180 547
1794190 549
1794200 551
1794210 553
1794220 555
1794230 556
1794240 557
1794250 558
1794260 559
1794270 560
1794280 560
1794290 561
1794300 561
1794310 562
1794320 562
1794330 563
1794340 564
1794350 565
1794360 566
1794370 567
1794380 567
1794390 568
1794400 569
1794410 570
1794420 571
1794430 572
1794440 574
1794450 575
1794460 576
1794470 577
1794480 578
1794490 579
1794500 579
1794510 579
1794520 580
1794530 580
1794540 580
1794550 581
1794560 581
1794570 582
1794580 584
1794590 585
1794600 585
1794610 586
1794620 587
1794630 588
1794640 590
1794650 592
1794660 594
1794670 596
1794680 598
1794690 599
1794700 601
1794710 603
1794720 605
1794730 606
1794740 607
1794750 609
1794760 610
1794770 611
1794780 612
1794790 613
1794800 614
1794810 614
1794820 615
1794830 615
1794840 616
1794850 617
1794860 617
1794870 618
1794880 618
1794890 618
1794900 618
1794910 616
1794920 613
1794930 610
1794940 607
1794950 605
1794960 604
1794970 603
1794980 603
1794990 603
1795000 603
1795010 602
1795020 602
1795030 603
1795040 603
1795050 603
1795060 604
1795070 604
1795080 605
1795090 605
1795100 606
1795110 606
1795120 607
1795130 609
1795140 611
1795150 613
1795160 615
1795170 618
1795180 620
1795190 623
1795200 625
1795210 627
1795220 629
1795230 631
1795240 633
1795250 635
1795260 637
1795270 638
1795280 639
1795290 639
1795300 639
1795310 640
1795320 639
1795330 638
1795340 635
1795350 632
1795360 628
1795370 624
1795380 619
1795390 615
1795400 611
1795410 607
1795420 603
1795430 599
1795440 596
1795450 594
1795460 593
1795470 593
1795480 593
1795490 594
1795500 595
1795510 596
1795520 599
1795530 601
1795540 603
1795550 605
1795560 608
1795570 611
1795580 613
1795590 616
1795600 618
1795610 621
1795620 624
1795630 626
1795640 629
1795650 632
1795660 634
1795670 637
1795680 639
1795690 641
1795700 643
1795710 644
1795720 644
1795730 644
1795740 644
1795750 643
1795760 643
1795770 642
1795780 642
1795790 642
1795800 642
1795810 642
1795820 643
1795830 643
1795840 644
1795850 645
1795860 646
1795870 647
1795880 648
1795890 650
1795900 651
1795910 653
1795920 656
1795930 658
1795940 661
1795950 663
1795960 666
1795970 668
1795980 670
1795990 671
1796000 671
1796010 670
1796020 669
1796030 667
1796040 666
1796050 664
1796060 664
1796070 663
1796080 662
1796090 662
1796100 662
1796110 661
1796120 661
1796130 660
1796140 660
1796150 658
1796160 657
1796170 656
1796180 654
1796190 652
1796200 650
1796210 648
1796220 645
1796230 642
1796240 639
1796250 637
1796260 635
1796270 635
1796280 634
1796290 634
1796300 634
1796310 634
1796320 635
1796330 635
1796340 635
1796350 634
1796360 630
1796370 625
1796380 621
1796390 617
1796400 614
1796410 612
1796420 610
1796430 610
1796440 610
1796450 611
1796460 614
1796470 616
1796480 619
1796490 623
1796500 626
1796510 629
1796520 631
1796530 634
1796540 635
1796550 637
1796560 638
1796570 640
1796580 641
1796590 642
1796600 642
1796610 642
1796620 642
1796630 642
1796640 641
1796650 640
1796660 639
1796670 639
1796680 638
1796690 637
1796700 636
1796710 635
1796720 635
1796730 635
1796740 635
1796750 636
1796760 637
1796770 638
1796780 640
1796790 642
1796800 645
1796810 647
1796820 649
1796830 651
1796840 652
1796850 654
1796860 655
1796870 656
1796880 657
1796890 658
1796900 658
1796910 658
1796920 658
1796930 658
1796940 658
1796950 657
1796960 657
1796970 657
1796980 657
1796990 658
1797000 658
1797010 659
1797020 660
1797030 661
1797040 662
1797050 662
1797060 663
1797070 663
1797080 663
1797090 662
1797100 661
1797110 660
1797120 659
1797130 658
1797140 656
1797150 655
1797160 654
1797170 652
1797180 651
1797190 649
1797200 648
1797210 646
1797220 644
1797230 641
1797240 638
1797250 635
1797260 632
1797270 630
1797280 628
1797290 627
1797300 628
1797310 628
1797320 628
1797330 628
1797340 626
1797350 624
1797360 622
1797370 621
1797380 620
1797390 621
1797400 621
1797410 621
1797420 619
1797430 616
1797440 612
1797450 608
1797460 605
1797470 602
1797480 599
1797490 596
1797500 594
1797510 594
1797520 593
1797530 593
1797540 593
1797550 593
1797560 594
1797570 595
1797580 597
1797590 600
1797600 604
1797610 608
1797620 611
1797630 614
1797640 617
1797650 620
1797660 623
1797670 627
1797680 630
1797690 632
1797700 634
1797710 636
1797720 638
1797730 640
1797740 640
1797750 640
1797760 640
1797770 641
1797780 641
1797790 643
1797800 643
1797810 644
1797820 644
1797830 644
1797840 644
1797850 643
1797860 641
1797870 640
1797880 640
1797890 639
1797900 639
1797910 639
1797920 640
1797930 640
1797940 641
1797950 642
1797960 643
1797970 644
1797980 645
1797990 647
1798000 649
1798010 650
1798020 651
1798030 653
1798040 654
1798050 657
1798060 659
1798070 661
1798080 663
1798090 664
1798100 664
1798110 664
1798120 663
1798130 662
1798140 662
1798150 662
1798160 662
1798170 662
1798180 662
1798190 661
1798200 660
1798210 660
1798220 659
1798230 659
1798240 658
1798250 657
1798260 656
1798270 655
1798280 654
1798290 653
1798300 653
1798310 652
1798320 652
1798330 651
1798340 650
1798350 649
1798360 647
1798370 644
1798380 640
1798390 636
1798400 632
1798410 628
1798420 626
1798430 626
1798440 627
1798450 628
1798460 630
1798470 631
1798480 633
1798490 635
1798500 637
1798510 640
1798520 642
1798530 644
1798540 645
1798550 646
1798560 647
1798570 646
1798580 644
1798590 641
1798600 638
1798610 637
1798620 637
1798630 638
1798640 639
1798650 639
1798660 639
1798670 639
1798680 639
1798690 639
1798700 638
1798710 638
1798720 638
1798730 637
1798740 636
1798750 636
1798760 635
1798770 634
1798780 632
1798790 631
1798800 629
1798810 628
1798820 626
1798830 624
1798840 621
1798850 620
1798860 618
1798870 616
1798880 614
1798890 612
1798900 610
1798910 608
1798920 607
1798930 605
1798940 604
1798950 602
1798960 601
1798970 600
1798980 598
1798990 597
1799000 596
1799010 595
1799020 594
1799030 595
1799040 594
1799050 594
1799060 594
1799070 593
1799080 593
1799090 592
1799100 591
1799110 590
1799120 589
1799130 587
1799140 584
1799150 581
1799160 578
1799170 574
1799180 570
1799190 566
1799200 562
1799210 560
1799220 558
1799230 558
1799240 559
1799250 561
1799260 562
1799270 559
1799280 557
1799290 556
1799300 559
1799310 562
1799320 566
1799330 570
1799340 573
1799350 577
1799360 580
1799370 583
1799380 586
1799390 587
1799400 589
1799410 590
1799420 590
1799430 589
1799440 588
1799450 587
1799460 586
1799470 584
1799480 583
1799490 582
1799500 580
1799510 578
1799520 576
1799530 574
1799540 572
1799550 571
1799560 568
1799570 565
1799580 562
1799590 558
1799600 555
1799610 553
1799620 551
1799630 549
1799640 548
1799650 548
1799660 547
1799670 545
1799680 543
1799690 542
1799700 540
1799710 539
1799720 537
1799730 535
1799740 533
1799750 531
1799760 530
1799770 528
1799780 526
1799790 524
1799800 521
1799810 519
1799820 516
1799830 513
1799840 511
1799850 508
1799860 506
1799870 504
1799880 501
1799890 498
1799900 496
1799910 494
1799920 492
1799930 490
1799940 488
1799950 486
1799960 484
1799970 483
1799980 481
1799990 479
