1780000 722
1780010 723
1780020 724
1780030 725
1780040 726
1780050 727
1780060 728
1780070 729
1780080 729
1780090 729
1780100 728
1780110 726
1780120 724
1780130 721
1780140 718
1780150 716
1780160 713
1780170 710
1780180 707
1780190 704
1780200 701
1780210 699
1780220 696
1780230 694
1780240 692
1780250 690
1780260 688
1780270 687
1780280 685
1780290 684
1780300 683
1780310 682
1780320 680
1780330 678
1780340 676
1780350 675
1780360 673
1780370 672
1780380 670
1780390 669
1780400 667
1780410 665
1780420 663
1780430 661
1780440 659
1780450 657
1780460 655
1780470 652
1780480 650
1780490 647
1780500 644
1780510 642
1780520 639
1780530 636
1780540 633
1780550 630
1780560 627
1780570 624
1780580 621
1780590 618
1780600 615
1780610 613
1780620 610
1780630 607
1780640 605
1780650 602
1780660 600
1780670 597
1780680 595
1780690 593
1780700 590
1780710 588
1780720 586
1780730 583
1780740 581
1780750 579
1780760 577
1780770 574
1780780 571
1780790 569
1780800 566
1780810 564
1780820 561
1780830 558
1780840 555
1780850 553
1780860 550
1780870 547
1780880 544
1780890 542
1780900 539
1780910 537
1780920 534
1780930 532
1780940 529
1780950 527
1780960 525
1780970 523
1780980 521
1780990 520
1781000 520
1781010 520
1781020 519
1781030 519
1781040 519
1781050 518
1781060 518
1781070 518
1781080 518
1781090 517
1781100 516
1781110 515
1781120 514
1781130 513
1781140 512
1781150 511
1781160 510
1781170 509
1781180 508
1781190 508
1781200 507
1781210 506
1781220 505
1781230 505
1781240 504
1781250 503
1781260 503
1781270 502
1781280 501
1781290 501
1781300 500
1781310 500
1781320 499
1781330 498
1781340 498
1781350 497
1781360 496
1781370 494
1781380 493
1781390 491
1781400 490
1781410 488
1781420 486
1781430 485
1781440 484
1781450 482
1781460 482
1781470 481
1781480 480
1781490 479
1781500 478
1781510 476
1781520 475
1781530 474
1781540 473
1781550 473
1781560 473
1781570 474
1781580 474
1781590 474
1781600 474
1781610 475
1781620 475
1781630 476
1781640 476
1781650 477
1781660 478
1781670 479
1781680 479
1781690 480
1781700 481
1781710 482
1781720 483
1781730 483
1781740 484
1781750 485
1781760 486
1781770 487
1781780 488
1781790 489
1781800 490
1781810 492
1781820 493
1781830 494
1781840 496
1781850 497
1781860 498
1781870 500
1781880 501
1781890 503
1781900 504
1781910 505
1781920 507
1781930 508
1781940 510
1781950 512
1781960 513
1781970 515
1781980 517
1781990 518
1782000 520
1782010 522
1782020 524
1782030 525
1782040 527
1782050 528
1782060 529
1782070 530
1782080 532
1782090 533
1782100 534
1782110 535
1782120 536
1782130 537
1782140 537
1782150 538
1782160 538
1782170 538
1782180 538
1782190 537
1782200 537
1782210 537
1782220 536
1782230 536
1782240 535
1782250 534
1782260 533
1782270 532
1782280 531
1782290 530
1782300 529
1782310 528
1782320 527
1782330 526
1782340 524
1782350 523
1782360 521
1782370 520
1782380 518
1782390 517
1782400 515
1782410 514
1782420 512
1782430 511
1782440 510
1782450 508
1782460 507
1782470 506
1782480 505
1782490 504
1782500 502
1782510 501
1782520 499
1782530 497
1782540 495
1782550 493
1782560 491
1782570 489
1782580 487
1782590 484
1782600 482
1782610 480
1782620 478
1782630 476
1782640 474
1782650 472
1782660 471
1782670 469
1782680 467
1782690 465
1782700 463
1782710 461
1782720 459
1782730 456
1782740 454
1782750 452
1782760 450
1782770 448
1782780 446
1782790 443
1782800 441
1782810 438
1782820 436
1782830 433
1782840 430
1782850 428
1782860 425
1782870 422
1782880 419
1782890 417
1782900 414
1782910 411
1782920 409
1782930 406
1782940 405
1782950 403
1782960 402
1782970 401
1782980 400
1782990 399
1783000 398
1783010 397
1783020 397
1783030 396
1783040 395
1783050 395
1783060 394
1783070 394
1783080 393
1783090 393
1783100 393
1783110 393
1783120 393
1783130 393
1783140 393
1783150 393
1783160 394
1783170 395
1783180 396
1783190 397
1783200 398
1783210 399
1783220 400
1783230 403
1783240 403
1783250 403
1783260 402
1783270 400
1783280 398
1783290 394
1783300 392
1783310 390
1783320 389
1783330 389
1783340 388
1783350 388
1783360 387
1783370 386
1783380 386
1783390 384
1783400 383
1783410 381
1783420 379
1783430 377
1783440 377
1783450 377
1783460 376
1783470 376
1783480 376
1783490 375
1783500 375
1783510 374
1783520 374
1783530 373
1783540 373
1783550 373
1783560 373
1783570 373
1783580 374
1783590 375
1783600 376
1783610 377
1783620 378
1783630 378
1783640 380
1783650 382
1783660 384
1783670 387
1783680 389
1783690 391
1783700 393
1783710 396
1783720 399
1783730 402
1783740 406
1783750 409
1783760 413
1783770 416
1783780 420
1783790 422
1783800 424
1783810 424
1783820 423
1783830 422
1783840 421
1783850 421
1783860 420
1783870 421
1783880 421
1783890 422
1783900 422
1783910 423
1783920 423
1783930 424
1783940 425
1783950 425
1783960 427
1783970 428
1783980 429
1783990 430
1784000 431
1784010 432
1784020 433
1784030 434
1784040 435
1784050 436
1784060 437
1784070 437
1784080 437
1784090 438
1784100 439
1784110 440
1784120 441
1784130 443
1784140 444
1784150 446
1784160 447
1784170 448
1784180 449
1784190 450
1784200 451
1784210 452
1784220 453
1784230 454
1784240 455
1784250 456
1784260 457
1784270 458
1784280 459
1784290 460
1784300 461
1784310 462
1784320 463
1784330 464
1784340 465
1784350 466
1784360 467
1784370 467
1784380 469
1784390 470
1784400 471
1784410 472
1784420 474
1784430 475
1784440 476
1784450 477
1784460 478
1784470 479
1784480 480
1784490 481
1784500 482
1784510 483
1784520 484
1784530 485
1784540 486
1784550 486
1784560 487
1784570 487
1784580 488
1784590 488
1784600 488
1784610 489
1784620 489
1784630 489
1784640 489
1784650 488
1784660 488
1784670 488
1784680 487
1784690 487
1784700 486
1784710 485
1784720 485
1784730 484
1784740 484
1784750 483
1784760 482
1784770 481
1784780 481
1784790 480
1784800 479
1784810 478
1784820 477
1784830 476
1784840 475
1784850 474
1784860 472
1784870 471
1784880 469
1784890 468
1784900 467
1784910 466
1784920 465
1784930 464
1784940 462
1784950 461
1784960 459
1784970 458
1784980 456
1784990 455
1785000 453
1785010 451
1785020 449
1785030 447
1785040 446
1785050 445
1785060 444
1785070 443
1785080 443
1785090 442
1785100 441
1785110 441
1785120 440
1785130 440
1785140 439
1785150 439
1785160 439
1785170 439
1785180 439
1785190 439
1785200 439
1785210 439
1785220 439
1785230 439
1785240 439
1785250 438
1785260 438
1785270 437
1785280 436
1785290 436
1785300 435
1785310 434
1785320 433
1785330 431
1785340 429
1785350 427
1785360 425
1785370 422
1785380 419
1785390 417
1785400 414
1785410 411
1785420 408
1785430 405
1785440 403
1785450 400
1785460 399
1785470 397
1785480 396
1785490 396
1785500 395
1785510 394
1785520 392
1785530 391
1785540 391
1785550 390
1785560 389
1785570 389
1785580 389
1785590 389
1785600 389
1785610 388
1785620 388
1785630 388
1785640 388
1785650 388
1785660 389
1785670 390
1785680 393
1785690 394
1785700 394
1785710 392
1785720 392
1785730 393
1785740 394
1785750 397
1785760 399
1785770 402
1785780 405
1785790 407
1785800 409
1785810 411
1785820 413
1785830 417
1785840 428
1785850 435
1785860 441
1785870 446
1785880 452
1785890 460
1785900 466
1785910 471
1785920 476
1785930 479
1785940 483
1785950 486
1785960 490
1785970 494
1785980 499
1785990 503
1786000 507
1786010 510
1786020 513
1786030 516
1786040 518
1786050 520
1786060 521
1786070 522
1786080 523
1786090 524
1786100 525
1786110 525
1786120 526
1786130 527
1786140 528
1786150 529
1786160 530
1786170 531
1786180 532
1786190 533
1786200 534
1786210 535
1786220 536
1786230 536
1786240 537
1786250 538
1786260 539
1786270 540
1786280 541
1786290 542
1786300 542
1786310 543
1786320 543
1786330 544
1786340 544
1786350 544
1786360 545
1786370 545
1786380 545
1786390 545
1786400 545
1786410 544
1786420 544
1786430 543
1786440 543
1786450 542
1786460 540
1786470 539
1786480 538
1786490 536
1786500 534
1786510 531
1786520 528
1786530 525
1786540 523
1786550 521
1786560 521
1786570 520
1786580 520
1786590 520
1786600 518
1786610 516
1786620 514
1786630 512
1786640 511
1786650 511
1786660 511
1786670 511
1786680 511
1786690 511
1786700 511
1786710 511
1786720 511
1786730 511
1786740 512
1786750 512
1786760 512
1786770 512
1786780 512
1786790 512
1786800 513
1786810 513
1786820 514
1786830 514
1786840 515
1786850 516
1786860 516
1786870 516
1786880 516
1786890 516
1786900 516
1786910 516
1786920 515
1786930 515
1786940 515
1786950 515
1786960 514
1786970 514
1786980 512
1786990 511
1787000 510
1787010 508
1787020 506
1787030 505
1787040 503
1787050 501
1787060 499
1787070 497
1787080 495
1787090 493
1787100 492
1787110 491
1787120 490
1787130 490
1787140 489
1787150 488
1787160 487
1787170 486
1787180 485
1787190 483
1787200 482
1787210 480
1787220 478
1787230 476
1787240 475
1787250 473
1787260 472
1787270 470
1787280 469
1787290 466
1787300 464
1787310 461
1787320 460
1787330 463
1787340 466
1787350 470
1787360 472
1787370 475
1787380 478
1787390 480
1787400 482
1787410 484
1787420 486
1787430 488
1787440 491
1787450 494
1787460 497
1787470 500
1787480 504
1787490 508
1787500 512
1787510 516
1787520 520
1787530 524
1787540 527
1787550 530
1787560 531
1787570 532
1787580 532
1787590 533
1787600 533
1787610 534
1787620 533
1787630 533
1787640 531
1787650 530
1787660 528
1787670 527
1787680 526
1787690 526
1787700 526
1787710 526
1787720 526
1787730 526
1787740 526
1787750 526
1787760 525
1787770 525
1787780 525
1787790 525
1787800 524
1787810 524
1787820 524
1787830 524
1787840 524
1787850 524
1787860 524
1787870 526
1787880 528
1787890 531
1787900 532
1787910 532
1787920 531
1787930 531
1787940 530
1787950 528
1787960 526
1787970 524
1787980 523
1787990 522
1788000 522
1788010 522
1788020 522
1788030 521
1788040 521
1788050 521
1788060 521
1788070 521
1788080 521
1788090 521
1788100 521
1788110 521
1788120 521
1788130 520
1788140 520
1788150 520
1788160 520
1788170 520
1788180 520
1788190 520
1788200 520
1788210 520
1788220 520
1788230 520
1788240 520
1788250 521
1788260 520
1788270 520
1788280 519
1788290 518
1788300 517
1788310 517
1788320 516
1788330 516
1788340 516
1788350 515
1788360 515
1788370 515
1788380 516
1788390 516
1788400 516
1788410 516
1788420 515
1788430 515
1788440 514
1788450 514
1788460 513
1788470 513
1788480 512
1788490 511
1788500 511
1788510 510
1788520 509
1788530 509
1788540 507
1788550 506
1788560 504
1788570 502
1788580 501
1788590 500
1788600 499
1788610 499
1788620 498
1788630 497
1788640 496
1788650 495
1788660 494
1788670 493
1788680 492
1788690 492
1788700 492
1788710 494
1788720 497
1788730 500
1788740 504
1788750 507
1788760 511
1788770 515
1788780 519
1788790 523
1788800 526
1788810 530
1788820 534
1788830 538
1788840 542
1788850 546
1788860 550
1788870 552
1788880 555
1788890 559
1788900 562
1788910 566
1788920 569
1788930 571
1788940 574
1788950 577
1788960 580
1788970 582
1788980 585
1788990 587
1789000 589
1789010 591
1789020 593
1789030 595
1789040 597
1789050 599
1789060 600
1789070 602
1789080 603
1789090 604
1789100 606
1789110 607
1789120 608
1789130 609
1789140 610
1789150 612
1789160 613
1789170 614
1789180 616
1789190 617
1789200 618
1789210 619
1789220 620
1789230 621
1789240 622
1789250 623
1789260 624
1789270 625
1789280 625
1789290 626
1789300 626
1789310 627
1789320 627
1789330 627
1789340 627
1789350 627
1789360 627
1789370 626
1789380 625
1789390 624
1789400 623
1789410 622
1789420 622
1789430 621
1789440 620
1789450 620
1789460 619
1789470 619
1789480 618
1789490 617
1789500 616
1789510 615
1789520 614
1789530 613
1789540 613
1789550 612
1789560 611
1789570 611
1789580 610
1789590 610
1789600 609
1789610 608
1789620 607
1789630 606
1789640 605
1789650 604
1789660 602
1789670 601
1789680 601
1789690 600
1789700 599
1789710 598
1789720 598
1789730 597
1789740 596
1789750 596
1789760 595
1789770 594
1789780 593
1789790 592
1789800 591
1789810 591
1789820 590
1789830 589
1789840 589
1789850 588
1789860 588
1789870 587
1789880 586
1789890 585
1789900 585
1789910 584
1789920 584
1789930 583
1789940 583
1789950 582
1789960 582
1789970 581
1789980 581
1789990 580
1790000 580
1790010 579
1790020 579
1790030 578
1790040 578
1790050 578
1790060 577
1790070 577
1790080 576
1790090 575
1790100 575
1790110 574
1790120 573
1790130 573
1790140 572
1790150 572
1790160 571
1790170 571
1790180 570
1790190 569
1790200 569
1790210 568
1790220 568
1790230 567
1790240 566
1790250 566
1790260 565
1790270 565
1790280 564
1790290 564
1790300 563
1790310 562
1790320 562
1790330 561
1790340 561
1790350 560
1790360 560
1790370 559
1790380 559
1790390 558
1790400 557
1790410 557
1790420 556
1790430 556
1790440 555
1790450 555
1790460 554
1790470 554
1790480 554
1790490 553
1790500 553
1790510 552
1790520 552
1790530 551
1790540 551
1790550 550
1790560 549
1790570 548
1790580 548
1790590 547
1790600 546
1790610 546
1790620 545
1790630 544
1790640 544
1790650 543
1790660 542
1790670 542
1790680 541
1790690 541
1790700 540
1790710 539
1790720 538
1790730 537
1790740 537
1790750 536
1790760 535
1790770 534
1790780 533
1790790 533
1790800 532
1790810 531
1790820 530
1790830 529
1790840 528
1790850 527
1790860 526
1790870 525
1790880 524
1790890 523
1790900 522
1790910 521
1790920 520
1790930 519
1790940 518
1790950 517
1790960 515
1790970 512
1790980 510
1790990 508
1791000 507
1791010 506
1791020 506
1791030 506
1791040 505
1791050 505
1791060 505
1791070 504
1791080 504
1791090 504
1791100 504
1791110 503
1791120 503
1791130 503
1791140 503
1791150 503
1791160 503
1791170 503
1791180 502
1791190 502
1791200 502
1791210 502
1791220 502
1791230 502
1791240 502
1791250 502
1791260 502
1791270 502
1791280 502
1791290 502
1791300 502
1791310 502
1791320 502
1791330 502
1791340 503
1791350 504
1791360 504
1791370 505
1791380 505
1791390 506
1791400 507
1791410 507
1791420 508
1791430 509
1791440 509
1791450 510
1791460 511
1791470 512
1791480 513
1791490 513
1791500 514
1791510 515
1791520 516
1791530 517
1791540 518
1791550 519
1791560 521
1791570 522
1791580 522
1791590 523
1791600 523
1791610 524
1791620 524
1791630 525
1791640 526
1791650 526
1791660 527
1791670 528
1791680 528
1791690 526
1791700 523
1791710 520
1791720 516
1791730 512
1791740 508
1791750 505
1791760 501
1791770 498
1791780 496
1791790 494
1791800 492
1791810 490
1791820 488
1791830 486
1791840 485
1791850 483
1791860 482
1791870 481
1791880 480
1791890 479
1791900 478
1791910 478
1791920 477
1791930 476
1791940 476
1791950 476
1791960 476
1791970 475
1791980 475
1791990 474
1792000 472
1792010 471
1792020 470
1792030 468
1792040 467
1792050 467
1792060 466
1792070 466
1792080 466
1792090 466
1792100 466
1792110 467
1792120 467
1792130 468
1792140 469
1792150 470
1792160 472
1792170 474
1792180 477
1792190 481
1792200 484
1792210 487
1792220 490
1792230 494
1792240 498
1792250 501
1792260 504
1792270 507
1792280 510
1792290 512
1792300 514
1792310 516
1792320 518
1792330 520
1792340 522
1792350 524
1792360 526
1792370 528
1792380 529
1792390 530
1792400 531
1792410 532
1792420 533
1792430 534
1792440 534
1792450 535
1792460 537
1792470 539
1792480 540
1792490 541
1792500 543
1792510 544
1792520 545
1792530 547
1792540 548
1792550 548
1792560 549
1792570 549
1792580 549
1792590 549
1792600 549
1792610 549
1792620 549
1792630 549
1792640 549
1792650 547
1792660 546
1792670 545
1792680 545
1792690 546
1792700 547
1792710 548
1792720 549
1792730 550
1792740 552
1792750 554
1792760 556
1792770 558
1792780 560
1792790 562
1792800 564
1792810 565
1792820 567
1792830 569
1792840 571
1792850 572
1792860 573
1792870 574
1792880 575
1792890 576
1792900 577
1792910 577
1792920 577
1792930 575
1792940 573
1792950 571
1792960 569
1792970 567
1792980 565
1792990 564
1793000 564
1793010 564
1793020 565
1793030 567
1793040 569
1793050 572
1793060 575
1793070 578
1793080 581
1793090 584
1793100 585
1793110 585
1793120 585
1793130 585
1793140 586
1793150 586
1793160 587
1793170 588
1793180 588
1793190 589
1793200 590
1793210 590
1793220 591
1793230 591
1793240 592
1793250 592
1793260 593
1793270 594
1793280 594
1793290 595
1793300 596
1793310 596
1793320 597
1793330 598
1793340 598
1793350 598
1793360 599
1793370 600
1793380 600
1793390 600
1793400 601
1793410 601
1793420 601
1793430 601
1793440 602
1793450 603
1793460 603
1793470 604
1793480 605
1793490 606
1793500 607
1793510 608
1793520 609
1793530 610
1793540 611
1793550 612
1793560 613
1793570 613
1793580 614
1793590 616
1793600 618
1793610 621
1793620 623
1793630 624
1793640 625
1793650 625
1793660 626
1793670 626
1793680 627
1793690 627
1793700 628
1793710 628
1793720 628
1793730 629
1793740 629
1793750 630
1793760 630
1793770 631
1793780 631
1793790 631
1793800 632
1793810 632
1793820 633
1793830 634
1793840 634
1793850 635
1793860 635
1793870 636
1793880 636
1793890 637
1793900 637
1793910 638
1793920 638
1793930 638
1793940 639
1793950 640
1793960 640
1793970 641
1793980 641
1793990 642
1794000 643
1794010 643
1794020 644
1794030 644
1794040 645
1794050 645
1794060 646
1794070 646
1794080 647
1794090 647
1794100 648
1794110 648
1794120 648
1794130 649
1794140 649
1794150 649
1794160 650
1794170 650
1794180 650
1794190 651
1794200 651
1794210 651
1794220 652
1794230 652
1794240 653
1794250 653
1794260 653
1794270 653
1794280 653
1794290 654
1794300 654
1794310 655
1794320 655
1794330 655
1794340 655
1794350 653
1794360 650
1794370 647
1794380 643
1794390 640
1794400 637
1794410 635
1794420 633
1794430 631
1794440 630
1794450 629
1794460 628
1794470 627
1794480 626
1794490 625
1794500 626
1794510 627
1794520 628
1794530 629
1794540 630
1794550 630
1794560 632
1794570 634
1794580 636
1794590 639
1794600 643
1794610 647
1794620 650
1794630 652
1794640 654
1794650 656
1794660 657
1794670 659
1794680 661
1794690 663
1794700 666
1794710 669
1794720 672
1794730 674
1794740 676
1794750 678
1794760 681
1794770 683
1794780 685
1794790 687
1794800 689
1794810 692
1794820 694
1794830 696
1794840 698
1794850 700
1794860 701
1794870 702
1794880 703
1794890 704
1794900 706
1794910 707
1794920 708
1794930 709
1794940 710
1794950 711
1794960 713
1794970 714
1794980 716
1794990 717
1795000 718
1795010 719
1795020 720
1795030 720
1795040 721
1795050 721
1795060 722
1795070 723
1795080 723
1795090 723
1795100 724
1795110 725
1795120 727
1795130 729
1795140 731
1795150 732
1795160 733
1795170 733
1795180 733
1795190 733
1795200 734
1795210 735
1795220 737
1795230 739
1795240 741
1795250 743
1795260 743
1795270 744
1795280 745
1795290 745
1795300 746
1795310 746
1795320 746
1795330 747
1795340 747
1795350 746
1795360 744
1795370 741
1795380 738
1795390 735
1795400 734
1795410 734
1795420 735
1795430 737
1795440 739
1795450 741
1795460 743
1795470 745
1795480 746
1795490 746
1795500 745
1795510 744
1795520 742
1795530 740
1795540 738
1795550 736
1795560 735
1795570 734
1795580 735
1795590 736
1795600 736
1795610 737
1795620 738
1795630 738
1795640 739
1795650 740
1795660 741
1795670 742
1795680 743
1795690 744
1795700 745
1795710 746
1795720 748
1795730 749
1795740 751
1795750 752
1795760 753
1795770 753
1795780 753
1795790 753
1795800 752
1795810 752
1795820 751
1795830 751
1795840 750
1795850 750
1795860 749
1795870 748
1795880 746
1795890 746
1795900 745
1795910 744
1795920 742
1795930 740
1795940 739
1795950 737
1795960 735
1795970 733
1795980 733
1795990 733
1796000 733
1796010 734
1796020 734
1796030 735
1796040 736
1796050 737
1796060 739
1796070 741
1796080 743
1796090 744
1796100 746
1796110 748
1796120 749
1796130 751
1796140 752
1796150 754
1796160 755
1796170 757
1796180 759
1796190 760
1796200 762
1796210 764
1796220 765
1796230 767
1796240 769
1796250 770
1796260 772
1796270 773
1796280 773
1796290 773
1796300 772
1796310 770
1796320 769
1796330 767
1796340 764
1796350 762
1796360 760
1796370 758
1796380 756
1796390 754
1796400 752
1796410 751
1796420 751
1796430 751
1796440 751
1796450 751
1796460 751
1796470 752
1796480 753
1796490 754
1796500 756
1796510 758
1796520 760
1796530 762
1796540 763
1796550 765
1796560 767
1796570 769
1796580 770
1796590 772
1796600 773
1796610 774
1796620 775
1796630 776
1796640 778
1796650 781
1796660 783
1796670 785
1796680 786
1796690 787
1796700 788
1796710 789
1796720 789
1796730 788
1796740 786
1796750 784
1796760 781
1796770 779
1796780 777
1796790 775
1796800 771
1796810 767
1796820 762
1796830 755
1796840 749
1796850 744
1796860 740
1796870 737
1796880 733
1796890 730
1796900 728
1796910 725
1796920 722
1796930 719
1796940 717
1796950 715
1796960 713
1796970 711
1796980 709
1796990 708
1797000 706
1797010 705
1797020 704
1797030 703
1797040 702
1797050 702
1797060 702
1797070 702
1797080 702
1797090 703
1797100 704
1797110 706
1797120 707
1797130 709
1797140 710
1797150 712
1797160 712
1797170 712
1797180 711
1797190 710
1797200 708
1797210 707
1797220 706
1797230 705
1797240 705
1797250 704
1797260 703
1797270 702
1797280 702
1797290 701
1797300 701
1797310 700
1797320 700
1797330 699
1797340 699
1797350 698
1797360 698
1797370 697
1797380 697
1797390 697
1797400 697
1797410 697
1797420 696
1797430 696
1797440 696
1797450 695
1797460 695
1797470 694
1797480 694
1797490 694
1797500 693
1797510 693
1797520 693
1797530 692
1797540 692
1797550 692
1797560 691
1797570 690
1797580 690
1797590 689
1797600 689
1797610 688
1797620 687
1797630 686
1797640 685
1797650 684
1797660 683
1797670 682
1797680 681
1797690 680
1797700 679
1797710 677
1797720 676
1797730 675
1797740 674
1797750 673
1797760 672
1797770 671
1797780 670
1797790 669
1797800 667
1797810 666
1797820 664
1797830 663
1797840 661
1797850 660
1797860 659
1797870 658
1797880 656
1797890 654
1797900 652
1797910 650
1797920 648
1797930 646
1797940 644
1797950 642
1797960 640
1797970 639
1797980 637
1797990 635
1798000 632
1798010 628
1798020 624
1798030 619
1798040 614
1798050 609
1798060 605
1798070 602
1798080 599
1798090 597
1798100 595
1798110 594
1798120 593
1798130 592
1798140 591
1798150 589
1798160 588
1798170 586
1798180 585
1798190 582
1798200 579
1798210 576
1798220 572
1798230 568
1798240 564
1798250 560
1798260 556
1798270 553
1798280 550
1798290 548
1798300 547
1798310 545
1798320 544
1798330 543
1798340 541
1798350 540
1798360 538
1798370 537
1798380 536
1798390 534
1798400 533
1798410 532
1798420 531
1798430 530
1798440 529
1798450 529
1798460 529
1798470 529
1798480 530
1798490 530
1798500 530
1798510 531
1798520 531
1798530 532
1798540 533
1798550 534
1798560 534
1798570 535
1798580 536
1798590 537
1798600 539
1798610 540
1798620 542
1798630 543
1798640 543
1798650 543
1798660 542
1798670 541
1798680 540
1798690 539
1798700 538
1798710 535
1798720 533
1798730 529
1798740 525
1798750 521
1798760 516
1798770 512
1798780 508
1798790 506
1798800 504
1798810 504
1798820 503
1798830 503
1798840 503
1798850 504
1798860 504
1798870 504
1798880 503
1798890 500
1798900 497
1798910 494
1798920 490
1798930 487
1798940 483
1798950 481
1798960 480
1798970 481
1798980 483
1798990 486
1799000 490
1799010 494
1799020 497
1799030 500
1799040 504
1799050 508
1799060 511
1799070 513
1799080 515
1799090 518
1799100 519
1799110 521
1799120 523
1799130 524
1799140 526
1799150 527
1799160 527
1799170 528
1799180 528
1799190 529
1799200 530
1799210 532
1799220 534
1799230 536
1799240 538
1799250 538
1799260 538
1799270 537
1799280 537
1799290 536
1799300 535
1799310 535
1799320 534
1799330 533
1799340 533
1799350 532
1799360 531
1799370 530
1799380 528
1799390 526
1799400 523
1799410 520
1799420 516
1799430 512
1799440 510
1799450 507
1799460 505
1799470 502
1799480 500
1799490 497
1799500 493
1799510 490
1799520 487
1799530 483
1799540 479
1799550 476
1799560 473
1799570 469
1799580 465
1799590 462
1799600 458
1799610 454
1799620 450
1799630 445
1799640 440
1799650 436
1799660 431
1799670 426
1799680 422
1799690 418
1799700 414
1799710 410
1799720 407
1799730 404
1799740 402
1799750 401
1799760 399
1799770 398
1799780 397
1799790 397
1799800 399
1799810 401
1799820 404
1799830 406
1799840 407
1799850 409
1799860 411
1799870 413
1799880 415
1799890 416
1799900 416
1799910 416
1799920 415
1799930 413
1799940 412
1799950 411
1799960 411
1799970 412
1799980 414
1799990 414
