1780000 396
1780010 396
1780020 396
1780030 396
1780040 396
1780050 396
1780060 396
1780070 396
1780080 396
1780090 396
1780100 396
1780110 396
1780120 396
1780130 396
1780140 396
1780150 396
1780160 396
1780170 396
1780180 396
1780190 396
1780200 396
1780210 396
1780220 396
1780230 396
1780240 396
1780250 396
1780260 396
1780270 396
1780280 396
1780290 396
1780300 396
1780310 396
1780320 396
1780330 396
1780340 396
1780350 396
1780360 396
1780370 396
1780380 396
1780390 396
1780400 396
1780410 396
1780420 395
1780430 395
1780440 395
1780450 395
1780460 395
1780470 395
1780480 395
1780490 395
1780500 395
1780510 395
1780520 395
1780530 395
1780540 395
1780550 395
1780560 395
1780570 395
1780580 395
1780590 395
1780600 395
1780610 395
1780620 394
1780630 394
1780640 394
1780650 394
1780660 394
1780670 394
1780680 394
1780690 394
1780700 394
1780710 393
1780720 393
1780730 393
1780740 393
1780750 393
1780760 393
1780770 393
1780780 393
1780790 393
1780800 393
1780810 392
1780820 392
1780830 392
1780840 393
1780850 393
1780860 392
1780870 392
1780880 391
1780890 391
1780900 391
1780910 391
1780920 391
1780930 391
1780940 391
1780950 391
1780960 390
1780970 390
1780980 390
1780990 390
1781000 390
1781010 390
1781020 390
1781030 391
1781040 391
1781050 390
1781060 390
1781070 390
1781080 389
1781090 388
1781100 387
1781110 387
1781120 387
1781130 388
1781140 389
1781150 389
1781160 389
1781170 389
1781180 389
1781190 389
1781200 389
1781210 389
1781220 389
1781230 389
1781240 389
1781250 389
1781260 389
1781270 389
1781280 389
1781290 388
1781300 388
1781310 388
1781320 387
1781330 387
1781340 387
1781350 387
1781360 387
1781370 388
1781380 388
1781390 389
1781400 389
1781410 389
1781420 389
1781430 389
1781440 389
1781450 389
1781460 389
1781470 390
1781480 391
1781490 392
1781500 393
1781510 394
1781520 394
1781530 395
1781540 396
1781550 397
1781560 397
1781570 397
1781580 398
1781590 398
1781600 399
1781610 399
1781620 400
1781630 401
1781640 402
1781650 403
1781660 403
1781670 403
1781680 403
1781690 402
1781700 402
1781710 401
1781720 400
1781730 399
1781740 398
1781750 397
1781760 396
1781770 394
1781780 392
1781790 391
1781800 391
1781810 390
1781820 391
1781830 392
1781840 392
1781850 393
1781860 394
1781870 396
1781880 398
1781890 400
1781900 401
1781910 402
1781920 404
1781930 405
1781940 407
1781950 410
1781960 412
1781970 414
1781980 415
1781990 417
1782000 418
1782010 420
1782020 421
1782030 423
1782040 425
1782050 426
1782060 428
1782070 430
1782080 431
1782090 433
1782100 435
1782110 436
1782120 438
1782130 440
1782140 442
1782150 445
1782160 448
1782170 450
1782180 453
1782190 456
1782200 459
1782210 461
1782220 464
1782230 466
1782240 468
1782250 470
1782260 471
1782270 473
1782280 475
1782290 477
1782300 478
1782310 480
1782320 482
1782330 483
1782340 484
1782350 485
1782360 487
1782370 488
1782380 490
1782390 491
1782400 492
1782410 493
1782420 495
1782430 496
1782440 496
1782450 497
1782460 497
1782470 498
1782480 498
1782490 498
1782500 498
1782510 498
1782520 498
1782530 498
1782540 497
1782550 497
1782560 497
1782570 496
1782580 496
1782590 496
1782600 496
1782610 496
1782620 496
1782630 496
1782640 495
1782650 495
1782660 495
1782670 495
1782680 495
1782690 495
1782700 494
1782710 494
1782720 494
1782730 494
1782740 494
1782750 494
1782760 493
1782770 493
1782780 492
1782790 492
1782800 491
1782810 490
1782820 490
1782830 489
1782840 489
1782850 489
1782860 488
1782870 488
1782880 487
1782890 486
1782900 486
1782910 485
1782920 485
1782930 484
1782940 484
1782950 483
1782960 483
1782970 483
1782980 482
1782990 482
1783000 482
1783010 482
1783020 481
1783030 481
1783040 481
1783050 481
1783060 480
1783070 480
1783080 479
1783090 479
1783100 479
1783110 479
1783120 479
1783130 479
1783140 479
1783150 480
1783160 480
1783170 480
1783180 481
1783190 481
1783200 483
1783210 484
1783220 486
1783230 486
1783240 486
1783250 486
1783260 485
1783270 484
1783280 482
1783290 479
1783300 475
1783310 471
1783320 468
1783330 465
1783340 464
1783350 463
1783360 463
1783370 462
1783380 462
1783390 461
1783400 460
1783410 459
1783420 458
1783430 457
1783440 456
1783450 456
1783460 456
1783470 455
1783480 455
1783490 455
1783500 454
1783510 454
1783520 454
1783530 453
1783540 453
1783550 452
1783560 451
1783570 451
1783580 450
1783590 450
1783600 449
1783610 448
1783620 448
1783630 447
1783640 446
1783650 446
1783660 445
1783670 444
1783680 444
1783690 443
1783700 443
1783710 442
1783720 442
1783730 442
1783740 441
1783750 441
1783760 440
1783770 440
1783780 440
1783790 439
1783800 439
1783810 439
1783820 439
1783830 438
1783840 438
1783850 438
1783860 438
1783870 438
1783880 438
1783890 438
1783900 438
1783910 437
1783920 437
1783930 437
1783940 437
1783950 436
1783960 436
1783970 435
1783980 435
1783990 434
1784000 433
1784010 433
1784020 433
1784030 432
1784040 431
1784050 430
1784060 429
1784070 429
1784080 428
1784090 428
1784100 428
1784110 428
1784120 427
1784130 427
1784140 426
1784150 425
1784160 424
1784170 424
1784180 423
1784190 422
1784200 421
1784210 420
1784220 420
1784230 419
1784240 419
1784250 418
1784260 418
1784270 418
1784280 417
1784290 417
1784300 416
1784310 416
1784320 415
1784330 414
1784340 415
1784350 416
1784360 416
1784370 417
1784380 418
1784390 420
1784400 422
1784410 424
1784420 424
1784430 425
1784440 425
1784450 427
1784460 428
1784470 430
1784480 431
1784490 433
1784500 435
1784510 437
1784520 439
1784530 441
1784540 443
1784550 445
1784560 447
1784570 449
1784580 450
1784590 452
1784600 453
1784610 455
1784620 457
1784630 459
1784640 460
1784650 462
1784660 464
1784670 466
1784680 468
1784690 470
1784700 472
1784710 474
1784720 476
1784730 477
1784740 479
1784750 481
1784760 484
1784770 485
1784780 487
1784790 489
1784800 491
1784810 493
1784820 495
1784830 497
1784840 499
1784850 501
1784860 503
1784870 504
1784880 506
1784890 507
1784900 509
1784910 510
1784920 511
1784930 513
1784940 514
1784950 515
1784960 517
1784970 519
1784980 520
1784990 522
1785000 523
1785010 525
1785020 526
1785030 528
1785040 529
1785050 531
1785060 532
1785070 534
1785080 535
1785090 537
1785100 538
1785110 540
1785120 541
1785130 543
1785140 544
1785150 545
1785160 547
1785170 549
1785180 552
1785190 555
1785200 559
1785210 562
1785220 566
1785230 569
1785240 572
1785250 575
1785260 578
1785270 582
1785280 585
1785290 588
1785300 590
1785310 593
1785320 595
1785330 596
1785340 597
1785350 596
1785360 594
1785370 592
1785380 590
1785390 588
1785400 586
1785410 584
1785420 583
1785430 581
1785440 579
1785450 576
1785460 574
1785470 571
1785480 567
1785490 564
1785500 560
1785510 556
1785520 552
1785530 548
1785540 544
1785550 540
1785560 536
1785570 532
1785580 528
1785590 524
1785600 520
1785610 517
1785620 513
1785630 509
1785640 506
1785650 503
1785660 500
1785670 497
1785680 494
1785690 491
1785700 489
1785710 487
1785720 484
1785730 482
1785740 480
1785750 478
1785760 475
1785770 473
1785780 471
1785790 470
1785800 468
1785810 467
1785820 467
1785830 466
1785840 466
1785850 467
1785860 467
1785870 468
1785880 468
1785890 469
1785900 469
1785910 470
1785920 470
1785930 471
1785940 472
1785950 473
1785960 474
1785970 475
1785980 476
1785990 477
1786000 477
1786010 478
1786020 479
1786030 480
1786040 481
1786050 482
1786060 482
1786070 483
1786080 484
1786090 485
1786100 486
1786110 487
1786120 488
1786130 489
1786140 490
1786150 491
1786160 493
1786170 494
1786180 496
1786190 497
1786200 499
1786210 500
1786220 502
1786230 503
1786240 505
1786250 507
1786260 508
1786270 509
1786280 510
1786290 511
1786300 512
1786310 513
1786320 514
1786330 515
1786340 517
1786350 518
1786360 520
1786370 521
1786380 523
1786390 524
1786400 526
1786410 528
1786420 531
1786430 533
1786440 536
1786450 539
1786460 542
1786470 546
1786480 549
1786490 552
1786500 555
1786510 558
1786520 562
1786530 565
1786540 569
1786550 572
1786560 576
1786570 580
1786580 584
1786590 588
1786600 592
1786610 596
1786620 600
1786630 604
1786640 608
1786650 613
1786660 617
1786670 621
1786680 626
1786690 631
1786700 636
1786710 641
1786720 646
1786730 650
1786740 655
1786750 660
1786760 665
1786770 671
1786780 678
1786790 679
1786800 681
1786810 683
1786820 686
1786830 688
1786840 691
1786850 695
1786860 698
1786870 700
1786880 703
1786890 705
1786900 708
1786910 709
1786920 710
1786930 709
1786940 708
1786950 708
1786960 707
1786970 706
1786980 705
1786990 704
1787000 703
1787010 701
1787020 700
1787030 699
1787040 697
1787050 695
1787060 694
1787070 692
1787080 690
1787090 688
1787100 686
1787110 684
1787120 682
1787130 680
1787140 678
1787150 676
1787160 674
1787170 672
1787180 669
1787190 667
1787200 665
1787210 662
1787220 660
1787230 658
1787240 656
1787250 654
1787260 652
1787270 651
1787280 649
1787290 647
1787300 644
1787310 642
1787320 639
1787330 636
1787340 633
1787350 630
1787360 626
1787370 623
1787380 620
1787390 617
1787400 614
1787410 612
1787420 609
1787430 607
1787440 604
1787450 602
1787460 599
1787470 597
1787480 594
1787490 591
1787500 588
1787510 585
1787520 582
1787530 580
1787540 577
1787550 576
1787560 574
1787570 573
1787580 571
1787590 569
1787600 567
1787610 565
1787620 564
1787630 562
1787640 561
1787650 560
1787660 558
1787670 556
1787680 553
1787690 550
1787700 547
1787710 544
1787720 541
1787730 537
1787740 534
1787750 530
1787760 526
1787770 523
1787780 520
1787790 518
1787800 516
1787810 514
1787820 513
1787830 511
1787840 510
1787850 509
1787860 508
1787870 506
1787880 505
1787890 504
1787900 503
1787910 502
1787920 501
1787930 500
1787940 499
1787950 498
1787960 497
1787970 496
1787980 496
1787990 495
1788000 494
1788010 494
1788020 493
1788030 492
1788040 491
1788050 491
1788060 491
1788070 490
1788080 489
1788090 487
1788100 485
1788110 483
1788120 481
1788130 480
1788140 478
1788150 477
1788160 475
1788170 474
1788180 473
1788190 473
1788200 472
1788210 474
1788220 475
1788230 477
1788240 479
1788250 481
1788260 484
1788270 486
1788280 488
1788290 491
1788300 492
1788310 492
1788320 492
1788330 490
1788340 488
1788350 486
1788360 485
1788370 485
1788380 484
1788390 484
1788400 482
1788410 480
1788420 477
1788430 474
1788440 471
1788450 468
1788460 466
1788470 464
1788480 463
1788490 461
1788500 459
1788510 458
1788520 457
1788530 456
1788540 454
1788550 453
1788560 451
1788570 450
1788580 450
1788590 449
1788600 449
1788610 450
1788620 450
1788630 450
1788640 451
1788650 452
1788660 452
1788670 453
1788680 454
1788690 455
1788700 457
1788710 458
1788720 460
1788730 462
1788740 464
1788750 466
1788760 468
1788770 470
1788780 472
1788790 474
1788800 475
1788810 476
1788820 478
1788830 479
1788840 480
1788850 481
1788860 482
1788870 483
1788880 485
1788890 486
1788900 487
1788910 488
1788920 488
1788930 489
1788940 489
1788950 489
1788960 489
1788970 488
1788980 488
1788990 487
1789000 487
1789010 487
1789020 487
1789030 486
1789040 485
1789050 481
1789060 477
1789070 473
1789080 469
1789090 466
1789100 463
1789110 461
1789120 458
1789130 456
1789140 454
1789150 453
1789160 453
1789170 453
1789180 453
1789190 453
1789200 452
1789210 451
1789220 450
1789230 449
1789240 448
1789250 447
1789260 446
1789270 444
1789280 443
1789290 443
1789300 443
1789310 444
1789320 445
1789330 446
1789340 446
1789350 446
1789360 447
1789370 448
1789380 451
1789390 453
1789400 456
1789410 458
1789420 460
1789430 461
1789440 461
1789450 461
1789460 461
1789470 460
1789480 461
1789490 461
1789500 462
1789510 463
1789520 464
1789530 464
1789540 465
1789550 466
1789560 468
1789570 469
1789580 471
1789590 472
1789600 473
1789610 474
1789620 476
1789630 478
1789640 479
1789650 480
1789660 482
1789670 483
1789680 485
1789690 486
1789700 488
1789710 489
1789720 491
1789730 493
1789740 494
1789750 496
1789760 498
1789770 500
1789780 502
1789790 503
1789800 504
1789810 505
1789820 506
1789830 507
1789840 508
1789850 510
1789860 511
1789870 512
1789880 514
1789890 515
1789900 517
1789910 519
1789920 520
1789930 521
1789940 523
1789950 524
1789960 525
1789970 525
1789980 526
1789990 527
1790000 528
1790010 529
1790020 530
1790030 531
1790040 533
1790050 534
1790060 536
1790070 537
1790080 539
1790090 541
1790100 543
1790110 544
1790120 545
1790130 546
1790140 548
1790150 548
1790160 549
1790170 549
1790180 549
1790190 549
1790200 549
1790210 549
1790220 548
1790230 548
1790240 547
1790250 545
1790260 544
1790270 543
1790280 543
1790290 543
1790300 542
1790310 542
1790320 541
1790330 541
1790340 540
1790350 540
1790360 539
1790370 539
1790380 538
1790390 538
1790400 538
1790410 538
1790420 539
1790430 540
1790440 541
1790450 542
1790460 543
1790470 544
1790480 546
1790490 548
1790500 550
1790510 551
1790520 551
1790530 551
1790540 550
1790550 549
1790560 547
1790570 546
1790580 545
1790590 544
1790600 543
1790610 543
1790620 544
1790630 545
1790640 545
1790650 546
1790660 547
1790670 548
1790680 548
1790690 549
1790700 549
1790710 550
1790720 550
1790730 550
1790740 549
1790750 548
1790760 546
1790770 544
1790780 542
1790790 540
1790800 538
1790810 536
1790820 535
1790830 533
1790840 532
1790850 531
1790860 530
1790870 529
1790880 529
1790890 528
1790900 528
1790910 528
1790920 529
1790930 529
1790940 530
1790950 531
1790960 532
1790970 533
1790980 534
1790990 535
1791000 536
1791010 537
1791020 538
1791030 539
1791040 540
1791050 542
1791060 543
1791070 544
1791080 546
1791090 547
1791100 549
1791110 551
1791120 552
1791130 554
1791140 556
1791150 558
1791160 560
1791170 562
1791180 564
1791190 567
1791200 569
1791210 572
1791220 574
1791230 576
1791240 579
1791250 581
1791260 583
1791270 586
1791280 588
1791290 590
1791300 592
1791310 594
1791320 596
1791330 598
1791340 600
1791350 601
1791360 603
1791370 603
1791380 602
1791390 599
1791400 596
1791410 593
1791420 590
1791430 587
1791440 585
1791450 584
1791460 583
1791470 582
1791480 581
1791490 580
1791500 580
1791510 579
1791520 579
1791530 578
1791540 578
1791550 578
1791560 577
1791570 578
1791580 578
1791590 578
1791600 579
1791610 579
1791620 578
1791630 577
1791640 575
1791650 573
1791660 572
1791670 571
1791680 570
1791690 570
1791700 569
1791710 569
1791720 569
1791730 569
1791740 569
1791750 569
1791760 569
1791770 569
1791780 568
1791790 568
1791800 568
1791810 568
1791820 568
1791830 568
1791840 568
1791850 568
1791860 568
1791870 568
1791880 568
1791890 569
1791900 569
1791910 569
1791920 569
1791930 569
1791940 569
1791950 569
1791960 569
1791970 569
1791980 569
1791990 570
1792000 570
1792010 570
1792020 571
1792030 571
1792040 571
1792050 572
1792060 572
1792070 573
1792080 573
1792090 573
1792100 574
1792110 574
1792120 575
1792130 575
1792140 575
1792150 576
1792160 576
1792170 576
1792180 576
1792190 577
1792200 577
1792210 577
1792220 578
1792230 578
1792240 578
1792250 578
1792260 579
1792270 579
1792280 580
1792290 580
1792300 580
1792310 579
1792320 579
1792330 578
1792340 577
1792350 575
1792360 573
1792370 571
1792380 570
1792390 570
1792400 569
1792410 569
1792420 570
1792430 571
1792440 572
1792450 573
1792460 575
1792470 576
1792480 577
1792490 578
1792500 578
1792510 579
1792520 580
1792530 581
1792540 581
1792550 581
1792560 581
1792570 581
1792580 581
1792590 581
1792600 582
1792610 582
1792620 582
1792630 582
1792640 582
1792650 582
1792660 583
1792670 583
1792680 583
1792690 584
1792700 584
1792710 585
1792720 586
1792730 587
1792740 588
1792750 589
1792760 590
1792770 591
1792780 592
1792790 593
1792800 594
1792810 595
1792820 596
1792830 596
1792840 597
1792850 597
1792860 597
1792870 596
1792880 595
1792890 593
1792900 590
1792910 587
1792920 586
1792930 585
1792940 585
1792950 584
1792960 584
1792970 585
1792980 585
1792990 586
1793000 587
1793010 589
1793020 592
1793030 595
1793040 598
1793050 601
1793060 604
1793070 606
1793080 609
1793090 611
1793100 614
1793110 616
1793120 618
1793130 620
1793140 622
1793150 623
1793160 624
1793170 624
1793180 624
1793190 625
1793200 625
1793210 626
1793220 627
1793230 628
1793240 629
1793250 630
1793260 632
1793270 633
1793280 635
1793290 636
1793300 638
1793310 640
1793320 641
1793330 643
1793340 645
1793350 646
1793360 647
1793370 648
1793380 648
1793390 649
1793400 650
1793410 651
1793420 652
1793430 654
1793440 656
1793450 657
1793460 659
1793470 661
1793480 662
1793490 664
1793500 666
1793510 669
1793520 671
1793530 674
1793540 675
1793550 677
1793560 678
1793570 680
1793580 682
1793590 683
1793600 686
1793610 688
1793620 689
1793630 691
1793640 693
1793650 694
1793660 696
1793670 698
1793680 699
1793690 701
1793700 702
1793710 703
1793720 705
1793730 706
1793740 708
1793750 709
1793760 711
1793770 712
1793780 713
1793790 714
1793800 714
1793810 714
1793820 715
1793830 715
1793840 715
1793850 715
1793860 715
1793870 713
1793880 713
1793890 712
1793900 712
1793910 712
1793920 711
1793930 710
1793940 709
1793950 706
1793960 703
1793970 701
1793980 700
1793990 700
1794000 700
1794010 701
1794020 700
1794030 700
1794040 701
1794050 702
1794060 704
1794070 706
1794080 708
1794090 711
1794100 713
1794110 714
1794120 715
1794130 715
1794140 715
1794150 715
1794160 714
1794170 713
1794180 713
1794190 712
1794200 712
1794210 711
1794220 711
1794230 710
1794240 710
1794250 710
1794260 710
1794270 711
1794280 711
1794290 711
1794300 711
1794310 711
1794320 711
1794330 711
1794340 711
1794350 711
1794360 711
1794370 711
1794380 710
1794390 709
1794400 709
1794410 709
1794420 709
1794430 710
1794440 710
1794450 711
1794460 711
1794470 710
1794480 709
1794490 708
1794500 706
1794510 704
1794520 701
1794530 699
1794540 698
1794550 698
1794560 699
1794570 700
1794580 702
1794590 703
1794600 704
1794610 705
1794620 705
1794630 706
1794640 706
1794650 707
1794660 707
1794670 708
1794680 709
1794690 709
1794700 709
1794710 709
1794720 708
1794730 708
1794740 708
1794750 708
1794760 709
1794770 709
1794780 709
1794790 709
1794800 709
1794810 709
1794820 708
1794830 708
1794840 708
1794850 708
1794860 707
1794870 707
1794880 707
1794890 707
1794900 707
1794910 707
1794920 706
1794930 706
1794940 706
1794950 705
1794960 703
1794970 701
1794980 701
1794990 700
1795000 701
1795010 702
1795020 703
1795030 704
1795040 704
1795050 704
1795060 704
1795070 703
1795080 703
1795090 703
1795100 702
1795110 702
1795120 702
1795130 702
1795140 702
1795150 702
1795160 703
1795170 704
1795180 704
1795190 705
1795200 706
1795210 707
1795220 708
1795230 708
1795240 709
1795250 709
1795260 710
1795270 710
1795280 711
1795290 711
1795300 711
1795310 711
1795320 711
1795330 710
1795340 710
1795350 709
1795360 707
1795370 706
1795380 705
1795390 704
1795400 703
1795410 703
1795420 703
1795430 703
1795440 702
1795450 702
1795460 702
1795470 702
1795480 702
1795490 703
1795500 703
1795510 703
1795520 703
1795530 703
1795540 703
1795550 704
1795560 704
1795570 704
1795580 705
1795590 705
1795600 705
1795610 705
1795620 706
1795630 706
1795640 706
1795650 706
1795660 706
1795670 706
1795680 705
1795690 705
1795700 704
1795710 704
1795720 703
1795730 703
1795740 702
1795750 701
1795760 700
1795770 699
1795780 698
1795790 697
1795800 696
1795810 695
1795820 694
1795830 694
1795840 693
1795850 692
1795860 690
1795870 688
1795880 686
1795890 683
1795900 681
1795910 678
1795920 676
1795930 674
1795940 673
1795950 672
1795960 671
1795970 671
1795980 672
1795990 672
1796000 673
1796010 673
1796020 674
1796030 673
1796040 673
1796050 672
1796060 672
1796070 673
1796080 673
1796090 673
1796100 672
1796110 673
1796120 674
1796130 675
1796140 676
1796150 676
1796160 676
1796170 675
1796180 673
1796190 671
1796200 670
1796210 668
1796220 666
1796230 664
1796240 663
1796250 662
1796260 660
1796270 659
1796280 658
1796290 656
1796300 655
1796310 654
1796320 653
1796330 652
1796340 652
1796350 651
1796360 651
1796370 651
1796380 651
1796390 651
1796400 652
1796410 652
1796420 653
1796430 654
1796440 655
1796450 656
1796460 657
1796470 659
1796480 660
1796490 660
1796500 660
1796510 659
1796520 658
1796530 656
1796540 655
1796550 654
1796560 653
1796570 653
1796580 652
1796590 651
1796600 651
1796610 650
1796620 649
1796630 648
1796640 647
1796650 646
1796660 646
1796670 645
1796680 643
1796690 641
1796700 638
1796710 635
1796720 631
1796730 627
1796740 624
1796750 620
1796760 617
1796770 614
1796780 611
1796790 608
1796800 605
1796810 603
1796820 603
1796830 604
1796840 606
1796850 608
1796860 610
1796870 613
1796880 615
1796890 617
1796900 619
1796910 621
1796920 622
1796930 623
1796940 624
1796950 625
1796960 626
1796970 627
1796980 627
1796990 626
1797000 625
1797010 624
1797020 623
1797030 621
1797040 619
1797050 617
1797060 615
1797070 613
1797080 611
1797090 609
1797100 608
1797110 607
1797120 607
1797130 606
1797140 605
1797150 604
1797160 603
1797170 602
1797180 600
1797190 599
1797200 598
1797210 597
1797220 596
1797230 595
1797240 593
1797250 592
1797260 591
1797270 589
1797280 587
1797290 585
1797300 584
1797310 583
1797320 582
1797330 580
1797340 579
1797350 578
1797360 576
1797370 574
1797380 573
1797390 571
1797400 569
1797410 567
1797420 564
1797430 560
1797440 556
1797450 552
1797460 548
1797470 544
1797480 540
1797490 536
1797500 533
1797510 530
1797520 526
1797530 523
1797540 520
1797550 516
1797560 513
1797570 510
1797580 506
1797590 502
1797600 499
1797610 497
1797620 494
1797630 491
1797640 490
1797650 491
1797660 494
1797670 497
1797680 505
1797690 511
1797700 517
1797710 520
1797720 523
1797730 527
1797740 531
1797750 535
1797760 539
1797770 542
1797780 544
1797790 547
1797800 550
1797810 552
1797820 554
1797830 555
1797840 556
1797850 557
1797860 558
1797870 559
1797880 560
1797890 561
1797900 562
1797910 563
1797920 564
1797930 565
1797940 566
1797950 566
1797960 566
1797970 566
1797980 566
1797990 565
1798000 564
1798010 562
1798020 561
1798030 559
1798040 557
1798050 555
1798060 553
1798070 551
1798080 549
1798090 547
1798100 546
1798110 544
1798120 542
1798130 541
1798140 540
1798150 539
1798160 538
1798170 537
1798180 535
1798190 534
1798200 532
1798210 531
1798220 529
1798230 527
1798240 525
1798250 523
1798260 521
1798270 519
1798280 517
1798290 515
1798300 512
1798310 510
1798320 507
1798330 504
1798340 502
1798350 499
1798360 496
1798370 493
1798380 490
1798390 487
1798400 483
1798410 480
1798420 477
1798430 474
1798440 470
1798450 467
1798460 463
1798470 459
1798480 456
1798490 452
1798500 448
1798510 445
1798520 441
1798530 438
1798540 434
1798550 431
1798560 427
1798570 424
1798580 421
1798590 417
1798600 414
1798610 411
1798620 408
1798630 405
1798640 401
1798650 398
1798660 395
1798670 393
1798680 390
1798690 387
1798700 384
1798710 382
1798720 379
1798730 377
1798740 375
1798750 373
1798760 372
1798770 370
1798780 368
1798790 365
1798800 364
1798810 362
1798820 360
1798830 358
1798840 357
1798850 355
1798860 354
1798870 352
1798880 351
1798890 349
1798900 348
1798910 347
1798920 345
1798930 343
1798940 341
1798950 338
1798960 334
1798970 330
1798980 326
1798990 323
1799000 320
1799010 318
1799020 315
1799030 313
1799040 312
1799050 310
1799060 308
1799070 306
1799080 304
1799090 302
1799100 301
1799110 299
1799120 297
1799130 296
1799140 295
1799150 293
1799160 291
1799170 289
1799180 286
1799190 282
1799200 279
1799210 275
1799220 272
1799230 270
1799240 268
1799250 267
1799260 267
1799270 266
1799280 266
1799290 266
1799300 267
1799310 267
1799320 266
1799330 266
1799340 264
1799350 263
1799360 262
1799370 262
1799380 264
1799390 267
1799400 271
1799410 276
1799420 281
1799430 285
1799440 289
1799450 292
1799460 296
1799470 299
1799480 303
1799490 306
1799500 309
1799510 312
1799520 316
1799530 318
1799540 320
1799550 321
1799560 322
1799570 322
1799580 323
1799590 323
1799600 324
1799610 324
1799620 325
1799630 325
1799640 325
1799650 326
1799660 326
1799670 327
1799680 327
1799690 327
1799700 327
1799710 327
1799720 327
1799730 328
1799740 329
1799750 331
1799760 332
1799770 335
1799780 337
1799790 339
1799800 341
1799810 343
1799820 345
1799830 347
1799840 349
1799850 351
1799860 353
1799870 354
1799880 356
1799890 357
1799900 358
1799910 358
1799920 358
1799930 358
1799940 358
1799950 358
1799960 357
1799970 356
1799980 353
1799990 350
