1780000 526
1780010 526
1780020 527
1780030 527
1780040 528
1780050 528
1780060 529
1780070 530
1780080 531
1780090 531
1780100 532
1780110 533
1780120 533
1780130 534
1780140 534
1780150 535
1780160 536
1780170 536
1780180 536
1780190 536
1780200 535
1780210 535
1780220 535
1780230 535
1780240 534
1780250 534
1780260 534
1780270 533
1780280 533
1780290 532
1780300 532
1780310 532
1780320 531
1780330 531
1780340 530
1780350 530
1780360 529
1780370 527
1780380 526
1780390 524
1780400 523
1780410 521
1780420 519
1780430 517
1780440 514
1780450 512
1780460 510
1780470 508
1780480 506
1780490 503
1780500 500
1780510 498
1780520 497
1780530 496
1780540 495
1780550 495
1780560 496
1780570 498
1780580 500
1780590 502
1780600 504
1780610 506
1780620 508
1780630 511
1780640 514
1780650 517
1780660 520
1780670 523
1780680 526
1780690 529
1780700 533
1780710 536
1780720 539
1780730 541
1780740 543
1780750 544
1780760 546
1780770 548
1780780 550
1780790 552
1780800 554
1780810 556
1780820 558
1780830 561
1780840 563
1780850 565
1780860 567
1780870 569
1780880 571
1780890 573
1780900 575
1780910 577
1780920 579
1780930 582
1780940 584
1780950 586
1780960 588
1780970 590
1780980 592
1780990 594
1781000 597
1781010 598
1781020 600
1781030 602
1781040 604
1781050 606
1781060 608
1781070 609
1781080 611
1781090 612
1781100 613
1781110 613
1781120 614
1781130 613
1781140 612
1781150 611
1781160 609
1781170 607
1781180 605
1781190 603
1781200 601
1781210 599
1781220 597
1781230 596
1781240 594
1781250 593
1781260 593
1781270 592
1781280 591
1781290 590
1781300 589
1781310 588
1781320 587
1781330 586
1781340 586
1781350 585
1781360 584
1781370 583
1781380 583
1781390 582
1781400 582
1781410 581
1781420 581
1781430 580
1781440 579
1781450 579
1781460 578
1781470 578
1781480 577
1781490 577
1781500 577
1781510 576
1781520 576
1781530 575
1781540 575
1781550 575
1781560 574
1781570 574
1781580 574
1781590 573
1781600 572
1781610 572
1781620 571
1781630 570
1781640 569
1781650 569
1781660 568
1781670 567
1781680 566
1781690 565
1781700 564
1781710 563
1781720 562
1781730 561
1781740 560
1781750 559
1781760 559
1781770 559
1781780 559
1781790 559
1781800 559
1781810 557
1781820 556
1781830 554
1781840 552
1781850 549
1781860 546
1781870 544
1781880 543
1781890 541
1781900 540
1781910 539
1781920 537
1781930 535
1781940 533
1781950 532
1781960 530
1781970 529
1781980 527
1781990 526
1782000 525
1782010 524
1782020 523
1782030 522
1782040 521
1782050 521
1782060 520
1782070 519
1782080 519
1782090 518
1782100 518
1782110 517
1782120 516
1782130 516
1782140 516
1782150 515
1782160 515
1782170 513
1782180 512
1782190 512
1782200 511
1782210 511
1782220 510
1782230 509
1782240 508
1782250 507
1782260 506
1782270 505
1782280 505
1782290 504
1782300 504
1782310 503
1782320 502
1782330 502
1782340 501
1782350 501
1782360 500
1782370 499
1782380 499
1782390 498
1782400 498
1782410 497
1782420 497
1782430 496
1782440 496
1782450 495
1782460 494
1782470 494
1782480 494
1782490 494
1782500 494
1782510 494
1782520 493
1782530 493
1782540 493
1782550 493
1782560 492
1782570 492
1782580 492
1782590 492
1782600 491
1782610 491
1782620 491
1782630 491
1782640 490
1782650 490
1782660 490
1782670 490
1782680 490
1782690 490
1782700 490
1782710 490
1782720 490
1782730 490
1782740 490
1782750 490
1782760 490
1782770 490
1782780 490
1782790 490
1782800 490
1782810 490
1782820 490
1782830 491
1782840 491
1782850 492
1782860 492
1782870 492
1782880 493
1782890 494
1782900 494
1782910 494
1782920 495
1782930 495
1782940 495
1782950 495
1782960 496
1782970 496
1782980 497
1782990 497
1783000 498
1783010 499
1783020 500
1783030 501
1783040 502
1783050 503
1783060 504
1783070 505
1783080 505
1783090 506
1783100 507
1783110 508
1783120 508
1783130 509
1783140 510
1783150 510
1783160 511
1783170 512
1783180 513
1783190 513
1783200 514
1783210 515
1783220 516
1783230 517
1783240 519
1783250 520
1783260 522
1783270 524
1783280 525
1783290 527
1783300 528
1783310 530
1783320 531
1783330 532
1783340 533
1783350 535
1783360 536
1783370 537
1783380 539
1783390 541
1783400 544
1783410 546
1783420 548
1783430 550
1783440 552
1783450 555
1783460 556
1783470 558
1783480 559
1783490 560
1783500 562
1783510 564
1783520 565
1783530 567
1783540 568
1783550 570
1783560 571
1783570 572
1783580 573
1783590 573
1783600 573
1783610 572
1783620 572
1783630 572
1783640 572
1783650 571
1783660 571
1783670 570
1783680 570
1783690 570
1783700 570
1783710 570
1783720 569
1783730 569
1783740 568
1783750 568
1783760 567
1783770 567
1783780 566
1783790 566
1783800 565
1783810 564
1783820 564
1783830 563
1783840 562
1783850 562
1783860 561
1783870 561
1783880 560
1783890 559
1783900 558
1783910 558
1783920 557
1783930 556
1783940 555
1783950 555
1783960 554
1783970 553
1783980 552
1783990 552
1784000 551
1784010 551
1784020 550
1784030 550
1784040 549
1784050 549
1784060 548
1784070 547
1784080 547
1784090 546
1784100 545
1784110 545
1784120 545
1784130 544
1784140 544
1784150 544
1784160 543
1784170 543
1784180 543
1784190 543
1784200 542
1784210 541
1784220 540
1784230 539
1784240 538
1784250 537
1784260 537
1784270 536
1784280 536
1784290 536
1784300 535
1784310 535
1784320 535
1784330 534
1784340 534
1784350 533
1784360 533
1784370 532
1784380 532
1784390 531
1784400 531
1784410 531
1784420 531
1784430 531
1784440 531
1784450 531
1784460 531
1784470 531
1784480 531
1784490 531
1784500 531
1784510 532
1784520 532
1784530 532
1784540 532
1784550 532
1784560 532
1784570 532
1784580 532
1784590 532
1784600 532
1784610 532
1784620 532
1784630 531
1784640 531
1784650 530
1784660 529
1784670 529
1784680 528
1784690 528
1784700 527
1784710 526
1784720 526
1784730 525
1784740 525
1784750 524
1784760 524
1784770 523
1784780 523
1784790 522
1784800 521
1784810 521
1784820 520
1784830 519
1784840 519
1784850 518
1784860 517
1784870 516
1784880 515
1784890 515
1784900 514
1784910 513
1784920 512
1784930 511
1784940 510
1784950 509
1784960 508
1784970 507
1784980 506
1784990 505
1785000 504
1785010 503
1785020 502
1785030 501
1785040 500
1785050 499
1785060 497
1785070 496
1785080 495
1785090 494
1785100 492
1785110 491
1785120 489
1785130 488
1785140 486
1785150 485
1785160 482
1785170 480
1785180 477
1785190 473
1785200 469
1785210 466
1785220 464
1785230 462
1785240 460
1785250 459
1785260 457
1785270 456
1785280 454
1785290 453
1785300 452
1785310 452
1785320 452
1785330 452
1785340 453
1785350 454
1785360 454
1785370 456
1785380 458
1785390 460
1785400 462
1785410 464
1785420 466
1785430 469
1785440 471
1785450 472
1785460 472
1785470 472
1785480 474
1785490 476
1785500 477
1785510 477
1785520 476
1785530 475
1785540 474
1785550 473
1785560 472
1785570 471
1785580 470
1785590 469
1785600 468
1785610 468
1785620 467
1785630 466
1785640 465
1785650 465
1785660 464
1785670 463
1785680 463
1785690 463
1785700 462
1785710 461
1785720 460
1785730 460
1785740 459
1785750 459
1785760 458
1785770 458
1785780 458
1785790 457
1785800 457
1785810 457
1785820 457
1785830 456
1785840 456
1785850 455
1785860 455
1785870 455
1785880 454
1785890 454
1785900 454
1785910 453
1785920 452
1785930 452
1785940 451
1785950 451
1785960 450
1785970 449
1785980 448
1785990 447
1786000 446
1786010 445
1786020 444
1786030 444
1786040 443
1786050 442
1786060 441
1786070 441
1786080 440
1786090 440
1786100 440
1786110 439
1786120 439
1786130 438
1786140 438
1786150 437
1786160 437
1786170 436
1786180 435
1786190 435
1786200 434
1786210 433
1786220 433
1786230 432
1786240 431
1786250 430
1786260 429
1786270 429
1786280 429
1786290 430
1786300 430
1786310 431
1786320 432
1786330 433
1786340 434
1786350 434
1786360 434
1786370 434
1786380 434
1786390 434
1786400 433
1786410 432
1786420 432
1786430 431
1786440 431
1786450 430
1786460 430
1786470 430
1786480 430
1786490 429
1786500 429
1786510 429
1786520 429
1786530 429
1786540 429
1786550 429
1786560 429
1786570 429
1786580 429
1786590 429
1786600 429
1786610 429
1786620 429
1786630 429
1786640 429
1786650 430
1786660 430
1786670 431
1786680 432
1786690 433
1786700 434
1786710 435
1786720 435
1786730 436
1786740 437
1786750 437
1786760 437
1786770 438
1786780 438
1786790 438
1786800 439
1786810 439
1786820 439
1786830 439
1786840 438
1786850 437
1786860 437
1786870 436
1786880 435
1786890 434
1786900 434
1786910 434
1786920 434
1786930 435
1786940 435
1786950 435
1786960 436
1786970 435
1786980 435
1786990 434
1787000 433
1787010 432
1787020 431
1787030 430
1787040 429
1787050 428
1787060 427
1787070 426
1787080 425
1787090 424
1787100 423
1787110 423
1787120 422
1787130 421
1787140 420
1787150 420
1787160 419
1787170 419
1787180 418
1787190 418
1787200 418
1787210 417
1787220 416
1787230 416
1787240 415
1787250 414
1787260 414
1787270 413
1787280 412
1787290 411
1787300 410
1787310 410
1787320 409
1787330 408
1787340 407
1787350 406
1787360 405
1787370 406
1787380 406
1787390 406
1787400 406
1787410 406
1787420 406
1787430 406
1787440 406
1787450 406
1787460 406
1787470 406
1787480 405
1787490 405
1787500 405
1787510 404
1787520 404
1787530 404
1787540 403
1787550 403
1787560 403
1787570 402
1787580 402
1787590 402
1787600 402
1787610 402
1787620 401
1787630 401
1787640 401
1787650 400
1787660 400
1787670 400
1787680 399
1787690 399
1787700 398
1787710 397
1787720 396
1787730 395
1787740 394
1787750 393
1787760 393
1787770 392
1787780 391
1787790 390
1787800 389
1787810 388
1787820 387
1787830 386
1787840 385
1787850 384
1787860 382
1787870 381
1787880 380
1787890 379
1787900 378
1787910 377
1787920 377
1787930 376
1787940 375
1787950 374
1787960 374
1787970 373
1787980 373
1787990 372
1788000 372
1788010 372
1788020 372
1788030 373
1788040 373
1788050 373
1788060 374
1788070 374
1788080 375
1788090 376
1788100 377
1788110 378
1788120 379
1788130 380
1788140 380
1788150 381
1788160 381
1788170 381
1788180 382
1788190 383
1788200 383
1788210 385
1788220 386
1788230 387
1788240 388
1788250 389
1788260 390
1788270 391
1788280 392
1788290 393
1788300 394
1788310 396
1788320 398
1788330 402
1788340 405
1788350 409
1788360 412
1788370 414
1788380 416
1788390 419
1788400 421
1788410 423
1788420 426
1788430 429
1788440 431
1788450 434
1788460 436
1788470 437
1788480 439
1788490 439
1788500 440
1788510 440
1788520 440
1788530 440
1788540 439
1788550 439
1788560 439
1788570 439
1788580 438
1788590 438
1788600 438
1788610 438
1788620 438
1788630 438
1788640 437
1788650 436
1788660 435
1788670 434
1788680 433
1788690 432
1788700 432
1788710 432
1788720 434
1788730 436
1788740 438
1788750 440
1788760 441
1788770 443
1788780 444
1788790 446
1788800 447
1788810 449
1788820 449
1788830 450
1788840 450
1788850 451
1788860 451
1788870 451
1788880 451
1788890 450
1788900 450
1788910 450
1788920 450
1788930 450
1788940 451
1788950 451
1788960 451
1788970 451
1788980 451
1788990 450
1789000 450
1789010 449
1789020 448
1789030 447
1789040 446
1789050 445
1789060 446
1789070 447
1789080 449
1789090 450
1789100 452
1789110 452
1789120 453
1789130 454
1789140 454
1789150 455
1789160 455
1789170 456
1789180 456
1789190 457
1789200 457
1789210 458
1789220 458
1789230 459
1789240 460
1789250 461
1789260 461
1789270 462
1789280 462
1789290 462
1789300 461
1789310 461
1789320 460
1789330 458
1789340 457
1789350 455
1789360 454
1789370 453
1789380 451
1789390 450
1789400 449
1789410 447
1789420 446
1789430 444
1789440 442
1789450 440
1789460 438
1789470 436
1789480 434
1789490 433
1789500 431
1789510 429
1789520 428
1789530 427
1789540 426
1789550 425
1789560 423
1789570 419
1789580 416
1789590 412
1789600 408
1789610 404
1789620 401
1789630 398
1789640 395
1789650 393
1789660 391
1789670 389
1789680 387
1789690 386
1789700 384
1789710 382
1789720 381
1789730 379
1789740 377
1789750 375
1789760 373
1789770 371
1789780 369
1789790 367
1789800 365
1789810 364
1789820 363
1789830 362
1789840 360
1789850 359
1789860 357
1789870 355
1789880 354
1789890 352
1789900 351
1789910 350
1789920 348
1789930 347
1789940 346
1789950 346
1789960 345
1789970 344
1789980 343
1789990 342
1790000 341
1790010 341
1790020 340
1790030 339
1790040 339
1790050 338
1790060 338
1790070 338
1790080 338
1790090 337
1790100 337
1790110 336
1790120 336
1790130 335
1790140 335
1790150 335
1790160 334
1790170 334
1790180 334
1790190 334
1790200 334
1790210 334
1790220 334
1790230 334
1790240 334
1790250 334
1790260 334
1790270 334
1790280 334
1790290 334
1790300 334
1790310 333
1790320 333
1790330 333
1790340 333
1790350 333
1790360 333
1790370 332
1790380 332
1790390 332
1790400 332
1790410 332
1790420 332
1790430 332
1790440 332
1790450 332
1790460 332
1790470 333
1790480 333
1790490 333
1790500 333
1790510 333
1790520 333
1790530 333
1790540 333
1790550 333
1790560 333
1790570 333
1790580 333
1790590 333
1790600 333
1790610 333
1790620 333
1790630 333
1790640 333
1790650 333
1790660 333
1790670 333
1790680 333
1790690 333
1790700 333
1790710 333
1790720 333
1790730 332
1790740 332
1790750 332
1790760 332
1790770 332
1790780 332
1790790 332
1790800 332
1790810 332
1790820 332
1790830 332
1790840 332
1790850 332
1790860 332
1790870 332
1790880 332
1790890 332
1790900 332
1790910 332
1790920 333
1790930 333
1790940 333
1790950 333
1790960 333
1790970 334
1790980 335
1790990 335
1791000 336
1791010 336
1791020 337
1791030 337
1791040 337
1791050 337
1791060 338
1791070 338
1791080 339
1791090 339
1791100 339
1791110 340
1791120 340
1791130 341
1791140 341
1791150 341
1791160 342
1791170 342
1791180 342
1791190 342
1791200 343
1791210 343
1791220 343
1791230 344
1791240 344
1791250 345
1791260 345
1791270 346
1791280 346
1791290 347
1791300 348
1791310 348
1791320 349
1791330 349
1791340 349
1791350 350
1791360 350
1791370 351
1791380 352
1791390 352
1791400 353
1791410 354
1791420 354
1791430 355
1791440 355
1791450 355
1791460 355
1791470 355
1791480 355
1791490 356
1791500 357
1791510 358
1791520 359
1791530 360
1791540 361
1791550 362
1791560 364
1791570 364
1791580 365
1791590 366
1791600 367
1791610 368
1791620 370
1791630 373
1791640 375
1791650 377
1791660 377
1791670 378
1791680 379
1791690 381
1791700 383
1791710 385
1791720 387
1791730 389
1791740 391
1791750 393
1791760 395
1791770 396
1791780 397
1791790 398
1791800 398
1791810 399
1791820 399
1791830 398
1791840 398
1791850 397
1791860 397
1791870 397
1791880 397
1791890 396
1791900 396
1791910 396
1791920 395
1791930 395
1791940 395
1791950 394
1791960 394
1791970 394
1791980 394
1791990 395
1792000 395
1792010 395
1792020 394
1792030 394
1792040 393
1792050 392
1792060 392
1792070 391
1792080 390
1792090 389
1792100 388
1792110 387
1792120 386
1792130 386
1792140 385
1792150 385
1792160 385
1792170 385
1792180 384
1792190 384
1792200 384
1792210 383
1792220 383
1792230 382
1792240 382
1792250 381
1792260 380
1792270 380
1792280 379
1792290 378
1792300 377
1792310 376
1792320 375
1792330 374
1792340 373
1792350 371
1792360 370
1792370 369
1792380 368
1792390 367
1792400 366
1792410 364
1792420 363
1792430 363
1792440 362
1792450 361
1792460 360
1792470 359
1792480 358
1792490 357
1792500 356
1792510 355
1792520 355
1792530 353
1792540 352
1792550 350
1792560 349
1792570 348
1792580 347
1792590 346
1792600 345
1792610 344
1792620 343
1792630 343
1792640 342
1792650 341
1792660 340
1792670 339
1792680 338
1792690 336
1792700 335
1792710 334
1792720 332
1792730 331
1792740 331
1792750 330
1792760 329
1792770 329
1792780 328
1792790 327
1792800 326
1792810 325
1792820 324
1792830 323
1792840 322
1792850 320
1792860 319
1792870 318
1792880 317
1792890 316
1792900 315
1792910 314
1792920 313
1792930 312
1792940 310
1792950 309
1792960 307
1792970 306
1792980 304
1792990 303
1793000 303
1793010 303
1793020 303
1793030 303
1793040 303
1793050 303
1793060 303
1793070 303
1793080 303
1793090 303
1793100 303
1793110 303
1793120 304
1793130 304
1793140 305
1793150 305
1793160 305
1793170 306
1793180 307
1793190 309
1793200 311
1793210 313
1793220 315
1793230 316
1793240 317
1793250 316
1793260 316
1793270 317
1793280 317
1793290 319
1793300 320
1793310 321
1793320 323
1793330 325
1793340 326
1793350 328
1793360 329
1793370 330
1793380 332
1793390 334
1793400 337
1793410 339
1793420 342
1793430 344
1793440 346
1793450 348
1793460 350
1793470 353
1793480 356
1793490 360
1793500 364
1793510 367
1793520 371
1793530 374
1793540 377
1793550 380
1793560 382
1793570 384
1793580 386
1793590 388
1793600 390
1793610 391
1793620 392
1793630 394
1793640 395
1793650 396
1793660 397
1793670 398
1793680 399
1793690 400
1793700 401
1793710 401
1793720 401
1793730 402
1793740 402
1793750 402
1793760 403
1793770 403
1793780 403
1793790 404
1793800 404
1793810 404
1793820 405
1793830 405
1793840 405
1793850 406
1793860 406
1793870 407
1793880 407
1793890 407
1793900 407
1793910 408
1793920 408
1793930 409
1793940 410
1793950 410
1793960 411
1793970 411
1793980 411
1793990 412
1794000 414
1794010 415
1794020 416
1794030 418
1794040 419
1794050 421
1794060 422
1794070 423
1794080 424
1794090 425
1794100 425
1794110 426
1794120 426
1794130 427
1794140 427
1794150 427
1794160 428
1794170 428
1794180 428
1794190 429
1794200 429
1794210 430
1794220 431
1794230 432
1794240 432
1794250 434
1794260 435
1794270 436
1794280 436
1794290 436
1794300 436
1794310 436
1794320 435
1794330 435
1794340 435
1794350 434
1794360 434
1794370 433
1794380 433
1794390 432
1794400 432
1794410 432
1794420 432
1794430 432
1794440 432
1794450 431
1794460 431
1794470 431
1794480 431
1794490 431
1794500 431
1794510 431
1794520 431
1794530 431
1794540 431
1794550 431
1794560 432
1794570 432
1794580 432
1794590 432
1794600 432
1794610 432
1794620 433
1794630 433
1794640 433
1794650 433
1794660 433
1794670 433
1794680 432
1794690 431
1794700 431
1794710 431
1794720 430
1794730 430
1794740 430
1794750 429
1794760 429
1794770 429
1794780 429
1794790 429
1794800 429
1794810 429
1794820 429
1794830 429
1794840 428
1794850 428
1794860 427
1794870 427
1794880 426
1794890 426
1794900 426
1794910 425
1794920 425
1794930 425
1794940 424
1794950 424
1794960 424
1794970 424
1794980 424
1794990 424
1795000 424
1795010 424
1795020 424
1795030 424
1795040 424
1795050 424
1795060 424
1795070 424
1795080 424
1795090 424
1795100 424
1795110 425
1795120 425
1795130 425
1795140 425
1795150 425
1795160 426
1795170 427
1795180 428
1795190 428
1795200 429
1795210 429
1795220 430
1795230 430
1795240 430
1795250 430
1795260 429
1795270 429
1795280 429
1795290 429
1795300 429
1795310 429
1795320 429
1795330 429
1795340 429
1795350 429
1795360 429
1795370 428
1795380 428
1795390 427
1795400 427
1795410 427
1795420 426
1795430 426
1795440 426
1795450 426
1795460 426
1795470 426
1795480 426
1795490 426
1795500 426
1795510 426
1795520 426
1795530 426
1795540 426
1795550 426
1795560 426
1795570 427
1795580 426
1795590 426
1795600 424
1795610 422
1795620 418
1795630 413
1795640 409
1795650 404
1795660 400
1795670 395
1795680 391
1795690 386
1795700 382
1795710 378
1795720 374
1795730 370
1795740 367
1795750 363
1795760 360
1795770 356
1795780 353
1795790 349
1795800 346
1795810 342
1795820 339
1795830 335
1795840 332
1795850 328
1795860 325
1795870 322
1795880 318
1795890 314
1795900 311
1795910 308
1795920 304
1795930 301
1795940 298
1795950 295
1795960 293
1795970 292
1795980 291
1795990 291
1796000 291
1796010 290
1796020 291
1796030 291
1796040 291
1796050 291
1796060 291
1796070 291
1796080 291
1796090 291
1796100 291
1796110 291
1796120 290
1796130 291
1796140 291
1796150 291
1796160 292
1796170 292
1796180 292
1796190 292
1796200 292
1796210 292
1796220 292
1796230 293
1796240 294
1796250 297
1796260 300
1796270 305
1796280 309
1796290 313
1796300 317
1796310 321
1796320 324
1796330 328
1796340 332
1796350 335
1796360 339
1796370 342
1796380 346
1796390 349
1796400 352
1796410 356
1796420 359
1796430 363
1796440 366
1796450 369
1796460 372
1796470 376
1796480 379
1796490 382
1796500 386
1796510 389
1796520 392
1796530 395
1796540 398
1796550 402
1796560 405
1796570 408
1796580 411
1796590 414
1796600 416
1796610 419
1796620 422
1796630 424
1796640 427
1796650 430
1796660 432
1796670 435
1796680 437
1796690 440
1796700 442
1796710 444
1796720 447
1796730 449
1796740 452
1796750 454
1796760 456
1796770 458
1796780 460
1796790 462
1796800 464
1796810 465
1796820 467
1796830 469
1796840 471
1796850 473
1796860 474
1796870 476
1796880 477
1796890 477
1796900 477
1796910 477
1796920 476
1796930 476
1796940 475
1796950 475
1796960 475
1796970 474
1796980 473
1796990 472
1797000 471
1797010 470
1797020 470
1797030 469
1797040 468
1797050 468
1797060 467
1797070 467
1797080 467
1797090 466
1797100 466
1797110 465
1797120 465
1797130 464
1797140 463
1797150 463
1797160 462
1797170 462
1797180 462
1797190 461
1797200 461
1797210 461
1797220 461
1797230 461
1797240 460
1797250 460
1797260 460
1797270 460
1797280 460
1797290 460
1797300 460
1797310 461
1797320 461
1797330 461
1797340 461
1797350 461
1797360 461
1797370 461
1797380 460
1797390 460
1797400 460
1797410 459
1797420 459
1797430 459
1797440 458
1797450 458
1797460 458
1797470 458
1797480 457
1797490 457
1797500 457
1797510 457
1797520 456
1797530 456
1797540 456
1797550 456
1797560 456
1797570 457
1797580 457
1797590 457
1797600 457
1797610 457
1797620 456
1797630 456
1797640 456
1797650 455
1797660 455
1797670 455
1797680 455
1797690 455
1797700 455
1797710 455
1797720 455
1797730 455
1797740 454
1797750 454
1797760 454
1797770 454
1797780 454
1797790 454
1797800 454
1797810 453
1797820 453
1797830 453
1797840 453
1797850 453
1797860 453
1797870 453
1797880 453
1797890 452
1797900 452
1797910 452
1797920 452
1797930 452
1797940 452
1797950 452
1797960 451
1797970 451
1797980 451
1797990 451
1798000 451
1798010 451
1798020 450
1798030 450
1798040 449
1798050 448
1798060 447
1798070 447
1798080 446
1798090 446
1798100 446
1798110 446
1798120 446
1798130 445
1798140 445
1798150 444
1798160 444
1798170 443
1798180 443
1798190 443
1798200 443
1798210 443
1798220 443
1798230 443
1798240 443
1798250 444
1798260 444
1798270 444
1798280 444
1798290 444
1798300 444
1798310 443
1798320 442
1798330 440
1798340 439
1798350 438
1798360 437
1798370 436
1798380 435
1798390 434
1798400 433
1798410 433
1798420 432
1798430 431
1798440 430
1798450 429
1798460 428
1798470 427
1798480 426
1798490 425
1798500 425
1798510 424
1798520 423
1798530 423
1798540 422
1798550 421
1798560 421
1798570 420
1798580 419
1798590 417
1798600 416
1798610 416
1798620 415
1798630 415
1798640 415
1798650 414
1798660 414
1798670 414
1798680 414
1798690 415
1798700 415
1798710 416
1798720 416
1798730 417
1798740 418
1798750 419
1798760 420
1798770 420
1798780 420
1798790 420
1798800 420
1798810 420
1798820 420
1798830 419
1798840 419
1798850 419
1798860 418
1798870 417
1798880 415
1798890 414
1798900 412
1798910 410
1798920 406
1798930 403
1798940 400
1798950 397
1798960 396
1798970 395
1798980 394
1798990 394
1799000 394
1799010 393
1799020 392
1799030 391
1799040 389
1799050 387
1799060 386
1799070 385
1799080 384
1799090 383
1799100 382
1799110 381
1799120 380
1799130 379
1799140 379
1799150 378
1799160 377
1799170 376
1799180 375
1799190 374
1799200 374
1799210 373
1799220 372
1799230 371
1799240 370
1799250 369
1799260 367
1799270 366
1799280 364
1799290 363
1799300 362
1799310 361
1799320 360
1799330 359
1799340 359
1799350 358
1799360 358
1799370 357
1799380 357
1799390 357
1799400 356
1799410 356
1799420 356
1799430 356
1799440 356
1799450 355
1799460 355
1799470 355
1799480 355
1799490 355
1799500 355
1799510 355
1799520 354
1799530 354
1799540 354
1799550 354
1799560 354
1799570 354
1799580 354
1799590 354
1799600 354
1799610 354
1799620 354
1799630 354
1799640 354
1799650 354
1799660 354
1799670 354
1799680 354
1799690 354
1799700 354
1799710 354
1799720 354
1799730 354
1799740 354
1799750 354
1799760 354
1799770 354
1799780 354
1799790 354
1799800 354
1799810 354
1799820 354
1799830 354
1799840 354
1799850 354
1799860 354
1799870 354
1799880 354
1799890 355
1799900 355
1799910 355
1799920 355
1799930 355
1799940 355
1799950 355
1799960 355
1799970 355
1799980 355
1799990 355
