1780000 525
1780010 525
1780020 526
1780030 526
1780040 527
1780050 528
1780060 529
1780070 530
1780080 531
1780090 532
1780100 532
1780110 533
1780120 534
1780130 534
1780140 535
1780150 536
1780160 536
1780170 537
1780180 537
1780190 537
1780200 536
1780210 536
1780220 536
1780230 535
1780240 535
1780250 535
1780260 534
1780270 534
1780280 533
1780290 533
1780300 533
1780310 533
1780320 533
1780330 532
1780340 532
1780350 531
1780360 530
1780370 529
1780380 527
1780390 526
1780400 524
1780410 522
1780420 520
1780430 518
1780440 516
1780450 514
1780460 512
1780470 510
1780480 508
1780490 505
1780500 502
1780510 500
1780520 498
1780530 497
1780540 496
1780550 496
1780560 495
1780570 496
1780580 499
1780590 501
1780600 503
1780610 505
1780620 507
1780630 510
1780640 513
1780650 516
1780660 519
1780670 522
1780680 525
1780690 529
1780700 532
1780710 535
1780720 538
1780730 541
1780740 542
1780750 544
1780760 545
1780770 546
1780780 548
1780790 550
1780800 553
1780810 555
1780820 557
1780830 560
1780840 562
1780850 564
1780860 566
1780870 568
1780880 571
1780890 573
1780900 575
1780910 577
1780920 579
1780930 581
1780940 584
1780950 586
1780960 588
1780970 590
1780980 591
1780990 594
1781000 596
1781010 598
1781020 600
1781030 602
1781040 603
1781050 605
1781060 606
1781070 608
1781080 609
1781090 610
1781100 611
1781110 612
1781120 612
1781130 612
1781140 612
1781150 611
1781160 610
1781170 608
1781180 606
1781190 604
1781200 602
1781210 600
1781220 598
1781230 597
1781240 595
1781250 594
1781260 593
1781270 592
1781280 591
1781290 590
1781300 589
1781310 589
1781320 588
1781330 587
1781340 586
1781350 585
1781360 584
1781370 583
1781380 583
1781390 582
1781400 581
1781410 581
1781420 580
1781430 580
1781440 579
1781450 578
1781460 578
1781470 577
1781480 577
1781490 576
1781500 576
1781510 575
1781520 575
1781530 575
1781540 574
1781550 574
1781560 574
1781570 573
1781580 573
1781590 572
1781600 572
1781610 571
1781620 570
1781630 569
1781640 569
1781650 568
1781660 567
1781670 566
1781680 565
1781690 564
1781700 563
1781710 562
1781720 561
1781730 560
1781740 559
1781750 558
1781760 557
1781770 557
1781780 557
1781790 557
1781800 557
1781810 555
1781820 553
1781830 551
1781840 549
1781850 546
1781860 544
1781870 542
1781880 540
1781890 539
1781900 538
1781910 536
1781920 534
1781930 533
1781940 531
1781950 530
1781960 529
1781970 527
1781980 527
1781990 526
1782000 525
1782010 524
1782020 523
1782030 523
1782040 522
1782050 522
1782060 521
1782070 521
1782080 520
1782090 520
1782100 519
1782110 518
1782120 517
1782130 517
1782140 516
1782150 516
1782160 515
1782170 514
1782180 513
1782190 512
1782200 511
1782210 511
1782220 510
1782230 509
1782240 508
1782250 506
1782260 505
1782270 505
1782280 504
1782290 504
1782300 503
1782310 503
1782320 502
1782330 501
1782340 501
1782350 500
1782360 500
1782370 499
1782380 499
1782390 498
1782400 498
1782410 497
1782420 497
1782430 496
1782440 495
1782450 495
1782460 494
1782470 494
1782480 494
1782490 494
1782500 494
1782510 494
1782520 493
1782530 493
1782540 493
1782550 493
1782560 493
1782570 492
1782580 492
1782590 492
1782600 492
1782610 491
1782620 491
1782630 491
1782640 491
1782650 491
1782660 490
1782670 490
1782680 490
1782690 490
1782700 490
1782710 490
1782720 490
1782730 490
1782740 491
1782750 491
1782760 491
1782770 491
1782780 491
1782790 491
1782800 490
1782810 490
1782820 490
1782830 491
1782840 492
1782850 492
1782860 492
1782870 493
1782880 493
1782890 494
1782900 494
1782910 495
1782920 495
1782930 495
1782940 496
1782950 496
1782960 496
1782970 497
1782980 497
1782990 498
1783000 498
1783010 499
1783020 500
1783030 501
1783040 503
1783050 504
1783060 505
1783070 505
1783080 506
1783090 506
1783100 507
1783110 508
1783120 509
1783130 509
1783140 510
1783150 511
1783160 511
1783170 512
1783180 513
1783190 514
1783200 515
1783210 515
1783220 516
1783230 518
1783240 519
1783250 520
1783260 522
1783270 523
1783280 525
1783290 527
1783300 528
1783310 530
1783320 531
1783330 532
1783340 533
1783350 534
1783360 536
1783370 537
1783380 538
1783390 540
1783400 542
1783410 544
1783420 546
1783430 548
1783440 550
1783450 553
1783460 554
1783470 556
1783480 557
1783490 559
1783500 560
1783510 562
1783520 564
1783530 566
1783540 568
1783550 570
1783560 571
1783570 572
1783580 573
1783590 574
1783600 574
1783610 574
1783620 573
1783630 573
1783640 573
1783650 572
1783660 572
1783670 571
1783680 571
1783690 571
1783700 571
1783710 571
1783720 570
1783730 570
1783740 569
1783750 569
1783760 568
1783770 568
1783780 567
1783790 566
1783800 566
1783810 565
1783820 564
1783830 564
1783840 563
1783850 562
1783860 562
1783870 561
1783880 561
1783890 560
1783900 559
1783910 559
1783920 558
1783930 557
1783940 556
1783950 556
1783960 555
1783970 554
1783980 554
1783990 553
1784000 552
1784010 552
1784020 551
1784030 551
1784040 550
1784050 550
1784060 549
1784070 549
1784080 548
1784090 547
1784100 547
1784110 546
1784120 546
1784130 545
1784140 545
1784150 545
1784160 544
1784170 544
1784180 544
1784190 544
1784200 543
1784210 542
1784220 541
1784230 540
1784240 539
1784250 539
1784260 538
1784270 538
1784280 537
1784290 537
1784300 537
1784310 537
1784320 536
1784330 536
1784340 536
1784350 535
1784360 534
1784370 534
1784380 533
1784390 533
1784400 533
1784410 533
1784420 533
1784430 533
1784440 533
1784450 532
1784460 532
1784470 532
1784480 532
1784490 533
1784500 533
1784510 533
1784520 533
1784530 534
1784540 534
1784550 534
1784560 533
1784570 533
1784580 533
1784590 534
1784600 534
1784610 534
1784620 534
1784630 533
1784640 533
1784650 532
1784660 531
1784670 531
1784680 530
1784690 530
1784700 529
1784710 528
1784720 528
1784730 527
1784740 526
1784750 526
1784760 525
1784770 524
1784780 524
1784790 523
1784800 522
1784810 522
1784820 521
1784830 520
1784840 519
1784850 518
1784860 518
1784870 517
1784880 516
1784890 516
1784900 515
1784910 514
1784920 513
1784930 512
1784940 511
1784950 510
1784960 509
1784970 508
1784980 507
1784990 506
1785000 505
1785010 504
1785020 502
1785030 501
1785040 500
1785050 499
1785060 498
1785070 497
1785080 496
1785090 494
1785100 493
1785110 491
1785120 490
1785130 488
1785140 487
1785150 485
1785160 483
1785170 480
1785180 477
1785190 473
1785200 470
1785210 467
1785220 465
1785230 463
1785240 461
1785250 459
1785260 458
1785270 456
1785280 455
1785290 453
1785300 452
1785310 451
1785320 451
1785330 451
1785340 451
1785350 452
1785360 453
1785370 454
1785380 455
1785390 457
1785400 460
1785410 462
1785420 464
1785430 467
1785440 469
1785450 471
1785460 471
1785470 471
1785480 471
1785490 473
1785500 475
1785510 476
1785520 475
1785530 474
1785540 473
1785550 472
1785560 471
1785570 470
1785580 470
1785590 469
1785600 468
1785610 467
1785620 466
1785630 466
1785640 465
1785650 464
1785660 463
1785670 462
1785680 462
1785690 461
1785700 461
1785710 460
1785720 460
1785730 459
1785740 459
1785750 458
1785760 458
1785770 457
1785780 457
1785790 457
1785800 456
1785810 456
1785820 456
1785830 456
1785840 455
1785850 455
1785860 454
1785870 454
1785880 454
1785890 453
1785900 453
1785910 452
1785920 452
1785930 451
1785940 451
1785950 450
1785960 449
1785970 448
1785980 447
1785990 446
1786000 445
1786010 444
1786020 443
1786030 443
1786040 442
1786050 441
1786060 440
1786070 440
1786080 439
1786090 439
1786100 439
1786110 438
1786120 438
1786130 437
1786140 437
1786150 436
1786160 436
1786170 435
1786180 434
1786190 434
1786200 433
1786210 432
1786220 432
1786230 431
1786240 430
1786250 429
1786260 428
1786270 428
1786280 428
1786290 428
1786300 429
1786310 430
1786320 431
1786330 431
1786340 432
1786350 433
1786360 433
1786370 433
1786380 433
1786390 432
1786400 432
1786410 431
1786420 430
1786430 430
1786440 429
1786450 429
1786460 429
1786470 428
1786480 428
1786490 428
1786500 428
1786510 428
1786520 428
1786530 428
1786540 428
1786550 428
1786560 428
1786570 428
1786580 428
1786590 428
1786600 428
1786610 428
1786620 428
1786630 428
1786640 428
1786650 428
1786660 429
1786670 430
1786680 431
1786690 431
1786700 432
1786710 433
1786720 434
1786730 435
1786740 435
1786750 436
1786760 436
1786770 436
1786780 437
1786790 437
1786800 437
1786810 438
1786820 437
1786830 437
1786840 436
1786850 436
1786860 436
1786870 435
1786880 434
1786890 433
1786900 433
1786910 433
1786920 434
1786930 434
1786940 434
1786950 435
1786960 435
1786970 435
1786980 435
1786990 434
1787000 433
1787010 432
1787020 431
1787030 430
1787040 429
1787050 428
1787060 427
1787070 426
1787080 425
1787090 424
1787100 423
1787110 422
1787120 421
1787130 421
1787140 420
1787150 419
1787160 419
1787170 418
1787180 418
1787190 417
1787200 417
1787210 416
1787220 416
1787230 415
1787240 414
1787250 413
1787260 413
1787270 412
1787280 411
1787290 410
1787300 409
1787310 409
1787320 408
1787330 407
1787340 406
1787350 405
1787360 405
1787370 405
1787380 405
1787390 405
1787400 405
1787410 405
1787420 405
1787430 405
1787440 405
1787450 405
1787460 405
1787470 404
1787480 404
1787490 404
1787500 404
1787510 403
1787520 403
1787530 403
1787540 402
1787550 402
1787560 402
1787570 401
1787580 401
1787590 401
1787600 401
1787610 401
1787620 401
1787630 401
1787640 400
1787650 400
1787660 400
1787670 399
1787680 399
1787690 398
1787700 397
1787710 397
1787720 396
1787730 395
1787740 394
1787750 393
1787760 393
1787770 392
1787780 391
1787790 390
1787800 389
1787810 389
1787820 388
1787830 386
1787840 385
1787850 384
1787860 383
1787870 382
1787880 381
1787890 380
1787900 379
1787910 378
1787920 377
1787930 376
1787940 376
1787950 375
1787960 374
1787970 373
1787980 373
1787990 372
1788000 372
1788010 372
1788020 372
1788030 372
1788040 372
1788050 372
1788060 373
1788070 374
1788080 374
1788090 375
1788100 376
1788110 377
1788120 378
1788130 378
1788140 379
1788150 379
1788160 380
1788170 380
1788180 380
1788190 381
1788200 382
1788210 383
1788220 384
1788230 386
1788240 387
1788250 388
1788260 389
1788270 390
1788280 391
1788290 392
1788300 393
1788310 395
1788320 398
1788330 401
1788340 405
1788350 408
1788360 411
1788370 413
1788380 415
1788390 417
1788400 420
1788410 422
1788420 425
1788430 427
1788440 429
1788450 432
1788460 433
1788470 435
1788480 436
1788490 436
1788500 437
1788510 437
1788520 437
1788530 437
1788540 437
1788550 437
1788560 436
1788570 436
1788580 436
1788590 435
1788600 435
1788610 435
1788620 435
1788630 435
1788640 434
1788650 433
1788660 431
1788670 430
1788680 429
1788690 429
1788700 428
1788710 429
1788720 431
1788730 433
1788740 435
1788750 437
1788760 438
1788770 440
1788780 442
1788790 443
1788800 445
1788810 446
1788820 447
1788830 447
1788840 448
1788850 449
1788860 449
1788870 449
1788880 449
1788890 449
1788900 448
1788910 448
1788920 448
1788930 448
1788940 449
1788950 449
1788960 449
1788970 448
1788980 448
1788990 448
1789000 447
1789010 447
1789020 446
1789030 444
1789040 443
1789050 443
1789060 443
1789070 444
1789080 446
1789090 447
1789100 448
1789110 448
1789120 449
1789130 450
1789140 451
1789150 451
1789160 452
1789170 452
1789180 453
1789190 453
1789200 454
1789210 454
1789220 455
1789230 456
1789240 457
1789250 457
1789260 458
1789270 459
1789280 459
1789290 459
1789300 458
1789310 457
1789320 456
1789330 455
1789340 454
1789350 452
1789360 451
1789370 450
1789380 449
1789390 447
1789400 446
1789410 444
1789420 443
1789430 441
1789440 439
1789450 437
1789460 435
1789470 433
1789480 431
1789490 429
1789500 428
1789510 426
1789520 425
1789530 425
1789540 424
1789550 423
1789560 421
1789570 418
1789580 415
1789590 411
1789600 407
1789610 404
1789620 401
1789630 397
1789640 395
1789650 392
1789660 390
1789670 388
1789680 386
1789690 385
1789700 383
1789710 382
1789720 380
1789730 379
1789740 377
1789750 375
1789760 373
1789770 370
1789780 368
1789790 366
1789800 365
1789810 363
1789820 362
1789830 361
1789840 360
1789850 358
1789860 356
1789870 354
1789880 353
1789890 352
1789900 351
1789910 349
1789920 348
1789930 346
1789940 345
1789950 345
1789960 344
1789970 343
1789980 342
1789990 341
1790000 340
1790010 340
1790020 339
1790030 339
1790040 338
1790050 338
1790060 338
1790070 338
1790080 337
1790090 337
1790100 336
1790110 336
1790120 336
1790130 335
1790140 335
1790150 334
1790160 334
1790170 334
1790180 334
1790190 334
1790200 334
1790210 334
1790220 334
1790230 334
1790240 334
1790250 334
1790260 334
1790270 334
1790280 334
1790290 334
1790300 333
1790310 333
1790320 333
1790330 333
1790340 333
1790350 333
1790360 332
1790370 332
1790380 332
1790390 332
1790400 332
1790410 332
1790420 332
1790430 332
1790440 332
1790450 332
1790460 332
1790470 332
1790480 332
1790490 332
1790500 332
1790510 333
1790520 333
1790530 333
1790540 333
1790550 333
1790560 333
1790570 333
1790580 333
1790590 333
1790600 333
1790610 333
1790620 333
1790630 333
1790640 333
1790650 333
1790660 333
1790670 333
1790680 333
1790690 333
1790700 333
1790710 333
1790720 332
1790730 332
1790740 331
1790750 332
1790760 332
1790770 332
1790780 332
1790790 332
1790800 332
1790810 332
1790820 331
1790830 331
1790840 331
1790850 331
1790860 331
1790870 331
1790880 331
1790890 332
1790900 332
1790910 332
1790920 332
1790930 332
1790940 332
1790950 332
1790960 333
1790970 333
1790980 334
1790990 334
1791000 335
1791010 335
1791020 336
1791030 336
1791040 336
1791050 337
1791060 337
1791070 337
1791080 338
1791090 338
1791100 339
1791110 339
1791120 339
1791130 340
1791140 340
1791150 340
1791160 341
1791170 341
1791180 341
1791190 342
1791200 342
1791210 342
1791220 342
1791230 343
1791240 343
1791250 344
1791260 344
1791270 345
1791280 346
1791290 346
1791300 347
1791310 347
1791320 348
1791330 348
1791340 348
1791350 349
1791360 349
1791370 350
1791380 350
1791390 351
1791400 352
1791410 353
1791420 353
1791430 354
1791440 354
1791450 354
1791460 354
1791470 354
1791480 354
1791490 354
1791500 355
1791510 356
1791520 357
1791530 358
1791540 359
1791550 360
1791560 361
1791570 362
1791580 362
1791590 363
1791600 364
1791610 365
1791620 367
1791630 370
1791640 372
1791650 373
1791660 374
1791670 376
1791680 377
1791690 379
1791700 381
1791710 383
1791720 385
1791730 387
1791740 389
1791750 390
1791760 392
1791770 393
1791780 394
1791790 394
1791800 395
1791810 395
1791820 395
1791830 395
1791840 394
1791850 394
1791860 394
1791870 394
1791880 394
1791890 394
1791900 393
1791910 393
1791920 393
1791930 393
1791940 393
1791950 392
1791960 392
1791970 392
1791980 393
1791990 393
1792000 393
1792010 393
1792020 392
1792030 391
1792040 391
1792050 390
1792060 389
1792070 389
1792080 389
1792090 388
1792100 386
1792110 386
1792120 385
1792130 384
1792140 384
1792150 383
1792160 383
1792170 383
1792180 382
1792190 382
1792200 381
1792210 381
1792220 381
1792230 380
1792240 380
1792250 379
1792260 378
1792270 378
1792280 377
1792290 376
1792300 375
1792310 374
1792320 373
1792330 372
1792340 371
1792350 370
1792360 369
1792370 368
1792380 367
1792390 366
1792400 364
1792410 363
1792420 362
1792430 361
1792440 361
1792450 360
1792460 359
1792470 358
1792480 357
1792490 356
1792500 355
1792510 354
1792520 353
1792530 352
1792540 350
1792550 348
1792560 347
1792570 346
1792580 345
1792590 344
1792600 343
1792610 342
1792620 342
1792630 341
1792640 340
1792650 339
1792660 338
1792670 337
1792680 336
1792690 334
1792700 333
1792710 332
1792720 331
1792730 330
1792740 329
1792750 329
1792760 328
1792770 327
1792780 326
1792790 325
1792800 324
1792810 323
1792820 322
1792830 321
1792840 320
1792850 319
1792860 318
1792870 316
1792880 315
1792890 313
1792900 312
1792910 311
1792920 309
1792930 308
1792940 306
1792950 304
1792960 303
1792970 303
1792980 302
1792990 302
1793000 302
1793010 303
1793020 303
1793030 303
1793040 303
1793050 303
1793060 303
1793070 303
1793080 303
1793090 303
1793100 304
1793110 304
1793120 304
1793130 305
1793140 305
1793150 305
1793160 306
1793170 307
1793180 309
1793190 311
1793200 313
1793210 315
1793220 317
1793230 318
1793240 318
1793250 318
1793260 317
1793270 318
1793280 318
1793290 319
1793300 321
1793310 322
1793320 323
1793330 325
1793340 327
1793350 328
1793360 330
1793370 331
1793380 333
1793390 334
1793400 337
1793410 339
1793420 341
1793430 344
1793440 346
1793450 348
1793460 350
1793470 353
1793480 356
1793490 360
1793500 363
1793510 367
1793520 370
1793530 373
1793540 376
1793550 379
1793560 381
1793570 383
1793580 385
1793590 386
1793600 388
1793610 389
1793620 390
1793630 391
1793640 392
1793650 394
1793660 395
1793670 396
1793680 397
1793690 397
1793700 398
1793710 399
1793720 399
1793730 400
1793740 400
1793750 400
1793760 400
1793770 401
1793780 401
1793790 401
1793800 402
1793810 402
1793820 402
1793830 403
1793840 403
1793850 404
1793860 404
1793870 405
1793880 405
1793890 405
1793900 405
1793910 406
1793920 406
1793930 407
1793940 408
1793950 409
1793960 409
1793970 409
1793980 410
1793990 411
1794000 412
1794010 413
1794020 415
1794030 416
1794040 418
1794050 419
1794060 421
1794070 422
1794080 423
1794090 423
1794100 423
1794110 424
1794120 424
1794130 425
1794140 425
1794150 425
1794160 425
1794170 426
1794180 426
1794190 427
1794200 427
1794210 428
1794220 429
1794230 429
1794240 430
1794250 432
1794260 433
1794270 433
1794280 434
1794290 434
1794300 434
1794310 433
1794320 433
1794330 433
1794340 433
1794350 432
1794360 432
1794370 431
1794380 431
1794390 430
1794400 430
1794410 430
1794420 430
1794430 430
1794440 430
1794450 430
1794460 430
1794470 430
1794480 430
1794490 430
1794500 430
1794510 430
1794520 430
1794530 431
1794540 431
1794550 431
1794560 432
1794570 432
1794580 432
1794590 432
1794600 432
1794610 433
1794620 433
1794630 433
1794640 433
1794650 433
1794660 433
1794670 433
1794680 432
1794690 432
1794700 431
1794710 430
1794720 430
1794730 429
1794740 429
1794750 429
1794760 429
1794770 429
1794780 429
1794790 429
1794800 429
1794810 429
1794820 429
1794830 429
1794840 428
1794850 428
1794860 427
1794870 427
1794880 426
1794890 426
1794900 426
1794910 425
1794920 425
1794930 425
1794940 425
1794950 424
1794960 424
1794970 424
1794980 424
1794990 424
1795000 424
1795010 423
1795020 423
1795030 424
1795040 424
1795050 424
1795060 424
1795070 424
1795080 424
1795090 424
1795100 424
1795110 425
1795120 425
1795130 425
1795140 425
1795150 426
1795160 426
1795170 427
1795180 428
1795190 429
1795200 429
1795210 430
1795220 430
1795230 430
1795240 430
1795250 430
1795260 430
1795270 430
1795280 429
1795290 429
1795300 429
1795310 429
1795320 429
1795330 429
1795340 429
1795350 429
1795360 428
1795370 428
1795380 427
1795390 427
1795400 426
1795410 426
1795420 426
1795430 425
1795440 425
1795450 425
1795460 425
1795470 425
1795480 425
1795490 425
1795500 425
1795510 425
1795520 425
1795530 425
1795540 425
1795550 425
1795560 425
1795570 425
1795580 425
1795590 425
1795600 423
1795610 421
1795620 417
1795630 413
1795640 409
1795650 404
1795660 400
1795670 395
1795680 391
1795690 386
1795700 382
1795710 378
1795720 374
1795730 371
1795740 367
1795750 363
1795760 360
1795770 356
1795780 352
1795790 349
1795800 345
1795810 342
1795820 338
1795830 335
1795840 331
1795850 328
1795860 324
1795870 321
1795880 317
1795890 313
1795900 310
1795910 307
1795920 303
1795930 299
1795940 296
1795950 294
1795960 293
1795970 292
1795980 291
1795990 291
1796000 291
1796010 291
1796020 291
1796030 291
1796040 291
1796050 291
1796060 291
1796070 291
1796080 291
1796090 291
1796100 291
1796110 291
1796120 290
1796130 291
1796140 291
1796150 291
1796160 292
1796170 292
1796180 292
1796190 292
1796200 292
1796210 292
1796220 293
1796230 293
1796240 295
1796250 298
1796260 302
1796270 307
1796280 311
1796290 315
1796300 319
1796310 322
1796320 326
1796330 330
1796340 334
1796350 337
1796360 341
1796370 344
1796380 348
1796390 351
1796400 355
1796410 358
1796420 361
1796430 365
1796440 368
1796450 372
1796460 375
1796470 378
1796480 381
1796490 385
1796500 388
1796510 391
1796520 394
1796530 398
1796540 401
1796550 404
1796560 406
1796570 409
1796580 412
1796590 415
1796600 418
1796610 420
1796620 422
1796630 425
1796640 428
1796650 431
1796660 433
1796670 436
1796680 438
1796690 440
1796700 442
1796710 445
1796720 447
1796730 450
1796740 452
1796750 454
1796760 456
1796770 458
1796780 460
1796790 462
1796800 463
1796810 465
1796820 466
1796830 468
1796840 470
1796850 472
1796860 474
1796870 475
1796880 476
1796890 476
1796900 476
1796910 476
1796920 475
1796930 475
1796940 474
1796950 474
1796960 473
1796970 472
1796980 472
1796990 471
1797000 470
1797010 469
1797020 468
1797030 468
1797040 467
1797050 466
1797060 466
1797070 465
1797080 465
1797090 464
1797100 464
1797110 464
1797120 463
1797130 463
1797140 462
1797150 462
1797160 461
1797170 461
1797180 461
1797190 461
1797200 460
1797210 460
1797220 460
1797230 460
1797240 460
1797250 460
1797260 460
1797270 460
1797280 460
1797290 460
1797300 460
1797310 461
1797320 461
1797330 461
1797340 461
1797350 460
1797360 460
1797370 460
1797380 460
1797390 459
1797400 459
1797410 459
1797420 459
1797430 458
1797440 458
1797450 458
1797460 458
1797470 457
1797480 457
1797490 457
1797500 457
1797510 457
1797520 457
1797530 457
1797540 457
1797550 457
1797560 457
1797570 457
1797580 457
1797590 458
1797600 458
1797610 458
1797620 457
1797630 457
1797640 456
1797650 456
1797660 456
1797670 456
1797680 456
1797690 456
1797700 455
1797710 455
1797720 455
1797730 455
1797740 455
1797750 455
1797760 455
1797770 455
1797780 454
1797790 454
1797800 454
1797810 454
1797820 454
1797830 454
1797840 453
1797850 453
1797860 453
1797870 453
1797880 453
1797890 453
1797900 452
1797910 452
1797920 452
1797930 452
1797940 452
1797950 452
1797960 452
1797970 451
1797980 451
1797990 451
1798000 451
1798010 451
1798020 450
1798030 450
1798040 449
1798050 447
1798060 447
1798070 446
1798080 446
1798090 445
1798100 445
1798110 445
1798120 445
1798130 445
1798140 444
1798150 444
1798160 443
1798170 443
1798180 443
1798190 443
1798200 443
1798210 443
1798220 443
1798230 443
1798240 443
1798250 443
1798260 444
1798270 444
1798280 444
1798290 444
1798300 444
1798310 443
1798320 441
1798330 440
1798340 439
1798350 438
1798360 437
1798370 436
1798380 435
1798390 434
1798400 433
1798410 432
1798420 431
1798430 430
1798440 429
1798450 428
1798460 427
1798470 426
1798480 425
1798490 424
1798500 424
1798510 423
1798520 422
1798530 422
1798540 421
1798550 420
1798560 420
1798570 419
1798580 418
1798590 417
1798600 416
1798610 415
1798620 415
1798630 414
1798640 414
1798650 414
1798660 413
1798670 413
1798680 414
1798690 414
1798700 414
1798710 415
1798720 415
1798730 416
1798740 417
1798750 418
1798760 419
1798770 419
1798780 420
1798790 419
1798800 419
1798810 419
1798820 419
1798830 418
1798840 418
1798850 418
1798860 417
1798870 416
1798880 415
1798890 414
1798900 412
1798910 410
1798920 407
1798930 404
1798940 401
1798950 398
1798960 396
1798970 395
1798980 394
1798990 394
1799000 394
1799010 393
1799020 392
1799030 391
1799040 389
1799050 387
1799060 386
1799070 385
1799080 384
1799090 383
1799100 382
1799110 381
1799120 380
1799130 379
1799140 379
1799150 378
1799160 377
1799170 376
1799180 375
1799190 374
1799200 373
1799210 373
1799220 372
1799230 371
1799240 370
1799250 368
1799260 366
1799270 365
1799280 364
1799290 363
1799300 362
1799310 361
1799320 360
1799330 359
1799340 359
1799350 358
1799360 358
1799370 357
1799380 357
1799390 357
1799400 357
1799410 356
1799420 356
1799430 356
1799440 356
1799450 356
1799460 355
1799470 355
1799480 355
1799490 355
1799500 355
1799510 355
1799520 355
1799530 355
1799540 355
1799550 355
1799560 355
1799570 354
1799580 354
1799590 354
1799600 354
1799610 354
1799620 354
1799630 354
1799640 354
1799650 354
1799660 354
1799670 354
1799680 354
1799690 354
1799700 354
1799710 354
1799720 354
1799730 354
1799740 354
1799750 354
1799760 354
1799770 354
1799780 354
1799790 354
1799800 354
1799810 354
1799820 354
1799830 354
1799840 354
1799850 354
1799860 354
1799870 354
1799880 355
1799890 355
1799900 355
1799910 355
1799920 355
1799930 355
1799940 355
1799950 355
1799960 355
1799970 355
1799980 355
1799990 355
