1780000 469
1780010 469
1780020 470
1780030 471
1780040 471
1780050 471
1780060 471
1780070 472
1780080 472
1780090 473
1780100 473
1780110 473
1780120 473
1780130 473
1780140 474
1780150 474
1780160 475
1780170 475
1780180 477
1780190 478
1780200 479
1780210 480
1780220 481
1780230 482
1780240 483
1780250 484
1780260 484
1780270 484
1780280 485
1780290 485
1780300 484
1780310 484
1780320 484
1780330 484
1780340 485
1780350 485
1780360 485
1780370 485
1780380 485
1780390 485
1780400 485
1780410 485
1780420 485
1780430 485
1780440 485
1780450 484
1780460 484
1780470 482
1780480 481
1780490 480
1780500 480
1780510 479
1780520 479
1780530 478
1780540 478
1780550 477
1780560 477
1780570 477
1780580 476
1780590 476
1780600 475
1780610 475
1780620 474
1780630 474
1780640 473
1780650 471
1780660 470
1780670 468
1780680 466
1780690 465
1780700 464
1780710 462
1780720 460
1780730 459
1780740 457
1780750 455
1780760 452
1780770 450
1780780 449
1780790 447
1780800 445
1780810 444
1780820 444
1780830 444
1780840 444
1780850 443
1780860 447
1780870 450
1780880 453
1780890 456
1780900 460
1780910 463
1780920 465
1780930 467
1780940 469
1780950 471
1780960 473
1780970 475
1780980 476
1780990 477
1781000 478
1781010 478
1781020 479
1781030 480
1781040 481
1781050 481
1781060 481
1781070 481
1781080 482
1781090 482
1781100 483
1781110 484
1781120 485
1781130 485
1781140 486
1781150 486
1781160 486
1781170 487
1781180 488
1781190 488
1781200 489
1781210 489
1781220 490
1781230 490
1781240 490
1781250 490
1781260 488
1781270 487
1781280 487
1781290 489
1781300 493
1781310 496
1781320 499
1781330 502
1781340 505
1781350 508
1781360 511
1781370 514
1781380 517
1781390 519
1781400 521
1781410 522
1781420 524
1781430 525
1781440 526
1781450 528
1781460 530
1781470 531
1781480 533
1781490 535
1781500 537
1781510 539
1781520 542
1781530 545
1781540 548
1781550 551
1781560 553
1781570 556
1781580 557
1781590 560
1781600 562
1781610 564
1781620 566
1781630 568
1781640 570
1781650 572
1781660 574
1781670 577
1781680 579
1781690 582
1781700 586
1781710 589
1781720 592
1781730 594
1781740 597
1781750 599
1781760 600
1781770 602
1781780 604
1781790 605
1781800 606
1781810 608
1781820 608
1781830 609
1781840 610
1781850 611
1781860 612
1781870 612
1781880 613
1781890 613
1781900 614
1781910 614
1781920 615
1781930 615
1781940 615
1781950 615
1781960 614
1781970 614
1781980 614
1781990 613
1782000 612
1782010 611
1782020 611
1782030 610
1782040 609
1782050 608
1782060 607
1782070 607
1782080 607
1782090 607
1782100 606
1782110 606
1782120 606
1782130 606
1782140 606
1782150 606
1782160 605
1782170 604
1782180 602
1782190 601
1782200 600
1782210 600
1782220 600
1782230 601
1782240 602
1782250 604
1782260 606
1782270 608
1782280 611
1782290 613
1782300 616
1782310 618
1782320 621
1782330 623
1782340 624
1782350 626
1782360 627
1782370 628
1782380 630
1782390 631
1782400 631
1782410 632
1782420 632
1782430 633
1782440 633
1782450 633
1782460 633
1782470 633
1782480 633
1782490 632
1782500 632
1782510 632
1782520 632
1782530 631
1782540 631
1782550 630
1782560 630
1782570 629
1782580 629
1782590 628
1782600 627
1782610 626
1782620 625
1782630 625
1782640 626
1782650 626
1782660 627
1782670 628
1782680 628
1782690 629
1782700 629
1782710 630
1782720 630
1782730 631
1782740 631
1782750 632
1782760 632
1782770 633
1782780 633
1782790 634
1782800 634
1782810 634
1782820 635
1782830 636
1782840 636
1782850 637
1782860 637
1782870 638
1782880 638
1782890 638
1782900 638
1782910 638
1782920 638
1782930 638
1782940 638
1782950 638
1782960 638
1782970 637
1782980 636
1782990 635
1783000 634
1783010 633
1783020 631
1783030 630
1783040 628
1783050 626
1783060 625
1783070 623
1783080 620
1783090 618
1783100 617
1783110 615
1783120 613
1783130 611
1783140 610
1783150 609
1783160 608
1783170 607
1783180 606
1783190 605
1783200 604
1783210 603
1783220 602
1783230 601
1783240 601
1783250 600
1783260 600
1783270 600
1783280 599
1783290 599
1783300 598
1783310 598
1783320 597
1783330 597
1783340 596
1783350 595
1783360 594
1783370 593
1783380 592
1783390 591
1783400 590
1783410 589
1783420 588
1783430 586
1783440 585
1783450 584
1783460 582
1783470 581
1783480 579
1783490 577
1783500 575
1783510 574
1783520 572
1783530 571
1783540 569
1783550 567
1783560 565
1783570 563
1783580 562
1783590 560
1783600 558
1783610 557
1783620 555
1783630 553
1783640 551
1783650 549
1783660 548
1783670 546
1783680 544
1783690 543
1783700 541
1783710 540
1783720 538
1783730 537
1783740 535
1783750 534
1783760 531
1783770 528
1783780 525
1783790 522
1783800 518
1783810 515
1783820 512
1783830 509
1783840 508
1783850 507
1783860 507
1783870 506
1783880 504
1783890 503
1783900 501
1783910 500
1783920 498
1783930 495
1783940 494
1783950 492
1783960 490
1783970 488
1783980 485
1783990 483
1784000 483
1784010 483
1784020 483
1784030 484
1784040 485
1784050 485
1784060 485
1784070 485
1784080 484
1784090 483
1784100 485
1784110 488
1784120 491
1784130 494
1784140 497
1784150 499
1784160 500
1784170 501
1784180 503
1784190 505
1784200 507
1784210 508
1784220 510
1784230 512
1784240 514
1784250 516
1784260 517
1784270 519
1784280 521
1784290 523
1784300 525
1784310 526
1784320 528
1784330 530
1784340 531
1784350 532
1784360 534
1784370 535
1784380 536
1784390 538
1784400 539
1784410 540
1784420 541
1784430 542
1784440 543
1784450 544
1784460 545
1784470 546
1784480 547
1784490 548
1784500 549
1784510 550
1784520 551
1784530 552
1784540 552
1784550 553
1784560 553
1784570 554
1784580 554
1784590 554
1784600 555
1784610 555
1784620 555
1784630 555
1784640 555
1784650 555
1784660 554
1784670 554
1784680 554
1784690 553
1784700 553
1784710 553
1784720 552
1784730 552
1784740 551
1784750 551
1784760 550
1784770 549
1784780 549
1784790 548
1784800 547
1784810 546
1784820 545
1784830 544
1784840 543
1784850 542
1784860 541
1784870 540
1784880 539
1784890 538
1784900 537
1784910 536
1784920 536
1784930 535
1784940 534
1784950 533
1784960 532
1784970 531
1784980 529
1784990 528
1785000 527
1785010 525
1785020 524
1785030 523
1785040 522
1785050 521
1785060 521
1785070 520
1785080 519
1785090 519
1785100 518
1785110 517
1785120 516
1785130 515
1785140 514
1785150 513
1785160 512
1785170 511
1785180 510
1785190 509
1785200 508
1785210 507
1785220 505
1785230 505
1785240 504
1785250 503
1785260 502
1785270 501
1785280 500
1785290 499
1785300 498
1785310 497
1785320 497
1785330 496
1785340 495
1785350 494
1785360 493
1785370 493
1785380 492
1785390 491
1785400 490
1785410 489
1785420 488
1785430 487
1785440 486
1785450 485
1785460 484
1785470 483
1785480 482
1785490 481
1785500 480
1785510 479
1785520 478
1785530 477
1785540 476
1785550 475
1785560 474
1785570 473
1785580 471
1785590 470
1785600 469
1785610 468
1785620 467
1785630 466
1785640 465
1785650 464
1785660 463
1785670 462
1785680 461
1785690 459
1785700 458
1785710 456
1785720 454
1785730 452
1785740 449
1785750 445
1785760 442
1785770 439
1785780 438
1785790 436
1785800 435
1785810 434
1785820 434
1785830 436
1785840 437
1785850 437
1785860 438
1785870 439
1785880 441
1785890 442
1785900 444
1785910 446
1785920 448
1785930 449
1785940 450
1785950 452
1785960 452
1785970 453
1785980 453
1785990 454
1786000 454
1786010 454
1786020 454
1786030 454
1786040 454
1786050 454
1786060 454
1786070 454
1786080 454
1786090 454
1786100 454
1786110 454
1786120 454
1786130 455
1786140 455
1786150 455
1786160 455
1786170 454
1786180 454
1786190 454
1786200 454
1786210 454
1786220 453
1786230 453
1786240 452
1786250 451
1786260 450
1786270 449
1786280 449
1786290 449
1786300 449
1786310 449
1786320 449
1786330 448
1786340 448
1786350 448
1786360 448
1786370 448
1786380 449
1786390 449
1786400 449
1786410 449
1786420 449
1786430 449
1786440 449
1786450 449
1786460 449
1786470 449
1786480 450
1786490 451
1786500 451
1786510 452
1786520 453
1786530 454
1786540 454
1786550 455
1786560 455
1786570 455
1786580 455
1786590 455
1786600 455
1786610 455
1786620 455
1786630 455
1786640 455
1786650 455
1786660 454
1786670 454
1786680 454
1786690 454
1786700 454
1786710 454
1786720 454
1786730 454
1786740 454
1786750 454
1786760 454
1786770 454
1786780 454
1786790 454
1786800 453
1786810 453
1786820 452
1786830 452
1786840 451
1786850 450
1786860 449
1786870 447
1786880 447
1786890 446
1786900 445
1786910 444
1786920 443
1786930 442
1786940 441
1786950 440
1786960 439
1786970 438
1786980 437
1786990 436
1787000 434
1787010 433
1787020 432
1787030 430
1787040 429
1787050 427
1787060 425
1787070 424
1787080 422
1787090 420
1787100 418
1787110 417
1787120 415
1787130 414
1787140 413
1787150 412
1787160 411
1787170 410
1787180 408
1787190 406
1787200 405
1787210 403
1787220 402
1787230 400
1787240 399
1787250 397
1787260 396
1787270 395
1787280 395
1787290 394
1787300 393
1787310 392
1787320 391
1787330 390
1787340 389
1787350 388
1787360 387
1787370 386
1787380 385
1787390 385
1787400 384
1787410 383
1787420 382
1787430 381
1787440 380
1787450 379
1787460 378
1787470 377
1787480 376
1787490 376
1787500 375
1787510 374
1787520 373
1787530 373
1787540 372
1787550 371
1787560 370
1787570 370
1787580 369
1787590 368
1787600 367
1787610 366
1787620 366
1787630 365
1787640 364
1787650 363
1787660 362
1787670 361
1787680 360
1787690 359
1787700 358
1787710 357
1787720 354
1787730 352
1787740 349
1787750 346
1787760 344
1787770 342
1787780 340
1787790 339
1787800 340
1787810 339
1787820 338
1787830 337
1787840 337
1787850 337
1787860 337
1787870 337
1787880 337
1787890 337
1787900 337
1787910 337
1787920 337
1787930 338
1787940 338
1787950 339
1787960 339
1787970 338
1787980 338
1787990 338
1788000 338
1788010 338
1788020 339
1788030 341
1788040 342
1788050 343
1788060 342
1788070 341
1788080 341
1788090 341
1788100 341
1788110 340
1788120 340
1788130 340
1788140 340
1788150 340
1788160 340
1788170 340
1788180 340
1788190 339
1788200 339
1788210 339
1788220 339
1788230 339
1788240 339
1788250 340
1788260 340
1788270 340
1788280 340
1788290 340
1788300 340
1788310 340
1788320 341
1788330 341
1788340 341
1788350 341
1788360 341
1788370 341
1788380 341
1788390 341
1788400 341
1788410 341
1788420 341
1788430 341
1788440 341
1788450 341
1788460 341
1788470 341
1788480 341
1788490 341
1788500 341
1788510 341
1788520 341
1788530 342
1788540 344
1788550 346
1788560 347
1788570 347
1788580 346
1788590 345
1788600 344
1788610 343
1788620 343
1788630 344
1788640 344
1788650 344
1788660 345
1788670 348
1788680 352
1788690 355
1788700 358
1788710 361
1788720 364
1788730 367
1788740 370
1788750 373
1788760 376
1788770 379
1788780 381
1788790 384
1788800 386
1788810 388
1788820 390
1788830 393
1788840 395
1788850 398
1788860 402
1788870 405
1788880 408
1788890 411
1788900 414
1788910 416
1788920 419
1788930 422
1788940 424
1788950 427
1788960 429
1788970 431
1788980 432
1788990 434
1789000 436
1789010 437
1789020 439
1789030 441
1789040 442
1789050 443
1789060 444
1789070 444
1789080 444
1789090 444
1789100 443
1789110 443
1789120 443
1789130 443
1789140 443
1789150 443
1789160 442
1789170 442
1789180 441
1789190 440
1789200 438
1789210 436
1789220 435
1789230 434
1789240 433
1789250 433
1789260 432
1789270 431
1789280 431
1789290 432
1789300 432
1789310 432
1789320 432
1789330 432
1789340 433
1789350 433
1789360 434
1789370 434
1789380 434
1789390 433
1789400 433
1789410 432
1789420 431
1789430 430
1789440 430
1789450 430
1789460 430
1789470 430
1789480 430
1789490 430
1789500 430
1789510 430
1789520 430
1789530 431
1789540 431
1789550 432
1789560 432
1789570 433
1789580 433
1789590 435
1789600 437
1789610 439
1789620 442
1789630 444
1789640 446
1789650 448
1789660 450
1789670 452
1789680 453
1789690 455
1789700 457
1789710 459
1789720 460
1789730 462
1789740 463
1789750 464
1789760 465
1789770 465
1789780 465
1789790 466
1789800 466
1789810 466
1789820 467
1789830 467
1789840 467
1789850 467
1789860 467
1789870 467
1789880 466
1789890 466
1789900 465
1789910 464
1789920 463
1789930 463
1789940 462
1789950 461
1789960 460
1789970 460
1789980 459
1789990 458
1790000 457
1790010 456
1790020 455
1790030 454
1790040 453
1790050 452
1790060 451
1790070 450
1790080 449
1790090 447
1790100 446
1790110 444
1790120 442
1790130 440
1790140 438
1790150 435
1790160 433
1790170 431
1790180 429
1790190 428
1790200 426
1790210 425
1790220 424
1790230 423
1790240 422
1790250 420
1790260 419
1790270 417
1790280 415
1790290 414
1790300 412
1790310 411
1790320 409
1790330 408
1790340 407
1790350 406
1790360 405
1790370 404
1790380 403
1790390 401
1790400 400
1790410 399
1790420 398
1790430 397
1790440 397
1790450 398
1790460 399
1790470 401
1790480 402
1790490 404
1790500 406
1790510 408
1790520 410
1790530 413
1790540 416
1790550 419
1790560 422
1790570 424
1790580 427
1790590 429
1790600 431
1790610 433
1790620 433
1790630 433
1790640 432
1790650 432
1790660 431
1790670 431
1790680 431
1790690 430
1790700 430
1790710 430
1790720 430
1790730 429
1790740 428
1790750 427
1790760 426
1790770 424
1790780 423
1790790 421
1790800 419
1790810 418
1790820 417
1790830 415
1790840 414
1790850 413
1790860 412
1790870 412
1790880 411
1790890 410
1790900 409
1790910 408
1790920 407
1790930 407
1790940 406
1790950 405
1790960 405
1790970 405
1790980 405
1790990 405
1791000 405
1791010 405
1791020 405
1791030 405
1791040 405
1791050 405
1791060 405
1791070 405
1791080 405
1791090 405
1791100 405
1791110 405
1791120 405
1791130 405
1791140 405
1791150 405
1791160 405
1791170 404
1791180 404
1791190 404
1791200 405
1791210 406
1791220 407
1791230 408
1791240 409
1791250 410
1791260 411
1791270 413
1791280 414
1791290 416
1791300 417
1791310 418
1791320 419
1791330 420
1791340 420
1791350 421
1791360 422
1791370 423
1791380 423
1791390 424
1791400 425
1791410 426
1791420 427
1791430 428
1791440 429
1791450 429
1791460 430
1791470 431
1791480 432
1791490 433
1791500 434
1791510 435
1791520 435
1791530 436
1791540 437
1791550 437
1791560 438
1791570 439
1791580 440
1791590 441
1791600 443
1791610 444
1791620 446
1791630 448
1791640 450
1791650 452
1791660 454
1791670 456
1791680 458
1791690 459
1791700 461
1791710 462
1791720 463
1791730 463
1791740 464
1791750 464
1791760 465
1791770 465
1791780 465
1791790 466
1791800 466
1791810 467
1791820 467
1791830 468
1791840 468
1791850 468
1791860 469
1791870 469
1791880 469
1791890 468
1791900 468
1791910 467
1791920 467
1791930 466
1791940 465
1791950 465
1791960 464
1791970 463
1791980 463
1791990 463
1792000 462
1792010 462
1792020 462
1792030 461
1792040 461
1792050 461
1792060 460
1792070 460
1792080 459
1792090 458
1792100 457
1792110 456
1792120 455
1792130 454
1792140 453
1792150 452
1792160 451
1792170 450
1792180 450
1792190 449
1792200 448
1792210 447
1792220 446
1792230 445
1792240 444
1792250 443
1792260 443
1792270 442
1792280 441
1792290 440
1792300 439
1792310 438
1792320 438
1792330 437
1792340 436
1792350 436
1792360 435
1792370 434
1792380 433
1792390 433
1792400 432
1792410 431
1792420 431
1792430 430
1792440 429
1792450 428
1792460 428
1792470 427
1792480 426
1792490 426
1792500 426
1792510 425
1792520 425
1792530 425
1792540 424
1792550 424
1792560 423
1792570 423
1792580 422
1792590 422
1792600 421
1792610 421
1792620 421
1792630 420
1792640 420
1792650 419
1792660 419
1792670 418
1792680 418
1792690 417
1792700 417
1792710 416
1792720 416
1792730 416
1792740 415
1792750 415
1792760 414
1792770 414
1792780 413
1792790 413
1792800 412
1792810 412
1792820 411
1792830 411
1792840 410
1792850 410
1792860 409
1792870 409
1792880 408
1792890 408
1792900 407
1792910 407
1792920 406
1792930 405
1792940 404
1792950 403
1792960 402
1792970 401
1792980 401
1792990 400
1793000 399
1793010 398
1793020 397
1793030 396
1793040 396
1793050 395
1793060 394
1793070 394
1793080 393
1793090 392
1793100 392
1793110 391
1793120 390
1793130 389
1793140 389
1793150 388
1793160 387
1793170 387
1793180 386
1793190 385
1793200 384
1793210 384
1793220 383
1793230 382
1793240 381
1793250 381
1793260 380
1793270 379
1793280 378
1793290 377
1793300 376
1793310 376
1793320 375
1793330 374
1793340 373
1793350 372
1793360 372
1793370 371
1793380 370
1793390 369
1793400 368
1793410 368
1793420 367
1793430 366
1793440 365
1793450 364
1793460 364
1793470 363
1793480 362
1793490 361
1793500 361
1793510 360
1793520 359
1793530 359
1793540 358
1793550 357
1793560 357
1793570 356
1793580 355
1793590 355
1793600 354
1793610 354
1793620 353
1793630 352
1793640 352
1793650 351
1793660 351
1793670 350
1793680 349
1793690 349
1793700 348
1793710 348
1793720 347
1793730 346
1793740 346
1793750 345
1793760 345
1793770 344
1793780 344
1793790 343
1793800 343
1793810 342
1793820 341
1793830 341
1793840 340
1793850 340
1793860 339
1793870 339
1793880 338
1793890 338
1793900 337
1793910 336
1793920 336
1793930 335
1793940 334
1793950 334
1793960 333
1793970 333
1793980 332
1793990 331
1794000 329
1794010 328
1794020 328
1794030 327
1794040 327
1794050 326
1794060 327
1794070 327
1794080 328
1794090 328
1794100 327
1794110 327
1794120 327
1794130 327
1794140 327
1794150 327
1794160 327
1794170 328
1794180 327
1794190 327
1794200 327
1794210 327
1794220 327
1794230 327
1794240 327
1794250 328
1794260 328
1794270 328
1794280 328
1794290 328
1794300 329
1794310 329
1794320 329
1794330 330
1794340 330
1794350 331
1794360 331
1794370 332
1794380 333
1794390 333
1794400 334
1794410 334
1794420 335
1794430 336
1794440 337
1794450 338
1794460 338
1794470 339
1794480 340
1794490 340
1794500 341
1794510 341
1794520 342
1794530 342
1794540 343
1794550 344
1794560 344
1794570 345
1794580 346
1794590 346
1794600 347
1794610 347
1794620 348
1794630 349
1794640 349
1794650 350
1794660 351
1794670 351
1794680 352
1794690 353
1794700 354
1794710 354
1794720 354
1794730 355
1794740 355
1794750 356
1794760 356
1794770 357
1794780 357
1794790 357
1794800 358
1794810 358
1794820 359
1794830 359
1794840 359
1794850 360
1794860 360
1794870 360
1794880 361
1794890 361
1794900 361
1794910 362
1794920 362
1794930 362
1794940 363
1794950 363
1794960 364
1794970 364
1794980 365
1794990 365
1795000 365
1795010 366
1795020 367
1795030 367
1795040 368
1795050 368
1795060 368
1795070 368
1795080 369
1795090 369
1795100 369
1795110 369
1795120 368
1795130 368
1795140 368
1795150 367
1795160 367
1795170 366
1795180 365
1795190 364
1795200 364
1795210 363
1795220 363
1795230 362
1795240 362
1795250 362
1795260 362
1795270 362
1795280 362
1795290 361
1795300 361
1795310 361
1795320 361
1795330 360
1795340 360
1795350 360
1795360 359
1795370 358
1795380 357
1795390 355
1795400 354
1795410 352
1795420 350
1795430 348
1795440 346
1795450 344
1795460 342
1795470 341
1795480 340
1795490 339
1795500 339
1795510 339
1795520 340
1795530 341
1795540 343
1795550 345
1795560 348
1795570 351
1795580 354
1795590 357
1795600 361
1795610 365
1795620 369
1795630 371
1795640 373
1795650 375
1795660 377
1795670 378
1795680 380
1795690 383
1795700 385
1795710 387
1795720 389
1795730 392
1795740 394
1795750 395
1795760 397
1795770 398
1795780 398
1795790 399
1795800 399
1795810 399
1795820 399
1795830 398
1795840 398
1795850 398
1795860 397
1795870 397
1795880 397
1795890 396
1795900 396
1795910 396
1795920 396
1795930 396
1795940 396
1795950 396
1795960 396
1795970 396
1795980 396
1795990 396
1796000 396
1796010 395
1796020 395
1796030 395
1796040 395
1796050 395
1796060 395
1796070 395
1796080 395
1796090 395
1796100 395
1796110 395
1796120 394
1796130 394
1796140 394
1796150 394
1796160 394
1796170 394
1796180 394
1796190 394
1796200 393
1796210 393
1796220 393
1796230 393
1796240 393
1796250 393
1796260 394
1796270 394
1796280 394
1796290 394
1796300 394
1796310 394
1796320 394
1796330 394
1796340 393
1796350 393
1796360 392
1796370 391
1796380 388
1796390 386
1796400 383
1796410 381
1796420 378
1796430 377
1796440 380
1796450 383
1796460 385
1796470 388
1796480 390
1796490 392
1796500 393
1796510 394
1796520 395
1796530 396
1796540 397
1796550 398
1796560 400
1796570 401
1796580 402
1796590 403
1796600 404
1796610 405
1796620 405
1796630 406
1796640 407
1796650 408
1796660 409
1796670 410
1796680 411
1796690 412
1796700 413
1796710 413
1796720 414
1796730 414
1796740 415
1796750 415
1796760 416
1796770 416
1796780 417
1796790 418
1796800 418
1796810 419
1796820 419
1796830 420
1796840 420
1796850 421
1796860 421
1796870 421
1796880 422
1796890 422
1796900 423
1796910 423
1796920 423
1796930 424
1796940 424
1796950 425
1796960 425
1796970 426
1796980 426
1796990 427
1797000 427
1797010 428
1797020 429
1797030 430
1797040 431
1797050 432
1797060 433
1797070 434
1797080 435
1797090 435
1797100 436
1797110 437
1797120 437
1797130 437
1797140 437
1797150 437
1797160 437
1797170 437
1797180 437
1797190 437
1797200 437
1797210 438
1797220 438
1797230 439
1797240 439
1797250 440
1797260 440
1797270 441
1797280 441
1797290 441
1797300 441
1797310 441
1797320 441
1797330 441
1797340 441
1797350 440
1797360 440
1797370 440
1797380 440
1797390 440
1797400 440
1797410 440
1797420 440
1797430 440
1797440 440
1797450 440
1797460 440
1797470 440
1797480 440
1797490 440
1797500 441
1797510 441
1797520 441
1797530 441
1797540 441
1797550 441
1797560 441
1797570 442
1797580 442
1797590 443
1797600 443
1797610 443
1797620 444
1797630 444
1797640 444
1797650 444
1797660 444
1797670 444
1797680 444
1797690 444
1797700 444
1797710 444
1797720 444
1797730 444
1797740 443
1797750 442
1797760 442
1797770 441
1797780 440
1797790 440
1797800 440
1797810 440
1797820 441
1797830 441
1797840 441
1797850 442
1797860 441
1797870 441
1797880 441
1797890 440
1797900 440
1797910 439
1797920 439
1797930 438
1797940 438
1797950 438
1797960 438
1797970 438
1797980 438
1797990 437
1798000 437
1798010 437
1798020 437
1798030 437
1798040 438
1798050 438
1798060 438
1798070 438
1798080 438
1798090 438
1798100 438
1798110 438
1798120 438
1798130 438
1798140 439
1798150 439
1798160 439
1798170 439
1798180 439
1798190 440
1798200 440
1798210 441
1798220 441
1798230 442
1798240 442
1798250 442
1798260 443
1798270 443
1798280 443
1798290 443
1798300 443
1798310 444
1798320 444
1798330 444
1798340 445
1798350 445
1798360 445
1798370 445
1798380 445
1798390 445
1798400 445
1798410 444
1798420 444
1798430 443
1798440 443
1798450 442
1798460 442
1798470 441
1798480 440
1798490 439
1798500 439
1798510 438
1798520 437
1798530 436
1798540 436
1798550 436
1798560 435
1798570 435
1798580 434
1798590 434
1798600 434
1798610 433
1798620 433
1798630 433
1798640 433
1798650 432
1798660 432
1798670 432
1798680 432
1798690 431
1798700 430
1798710 430
1798720 429
1798730 429
1798740 428
1798750 427
1798760 427
1798770 426
1798780 425
1798790 424
1798800 423
1798810 422
1798820 422
1798830 421
1798840 420
1798850 420
1798860 419
1798870 418
1798880 418
1798890 417
1798900 416
1798910 415
1798920 415
1798930 414
1798940 413
1798950 413
1798960 412
1798970 412
1798980 411
1798990 411
1799000 410
1799010 410
1799020 409
1799030 408
1799040 407
1799050 406
1799060 405
1799070 404
1799080 403
1799090 402
1799100 402
1799110 401
1799120 400
1799130 399
1799140 399
1799150 398
1799160 398
1799170 397
1799180 396
1799190 396
1799200 395
1799210 395
1799220 394
1799230 393
1799240 392
1799250 391
1799260 391
1799270 390
1799280 389
1799290 388
1799300 387
1799310 386
1799320 385
1799330 384
1799340 383
1799350 383
1799360 382
1799370 381
1799380 380
1799390 379
1799400 379
1799410 378
1799420 377
1799430 377
1799440 376
1799450 375
1799460 375
1799470 374
1799480 373
1799490 373
1799500 372
1799510 371
1799520 371
1799530 370
1799540 369
1799550 369
1799560 368
1799570 367
1799580 367
1799590 366
1799600 365
1799610 365
1799620 364
1799630 364
1799640 363
1799650 363
1799660 362
1799670 362
1799680 361
1799690 361
1799700 360
1799710 360
1799720 360
1799730 359
1799740 359
1799750 359
1799760 359
1799770 359
1799780 358
1799790 358
1799800 360
1799810 361
1799820 364
1799830 365
1799840 366
1799850 366
1799860 366
1799870 366
1799880 364
1799890 362
1799900 359
1799910 356
1799920 355
1799930 354
1799940 354
1799950 354
1799960 353
1799970 353
1799980 352
1799990 352
