1780000 471
1780010 470
1780020 469
1780030 468
1780040 468
1780050 467
1780060 467
1780070 467
1780080 467
1780090 467
1780100 466
1780110 465
1780120 465
1780130 464
1780140 463
1780150 462
1780160 461
1780170 460
1780180 459
1780190 458
1780200 457
1780210 456
1780220 455
1780230 454
1780240 453
1780250 452
1780260 451
1780270 450
1780280 448
1780290 447
1780300 446
1780310 445
1780320 444
1780330 443
1780340 442
1780350 442
1780360 441
1780370 440
1780380 440
1780390 439
1780400 439
1780410 439
1780420 438
1780430 438
1780440 437
1780450 437
1780460 437
1780470 436
1780480 436
1780490 436
1780500 435
1780510 435
1780520 435
1780530 434
1780540 434
1780550 433
1780560 433
1780570 432
1780580 432
1780590 431
1780600 431
1780610 430
1780620 430
1780630 429
1780640 428
1780650 428
1780660 427
1780670 427
1780680 426
1780690 425
1780700 424
1780710 423
1780720 423
1780730 422
1780740 422
1780750 422
1780760 422
1780770 421
1780780 421
1780790 420
1780800 420
1780810 420
1780820 420
1780830 420
1780840 420
1780850 419
1780860 419
1780870 418
1780880 417
1780890 416
1780900 415
1780910 414
1780920 415
1780930 415
1780940 416
1780950 417
1780960 417
1780970 418
1780980 416
1780990 415
1781000 415
1781010 416
1781020 417
1781030 417
1781040 417
1781050 417
1781060 418
1781070 418
1781080 418
1781090 418
1781100 418
1781110 418
1781120 419
1781130 419
1781140 420
1781150 420
1781160 421
1781170 422
1781180 423
1781190 424
1781200 425
1781210 425
1781220 426
1781230 426
1781240 427
1781250 427
1781260 427
1781270 427
1781280 427
1781290 427
1781300 427
1781310 427
1781320 427
1781330 427
1781340 427
1781350 426
1781360 426
1781370 426
1781380 427
1781390 428
1781400 428
1781410 428
1781420 429
1781430 429
1781440 429
1781450 429
1781460 429
1781470 429
1781480 429
1781490 429
1781500 429
1781510 429
1781520 429
1781530 430
1781540 430
1781550 430
1781560 431
1781570 431
1781580 431
1781590 432
1781600 432
1781610 433
1781620 433
1781630 433
1781640 433
1781650 433
1781660 433
1781670 433
1781680 434
1781690 434
1781700 434
1781710 434
1781720 434
1781730 435
1781740 436
1781750 437
1781760 438
1781770 440
1781780 441
1781790 442
1781800 443
1781810 445
1781820 446
1781830 447
1781840 449
1781850 450
1781860 452
1781870 454
1781880 454
1781890 455
1781900 456
1781910 456
1781920 456
1781930 456
1781940 456
1781950 456
1781960 456
1781970 456
1781980 456
1781990 456
1782000 456
1782010 455
1782020 455
1782030 454
1782040 453
1782050 452
1782060 451
1782070 452
1782080 453
1782090 456
1782100 458
1782110 460
1782120 463
1782130 466
1782140 469
1782150 472
1782160 475
1782170 477
1782180 480
1782190 482
1782200 484
1782210 486
1782220 489
1782230 491
1782240 493
1782250 496
1782260 498
1782270 500
1782280 502
1782290 504
1782300 505
1782310 507
1782320 509
1782330 511
1782340 513
1782350 514
1782360 516
1782370 517
1782380 518
1782390 518
1782400 519
1782410 519
1782420 518
1782430 517
1782440 516
1782450 515
1782460 514
1782470 513
1782480 512
1782490 510
1782500 508
1782510 506
1782520 504
1782530 502
1782540 500
1782550 497
1782560 495
1782570 492
1782580 490
1782590 487
1782600 485
1782610 483
1782620 481
1782630 478
1782640 479
1782650 481
1782660 484
1782670 487
1782680 489
1782690 491
1782700 493
1782710 495
1782720 497
1782730 498
1782740 500
1782750 502
1782760 505
1782770 507
1782780 510
1782790 513
1782800 516
1782810 518
1782820 521
1782830 524
1782840 527
1782850 530
1782860 534
1782870 537
1782880 541
1782890 544
1782900 547
1782910 551
1782920 554
1782930 558
1782940 560
1782950 563
1782960 567
1782970 570
1782980 573
1782990 576
1783000 579
1783010 581
1783020 583
1783030 584
1783040 585
1783050 586
1783060 587
1783070 588
1783080 589
1783090 590
1783100 591
1783110 592
1783120 593
1783130 594
1783140 596
1783150 598
1783160 600
1783170 602
1783180 604
1783190 607
1783200 609
1783210 612
1783220 614
1783230 616
1783240 619
1783250 621
1783260 624
1783270 626
1783280 628
1783290 630
1783300 632
1783310 634
1783320 636
1783330 637
1783340 637
1783350 636
1783360 635
1783370 634
1783380 633
1783390 632
1783400 631
1783410 631
1783420 631
1783430 630
1783440 630
1783450 630
1783460 629
1783470 629
1783480 628
1783490 627
1783500 626
1783510 625
1783520 623
1783530 623
1783540 622
1783550 622
1783560 622
1783570 622
1783580 622
1783590 623
1783600 623
1783610 623
1783620 623
1783630 623
1783640 623
1783650 623
1783660 623
1783670 624
1783680 624
1783690 624
1783700 625
1783710 626
1783720 627
1783730 628
1783740 628
1783750 629
1783760 630
1783770 630
1783780 631
1783790 631
1783800 632
1783810 632
1783820 632
1783830 632
1783840 632
1783850 632
1783860 632
1783870 632
1783880 632
1783890 633
1783900 633
1783910 633
1783920 633
1783930 633
1783940 634
1783950 634
1783960 635
1783970 636
1783980 637
1783990 638
1784000 639
1784010 640
1784020 641
1784030 642
1784040 643
1784050 643
1784060 643
1784070 643
1784080 644
1784090 645
1784100 646
1784110 647
1784120 648
1784130 650
1784140 651
1784150 651
1784160 652
1784170 652
1784180 653
1784190 653
1784200 653
1784210 653
1784220 652
1784230 652
1784240 651
1784250 651
1784260 650
1784270 650
1784280 650
1784290 649
1784300 649
1784310 648
1784320 648
1784330 647
1784340 646
1784350 646
1784360 645
1784370 644
1784380 643
1784390 643
1784400 643
1784410 642
1784420 642
1784430 641
1784440 640
1784450 640
1784460 639
1784470 638
1784480 637
1784490 636
1784500 635
1784510 634
1784520 633
1784530 632
1784540 631
1784550 630
1784560 629
1784570 628
1784580 627
1784590 626
1784600 626
1784610 625
1784620 624
1784630 623
1784640 622
1784650 621
1784660 621
1784670 620
1784680 619
1784690 619
1784700 618
1784710 618
1784720 617
1784730 616
1784740 615
1784750 615
1784760 614
1784770 614
1784780 613
1784790 613
1784800 612
1784810 612
1784820 611
1784830 611
1784840 610
1784850 610
1784860 609
1784870 609
1784880 608
1784890 607
1784900 606
1784910 606
1784920 605
1784930 604
1784940 603
1784950 602
1784960 602
1784970 601
1784980 601
1784990 601
1785000 601
1785010 601
1785020 600
1785030 600
1785040 600
1785050 599
1785060 599
1785070 599
1785080 598
1785090 598
1785100 598
1785110 598
1785120 598
1785130 598
1785140 597
1785150 597
1785160 597
1785170 596
1785180 596
1785190 596
1785200 596
1785210 596
1785220 596
1785230 596
1785240 596
1785250 596
1785260 597
1785270 597
1785280 596
1785290 596
1785300 596
1785310 596
1785320 596
1785330 596
1785340 595
1785350 595
1785360 595
1785370 594
1785380 594
1785390 594
1785400 594
1785410 594
1785420 594
1785430 594
1785440 594
1785450 594
1785460 595
1785470 595
1785480 595
1785490 596
1785500 596
1785510 597
1785520 597
1785530 597
1785540 598
1785550 598
1785560 599
1785570 601
1785580 603
1785590 605
1785600 607
1785610 608
1785620 608
1785630 607
1785640 606
1785650 605
1785660 604
1785670 604
1785680 603
1785690 602
1785700 601
1785710 600
1785720 600
1785730 600
1785740 600
1785750 598
1785760 597
1785770 595
1785780 593
1785790 591
1785800 589
1785810 587
1785820 585
1785830 584
1785840 583
1785850 582
1785860 581
1785870 581
1785880 580
1785890 580
1785900 579
1785910 578
1785920 577
1785930 576
1785940 574
1785950 573
1785960 571
1785970 569
1785980 567
1785990 564
1786000 562
1786010 560
1786020 557
1786030 555
1786040 554
1786050 552
1786060 550
1786070 548
1786080 546
1786090 544
1786100 542
1786110 541
1786120 539
1786130 538
1786140 536
1786150 535
1786160 533
1786170 532
1786180 530
1786190 529
1786200 527
1786210 526
1786220 525
1786230 523
1786240 522
1786250 520
1786260 518
1786270 517
1786280 515
1786290 513
1786300 511
1786310 509
1786320 507
1786330 505
1786340 503
1786350 501
1786360 499
1786370 497
1786380 495
1786390 493
1786400 491
1786410 489
1786420 487
1786430 485
1786440 483
1786450 481
1786460 479
1786470 477
1786480 475
1786490 473
1786500 470
1786510 468
1786520 467
1786530 465
1786540 463
1786550 461
1786560 459
1786570 457
1786580 455
1786590 453
1786600 451
1786610 449
1786620 447
1786630 445
1786640 444
1786650 442
1786660 440
1786670 439
1786680 437
1786690 434
1786700 431
1786710 428
1786720 426
1786730 424
1786740 422
1786750 421
1786760 420
1786770 419
1786780 418
1786790 418
1786800 417
1786810 416
1786820 415
1786830 414
1786840 413
1786850 412
1786860 410
1786870 408
1786880 406
1786890 404
1786900 402
1786910 400
1786920 398
1786930 396
1786940 394
1786950 391
1786960 388
1786970 385
1786980 382
1786990 380
1787000 379
1787010 378
1787020 376
1787030 374
1787040 371
1787050 368
1787060 364
1787070 361
1787080 357
1787090 353
1787100 350
1787110 347
1787120 345
1787130 344
1787140 345
1787150 345
1787160 345
1787170 346
1787180 346
1787190 346
1787200 345
1787210 345
1787220 345
1787230 345
1787240 345
1787250 345
1787260 345
1787270 346
1787280 345
1787290 345
1787300 345
1787310 346
1787320 346
1787330 345
1787340 345
1787350 345
1787360 346
1787370 346
1787380 346
1787390 347
1787400 347
1787410 347
1787420 346
1787430 345
1787440 345
1787450 345
1787460 345
1787470 345
1787480 345
1787490 345
1787500 344
1787510 344
1787520 344
1787530 344
1787540 345
1787550 345
1787560 347
1787570 348
1787580 348
1787590 349
1787600 350
1787610 350
1787620 350
1787630 350
1787640 350
1787650 350
1787660 349
1787670 349
1787680 349
1787690 349
1787700 349
1787710 349
1787720 349
1787730 349
1787740 350
1787750 351
1787760 353
1787770 354
1787780 356
1787790 358
1787800 361
1787810 363
1787820 366
1787830 368
1787840 371
1787850 373
1787860 375
1787870 377
1787880 378
1787890 381
1787900 383
1787910 385
1787920 387
1787930 389
1787940 391
1787950 393
1787960 393
1787970 394
1787980 394
1787990 394
1788000 394
1788010 394
1788020 393
1788030 392
1788040 390
1788050 388
1788060 385
1788070 382
1788080 379
1788090 375
1788100 372
1788110 369
1788120 365
1788130 362
1788140 359
1788150 357
1788160 356
1788170 356
1788180 355
1788190 355
1788200 353
1788210 352
1788220 354
1788230 355
1788240 355
1788250 356
1788260 356
1788270 358
1788280 360
1788290 362
1788300 364
1788310 366
1788320 368
1788330 370
1788340 372
1788350 374
1788360 377
1788370 380
1788380 383
1788390 386
1788400 389
1788410 391
1788420 394
1788430 396
1788440 398
1788450 400
1788460 402
1788470 404
1788480 405
1788490 407
1788500 408
1788510 409
1788520 410
1788530 411
1788540 411
1788550 412
1788560 413
1788570 414
1788580 415
1788590 415
1788600 416
1788610 416
1788620 417
1788630 417
1788640 417
1788650 418
1788660 418
1788670 419
1788680 419
1788690 419
1788700 419
1788710 420
1788720 420
1788730 420
1788740 420
1788750 420
1788760 419
1788770 419
1788780 419
1788790 419
1788800 418
1788810 418
1788820 417
1788830 416
1788840 416
1788850 415
1788860 414
1788870 414
1788880 413
1788890 412
1788900 412
1788910 411
1788920 410
1788930 409
1788940 409
1788950 408
1788960 408
1788970 408
1788980 408
1788990 408
1789000 408
1789010 408
1789020 408
1789030 407
1789040 407
1789050 407
1789060 407
1789070 406
1789080 405
1789090 404
1789100 403
1789110 402
1789120 401
1789130 400
1789140 399
1789150 398
1789160 397
1789170 396
1789180 395
1789190 395
1789200 394
1789210 393
1789220 392
1789230 391
1789240 390
1789250 389
1789260 387
1789270 386
1789280 384
1789290 383
1789300 384
1789310 386
1789320 388
1789330 389
1789340 391
1789350 392
1789360 393
1789370 395
1789380 396
1789390 398
1789400 399
1789410 401
1789420 402
1789430 404
1789440 407
1789450 409
1789460 411
1789470 413
1789480 415
1789490 417
1789500 419
1789510 421
1789520 424
1789530 426
1789540 428
1789550 430
1789560 432
1789570 433
1789580 435
1789590 436
1789600 436
1789610 437
1789620 438
1789630 439
1789640 440
1789650 441
1789660 441
1789670 441
1789680 441
1789690 441
1789700 441
1789710 441
1789720 440
1789730 440
1789740 440
1789750 440
1789760 441
1789770 443
1789780 445
1789790 447
1789800 448
1789810 450
1789820 452
1789830 454
1789840 456
1789850 457
1789860 458
1789870 459
1789880 460
1789890 461
1789900 462
1789910 463
1789920 464
1789930 464
1789940 465
1789950 466
1789960 467
1789970 467
1789980 468
1789990 468
1790000 468
1790010 468
1790020 468
1790030 468
1790040 468
1790050 467
1790060 467
1790070 466
1790080 465
1790090 464
1790100 464
1790110 463
1790120 462
1790130 461
1790140 460
1790150 460
1790160 459
1790170 458
1790180 457
1790190 456
1790200 455
1790210 454
1790220 453
1790230 451
1790240 450
1790250 448
1790260 446
1790270 445
1790280 443
1790290 441
1790300 439
1790310 438
1790320 436
1790330 435
1790340 435
1790350 434
1790360 434
1790370 433
1790380 433
1790390 433
1790400 432
1790410 432
1790420 432
1790430 432
1790440 431
1790450 431
1790460 431
1790470 431
1790480 431
1790490 431
1790500 431
1790510 431
1790520 431
1790530 431
1790540 432
1790550 432
1790560 432
1790570 433
1790580 434
1790590 434
1790600 435
1790610 436
1790620 438
1790630 439
1790640 440
1790650 441
1790660 442
1790670 443
1790680 444
1790690 446
1790700 447
1790710 448
1790720 450
1790730 451
1790740 452
1790750 453
1790760 453
1790770 454
1790780 454
1790790 455
1790800 456
1790810 456
1790820 457
1790830 457
1790840 458
1790850 458
1790860 459
1790870 460
1790880 461
1790890 462
1790900 464
1790910 465
1790920 466
1790930 468
1790940 469
1790950 470
1790960 471
1790970 473
1790980 474
1790990 476
1791000 477
1791010 478
1791020 480
1791030 481
1791040 482
1791050 483
1791060 485
1791070 486
1791080 487
1791090 488
1791100 489
1791110 490
1791120 490
1791130 491
1791140 491
1791150 492
1791160 492
1791170 493
1791180 493
1791190 494
1791200 494
1791210 495
1791220 495
1791230 496
1791240 496
1791250 497
1791260 497
1791270 497
1791280 498
1791290 498
1791300 498
1791310 499
1791320 499
1791330 500
1791340 500
1791350 500
1791360 501
1791370 501
1791380 501
1791390 501
1791400 501
1791410 501
1791420 501
1791430 501
1791440 501
1791450 501
1791460 501
1791470 501
1791480 501
1791490 501
1791500 501
1791510 501
1791520 501
1791530 501
1791540 501
1791550 501
1791560 501
1791570 500
1791580 500
1791590 499
1791600 499
1791610 498
1791620 498
1791630 497
1791640 497
1791650 496
1791660 496
1791670 496
1791680 495
1791690 495
1791700 495
1791710 494
1791720 494
1791730 494
1791740 494
1791750 494
1791760 494
1791770 493
1791780 493
1791790 493
1791800 492
1791810 492
1791820 492
1791830 491
1791840 491
1791850 491
1791860 491
1791870 490
1791880 490
1791890 489
1791900 488
1791910 487
1791920 487
1791930 486
1791940 485
1791950 484
1791960 483
1791970 482
1791980 481
1791990 480
1792000 480
1792010 479
1792020 478
1792030 477
1792040 476
1792050 476
1792060 475
1792070 474
1792080 474
1792090 473
1792100 473
1792110 472
1792120 471
1792130 471
1792140 470
1792150 469
1792160 468
1792170 467
1792180 466
1792190 465
1792200 464
1792210 463
1792220 463
1792230 462
1792240 461
1792250 460
1792260 460
1792270 459
1792280 458
1792290 457
1792300 457
1792310 456
1792320 455
1792330 455
1792340 455
1792350 455
1792360 454
1792370 454
1792380 453
1792390 453
1792400 452
1792410 451
1792420 451
1792430 450
1792440 450
1792450 449
1792460 449
1792470 448
1792480 447
1792490 447
1792500 446
1792510 446
1792520 445
1792530 445
1792540 444
1792550 444
1792560 443
1792570 442
1792580 442
1792590 441
1792600 440
1792610 440
1792620 439
1792630 439
1792640 438
1792650 437
1792660 436
1792670 436
1792680 435
1792690 435
1792700 434
1792710 433
1792720 433
1792730 432
1792740 432
1792750 431
1792760 430
1792770 430
1792780 429
1792790 429
1792800 428
1792810 428
1792820 427
1792830 427
1792840 426
1792850 425
1792860 425
1792870 424
1792880 424
1792890 423
1792900 422
1792910 422
1792920 421
1792930 420
1792940 419
1792950 418
1792960 418
1792970 417
1792980 416
1792990 415
1793000 414
1793010 414
1793020 413
1793030 412
1793040 411
1793050 410
1793060 409
1793070 408
1793080 407
1793090 406
1793100 405
1793110 404
1793120 403
1793130 402
1793140 401
1793150 399
1793160 398
1793170 397
1793180 396
1793190 394
1793200 393
1793210 392
1793220 391
1793230 390
1793240 388
1793250 387
1793260 386
1793270 384
1793280 383
1793290 381
1793300 380
1793310 378
1793320 376
1793330 375
1793340 373
1793350 370
1793360 368
1793370 365
1793380 362
1793390 360
1793400 357
1793410 354
1793420 352
1793430 350
1793440 348
1793450 346
1793460 344
1793470 343
1793480 341
1793490 340
1793500 338
1793510 337
1793520 336
1793530 335
1793540 335
1793550 335
1793560 334
1793570 334
1793580 334
1793590 334
1793600 334
1793610 334
1793620 334
1793630 333
1793640 333
1793650 334
1793660 336
1793670 336
1793680 337
1793690 338
1793700 339
1793710 340
1793720 341
1793730 341
1793740 342
1793750 343
1793760 344
1793770 345
1793780 345
1793790 346
1793800 347
1793810 348
1793820 349
1793830 349
1793840 350
1793850 351
1793860 352
1793870 353
1793880 354
1793890 355
1793900 356
1793910 357
1793920 358
1793930 359
1793940 361
1793950 362
1793960 364
1793970 365
1793980 367
1793990 367
1794000 368
1794010 369
1794020 371
1794030 372
1794040 374
1794050 376
1794060 378
1794070 380
1794080 382
1794090 384
1794100 385
1794110 387
1794120 388
1794130 389
1794140 390
1794150 392
1794160 393
1794170 394
1794180 395
1794190 397
1794200 398
1794210 399
1794220 401
1794230 402
1794240 404
1794250 405
1794260 408
1794270 411
1794280 413
1794290 416
1794300 419
1794310 422
1794320 425
1794330 428
1794340 431
1794350 433
1794360 435
1794370 437
1794380 437
1794390 438
1794400 439
1794410 439
1794420 440
1794430 440
1794440 441
1794450 441
1794460 441
1794470 440
1794480 440
1794490 439
1794500 439
1794510 438
1794520 437
1794530 436
1794540 436
1794550 435
1794560 434
1794570 434
1794580 433
1794590 433
1794600 433
1794610 433
1794620 434
1794630 434
1794640 435
1794650 435
1794660 435
1794670 435
1794680 435
1794690 435
1794700 434
1794710 434
1794720 433
1794730 433
1794740 432
1794750 432
1794760 431
1794770 430
1794780 429
1794790 429
1794800 428
1794810 428
1794820 427
1794830 427
1794840 426
1794850 425
1794860 424
1794870 423
1794880 422
1794890 422
1794900 421
1794910 420
1794920 420
1794930 419
1794940 419
1794950 418
1794960 418
1794970 417
1794980 416
1794990 416
1795000 415
1795010 414
1795020 414
1795030 413
1795040 412
1795050 411
1795060 410
1795070 409
1795080 407
1795090 405
1795100 403
1795110 401
1795120 398
1795130 395
1795140 392
1795150 389
1795160 386
1795170 384
1795180 381
1795190 379
1795200 377
1795210 376
1795220 374
1795230 372
1795240 371
1795250 370
1795260 370
1795270 369
1795280 368
1795290 368
1795300 368
1795310 367
1795320 367
1795330 366
1795340 366
1795350 364
1795360 363
1795370 361
1795380 359
1795390 356
1795400 354
1795410 352
1795420 351
1795430 351
1795440 351
1795450 351
1795460 351
1795470 351
1795480 351
1795490 352
1795500 353
1795510 354
1795520 356
1795530 358
1795540 360
1795550 362
1795560 364
1795570 366
1795580 368
1795590 370
1795600 372
1795610 374
1795620 375
1795630 377
1795640 379
1795650 381
1795660 384
1795670 386
1795680 389
1795690 391
1795700 393
1795710 394
1795720 395
1795730 394
1795740 393
1795750 391
1795760 389
1795770 388
1795780 386
1795790 384
1795800 383
1795810 382
1795820 380
1795830 380
1795840 379
1795850 379
1795860 379
1795870 378
1795880 378
1795890 378
1795900 379
1795910 379
1795920 379
1795930 379
1795940 379
1795950 379
1795960 379
1795970 380
1795980 380
1795990 380
1796000 380
1796010 381
1796020 381
1796030 381
1796040 382
1796050 382
1796060 383
1796070 383
1796080 384
1796090 384
1796100 385
1796110 385
1796120 386
1796130 387
1796140 387
1796150 388
1796160 389
1796170 390
1796180 390
1796190 391
1796200 392
1796210 393
1796220 394
1796230 394
1796240 395
1796250 396
1796260 397
1796270 397
1796280 398
1796290 399
1796300 400
1796310 400
1796320 401
1796330 401
1796340 401
1796350 402
1796360 403
1796370 404
1796380 405
1796390 407
1796400 408
1796410 410
1796420 411
1796430 413
1796440 414
1796450 414
1796460 414
1796470 414
1796480 414
1796490 415
1796500 416
1796510 418
1796520 420
1796530 421
1796540 422
1796550 423
1796560 423
1796570 423
1796580 424
1796590 426
1796600 429
1796610 432
1796620 434
1796630 437
1796640 439
1796650 441
1796660 442
1796670 444
1796680 445
1796690 447
1796700 448
1796710 450
1796720 451
1796730 453
1796740 454
1796750 456
1796760 458
1796770 460
1796780 462
1796790 464
1796800 466
1796810 467
1796820 469
1796830 469
1796840 470
1796850 470
1796860 470
1796870 471
1796880 471
1796890 472
1796900 472
1796910 473
1796920 474
1796930 475
1796940 476
1796950 477
1796960 477
1796970 477
1796980 478
1796990 478
1797000 478
1797010 479
1797020 479
1797030 479
1797040 479
1797050 479
1797060 479
1797070 479
1797080 479
1797090 480
1797100 479
1797110 480
1797120 480
1797130 480
1797140 480
1797150 480
1797160 480
1797170 480
1797180 480
1797190 480
1797200 480
1797210 480
1797220 480
1797230 480
1797240 480
1797250 481
1797260 481
1797270 481
1797280 481
1797290 481
1797300 481
1797310 481
1797320 481
1797330 481
1797340 481
1797350 481
1797360 481
1797370 481
1797380 481
1797390 481
1797400 481
1797410 481
1797420 481
1797430 481
1797440 481
1797450 481
1797460 481
1797470 481
1797480 481
1797490 481
1797500 481
1797510 481
1797520 481
1797530 481
1797540 481
1797550 481
1797560 481
1797570 481
1797580 481
1797590 481
1797600 481
1797610 480
1797620 480
1797630 480
1797640 480
1797650 480
1797660 480
1797670 480
1797680 480
1797690 480
1797700 480
1797710 481
1797720 481
1797730 481
1797740 481
1797750 482
1797760 483
1797770 484
1797780 485
1797790 486
1797800 486
1797810 486
1797820 486
1797830 484
1797840 483
1797850 481
1797860 480
1797870 479
1797880 477
1797890 476
1797900 476
1797910 475
1797920 474
1797930 474
1797940 474
1797950 473
1797960 472
1797970 472
1797980 471
1797990 470
1798000 468
1798010 467
1798020 467
1798030 466
1798040 466
1798050 465
1798060 465
1798070 464
1798080 464
1798090 463
1798100 463
1798110 463
1798120 463
1798130 463
1798140 463
1798150 463
1798160 462
1798170 462
1798180 461
1798190 460
1798200 460
1798210 459
1798220 458
1798230 457
1798240 456
1798250 455
1798260 454
1798270 454
1798280 453
1798290 452
1798300 451
1798310 451
1798320 450
1798330 449
1798340 448
1798350 447
1798360 447
1798370 446
1798380 446
1798390 445
1798400 445
1798410 445
1798420 444
1798430 444
1798440 444
1798450 444
1798460 443
1798470 443
1798480 443
1798490 443
1798500 443
1798510 444
1798520 444
1798530 445
1798540 446
1798550 448
1798560 450
1798570 452
1798580 453
1798590 453
1798600 453
1798610 452
1798620 450
1798630 448
1798640 445
1798650 442
1798660 439
1798670 436
1798680 433
1798690 430
1798700 427
1798710 424
1798720 421
1798730 420
1798740 418
1798750 417
1798760 415
1798770 414
1798780 413
1798790 411
1798800 410
1798810 409
1798820 408
1798830 406
1798840 405
1798850 402
1798860 399
1798870 395
1798880 392
1798890 389
1798900 386
1798910 384
1798920 383
1798930 383
1798940 383
1798950 382
1798960 380
1798970 379
1798980 378
1798990 377
1799000 376
1799010 375
1799020 374
1799030 373
1799040 372
1799050 371
1799060 371
1799070 370
1799080 369
1799090 369
1799100 368
1799110 368
1799120 367
1799130 366
1799140 365
1799150 365
1799160 364
1799170 363
1799180 362
1799190 362
1799200 361
1799210 361
1799220 360
1799230 360
1799240 360
1799250 359
1799260 358
1799270 357
1799280 357
1799290 356
1799300 356
1799310 356
1799320 356
1799330 356
1799340 356
1799350 356
1799360 356
1799370 355
1799380 355
1799390 355
1799400 355
1799410 355
1799420 355
1799430 355
1799440 355
1799450 355
1799460 355
1799470 355
1799480 355
1799490 355
1799500 355
1799510 354
1799520 355
1799530 355
1799540 355
1799550 354
1799560 353
1799570 353
1799580 353
1799590 353
1799600 353
1799610 353
1799620 353
1799630 354
1799640 355
1799650 355
1799660 356
1799670 356
1799680 357
1799690 358
1799700 358
1799710 359
1799720 360
1799730 360
1799740 361
1799750 361
1799760 361
1799770 361
1799780 361
1799790 362
1799800 362
1799810 362
1799820 362
1799830 362
1799840 361
1799850 361
1799860 361
1799870 361
1799880 361
1799890 361
1799900 361
1799910 361
1799920 361
1799930 361
1799940 361
1799950 361
1799960 361
1799970 361
1799980 361
1799990 361
