1780000 414
1780010 413
1780020 412
1780030 412
1780040 411
1780050 410
1780060 410
1780070 410
1780080 409
1780090 409
1780100 409
1780110 409
1780120 409
1780130 408
1780140 408
1780150 408
1780160 407
1780170 407
1780180 407
1780190 407
1780200 406
1780210 406
1780220 406
1780230 405
1780240 405
1780250 404
1780260 404
1780270 404
1780280 404
1780290 403
1780300 403
1780310 403
1780320 402
1780330 402
1780340 401
1780350 400
1780360 400
1780370 400
1780380 399
1780390 399
1780400 399
1780410 399
1780420 399
1780430 399
1780440 399
1780450 398
1780460 398
1780470 398
1780480 397
1780490 397
1780500 396
1780510 396
1780520 396
1780530 396
1780540 396
1780550 396
1780560 396
1780570 396
1780580 395
1780590 395
1780600 394
1780610 394
1780620 395
1780630 395
1780640 395
1780650 396
1780660 396
1780670 396
1780680 396
1780690 397
1780700 397
1780710 397
1780720 397
1780730 397
1780740 397
1780750 397
1780760 397
1780770 397
1780780 397
1780790 397
1780800 397
1780810 397
1780820 397
1780830 398
1780840 398
1780850 399
1780860 400
1780870 402
1780880 403
1780890 404
1780900 406
1780910 407
1780920 409
1780930 410
1780940 411
1780950 411
1780960 411
1780970 412
1780980 412
1780990 412
1781000 412
1781010 413
1781020 414
1781030 416
1781040 418
1781050 420
1781060 423
1781070 425
1781080 428
1781090 430
1781100 432
1781110 434
1781120 436
1781130 437
1781140 439
1781150 440
1781160 440
1781170 440
1781180 440
1781190 440
1781200 440
1781210 440
1781220 440
1781230 440
1781240 440
1781250 439
1781260 439
1781270 439
1781280 439
1781290 438
1781300 438
1781310 438
1781320 438
1781330 437
1781340 437
1781350 437
1781360 436
1781370 436
1781380 436
1781390 435
1781400 435
1781410 435
1781420 434
1781430 434
1781440 433
1781450 432
1781460 432
1781470 431
1781480 430
1781490 429
1781500 428
1781510 427
1781520 427
1781530 426
1781540 425
1781550 424
1781560 423
1781570 422
1781580 422
1781590 421
1781600 419
1781610 418
1781620 416
1781630 415
1781640 413
1781650 411
1781660 410
1781670 408
1781680 407
1781690 405
1781700 404
1781710 403
1781720 402
1781730 401
1781740 400
1781750 398
1781760 397
1781770 396
1781780 395
1781790 394
1781800 393
1781810 392
1781820 391
1781830 389
1781840 388
1781850 387
1781860 387
1781870 386
1781880 385
1781890 383
1781900 381
1781910 381
1781920 380
1781930 380
1781940 380
1781950 380
1781960 380
1781970 380
1781980 380
1781990 380
1782000 380
1782010 380
1782020 379
1782030 378
1782040 379
1782050 380
1782060 380
1782070 380
1782080 380
1782090 380
1782100 380
1782110 380
1782120 380
1782130 380
1782140 380
1782150 380
1782160 380
1782170 381
1782180 381
1782190 381
1782200 381
1782210 381
1782220 381
1782230 381
1782240 381
1782250 381
1782260 381
1782270 382
1782280 385
1782290 387
1782300 389
1782310 390
1782320 392
1782330 393
1782340 394
1782350 395
1782360 396
1782370 396
1782380 397
1782390 398
1782400 399
1782410 400
1782420 401
1782430 402
1782440 403
1782450 404
1782460 405
1782470 405
1782480 406
1782490 407
1782500 407
1782510 408
1782520 408
1782530 409
1782540 409
1782550 409
1782560 409
1782570 409
1782580 408
1782590 407
1782600 405
1782610 402
1782620 399
1782630 396
1782640 393
1782650 390
1782660 388
1782670 386
1782680 385
1782690 384
1782700 384
1782710 384
1782720 384
1782730 382
1782740 382
1782750 382
1782760 382
1782770 383
1782780 384
1782790 386
1782800 388
1782810 390
1782820 393
1782830 396
1782840 398
1782850 401
1782860 404
1782870 407
1782880 409
1782890 411
1782900 412
1782910 414
1782920 416
1782930 418
1782940 420
1782950 422
1782960 424
1782970 426
1782980 428
1782990 430
1783000 433
1783010 435
1783020 437
1783030 439
1783040 441
1783050 442
1783060 443
1783070 445
1783080 447
1783090 448
1783100 448
1783110 449
1783120 450
1783130 450
1783140 450
1783150 450
1783160 450
1783170 450
1783180 450
1783190 449
1783200 448
1783210 447
1783220 446
1783230 446
1783240 445
1783250 445
1783260 445
1783270 446
1783280 448
1783290 450
1783300 453
1783310 455
1783320 457
1783330 460
1783340 462
1783350 465
1783360 467
1783370 470
1783380 473
1783390 476
1783400 478
1783410 481
1783420 484
1783430 486
1783440 489
1783450 492
1783460 495
1783470 497
1783480 500
1783490 503
1783500 505
1783510 507
1783520 510
1783530 512
1783540 514
1783550 516
1783560 519
1783570 521
1783580 523
1783590 524
1783600 526
1783610 526
1783620 527
1783630 527
1783640 527
1783650 526
1783660 526
1783670 525
1783680 525
1783690 524
1783700 523
1783710 522
1783720 521
1783730 520
1783740 519
1783750 519
1783760 518
1783770 517
1783780 516
1783790 516
1783800 515
1783810 514
1783820 513
1783830 512
1783840 511
1783850 510
1783860 509
1783870 508
1783880 507
1783890 505
1783900 504
1783910 501
1783920 498
1783930 495
1783940 491
1783950 487
1783960 484
1783970 480
1783980 476
1783990 472
1784000 468
1784010 466
1784020 465
1784030 468
1784040 471
1784050 474
1784060 477
1784070 479
1784080 482
1784090 484
1784100 486
1784110 488
1784120 491
1784130 493
1784140 495
1784150 497
1784160 499
1784170 500
1784180 502
1784190 503
1784200 505
1784210 507
1784220 509
1784230 510
1784240 511
1784250 512
1784260 514
1784270 515
1784280 516
1784290 517
1784300 518
1784310 519
1784320 520
1784330 521
1784340 522
1784350 522
1784360 522
1784370 522
1784380 522
1784390 522
1784400 522
1784410 522
1784420 522
1784430 522
1784440 521
1784450 521
1784460 520
1784470 519
1784480 519
1784490 518
1784500 518
1784510 517
1784520 517
1784530 516
1784540 515
1784550 514
1784560 514
1784570 514
1784580 515
1784590 515
1784600 516
1784610 517
1784620 518
1784630 519
1784640 519
1784650 519
1784660 520
1784670 520
1784680 521
1784690 522
1784700 522
1784710 523
1784720 524
1784730 525
1784740 526
1784750 527
1784760 528
1784770 529
1784780 530
1784790 530
1784800 531
1784810 533
1784820 534
1784830 535
1784840 536
1784850 537
1784860 538
1784870 539
1784880 539
1784890 539
1784900 540
1784910 540
1784920 540
1784930 540
1784940 540
1784950 541
1784960 541
1784970 540
1784980 540
1784990 540
1785000 539
1785010 539
1785020 538
1785030 538
1785040 538
1785050 537
1785060 537
1785070 536
1785080 536
1785090 536
1785100 535
1785110 534
1785120 532
1785130 530
1785140 529
1785150 527
1785160 526
1785170 524
1785180 522
1785190 521
1785200 519
1785210 517
1785220 516
1785230 514
1785240 512
1785250 510
1785260 508
1785270 506
1785280 504
1785290 502
1785300 500
1785310 498
1785320 496
1785330 494
1785340 492
1785350 491
1785360 489
1785370 487
1785380 486
1785390 484
1785400 482
1785410 480
1785420 479
1785430 478
1785440 477
1785450 476
1785460 475
1785470 475
1785480 474
1785490 474
1785500 473
1785510 472
1785520 471
1785530 470
1785540 469
1785550 467
1785560 466
1785570 464
1785580 462
1785590 460
1785600 457
1785610 455
1785620 453
1785630 451
1785640 449
1785650 447
1785660 445
1785670 443
1785680 441
1785690 439
1785700 436
1785710 434
1785720 431
1785730 429
1785740 427
1785750 425
1785760 423
1785770 420
1785780 418
1785790 416
1785800 413
1785810 410
1785820 407
1785830 405
1785840 404
1785850 403
1785860 401
1785870 400
1785880 398
1785890 397
1785900 397
1785910 396
1785920 396
1785930 396
1785940 397
1785950 398
1785960 399
1785970 401
1785980 404
1785990 405
1786000 407
1786010 409
1786020 412
1786030 414
1786040 417
1786050 419
1786060 422
1786070 424
1786080 426
1786090 428
1786100 430
1786110 431
1786120 432
1786130 434
1786140 435
1786150 437
1786160 439
1786170 440
1786180 442
1786190 443
1786200 445
1786210 446
1786220 448
1786230 450
1786240 452
1786250 455
1786260 457
1786270 460
1786280 462
1786290 464
1786300 466
1786310 468
1786320 469
1786330 471
1786340 473
1786350 474
1786360 476
1786370 476
1786380 477
1786390 478
1786400 479
1786410 480
1786420 480
1786430 480
1786440 480
1786450 480
1786460 480
1786470 480
1786480 479
1786490 479
1786500 478
1786510 478
1786520 477
1786530 477
1786540 477
1786550 477
1786560 477
1786570 477
1786580 476
1786590 476
1786600 476
1786610 475
1786620 475
1786630 474
1786640 474
1786650 473
1786660 472
1786670 472
1786680 471
1786690 471
1786700 471
1786710 471
1786720 470
1786730 470
1786740 470
1786750 470
1786760 470
1786770 470
1786780 470
1786790 470
1786800 469
1786810 467
1786820 466
1786830 465
1786840 463
1786850 462
1786860 461
1786870 461
1786880 463
1786890 465
1786900 468
1786910 472
1786920 475
1786930 477
1786940 479
1786950 481
1786960 483
1786970 485
1786980 487
1786990 489
1787000 491
1787010 492
1787020 494
1787030 496
1787040 498
1787050 500
1787060 503
1787070 505
1787080 508
1787090 511
1787100 514
1787110 517
1787120 520
1787130 523
1787140 526
1787150 528
1787160 530
1787170 532
1787180 534
1787190 536
1787200 538
1787210 540
1787220 542
1787230 544
1787240 545
1787250 546
1787260 547
1787270 548
1787280 549
1787290 551
1787300 553
1787310 554
1787320 556
1787330 558
1787340 559
1787350 561
1787360 563
1787370 565
1787380 566
1787390 568
1787400 570
1787410 571
1787420 573
1787430 575
1787440 576
1787450 578
1787460 579
1787470 580
1787480 582
1787490 583
1787500 584
1787510 585
1787520 586
1787530 587
1787540 588
1787550 589
1787560 589
1787570 590
1787580 590
1787590 591
1787600 591
1787610 592
1787620 591
1787630 591
1787640 590
1787650 590
1787660 589
1787670 588
1787680 588
1787690 588
1787700 587
1787710 587
1787720 586
1787730 586
1787740 585
1787750 584
1787760 584
1787770 583
1787780 582
1787790 582
1787800 581
1787810 581
1787820 581
1787830 580
1787840 580
1787850 579
1787860 579
1787870 578
1787880 577
1787890 576
1787900 575
1787910 574
1787920 573
1787930 572
1787940 571
1787950 570
1787960 569
1787970 568
1787980 566
1787990 565
1788000 563
1788010 562
1788020 560
1788030 558
1788040 556
1788050 554
1788060 553
1788070 551
1788080 550
1788090 549
1788100 548
1788110 547
1788120 546
1788130 545
1788140 543
1788150 542
1788160 541
1788170 540
1788180 539
1788190 538
1788200 537
1788210 535
1788220 534
1788230 532
1788240 531
1788250 529
1788260 527
1788270 526
1788280 524
1788290 523
1788300 521
1788310 520
1788320 518
1788330 516
1788340 515
1788350 513
1788360 511
1788370 509
1788380 507
1788390 506
1788400 504
1788410 502
1788420 501
1788430 499
1788440 496
1788450 494
1788460 490
1788470 487
1788480 483
1788490 480
1788500 477
1788510 475
1788520 474
1788530 471
1788540 469
1788550 468
1788560 468
1788570 469
1788580 470
1788590 472
1788600 474
1788610 477
1788620 480
1788630 483
1788640 485
1788650 488
1788660 490
1788670 492
1788680 494
1788690 496
1788700 497
1788710 498
1788720 500
1788730 501
1788740 503
1788750 504
1788760 506
1788770 508
1788780 510
1788790 511
1788800 513
1788810 514
1788820 516
1788830 518
1788840 519
1788850 520
1788860 521
1788870 522
1788880 523
1788890 523
1788900 523
1788910 523
1788920 523
1788930 523
1788940 524
1788950 524
1788960 524
1788970 524
1788980 524
1788990 525
1789000 526
1789010 526
1789020 527
1789030 528
1789040 529
1789050 531
1789060 533
1789070 535
1789080 537
1789090 539
1789100 541
1789110 543
1789120 545
1789130 547
1789140 549
1789150 550
1789160 552
1789170 554
1789180 555
1789190 557
1789200 558
1789210 558
1789220 558
1789230 558
1789240 557
1789250 557
1789260 556
1789270 556
1789280 555
1789290 555
1789300 554
1789310 554
1789320 553
1789330 553
1789340 552
1789350 552
1789360 551
1789370 551
1789380 550
1789390 549
1789400 548
1789410 548
1789420 548
1789430 547
1789440 547
1789450 546
1789460 545
1789470 544
1789480 544
1789490 543
1789500 543
1789510 542
1789520 541
1789530 540
1789540 539
1789550 539
1789560 538
1789570 537
1789580 537
1789590 536
1789600 536
1789610 535
1789620 534
1789630 533
1789640 533
1789650 532
1789660 532
1789670 531
1789680 530
1789690 530
1789700 530
1789710 529
1789720 528
1789730 528
1789740 527
1789750 527
1789760 527
1789770 527
1789780 526
1789790 526
1789800 525
1789810 524
1789820 523
1789830 523
1789840 522
1789850 522
1789860 521
1789870 521
1789880 520
1789890 520
1789900 519
1789910 519
1789920 518
1789930 518
1789940 517
1789950 516
1789960 516
1789970 516
1789980 515
1789990 515
1790000 515
1790010 515
1790020 515
1790030 515
1790040 515
1790050 515
1790060 515
1790070 516
1790080 516
1790090 516
1790100 515
1790110 515
1790120 515
1790130 514
1790140 514
1790150 513
1790160 513
1790170 512
1790180 512
1790190 511
1790200 510
1790210 509
1790220 508
1790230 507
1790240 506
1790250 505
1790260 504
1790270 503
1790280 502
1790290 501
1790300 500
1790310 499
1790320 498
1790330 497
1790340 496
1790350 496
1790360 495
1790370 494
1790380 493
1790390 492
1790400 491
1790410 490
1790420 489
1790430 488
1790440 487
1790450 485
1790460 484
1790470 483
1790480 482
1790490 481
1790500 480
1790510 479
1790520 478
1790530 477
1790540 476
1790550 476
1790560 475
1790570 474
1790580 473
1790590 472
1790600 471
1790610 471
1790620 470
1790630 469
1790640 468
1790650 468
1790660 467
1790670 466
1790680 466
1790690 465
1790700 464
1790710 464
1790720 463
1790730 463
1790740 463
1790750 462
1790760 463
1790770 463
1790780 462
1790790 461
1790800 460
1790810 459
1790820 458
1790830 457
1790840 457
1790850 456
1790860 455
1790870 454
1790880 453
1790890 451
1790900 450
1790910 449
1790920 448
1790930 448
1790940 447
1790950 446
1790960 445
1790970 444
1790980 443
1790990 441
1791000 440
1791010 439
1791020 438
1791030 438
1791040 437
1791050 436
1791060 436
1791070 435
1791080 434
1791090 434
1791100 433
1791110 432
1791120 431
1791130 431
1791140 430
1791150 429
1791160 428
1791170 428
1791180 427
1791190 426
1791200 426
1791210 425
1791220 425
1791230 424
1791240 423
1791250 423
1791260 422
1791270 422
1791280 421
1791290 421
1791300 420
1791310 419
1791320 419
1791330 418
1791340 417
1791350 417
1791360 416
1791370 415
1791380 414
1791390 414
1791400 413
1791410 413
1791420 413
1791430 413
1791440 412
1791450 412
1791460 411
1791470 411
1791480 410
1791490 409
1791500 409
1791510 409
1791520 408
1791530 408
1791540 407
1791550 407
1791560 407
1791570 406
1791580 406
1791590 406
1791600 405
1791610 405
1791620 405
1791630 405
1791640 404
1791650 404
1791660 403
1791670 403
1791680 402
1791690 401
1791700 399
1791710 398
1791720 398
1791730 399
1791740 400
1791750 400
1791760 400
1791770 400
1791780 399
1791790 399
1791800 398
1791810 398
1791820 397
1791830 397
1791840 397
1791850 396
1791860 396
1791870 395
1791880 395
1791890 394
1791900 394
1791910 393
1791920 393
1791930 392
1791940 392
1791950 392
1791960 391
1791970 391
1791980 390
1791990 390
1792000 390
1792010 390
1792020 389
1792030 389
1792040 389
1792050 389
1792060 389
1792070 388
1792080 388
1792090 388
1792100 388
1792110 388
1792120 389
1792130 388
1792140 388
1792150 387
1792160 386
1792170 385
1792180 385
1792190 384
1792200 384
1792210 384
1792220 383
1792230 383
1792240 383
1792250 383
1792260 382
1792270 382
1792280 381
1792290 381
1792300 380
1792310 380
1792320 379
1792330 378
1792340 378
1792350 377
1792360 377
1792370 376
1792380 375
1792390 374
1792400 373
1792410 371
1792420 369
1792430 366
1792440 363
1792450 361
1792460 359
1792470 359
1792480 359
1792490 359
1792500 359
1792510 359
1792520 358
1792530 358
1792540 358
1792550 358
1792560 358
1792570 358
1792580 358
1792590 358
1792600 358
1792610 358
1792620 357
1792630 357
1792640 357
1792650 358
1792660 358
1792670 358
1792680 358
1792690 357
1792700 357
1792710 357
1792720 357
1792730 357
1792740 356
1792750 357
1792760 356
1792770 356
1792780 356
1792790 356
1792800 356
1792810 356
1792820 356
1792830 355
1792840 355
1792850 356
1792860 358
1792870 360
1792880 362
1792890 364
1792900 366
1792910 368
1792920 370
1792930 373
1792940 375
1792950 378
1792960 380
1792970 383
1792980 384
1792990 385
1793000 386
1793010 386
1793020 387
1793030 387
1793040 388
1793050 389
1793060 390
1793070 390
1793080 391
1793090 392
1793100 393
1793110 393
1793120 394
1793130 395
1793140 396
1793150 397
1793160 397
1793170 398
1793180 399
1793190 399
1793200 400
1793210 401
1793220 402
1793230 403
1793240 404
1793250 405
1793260 406
1793270 406
1793280 407
1793290 407
1793300 408
1793310 409
1793320 410
1793330 410
1793340 411
1793350 412
1793360 413
1793370 413
1793380 414
1793390 414
1793400 415
1793410 415
1793420 416
1793430 416
1793440 417
1793450 417
1793460 417
1793470 417
1793480 418
1793490 418
1793500 418
1793510 419
1793520 419
1793530 419
1793540 420
1793550 420
1793560 421
1793570 421
1793580 422
1793590 422
1793600 423
1793610 423
1793620 424
1793630 425
1793640 425
1793650 426
1793660 427
1793670 428
1793680 429
1793690 429
1793700 430
1793710 431
1793720 433
1793730 434
1793740 436
1793750 437
1793760 439
1793770 440
1793780 441
1793790 442
1793800 443
1793810 444
1793820 445
1793830 446
1793840 448
1793850 449
1793860 451
1793870 452
1793880 454
1793890 455
1793900 456
1793910 457
1793920 458
1793930 459
1793940 460
1793950 460
1793960 461
1793970 461
1793980 462
1793990 462
1794000 462
1794010 463
1794020 463
1794030 463
1794040 463
1794050 464
1794060 464
1794070 464
1794080 463
1794090 463
1794100 462
1794110 462
1794120 462
1794130 462
1794140 461
1794150 461
1794160 460
1794170 460
1794180 459
1794190 459
1794200 459
1794210 458
1794220 458
1794230 457
1794240 457
1794250 456
1794260 456
1794270 455
1794280 455
1794290 455
1794300 454
1794310 453
1794320 453
1794330 452
1794340 452
1794350 451
1794360 450
1794370 450
1794380 449
1794390 448
1794400 447
1794410 447
1794420 446
1794430 445
1794440 444
1794450 443
1794460 443
1794470 442
1794480 441
1794490 441
1794500 440
1794510 439
1794520 438
1794530 437
1794540 437
1794550 436
1794560 435
1794570 434
1794580 433
1794590 432
1794600 432
1794610 431
1794620 430
1794630 430
1794640 429
1794650 428
1794660 427
1794670 426
1794680 426
1794690 425
1794700 424
1794710 423
1794720 423
1794730 423
1794740 423
1794750 423
1794760 423
1794770 422
1794780 421
1794790 421
1794800 420
1794810 420
1794820 420
1794830 419
1794840 419
1794850 418
1794860 418
1794870 418
1794880 417
1794890 417
1794900 416
1794910 416
1794920 416
1794930 416
1794940 415
1794950 415
1794960 415
1794970 414
1794980 414
1794990 414
1795000 414
1795010 414
1795020 413
1795030 413
1795040 413
1795050 413
1795060 413
1795070 413
1795080 413
1795090 412
1795100 412
1795110 412
1795120 412
1795130 412
1795140 412
1795150 412
1795160 412
1795170 412
1795180 412
1795190 413
1795200 413
1795210 413
1795220 413
1795230 413
1795240 413
1795250 414
1795260 413
1795270 413
1795280 413
1795290 413
1795300 412
1795310 412
1795320 410
1795330 408
1795340 407
1795350 406
1795360 405
1795370 405
1795380 405
1795390 404
1795400 405
1795410 405
1795420 407
1795430 408
1795440 409
1795450 410
1795460 411
1795470 412
1795480 413
1795490 413
1795500 414
1795510 415
1795520 416
1795530 416
1795540 417
1795550 417
1795560 418
1795570 419
1795580 419
1795590 420
1795600 421
1795610 421
1795620 422
1795630 423
1795640 423
1795650 424
1795660 425
1795670 426
1795680 427
1795690 428
1795700 429
1795710 430
1795720 431
1795730 432
1795740 434
1795750 435
1795760 435
1795770 436
1795780 437
1795790 438
1795800 439
1795810 440
1795820 441
1795830 442
1795840 443
1795850 444
1795860 445
1795870 446
1795880 447
1795890 448
1795900 449
1795910 450
1795920 451
1795930 452
1795940 453
1795950 454
1795960 454
1795970 455
1795980 456
1795990 457
1796000 459
1796010 460
1796020 461
1796030 463
1796040 465
1796050 466
1796060 467
1796070 468
1796080 470
1796090 472
1796100 474
1796110 476
1796120 477
1796130 479
1796140 482
1796150 485
1796160 488
1796170 491
1796180 494
1796190 496
1796200 499
1796210 500
1796220 502
1796230 503
1796240 505
1796250 506
1796260 507
1796270 507
1796280 508
1796290 509
1796300 509
1796310 510
1796320 510
1796330 510
1796340 510
1796350 511
1796360 511
1796370 510
1796380 510
1796390 509
1796400 508
1796410 507
1796420 506
1796430 504
1796440 503
1796450 501
1796460 497
1796470 494
1796480 491
1796490 489
1796500 487
1796510 486
1796520 487
1796530 487
1796540 487
1796550 487
1796560 487
1796570 486
1796580 485
1796590 484
1796600 482
1796610 481
1796620 479
1796630 477
1796640 475
1796650 473
1796660 471
1796670 470
1796680 469
1796690 468
1796700 468
1796710 467
1796720 466
1796730 464
1796740 463
1796750 461
1796760 459
1796770 458
1796780 456
1796790 455
1796800 453
1796810 452
1796820 451
1796830 449
1796840 448
1796850 447
1796860 445
1796870 444
1796880 443
1796890 441
1796900 440
1796910 439
1796920 438
1796930 437
1796940 436
1796950 434
1796960 433
1796970 431
1796980 430
1796990 429
1797000 428
1797010 427
1797020 425
1797030 423
1797040 420
1797050 417
1797060 414
1797070 411
1797080 407
1797090 404
1797100 401
1797110 399
1797120 397
1797130 395
1797140 394
1797150 394
1797160 393
1797170 393
1797180 394
1797190 395
1797200 396
1797210 399
1797220 403
1797230 407
1797240 413
1797250 419
1797260 424
1797270 429
1797280 433
1797290 438
1797300 442
1797310 447
1797320 451
1797330 455
1797340 459
1797350 463
1797360 466
1797370 470
1797380 473
1797390 477
1797400 480
1797410 483
1797420 484
1797430 484
1797440 483
1797450 482
1797460 479
1797470 476
1797480 472
1797490 469
1797500 465
1797510 461
1797520 458
1797530 455
1797540 452
1797550 449
1797560 446
1797570 444
1797580 442
1797590 440
1797600 438
1797610 436
1797620 434
1797630 432
1797640 431
1797650 430
1797660 429
1797670 428
1797680 427
1797690 427
1797700 426
1797710 426
1797720 426
1797730 425
1797740 425
1797750 425
1797760 426
1797770 427
1797780 429
1797790 430
1797800 430
1797810 428
1797820 425
1797830 423
1797840 421
1797850 420
1797860 420
1797870 419
1797880 418
1797890 417
1797900 417
1797910 416
1797920 416
1797930 416
1797940 417
1797950 417
1797960 418
1797970 419
1797980 420
1797990 421
1798000 422
1798010 423
1798020 424
1798030 424
1798040 425
1798050 425
1798060 425
1798070 426
1798080 427
1798090 427
1798100 428
1798110 428
1798120 429
1798130 430
1798140 431
1798150 433
1798160 434
1798170 435
1798180 437
1798190 438
1798200 441
1798210 443
1798220 446
1798230 448
1798240 451
1798250 453
1798260 456
1798270 458
1798280 460
1798290 462
1798300 463
1798310 465
1798320 467
1798330 469
1798340 472
1798350 474
1798360 477
1798370 479
1798380 482
1798390 483
1798400 485
1798410 487
1798420 489
1798430 490
1798440 492
1798450 494
1798460 496
1798470 498
1798480 500
1798490 502
1798500 505
1798510 508
1798520 512
1798530 515
1798540 518
1798550 520
1798560 522
1798570 523
1798580 524
1798590 524
1798600 524
1798610 524
1798620 525
1798630 527
1798640 528
1798650 529
1798660 530
1798670 530
1798680 530
1798690 530
1798700 531
1798710 531
1798720 531
1798730 531
1798740 530
1798750 530
1798760 529
1798770 529
1798780 528
1798790 528
1798800 528
1798810 528
1798820 528
1798830 528
1798840 528
1798850 527
1798860 527
1798870 526
1798880 525
1798890 525
1798900 525
1798910 525
1798920 525
1798930 525
1798940 526
1798950 526
1798960 526
1798970 526
1798980 527
1798990 527
1799000 527
1799010 527
1799020 528
1799030 528
1799040 529
1799050 531
1799060 533
1799070 535
1799080 538
1799090 540
1799100 542
1799110 544
1799120 545
1799130 546
1799140 547
1799150 547
1799160 547
1799170 547
1799180 547
1799190 548
1799200 548
1799210 548
1799220 548
1799230 548
1799240 548
1799250 549
1799260 549
1799270 550
1799280 550
1799290 551
1799300 551
1799310 552
1799320 552
1799330 553
1799340 553
1799350 554
1799360 554
1799370 555
1799380 555
1799390 556
1799400 556
1799410 557
1799420 557
1799430 558
1799440 559
1799450 559
1799460 560
1799470 560
1799480 560
1799490 560
1799500 560
1799510 561
1799520 561
1799530 561
1799540 560
1799550 560
1799560 559
1799570 559
1799580 558
1799590 558
1799600 557
1799610 556
1799620 556
1799630 556
1799640 555
1799650 555
1799660 554
1799670 554
1799680 553
1799690 552
1799700 552
1799710 551
1799720 551
1799730 551
1799740 550
1799750 550
1799760 550
1799770 550
1799780 549
1799790 549
1799800 548
1799810 547
1799820 546
1799830 543
1799840 541
1799850 540
1799860 538
1799870 535
1799880 532
1799890 529
1799900 525
1799910 521
1799920 517
1799930 513
1799940 510
1799950 506
1799960 503
1799970 500
1799980 496
1799990 491
