1780000 458
1780010 457
1780020 457
1780030 457
1780040 457
1780050 457
1780060 457
1780070 457
1780080 457
1780090 457
1780100 458
1780110 458
1780120 458
1780130 459
1780140 459
1780150 460
1780160 460
1780170 461
1780180 461
1780190 461
1780200 462
1780210 462
1780220 463
1780230 463
1780240 464
1780250 464
1780260 465
1780270 465
1780280 465
1780290 465
1780300 465
1780310 465
1780320 465
1780330 464
1780340 464
1780350 464
1780360 463
1780370 463
1780380 462
1780390 462
1780400 461
1780410 460
1780420 459
1780430 458
1780440 457
1780450 456
1780460 455
1780470 453
1780480 452
1780490 451
1780500 449
1780510 447
1780520 445
1780530 443
1780540 442
1780550 442
1780560 444
1780570 444
1780580 445
1780590 445
1780600 445
1780610 445
1780620 446
1780630 447
1780640 447
1780650 448
1780660 448
1780670 448
1780680 449
1780690 449
1780700 448
1780710 448
1780720 448
1780730 448
1780740 448
1780750 447
1780760 447
1780770 447
1780780 447
1780790 446
1780800 446
1780810 446
1780820 446
1780830 446
1780840 446
1780850 445
1780860 445
1780870 444
1780880 444
1780890 444
1780900 443
1780910 443
1780920 442
1780930 442
1780940 442
1780950 441
1780960 441
1780970 440
1780980 440
1780990 440
1781000 439
1781010 439
1781020 438
1781030 438
1781040 437
1781050 436
1781060 436
1781070 435
1781080 435
1781090 434
1781100 434
1781110 433
1781120 432
1781130 432
1781140 431
1781150 430
1781160 429
1781170 429
1781180 428
1781190 427
1781200 426
1781210 425
1781220 424
1781230 423
1781240 423
1781250 422
1781260 421
1781270 420
1781280 420
1781290 418
1781300 417
1781310 415
1781320 413
1781330 412
1781340 410
1781350 410
1781360 410
1781370 411
1781380 411
1781390 411
1781400 411
1781410 410
1781420 409
1781430 409
1781440 408
1781450 407
1781460 407
1781470 406
1781480 405
1781490 405
1781500 404
1781510 403
1781520 401
1781530 399
1781540 398
1781550 397
1781560 397
1781570 396
1781580 395
1781590 395
1781600 394
1781610 393
1781620 391
1781630 389
1781640 389
1781650 388
1781660 388
1781670 388
1781680 388
1781690 389
1781700 389
1781710 389
1781720 390
1781730 390
1781740 392
1781750 394
1781760 395
1781770 395
1781780 396
1781790 396
1781800 395
1781810 394
1781820 394
1781830 393
1781840 392
1781850 391
1781860 390
1781870 389
1781880 388
1781890 388
1781900 388
1781910 387
1781920 387
1781930 387
1781940 388
1781950 388
1781960 388
1781970 388
1781980 388
1781990 388
1782000 388
1782010 387
1782020 387
1782030 387
1782040 386
1782050 385
1782060 385
1782070 386
1782080 388
1782090 390
1782100 393
1782110 396
1782120 399
1782130 402
1782140 405
1782150 408
1782160 410
1782170 413
1782180 416
1782190 418
1782200 421
1782210 424
1782220 427
1782230 431
1782240 434
1782250 436
1782260 439
1782270 442
1782280 444
1782290 447
1782300 450
1782310 452
1782320 455
1782330 458
1782340 461
1782350 463
1782360 465
1782370 467
1782380 469
1782390 471
1782400 473
1782410 474
1782420 475
1782430 475
1782440 476
1782450 477
1782460 477
1782470 477
1782480 477
1782490 477
1782500 477
1782510 477
1782520 477
1782530 477
1782540 477
1782550 477
1782560 477
1782570 477
1782580 477
1782590 477
1782600 477
1782610 477
1782620 478
1782630 478
1782640 478
1782650 478
1782660 477
1782670 477
1782680 477
1782690 477
1782700 476
1782710 476
1782720 475
1782730 474
1782740 473
1782750 472
1782760 471
1782770 470
1782780 468
1782790 467
1782800 465
1782810 464
1782820 462
1782830 461
1782840 459
1782850 458
1782860 456
1782870 454
1782880 452
1782890 450
1782900 447
1782910 445
1782920 444
1782930 443
1782940 444
1782950 444
1782960 443
1782970 442
1782980 441
1782990 440
1783000 439
1783010 437
1783020 436
1783030 434
1783040 433
1783050 432
1783060 432
1783070 431
1783080 430
1783090 430
1783100 429
1783110 428
1783120 427
1783130 426
1783140 424
1783150 423
1783160 421
1783170 420
1783180 419
1783190 418
1783200 417
1783210 416
1783220 416
1783230 415
1783240 414
1783250 412
1783260 411
1783270 409
1783280 408
1783290 407
1783300 406
1783310 406
1783320 406
1783330 407
1783340 407
1783350 408
1783360 408
1783370 409
1783380 409
1783390 409
1783400 409
1783410 410
1783420 410
1783430 411
1783440 412
1783450 414
1783460 415
1783470 416
1783480 418
1783490 419
1783500 419
1783510 420
1783520 421
1783530 422
1783540 423
1783550 424
1783560 425
1783570 426
1783580 426
1783590 427
1783600 427
1783610 429
1783620 431
1783630 434
1783640 436
1783650 438
1783660 439
1783670 441
1783680 442
1783690 444
1783700 446
1783710 448
1783720 449
1783730 451
1783740 453
1783750 454
1783760 455
1783770 456
1783780 457
1783790 458
1783800 458
1783810 459
1783820 459
1783830 459
1783840 459
1783850 459
1783860 458
1783870 457
1783880 455
1783890 453
1783900 451
1783910 450
1783920 449
1783930 448
1783940 446
1783950 446
1783960 447
1783970 450
1783980 452
1783990 455
1784000 458
1784010 461
1784020 463
1784030 466
1784040 469
1784050 471
1784060 473
1784070 476
1784080 478
1784090 481
1784100 483
1784110 485
1784120 487
1784130 488
1784140 490
1784150 491
1784160 492
1784170 494
1784180 495
1784190 496
1784200 497
1784210 497
1784220 498
1784230 499
1784240 499
1784250 500
1784260 500
1784270 501
1784280 501
1784290 501
1784300 501
1784310 501
1784320 501
1784330 501
1784340 501
1784350 500
1784360 500
1784370 500
1784380 499
1784390 499
1784400 498
1784410 497
1784420 496
1784430 494
1784440 492
1784450 491
1784460 493
1784470 497
1784480 500
1784490 503
1784500 505
1784510 508
1784520 510
1784530 513
1784540 515
1784550 517
1784560 519
1784570 522
1784580 524
1784590 526
1784600 528
1784610 531
1784620 533
1784630 535
1784640 537
1784650 538
1784660 540
1784670 541
1784680 542
1784690 542
1784700 543
1784710 543
1784720 544
1784730 544
1784740 544
1784750 544
1784760 544
1784770 544
1784780 544
1784790 543
1784800 543
1784810 542
1784820 542
1784830 541
1784840 541
1784850 540
1784860 540
1784870 539
1784880 539
1784890 538
1784900 538
1784910 537
1784920 537
1784930 536
1784940 536
1784950 536
1784960 535
1784970 535
1784980 534
1784990 534
1785000 533
1785010 532
1785020 532
1785030 531
1785040 530
1785050 529
1785060 529
1785070 528
1785080 527
1785090 526
1785100 526
1785110 525
1785120 524
1785130 523
1785140 523
1785150 522
1785160 522
1785170 521
1785180 520
1785190 520
1785200 519
1785210 518
1785220 517
1785230 516
1785240 515
1785250 514
1785260 514
1785270 513
1785280 512
1785290 511
1785300 510
1785310 509
1785320 508
1785330 506
1785340 505
1785350 505
1785360 503
1785370 502
1785380 500
1785390 499
1785400 497
1785410 496
1785420 494
1785430 492
1785440 490
1785450 487
1785460 484
1785470 481
1785480 478
1785490 475
1785500 472
1785510 470
1785520 468
1785530 466
1785540 465
1785550 463
1785560 461
1785570 460
1785580 458
1785590 457
1785600 455
1785610 454
1785620 452
1785630 451
1785640 449
1785650 447
1785660 446
1785670 444
1785680 442
1785690 440
1785700 438
1785710 436
1785720 434
1785730 433
1785740 431
1785750 430
1785760 429
1785770 428
1785780 427
1785790 427
1785800 426
1785810 426
1785820 425
1785830 425
1785840 426
1785850 428
1785860 432
1785870 436
1785880 440
1785890 443
1785900 446
1785910 449
1785920 451
1785930 454
1785940 456
1785950 459
1785960 461
1785970 463
1785980 465
1785990 467
1786000 469
1786010 471
1786020 473
1786030 474
1786040 475
1786050 477
1786060 478
1786070 479
1786080 481
1786090 482
1786100 483
1786110 484
1786120 485
1786130 487
1786140 488
1786150 489
1786160 489
1786170 491
1786180 492
1786190 493
1786200 495
1786210 496
1786220 497
1786230 498
1786240 498
1786250 499
1786260 499
1786270 499
1786280 499
1786290 499
1786300 499
1786310 499
1786320 498
1786330 498
1786340 497
1786350 496
1786360 495
1786370 495
1786380 494
1786390 494
1786400 493
1786410 493
1786420 492
1786430 492
1786440 492
1786450 491
1786460 491
1786470 493
1786480 495
1786490 496
1786500 497
1786510 499
1786520 500
1786530 502
1786540 504
1786550 506
1786560 508
1786570 511
1786580 513
1786590 515
1786600 518
1786610 520
1786620 523
1786630 525
1786640 527
1786650 529
1786660 531
1786670 533
1786680 535
1786690 537
1786700 538
1786710 540
1786720 541
1786730 542
1786740 544
1786750 545
1786760 546
1786770 546
1786780 546
1786790 546
1786800 546
1786810 546
1786820 545
1786830 544
1786840 544
1786850 543
1786860 542
1786870 541
1786880 540
1786890 539
1786900 538
1786910 537
1786920 536
1786930 535
1786940 533
1786950 531
1786960 529
1786970 527
1786980 525
1786990 526
1787000 529
1787010 531
1787020 533
1787030 535
1787040 536
1787050 539
1787060 541
1787070 543
1787080 545
1787090 547
1787100 549
1787110 551
1787120 553
1787130 555
1787140 557
1787150 559
1787160 562
1787170 563
1787180 565
1787190 567
1787200 569
1787210 571
1787220 572
1787230 574
1787240 575
1787250 577
1787260 578
1787270 580
1787280 581
1787290 583
1787300 585
1787310 587
1787320 589
1787330 590
1787340 592
1787350 594
1787360 595
1787370 597
1787380 598
1787390 599
1787400 600
1787410 602
1787420 603
1787430 604
1787440 605
1787450 606
1787460 608
1787470 609
1787480 610
1787490 612
1787500 613
1787510 613
1787520 614
1787530 615
1787540 616
1787550 616
1787560 617
1787570 617
1787580 618
1787590 618
1787600 619
1787610 619
1787620 619
1787630 620
1787640 620
1787650 620
1787660 620
1787670 620
1787680 620
1787690 619
1787700 619
1787710 619
1787720 619
1787730 619
1787740 619
1787750 619
1787760 619
1787770 618
1787780 618
1787790 618
1787800 617
1787810 616
1787820 616
1787830 615
1787840 614
1787850 613
1787860 613
1787870 612
1787880 611
1787890 610
1787900 609
1787910 609
1787920 608
1787930 607
1787940 607
1787950 606
1787960 605
1787970 604
1787980 603
1787990 602
1788000 601
1788010 600
1788020 599
1788030 599
1788040 598
1788050 598
1788060 597
1788070 597
1788080 596
1788090 596
1788100 596
1788110 595
1788120 595
1788130 595
1788140 594
1788150 594
1788160 593
1788170 593
1788180 593
1788190 592
1788200 592
1788210 592
1788220 592
1788230 592
1788240 592
1788250 591
1788260 591
1788270 591
1788280 591
1788290 591
1788300 591
1788310 591
1788320 590
1788330 590
1788340 590
1788350 590
1788360 590
1788370 590
1788380 590
1788390 590
1788400 590
1788410 590
1788420 590
1788430 590
1788440 591
1788450 591
1788460 591
1788470 591
1788480 590
1788490 590
1788500 589
1788510 588
1788520 587
1788530 586
1788540 586
1788550 585
1788560 584
1788570 584
1788580 583
1788590 583
1788600 583
1788610 583
1788620 583
1788630 583
1788640 583
1788650 583
1788660 583
1788670 583
1788680 583
1788690 583
1788700 583
1788710 583
1788720 583
1788730 583
1788740 583
1788750 583
1788760 583
1788770 583
1788780 584
1788790 584
1788800 584
1788810 585
1788820 585
1788830 585
1788840 586
1788850 586
1788860 587
1788870 587
1788880 587
1788890 587
1788900 587
1788910 587
1788920 587
1788930 588
1788940 588
1788950 588
1788960 587
1788970 587
1788980 586
1788990 586
1789000 585
1789010 585
1789020 585
1789030 585
1789040 584
1789050 584
1789060 584
1789070 584
1789080 583
1789090 583
1789100 583
1789110 582
1789120 582
1789130 582
1789140 581
1789150 581
1789160 580
1789170 579
1789180 579
1789190 578
1789200 577
1789210 576
1789220 576
1789230 575
1789240 574
1789250 573
1789260 572
1789270 571
1789280 569
1789290 568
1789300 567
1789310 566
1789320 565
1789330 564
1789340 562
1789350 561
1789360 559
1789370 558
1789380 556
1789390 554
1789400 552
1789410 550
1789420 548
1789430 546
1789440 544
1789450 542
1789460 541
1789470 541
1789480 541
1789490 539
1789500 537
1789510 535
1789520 533
1789530 531
1789540 529
1789550 528
1789560 527
1789570 526
1789580 525
1789590 524
1789600 523
1789610 522
1789620 520
1789630 519
1789640 518
1789650 517
1789660 516
1789670 515
1789680 515
1789690 515
1789700 516
1789710 517
1789720 518
1789730 519
1789740 519
1789750 519
1789760 519
1789770 519
1789780 519
1789790 519
1789800 519
1789810 519
1789820 519
1789830 519
1789840 519
1789850 519
1789860 519
1789870 519
1789880 518
1789890 518
1789900 518
1789910 518
1789920 518
1789930 518
1789940 518
1789950 517
1789960 517
1789970 516
1789980 515
1789990 514
1790000 513
1790010 513
1790020 512
1790030 512
1790040 511
1790050 510
1790060 510
1790070 508
1790080 507
1790090 505
1790100 504
1790110 503
1790120 502
1790130 501
1790140 500
1790150 499
1790160 498
1790170 497
1790180 496
1790190 495
1790200 495
1790210 494
1790220 494
1790230 494
1790240 493
1790250 493
1790260 493
1790270 492
1790280 492
1790290 491
1790300 491
1790310 491
1790320 490
1790330 490
1790340 490
1790350 489
1790360 489
1790370 488
1790380 487
1790390 486
1790400 485
1790410 484
1790420 483
1790430 482
1790440 481
1790450 479
1790460 478
1790470 476
1790480 474
1790490 472
1790500 470
1790510 469
1790520 469
1790530 468
1790540 468
1790550 467
1790560 467
1790570 466
1790580 465
1790590 465
1790600 465
1790610 464
1790620 464
1790630 464
1790640 463
1790650 462
1790660 462
1790670 461
1790680 461
1790690 460
1790700 460
1790710 460
1790720 460
1790730 460
1790740 460
1790750 460
1790760 460
1790770 460
1790780 461
1790790 461
1790800 461
1790810 461
1790820 461
1790830 460
1790840 460
1790850 460
1790860 460
1790870 460
1790880 460
1790890 460
1790900 460
1790910 460
1790920 460
1790930 460
1790940 460
1790950 460
1790960 460
1790970 460
1790980 460
1790990 459
1791000 459
1791010 459
1791020 459
1791030 458
1791040 458
1791050 457
1791060 457
1791070 457
1791080 456
1791090 456
1791100 455
1791110 454
1791120 454
1791130 453
1791140 453
1791150 452
1791160 451
1791170 450
1791180 450
1791190 449
1791200 448
1791210 447
1791220 446
1791230 445
1791240 445
1791250 444
1791260 443
1791270 442
1791280 441
1791290 440
1791300 439
1791310 438
1791320 436
1791330 435
1791340 433
1791350 432
1791360 430
1791370 429
1791380 428
1791390 427
1791400 426
1791410 425
1791420 424
1791430 423
1791440 421
1791450 420
1791460 419
1791470 417
1791480 416
1791490 415
1791500 413
1791510 412
1791520 410
1791530 409
1791540 408
1791550 406
1791560 405
1791570 403
1791580 401
1791590 399
1791600 398
1791610 396
1791620 394
1791630 392
1791640 390
1791650 389
1791660 387
1791670 385
1791680 383
1791690 381
1791700 379
1791710 377
1791720 376
1791730 374
1791740 373
1791750 371
1791760 371
1791770 370
1791780 370
1791790 369
1791800 369
1791810 369
1791820 369
1791830 368
1791840 367
1791850 367
1791860 366
1791870 366
1791880 367
1791890 367
1791900 368
1791910 369
1791920 369
1791930 370
1791940 370
1791950 370
1791960 370
1791970 369
1791980 370
1791990 371
1792000 372
1792010 375
1792020 378
1792030 380
1792040 383
1792050 385
1792060 387
1792070 389
1792080 390
1792090 391
1792100 392
1792110 394
1792120 396
1792130 398
1792140 400
1792150 403
1792160 406
1792170 409
1792180 412
1792190 414
1792200 417
1792210 420
1792220 422
1792230 424
1792240 426
1792250 428
1792260 429
1792270 431
1792280 432
1792290 433
1792300 435
1792310 436
1792320 438
1792330 440
1792340 442
1792350 444
1792360 445
1792370 446
1792380 448
1792390 449
1792400 450
1792410 452
1792420 454
1792430 457
1792440 458
1792450 460
1792460 462
1792470 464
1792480 465
1792490 466
1792500 467
1792510 468
1792520 469
1792530 470
1792540 470
1792550 471
1792560 471
1792570 471
1792580 472
1792590 472
1792600 472
1792610 472
1792620 473
1792630 473
1792640 473
1792650 473
1792660 473
1792670 473
1792680 473
1792690 473
1792700 473
1792710 473
1792720 472
1792730 472
1792740 472
1792750 472
1792760 472
1792770 472
1792780 472
1792790 472
1792800 472
1792810 471
1792820 471
1792830 471
1792840 471
1792850 470
1792860 470
1792870 470
1792880 469
1792890 469
1792900 468
1792910 468
1792920 468
1792930 468
1792940 468
1792950 468
1792960 468
1792970 467
1792980 467
1792990 467
1793000 467
1793010 467
1793020 467
1793030 466
1793040 466
1793050 465
1793060 464
1793070 464
1793080 464
1793090 463
1793100 462
1793110 462
1793120 461
1793130 460
1793140 459
1793150 458
1793160 457
1793170 456
1793180 455
1793190 453
1793200 452
1793210 451
1793220 450
1793230 449
1793240 449
1793250 448
1793260 446
1793270 443
1793280 440
1793290 436
1793300 434
1793310 433
1793320 435
1793330 436
1793340 437
1793350 436
1793360 436
1793370 435
1793380 435
1793390 434
1793400 434
1793410 433
1793420 432
1793430 430
1793440 427
1793450 424
1793460 422
1793470 421
1793480 424
1793490 427
1793500 431
1793510 435
1793520 438
1793530 442
1793540 446
1793550 449
1793560 452
1793570 453
1793580 455
1793590 455
1793600 456
1793610 457
1793620 458
1793630 459
1793640 459
1793650 460
1793660 461
1793670 461
1793680 462
1793690 462
1793700 463
1793710 464
1793720 464
1793730 465
1793740 466
1793750 466
1793760 467
1793770 467
1793780 468
1793790 468
1793800 469
1793810 469
1793820 470
1793830 470
1793840 470
1793850 470
1793860 470
1793870 469
1793880 469
1793890 468
1793900 468
1793910 469
1793920 470
1793930 470
1793940 470
1793950 470
1793960 470
1793970 469
1793980 469
1793990 469
1794000 469
1794010 469
1794020 469
1794030 469
1794040 469
1794050 468
1794060 468
1794070 468
1794080 468
1794090 468
1794100 468
1794110 467
1794120 467
1794130 466
1794140 466
1794150 466
1794160 465
1794170 465
1794180 465
1794190 465
1794200 464
1794210 464
1794220 464
1794230 464
1794240 464
1794250 464
1794260 463
1794270 463
1794280 463
1794290 463
1794300 463
1794310 462
1794320 463
1794330 463
1794340 463
1794350 463
1794360 463
1794370 463
1794380 463
1794390 463
1794400 463
1794410 463
1794420 462
1794430 462
1794440 462
1794450 462
1794460 462
1794470 462
1794480 462
1794490 463
1794500 463
1794510 463
1794520 463
1794530 463
1794540 463
1794550 463
1794560 463
1794570 463
1794580 463
1794590 463
1794600 462
1794610 462
1794620 462
1794630 462
1794640 461
1794650 461
1794660 461
1794670 461
1794680 460
1794690 460
1794700 460
1794710 460
1794720 459
1794730 459
1794740 459
1794750 459
1794760 458
1794770 458
1794780 458
1794790 458
1794800 458
1794810 458
1794820 457
1794830 457
1794840 456
1794850 456
1794860 455
1794870 455
1794880 455
1794890 455
1794900 454
1794910 454
1794920 455
1794930 454
1794940 454
1794950 453
1794960 452
1794970 451
1794980 450
1794990 449
1795000 448
1795010 447
1795020 445
1795030 444
1795040 442
1795050 440
1795060 437
1795070 434
1795080 432
1795090 431
1795100 431
1795110 431
1795120 431
1795130 431
1795140 432
1795150 433
1795160 435
1795170 437
1795180 438
1795190 440
1795200 442
1795210 443
1795220 444
1795230 445
1795240 446
1795250 447
1795260 448
1795270 449
1795280 450
1795290 451
1795300 451
1795310 452
1795320 452
1795330 453
1795340 453
1795350 454
1795360 455
1795370 455
1795380 455
1795390 456
1795400 456
1795410 455
1795420 455
1795430 456
1795440 456
1795450 456
1795460 456
1795470 456
1795480 455
1795490 455
1795500 455
1795510 455
1795520 455
1795530 455
1795540 455
1795550 455
1795560 455
1795570 455
1795580 455
1795590 454
1795600 453
1795610 452
1795620 451
1795630 450
1795640 449
1795650 449
1795660 449
1795670 448
1795680 448
1795690 447
1795700 447
1795710 446
1795720 446
1795730 446
1795740 445
1795750 445
1795760 445
1795770 444
1795780 444
1795790 443
1795800 443
1795810 443
1795820 442
1795830 442
1795840 442
1795850 441
1795860 441
1795870 441
1795880 440
1795890 440
1795900 440
1795910 439
1795920 439
1795930 439
1795940 439
1795950 438
1795960 438
1795970 437
1795980 437
1795990 437
1796000 436
1796010 436
1796020 435
1796030 435
1796040 434
1796050 434
1796060 433
1796070 433
1796080 432
1796090 432
1796100 431
1796110 431
1796120 430
1796130 430
1796140 429
1796150 428
1796160 428
1796170 428
1796180 427
1796190 427
1796200 426
1796210 426
1796220 426
1796230 425
1796240 425
1796250 424
1796260 424
1796270 424
1796280 424
1796290 423
1796300 423
1796310 423
1796320 422
1796330 422
1796340 422
1796350 422
1796360 421
1796370 421
1796380 421
1796390 420
1796400 420
1796410 420
1796420 420
1796430 419
1796440 418
1796450 418
1796460 417
1796470 417
1796480 417
1796490 417
1796500 416
1796510 416
1796520 415
1796530 415
1796540 414
1796550 413
1796560 413
1796570 412
1796580 412
1796590 411
1796600 410
1796610 410
1796620 409
1796630 409
1796640 409
1796650 409
1796660 409
1796670 409
1796680 409
1796690 409
1796700 409
1796710 408
1796720 408
1796730 410
1796740 410
1796750 411
1796760 411
1796770 411
1796780 412
1796790 412
1796800 412
1796810 413
1796820 413
1796830 414
1796840 414
1796850 415
1796860 415
1796870 416
1796880 416
1796890 416
1796900 417
1796910 417
1796920 418
1796930 418
1796940 419
1796950 419
1796960 420
1796970 421
1796980 422
1796990 422
1797000 424
1797010 425
1797020 426
1797030 427
1797040 428
1797050 428
1797060 429
1797070 430
1797080 431
1797090 432
1797100 433
1797110 434
1797120 434
1797130 435
1797140 436
1797150 437
1797160 439
1797170 442
1797180 444
1797190 446
1797200 448
1797210 449
1797220 451
1797230 452
1797240 453
1797250 454
1797260 455
1797270 456
1797280 456
1797290 456
1797300 457
1797310 457
1797320 457
1797330 457
1797340 456
1797350 455
1797360 455
1797370 455
1797380 455
1797390 457
1797400 458
1797410 458
1797420 459
1797430 460
1797440 461
1797450 461
1797460 462
1797470 462
1797480 462
1797490 463
1797500 465
1797510 466
1797520 469
1797530 471
1797540 473
1797550 475
1797560 477
1797570 479
1797580 481
1797590 483
1797600 485
1797610 487
1797620 489
1797630 491
1797640 492
1797650 494
1797660 495
1797670 497
1797680 498
1797690 500
1797700 501
1797710 503
1797720 504
1797730 505
1797740 507
1797750 508
1797760 509
1797770 511
1797780 512
1797790 513
1797800 514
1797810 515
1797820 515
1797830 516
1797840 517
1797850 517
1797860 517
1797870 517
1797880 517
1797890 516
1797900 515
1797910 513
1797920 512
1797930 512
1797940 511
1797950 511
1797960 511
1797970 511
1797980 511
1797990 511
1798000 510
1798010 510
1798020 510
1798030 510
1798040 511
1798050 512
1798060 513
1798070 514
1798080 515
1798090 516
1798100 517
1798110 519
1798120 520
1798130 521
1798140 522
1798150 524
1798160 525
1798170 527
1798180 528
1798190 530
1798200 532
1798210 534
1798220 535
1798230 537
1798240 538
1798250 540
1798260 541
1798270 542
1798280 543
1798290 543
1798300 543
1798310 543
1798320 543
1798330 543
1798340 542
1798350 541
1798360 541
1798370 540
1798380 540
1798390 540
1798400 540
1798410 540
1798420 540
1798430 540
1798440 541
1798450 540
1798460 540
1798470 540
1798480 539
1798490 538
1798500 536
1798510 536
1798520 535
1798530 534
1798540 533
1798550 533
1798560 532
1798570 532
1798580 532
1798590 532
1798600 532
1798610 533
1798620 534
1798630 537
1798640 539
1798650 540
1798660 542
1798670 544
1798680 546
1798690 548
1798700 550
1798710 551
1798720 551
1798730 552
1798740 552
1798750 552
1798760 553
1798770 553
1798780 553
1798790 552
1798800 551
1798810 551
1798820 550
1798830 549
1798840 548
1798850 547
1798860 546
1798870 545
1798880 543
1798890 542
1798900 541
1798910 540
1798920 539
1798930 539
1798940 538
1798950 539
1798960 539
1798970 540
1798980 540
1798990 541
1799000 543
1799010 544
1799020 545
1799030 547
1799040 549
1799050 550
1799060 552
1799070 553
1799080 555
1799090 556
1799100 558
1799110 560
1799120 562
1799130 564
1799140 566
1799150 568
1799160 570
1799170 572
1799180 574
1799190 576
1799200 578
1799210 579
1799220 581
1799230 582
1799240 584
1799250 586
1799260 588
1799270 590
1799280 593
1799290 595
1799300 598
1799310 600
1799320 601
1799330 602
1799340 604
1799350 605
1799360 606
1799370 606
1799380 607
1799390 608
1799400 609
1799410 609
1799420 610
1799430 610
1799440 610
1799450 611
1799460 611
1799470 611
1799480 612
1799490 612
1799500 612
1799510 612
1799520 612
1799530 612
1799540 612
1799550 611
1799560 611
1799570 611
1799580 610
1799590 610
1799600 609
1799610 609
1799620 608
1799630 607
1799640 607
1799650 606
1799660 605
1799670 604
1799680 604
1799690 603
1799700 603
1799710 602
1799720 602
1799730 601
1799740 601
1799750 600
1799760 599
1799770 597
1799780 596
1799790 594
1799800 593
1799810 592
1799820 591
1799830 590
1799840 589
1799850 588
1799860 587
1799870 587
1799880 586
1799890 586
1799900 585
1799910 584
1799920 583
1799930 582
1799940 581
1799950 580
1799960 579
1799970 578
1799980 577
1799990 577
