1780000 429
1780010 431
1780020 433
1780030 434
1780040 435
1780050 436
1780060 437
1780070 438
1780080 439
1780090 439
1780100 439
1780110 440
1780120 440
1780130 440
1780140 441
1780150 442
1780160 442
1780170 443
1780180 444
1780190 445
1780200 445
1780210 446
1780220 446
1780230 447
1780240 447
1780250 447
1780260 447
1780270 447
1780280 447
1780290 447
1780300 448
1780310 448
1780320 448
1780330 448
1780340 448
1780350 448
1780360 449
1780370 449
1780380 450
1780390 451
1780400 451
1780410 452
1780420 453
1780430 453
1780440 453
1780450 453
1780460 454
1780470 454
1780480 455
1780490 455
1780500 456
1780510 456
1780520 457
1780530 458
1780540 458
1780550 459
1780560 459
1780570 460
1780580 461
1780590 462
1780600 463
1780610 463
1780620 464
1780630 465
1780640 465
1780650 466
1780660 467
1780670 467
1780680 468
1780690 468
1780700 468
1780710 469
1780720 469
1780730 469
1780740 470
1780750 470
1780760 470
1780770 470
1780780 470
1780790 470
1780800 470
1780810 470
1780820 470
1780830 469
1780840 469
1780850 468
1780860 467
1780870 466
1780880 466
1780890 465
1780900 464
1780910 464
1780920 463
1780930 463
1780940 462
1780950 462
1780960 461
1780970 460
1780980 460
1780990 459
1781000 459
1781010 458
1781020 458
1781030 457
1781040 457
1781050 457
1781060 457
1781070 456
1781080 456
1781090 456
1781100 455
1781110 454
1781120 454
1781130 453
1781140 452
1781150 452
1781160 451
1781170 451
1781180 450
1781190 449
1781200 449
1781210 448
1781220 448
1781230 447
1781240 447
1781250 446
1781260 445
1781270 445
1781280 444
1781290 444
1781300 444
1781310 444
1781320 443
1781330 443
1781340 443
1781350 442
1781360 442
1781370 441
1781380 441
1781390 441
1781400 441
1781410 440
1781420 440
1781430 439
1781440 439
1781450 439
1781460 438
1781470 438
1781480 437
1781490 437
1781500 437
1781510 436
1781520 436
1781530 436
1781540 436
1781550 436
1781560 436
1781570 437
1781580 437
1781590 436
1781600 436
1781610 436
1781620 435
1781630 435
1781640 434
1781650 433
1781660 433
1781670 432
1781680 432
1781690 431
1781700 430
1781710 430
1781720 429
1781730 429
1781740 428
1781750 428
1781760 428
1781770 428
1781780 427
1781790 427
1781800 426
1781810 426
1781820 425
1781830 425
1781840 424
1781850 423
1781860 423
1781870 422
1781880 421
1781890 421
1781900 420
1781910 420
1781920 419
1781930 418
1781940 418
1781950 417
1781960 416
1781970 415
1781980 414
1781990 413
1782000 412
1782010 411
1782020 411
1782030 410
1782040 409
1782050 409
1782060 408
1782070 407
1782080 406
1782090 404
1782100 403
1782110 401
1782120 401
1782130 400
1782140 400
1782150 400
1782160 400
1782170 400
1782180 399
1782190 399
1782200 397
1782210 397
1782220 397
1782230 398
1782240 397
1782250 397
1782260 397
1782270 397
1782280 397
1782290 397
1782300 398
1782310 398
1782320 398
1782330 398
1782340 398
1782350 398
1782360 399
1782370 399
1782380 399
1782390 399
1782400 400
1782410 401
1782420 403
1782430 404
1782440 404
1782450 405
1782460 405
1782470 405
1782480 405
1782490 405
1782500 405
1782510 405
1782520 405
1782530 405
1782540 404
1782550 401
1782560 398
1782570 397
1782580 396
1782590 395
1782600 396
1782610 396
1782620 397
1782630 397
1782640 398
1782650 398
1782660 398
1782670 398
1782680 398
1782690 398
1782700 398
1782710 398
1782720 398
1782730 398
1782740 398
1782750 399
1782760 399
1782770 399
1782780 399
1782790 399
1782800 399
1782810 399
1782820 399
1782830 400
1782840 400
1782850 401
1782860 402
1782870 404
1782880 405
1782890 407
1782900 409
1782910 411
1782920 412
1782930 414
1782940 417
1782950 419
1782960 422
1782970 424
1782980 427
1782990 429
1783000 432
1783010 433
1783020 436
1783030 439
1783040 442
1783050 446
1783060 449
1783070 452
1783080 454
1783090 456
1783100 458
1783110 460
1783120 462
1783130 464
1783140 466
1783150 467
1783160 468
1783170 469
1783180 470
1783190 471
1783200 472
1783210 474
1783220 476
1783230 478
1783240 479
1783250 481
1783260 482
1783270 483
1783280 484
1783290 485
1783300 487
1783310 488
1783320 489
1783330 490
1783340 491
1783350 492
1783360 493
1783370 493
1783380 494
1783390 493
1783400 493
1783410 492
1783420 491
1783430 490
1783440 490
1783450 489
1783460 489
1783470 489
1783480 489
1783490 489
1783500 489
1783510 490
1783520 490
1783530 490
1783540 490
1783550 491
1783560 491
1783570 491
1783580 491
1783590 492
1783600 492
1783610 493
1783620 493
1783630 494
1783640 494
1783650 495
1783660 495
1783670 495
1783680 494
1783690 494
1783700 493
1783710 492
1783720 492
1783730 491
1783740 490
1783750 489
1783760 488
1783770 487
1783780 486
1783790 485
1783800 484
1783810 483
1783820 483
1783830 482
1783840 481
1783850 480
1783860 479
1783870 477
1783880 475
1783890 473
1783900 471
1783910 470
1783920 470
1783930 471
1783940 472
1783950 473
1783960 474
1783970 475
1783980 476
1783990 476
1784000 477
1784010 478
1784020 478
1784030 478
1784040 478
1784050 478
1784060 479
1784070 479
1784080 480
1784090 481
1784100 481
1784110 481
1784120 480
1784130 481
1784140 482
1784150 483
1784160 484
1784170 484
1784180 485
1784190 485
1784200 485
1784210 485
1784220 485
1784230 485
1784240 484
1784250 484
1784260 483
1784270 483
1784280 482
1784290 482
1784300 482
1784310 481
1784320 481
1784330 480
1784340 480
1784350 480
1784360 479
1784370 479
1784380 478
1784390 478
1784400 478
1784410 477
1784420 477
1784430 477
1784440 477
1784450 478
1784460 478
1784470 478
1784480 479
1784490 479
1784500 479
1784510 479
1784520 479
1784530 478
1784540 478
1784550 478
1784560 477
1784570 477
1784580 476
1784590 474
1784600 473
1784610 472
1784620 474
1784630 476
1784640 477
1784650 478
1784660 478
1784670 478
1784680 477
1784690 477
1784700 477
1784710 476
1784720 476
1784730 476
1784740 476
1784750 476
1784760 475
1784770 475
1784780 474
1784790 474
1784800 473
1784810 473
1784820 473
1784830 473
1784840 473
1784850 474
1784860 473
1784870 472
1784880 471
1784890 469
1784900 467
1784910 465
1784920 464
1784930 463
1784940 463
1784950 464
1784960 464
1784970 465
1784980 465
1784990 466
1785000 466
1785010 467
1785020 468
1785030 470
1785040 472
1785050 474
1785060 476
1785070 477
1785080 479
1785090 479
1785100 480
1785110 480
1785120 481
1785130 481
1785140 481
1785150 481
1785160 481
1785170 481
1785180 481
1785190 482
1785200 483
1785210 483
1785220 484
1785230 484
1785240 483
1785250 483
1785260 483
1785270 483
1785280 482
1785290 482
1785300 482
1785310 482
1785320 482
1785330 482
1785340 482
1785350 481
1785360 480
1785370 482
1785380 484
1785390 485
1785400 487
1785410 488
1785420 490
1785430 491
1785440 493
1785450 495
1785460 496
1785470 498
1785480 499
1785490 501
1785500 502
1785510 503
1785520 505
1785530 505
1785540 506
1785550 506
1785560 506
1785570 506
1785580 506
1785590 506
1785600 507
1785610 507
1785620 507
1785630 507
1785640 508
1785650 508
1785660 508
1785670 508
1785680 509
1785690 509
1785700 509
1785710 508
1785720 507
1785730 507
1785740 506
1785750 505
1785760 505
1785770 504
1785780 503
1785790 503
1785800 502
1785810 502
1785820 501
1785830 500
1785840 500
1785850 499
1785860 498
1785870 496
1785880 494
1785890 492
1785900 491
1785910 492
1785920 494
1785930 496
1785940 499
1785950 501
1785960 503
1785970 505
1785980 508
1785990 510
1786000 512
1786010 513
1786020 515
1786030 516
1786040 518
1786050 519
1786060 520
1786070 521
1786080 522
1786090 524
1786100 525
1786110 526
1786120 527
1786130 527
1786140 528
1786150 529
1786160 530
1786170 530
1786180 531
1786190 531
1786200 532
1786210 532
1786220 533
1786230 533
1786240 534
1786250 535
1786260 535
1786270 535
1786280 536
1786290 536
1786300 536
1786310 537
1786320 537
1786330 537
1786340 538
1786350 538
1786360 539
1786370 539
1786380 539
1786390 540
1786400 540
1786410 541
1786420 541
1786430 542
1786440 542
1786450 543
1786460 543
1786470 543
1786480 543
1786490 543
1786500 543
1786510 543
1786520 543
1786530 543
1786540 543
1786550 543
1786560 544
1786570 544
1786580 544
1786590 545
1786600 545
1786610 546
1786620 546
1786630 545
1786640 545
1786650 544
1786660 543
1786670 543
1786680 543
1786690 542
1786700 542
1786710 542
1786720 542
1786730 541
1786740 541
1786750 541
1786760 540
1786770 540
1786780 540
1786790 539
1786800 539
1786810 538
1786820 538
1786830 539
1786840 539
1786850 538
1786860 538
1786870 537
1786880 535
1786890 534
1786900 533
1786910 532
1786920 530
1786930 529
1786940 528
1786950 527
1786960 526
1786970 524
1786980 523
1786990 522
1787000 520
1787010 519
1787020 518
1787030 516
1787040 515
1787050 514
1787060 512
1787070 511
1787080 510
1787090 509
1787100 508
1787110 506
1787120 505
1787130 504
1787140 502
1787150 501
1787160 499
1787170 497
1787180 495
1787190 493
1787200 491
1787210 488
1787220 486
1787230 483
1787240 481
1787250 478
1787260 476
1787270 473
1787280 470
1787290 467
1787300 464
1787310 461
1787320 459
1787330 458
1787340 457
1787350 456
1787360 456
1787370 458
1787380 461
1787390 464
1787400 466
1787410 468
1787420 471
1787430 473
1787440 474
1787450 476
1787460 478
1787470 479
1787480 481
1787490 482
1787500 484
1787510 486
1787520 487
1787530 489
1787540 491
1787550 493
1787560 495
1787570 497
1787580 498
1787590 500
1787600 501
1787610 502
1787620 503
1787630 503
1787640 504
1787650 504
1787660 504
1787670 504
1787680 504
1787690 504
1787700 504
1787710 503
1787720 502
1787730 501
1787740 500
1787750 500
1787760 500
1787770 499
1787780 499
1787790 499
1787800 499
1787810 498
1787820 496
1787830 495
1787840 494
1787850 492
1787860 491
1787870 489
1787880 487
1787890 485
1787900 484
1787910 484
1787920 483
1787930 483
1787940 483
1787950 483
1787960 484
1787970 484
1787980 485
1787990 485
1788000 486
1788010 487
1788020 487
1788030 487
1788040 487
1788050 487
1788060 487
1788070 487
1788080 487
1788090 486
1788100 486
1788110 485
1788120 484
1788130 483
1788140 482
1788150 481
1788160 480
1788170 479
1788180 477
1788190 476
1788200 475
1788210 474
1788220 473
1788230 472
1788240 471
1788250 470
1788260 469
1788270 468
1788280 466
1788290 465
1788300 464
1788310 462
1788320 461
1788330 460
1788340 459
1788350 458
1788360 457
1788370 456
1788380 455
1788390 454
1788400 453
1788410 451
1788420 450
1788430 449
1788440 448
1788450 447
1788460 446
1788470 446
1788480 447
1788490 448
1788500 449
1788510 450
1788520 450
1788530 451
1788540 451
1788550 452
1788560 453
1788570 454
1788580 455
1788590 455
1788600 456
1788610 456
1788620 457
1788630 457
1788640 457
1788650 457
1788660 456
1788670 455
1788680 454
1788690 452
1788700 451
1788710 451
1788720 450
1788730 450
1788740 450
1788750 450
1788760 449
1788770 449
1788780 448
1788790 448
1788800 447
1788810 447
1788820 446
1788830 446
1788840 445
1788850 444
1788860 444
1788870 443
1788880 443
1788890 442
1788900 442
1788910 443
1788920 443
1788930 443
1788940 443
1788950 442
1788960 441
1788970 439
1788980 438
1788990 437
1789000 435
1789010 434
1789020 434
1789030 433
1789040 432
1789050 431
1789060 431
1789070 430
1789080 429
1789090 428
1789100 428
1789110 427
1789120 427
1789130 426
1789140 426
1789150 426
1789160 425
1789170 425
1789180 424
1789190 424
1789200 423
1789210 423
1789220 422
1789230 422
1789240 421
1789250 421
1789260 420
1789270 419
1789280 419
1789290 418
1789300 418
1789310 417
1789320 417
1789330 416
1789340 416
1789350 415
1789360 415
1789370 415
1789380 414
1789390 413
1789400 413
1789410 413
1789420 412
1789430 411
1789440 410
1789450 409
1789460 408
1789470 407
1789480 406
1789490 404
1789500 403
1789510 402
1789520 400
1789530 399
1789540 398
1789550 398
1789560 398
1789570 397
1789580 397
1789590 397
1789600 397
1789610 397
1789620 397
1789630 396
1789640 396
1789650 397
1789660 397
1789670 397
1789680 397
1789690 397
1789700 397
1789710 397
1789720 397
1789730 397
1789740 396
1789750 396
1789760 396
1789770 397
1789780 397
1789790 397
1789800 398
1789810 399
1789820 400
1789830 401
1789840 402
1789850 403
1789860 404
1789870 405
1789880 406
1789890 406
1789900 407
1789910 408
1789920 408
1789930 409
1789940 409
1789950 410
1789960 410
1789970 410
1789980 411
1789990 411
1790000 410
1790010 410
1790020 409
1790030 409
1790040 408
1790050 408
1790060 407
1790070 407
1790080 406
1790090 406
1790100 405
1790110 403
1790120 402
1790130 399
1790140 398
1790150 397
1790160 397
1790170 396
1790180 396
1790190 396
1790200 396
1790210 395
1790220 396
1790230 395
1790240 395
1790250 396
1790260 396
1790270 397
1790280 397
1790290 399
1790300 400
1790310 402
1790320 403
1790330 405
1790340 406
1790350 408
1790360 409
1790370 411
1790380 412
1790390 414
1790400 415
1790410 418
1790420 420
1790430 422
1790440 425
1790450 427
1790460 429
1790470 432
1790480 434
1790490 436
1790500 438
1790510 441
1790520 442
1790530 444
1790540 445
1790550 445
1790560 446
1790570 446
1790580 446
1790590 447
1790600 447
1790610 447
1790620 447
1790630 447
1790640 447
1790650 447
1790660 446
1790670 446
1790680 446
1790690 446
1790700 446
1790710 446
1790720 445
1790730 445
1790740 445
1790750 445
1790760 444
1790770 444
1790780 444
1790790 444
1790800 444
1790810 444
1790820 444
1790830 444
1790840 444
1790850 443
1790860 443
1790870 443
1790880 442
1790890 442
1790900 442
1790910 442
1790920 441
1790930 441
1790940 441
1790950 440
1790960 439
1790970 438
1790980 438
1790990 438
1791000 439
1791010 439
1791020 439
1791030 438
1791040 438
1791050 438
1791060 438
1791070 438
1791080 438
1791090 437
1791100 437
1791110 437
1791120 437
1791130 436
1791140 436
1791150 435
1791160 435
1791170 434
1791180 434
1791190 433
1791200 433
1791210 433
1791220 432
1791230 432
1791240 431
1791250 431
1791260 430
1791270 429
1791280 429
1791290 428
1791300 428
1791310 428
1791320 428
1791330 428
1791340 427
1791350 427
1791360 426
1791370 426
1791380 426
1791390 425
1791400 425
1791410 424
1791420 424
1791430 424
1791440 423
1791450 423
1791460 422
1791470 422
1791480 421
1791490 421
1791500 421
1791510 420
1791520 419
1791530 419
1791540 419
1791550 418
1791560 418
1791570 417
1791580 416
1791590 416
1791600 415
1791610 414
1791620 413
1791630 413
1791640 413
1791650 413
1791660 413
1791670 412
1791680 412
1791690 411
1791700 411
1791710 410
1791720 409
1791730 408
1791740 407
1791750 407
1791760 406
1791770 406
1791780 405
1791790 404
1791800 403
1791810 403
1791820 401
1791830 400
1791840 400
1791850 399
1791860 398
1791870 398
1791880 398
1791890 397
1791900 398
1791910 399
1791920 401
1791930 403
1791940 404
1791950 404
1791960 404
1791970 405
1791980 406
1791990 407
1792000 408
1792010 408
1792020 408
1792030 409
1792040 409
1792050 409
1792060 409
1792070 409
1792080 409
1792090 409
1792100 408
1792110 408
1792120 408
1792130 407
1792140 407
1792150 406
1792160 405
1792170 404
1792180 403
1792190 402
1792200 401
1792210 400
1792220 399
1792230 398
1792240 398
1792250 397
1792260 396
1792270 395
1792280 394
1792290 392
1792300 389
1792310 387
1792320 385
1792330 385
1792340 385
1792350 385
1792360 385
1792370 385
1792380 385
1792390 385
1792400 385
1792410 385
1792420 385
1792430 385
1792440 384
1792450 384
1792460 384
1792470 385
1792480 385
1792490 386
1792500 386
1792510 386
1792520 388
1792530 391
1792540 393
1792550 394
1792560 395
1792570 395
1792580 396
1792590 396
1792600 396
1792610 396
1792620 395
1792630 395
1792640 394
1792650 394
1792660 393
1792670 393
1792680 393
1792690 393
1792700 393
1792710 393
1792720 393
1792730 393
1792740 393
1792750 394
1792760 395
1792770 396
1792780 397
1792790 399
1792800 401
1792810 403
1792820 405
1792830 407
1792840 409
1792850 411
1792860 413
1792870 415
1792880 417
1792890 419
1792900 422
1792910 424
1792920 425
1792930 427
1792940 429
1792950 430
1792960 431
1792970 433
1792980 434
1792990 435
1793000 436
1793010 438
1793020 439
1793030 441
1793040 442
1793050 444
1793060 446
1793070 448
1793080 449
1793090 450
1793100 451
1793110 452
1793120 452
1793130 453
1793140 454
1793150 455
1793160 456
1793170 456
1793180 457
1793190 457
1793200 458
1793210 458
1793220 458
1793230 458
1793240 458
1793250 458
1793260 458
1793270 458
1793280 458
1793290 458
1793300 458
1793310 458
1793320 458
1793330 458
1793340 457
1793350 457
1793360 458
1793370 459
1793380 460
1793390 461
1793400 462
1793410 463
1793420 464
1793430 464
1793440 464
1793450 464
1793460 464
1793470 465
1793480 465
1793490 466
1793500 466
1793510 467
1793520 468
1793530 468
1793540 469
1793550 470
1793560 471
1793570 472
1793580 473
1793590 474
1793600 476
1793610 478
1793620 479
1793630 480
1793640 481
1793650 482
1793660 483
1793670 485
1793680 486
1793690 488
1793700 489
1793710 490
1793720 491
1793730 492
1793740 493
1793750 494
1793760 494
1793770 495
1793780 496
1793790 497
1793800 497
1793810 498
1793820 499
1793830 499
1793840 499
1793850 499
1793860 499
1793870 499
1793880 499
1793890 499
1793900 499
1793910 499
1793920 499
1793930 499
1793940 499
1793950 499
1793960 499
1793970 499
1793980 499
1793990 499
1794000 499
1794010 499
1794020 498
1794030 498
1794040 498
1794050 498
1794060 498
1794070 498
1794080 497
1794090 497
1794100 497
1794110 497
1794120 497
1794130 497
1794140 496
1794150 496
1794160 496
1794170 496
1794180 495
1794190 495
1794200 495
1794210 495
1794220 494
1794230 494
1794240 494
1794250 494
1794260 494
1794270 494
1794280 494
1794290 494
1794300 494
1794310 494
1794320 493
1794330 493
1794340 493
1794350 493
1794360 493
1794370 493
1794380 493
1794390 493
1794400 494
1794410 494
1794420 494
1794430 494
1794440 494
1794450 494
1794460 494
1794470 493
1794480 493
1794490 493
1794500 493
1794510 493
1794520 493
1794530 493
1794540 493
1794550 492
1794560 492
1794570 492
1794580 492
1794590 491
1794600 491
1794610 491
1794620 491
1794630 491
1794640 490
1794650 490
1794660 490
1794670 489
1794680 489
1794690 489
1794700 488
1794710 488
1794720 488
1794730 488
1794740 488
1794750 487
1794760 487
1794770 487
1794780 487
1794790 487
1794800 488
1794810 488
1794820 488
1794830 488
1794840 487
1794850 487
1794860 487
1794870 486
1794880 486
1794890 485
1794900 484
1794910 484
1794920 483
1794930 482
1794940 481
1794950 480
1794960 479
1794970 479
1794980 478
1794990 476
1795000 475
1795010 474
1795020 474
1795030 473
1795040 472
1795050 471
1795060 470
1795070 470
1795080 469
1795090 468
1795100 467
1795110 466
1795120 465
1795130 465
1795140 464
1795150 463
1795160 463
1795170 462
1795180 461
1795190 460
1795200 459
1795210 457
1795220 456
1795230 455
1795240 453
1795250 452
1795260 451
1795270 451
1795280 450
1795290 450
1795300 450
1795310 450
1795320 450
1795330 451
1795340 451
1795350 451
1795360 451
1795370 451
1795380 451
1795390 451
1795400 452
1795410 452
1795420 452
1795430 451
1795440 451
1795450 451
1795460 451
1795470 450
1795480 450
1795490 450
1795500 449
1795510 449
1795520 449
1795530 448
1795540 448
1795550 448
1795560 447
1795570 447
1795580 446
1795590 446
1795600 445
1795610 445
1795620 446
1795630 445
1795640 445
1795650 444
1795660 443
1795670 443
1795680 442
1795690 442
1795700 442
1795710 442
1795720 442
1795730 441
1795740 441
1795750 441
1795760 440
1795770 440
1795780 440
1795790 439
1795800 439
1795810 438
1795820 438
1795830 437
1795840 437
1795850 436
1795860 436
1795870 434
1795880 433
1795890 431
1795900 431
1795910 431
1795920 432
1795930 434
1795940 436
1795950 437
1795960 438
1795970 438
1795980 438
1795990 438
1796000 439
1796010 440
1796020 441
1796030 442
1796040 444
1796050 446
1796060 448
1796070 449
1796080 450
1796090 451
1796100 452
1796110 453
1796120 455
1796130 457
1796140 459
1796150 462
1796160 464
1796170 465
1796180 466
1796190 466
1796200 466
1796210 467
1796220 468
1796230 470
1796240 472
1796250 474
1796260 476
1796270 479
1796280 482
1796290 484
1796300 486
1796310 489
1796320 491
1796330 493
1796340 495
1796350 497
1796360 498
1796370 499
1796380 501
1796390 502
1796400 503
1796410 504
1796420 505
1796430 505
1796440 505
1796450 505
1796460 505
1796470 505
1796480 504
1796490 504
1796500 503
1796510 503
1796520 502
1796530 501
1796540 500
1796550 499
1796560 499
1796570 498
1796580 497
1796590 496
1796600 496
1796610 495
1796620 495
1796630 495
1796640 494
1796650 494
1796660 493
1796670 493
1796680 492
1796690 491
1796700 490
1796710 489
1796720 488
1796730 487
1796740 486
1796750 485
1796760 484
1796770 483
1796780 481
1796790 479
1796800 477
1796810 475
1796820 476
1796830 475
1796840 475
1796850 475
1796860 476
1796870 476
1796880 477
1796890 478
1796900 478
1796910 479
1796920 479
1796930 479
1796940 479
1796950 480
1796960 480
1796970 480
1796980 480
1796990 480
1797000 480
1797010 480
1797020 480
1797030 480
1797040 480
1797050 480
1797060 479
1797070 479
1797080 478
1797090 478
1797100 477
1797110 477
1797120 477
1797130 477
1797140 477
1797150 477
1797160 478
1797170 478
1797180 478
1797190 478
1797200 478
1797210 477
1797220 477
1797230 476
1797240 476
1797250 475
1797260 475
1797270 475
1797280 475
1797290 474
1797300 474
1797310 473
1797320 473
1797330 474
1797340 475
1797350 475
1797360 476
1797370 476
1797380 476
1797390 476
1797400 476
1797410 476
1797420 476
1797430 476
1797440 477
1797450 477
1797460 477
1797470 477
1797480 477
1797490 477
1797500 478
1797510 478
1797520 477
1797530 477
1797540 477
1797550 476
1797560 475
1797570 474
1797580 473
1797590 473
1797600 473
1797610 473
1797620 473
1797630 473
1797640 472
1797650 470
1797660 469
1797670 467
1797680 465
1797690 463
1797700 462
1797710 462
1797720 462
1797730 462
1797740 462
1797750 462
1797760 462
1797770 461
1797780 461
1797790 460
1797800 460
1797810 460
1797820 460
1797830 460
1797840 459
1797850 460
1797860 460
1797870 461
1797880 461
1797890 462
1797900 462
1797910 462
1797920 462
1797930 462
1797940 462
1797950 461
1797960 461
1797970 461
1797980 462
1797990 462
1798000 462
1798010 463
1798020 464
1798030 465
1798040 465
1798050 466
1798060 467
1798070 467
1798080 468
1798090 469
1798100 470
1798110 471
1798120 471
1798130 471
1798140 471
1798150 471
1798160 471
1798170 470
1798180 470
1798190 469
1798200 469
1798210 468
1798220 467
1798230 467
1798240 466
1798250 466
1798260 465
1798270 465
1798280 465
1798290 465
1798300 465
1798310 465
1798320 465
1798330 464
1798340 464
1798350 464
1798360 464
1798370 464
1798380 463
1798390 462
1798400 461
1798410 460
1798420 459
1798430 458
1798440 457
1798450 456
1798460 455
1798470 455
1798480 454
1798490 453
1798500 453
1798510 452
1798520 452
1798530 452
1798540 451
1798550 451
1798560 451
1798570 450
1798580 449
1798590 448
1798600 448
1798610 447
1798620 446
1798630 446
1798640 445
1798650 444
1798660 444
1798670 443
1798680 442
1798690 441
1798700 440
1798710 440
1798720 439
1798730 438
1798740 437
1798750 437
1798760 436
1798770 435
1798780 434
1798790 433
1798800 433
1798810 431
1798820 431
1798830 430
1798840 429
1798850 429
1798860 428
1798870 427
1798880 426
1798890 425
1798900 424
1798910 423
1798920 422
1798930 422
1798940 421
1798950 420
1798960 419
1798970 418
1798980 417
1798990 416
1799000 415
1799010 413
1799020 412
1799030 410
1799040 409
1799050 407
1799060 406
1799070 405
1799080 405
1799090 405
1799100 404
1799110 404
1799120 404
1799130 403
1799140 403
1799150 403
1799160 403
1799170 403
1799180 403
1799190 403
1799200 404
1799210 405
1799220 406
1799230 407
1799240 408
1799250 409
1799260 410
1799270 411
1799280 412
1799290 414
1799300 415
1799310 416
1799320 417
1799330 418
1799340 419
1799350 420
1799360 421
1799370 423
1799380 424
1799390 425
1799400 427
1799410 429
1799420 431
1799430 432
1799440 433
1799450 434
1799460 436
1799470 436
1799480 437
1799490 436
1799500 436
1799510 436
1799520 435
1799530 434
1799540 432
1799550 430
1799560 427
1799570 424
1799580 421
1799590 417
1799600 415
1799610 412
1799620 410
1799630 408
1799640 406
1799650 405
1799660 404
1799670 403
1799680 403
1799690 403
1799700 404
1799710 404
1799720 405
1799730 407
1799740 410
1799750 412
1799760 415
1799770 418
1799780 421
1799790 424
1799800 426
1799810 429
1799820 432
1799830 435
1799840 438
1799850 440
1799860 442
1799870 444
1799880 446
1799890 448
1799900 450
1799910 451
1799920 453
1799930 455
1799940 456
1799950 458
1799960 459
1799970 460
1799980 461
1799990 461
