1780000 421
1780010 421
1780020 420
1780030 420
1780040 420
1780050 420
1780060 419
1780070 419
1780080 419
1780090 418
1780100 418
1780110 417
1780120 417
1780130 416
1780140 416
1780150 415
1780160 415
1780170 414
1780180 414
1780190 412
1780200 410
1780210 409
1780220 408
1780230 407
1780240 406
1780250 406
1780260 406
1780270 407
1780280 408
1780290 409
1780300 409
1780310 410
1780320 412
1780330 414
1780340 416
1780350 419
1780360 421
1780370 423
1780380 424
1780390 426
1780400 428
1780410 429
1780420 431
1780430 432
1780440 433
1780450 434
1780460 434
1780470 434
1780480 434
1780490 434
1780500 434
1780510 434
1780520 435
1780530 435
1780540 435
1780550 435
1780560 436
1780570 436
1780580 436
1780590 436
1780600 437
1780610 437
1780620 437
1780630 437
1780640 437
1780650 437
1780660 437
1780670 437
1780680 437
1780690 437
1780700 437
1780710 437
1780720 437
1780730 436
1780740 436
1780750 435
1780760 434
1780770 434
1780780 433
1780790 433
1780800 432
1780810 432
1780820 431
1780830 431
1780840 430
1780850 429
1780860 429
1780870 428
1780880 427
1780890 426
1780900 424
1780910 422
1780920 420
1780930 419
1780940 419
1780950 419
1780960 419
1780970 418
1780980 419
1780990 420
1781000 421
1781010 423
1781020 425
1781030 426
1781040 427
1781050 428
1781060 429
1781070 429
1781080 430
1781090 432
1781100 433
1781110 434
1781120 435
1781130 436
1781140 437
1781150 437
1781160 438
1781170 438
1781180 438
1781190 438
1781200 438
1781210 438
1781220 438
1781230 438
1781240 438
1781250 438
1781260 437
1781270 437
1781280 437
1781290 437
1781300 436
1781310 436
1781320 436
1781330 435
1781340 435
1781350 434
1781360 434
1781370 433
1781380 432
1781390 432
1781400 431
1781410 431
1781420 430
1781430 429
1781440 429
1781450 428
1781460 427
1781470 426
1781480 426
1781490 425
1781500 424
1781510 424
1781520 423
1781530 423
1781540 422
1781550 422
1781560 422
1781570 421
1781580 421
1781590 421
1781600 421
1781610 421
1781620 421
1781630 421
1781640 421
1781650 421
1781660 421
1781670 421
1781680 421
1781690 421
1781700 421
1781710 421
1781720 421
1781730 421
1781740 420
1781750 420
1781760 420
1781770 419
1781780 419
1781790 419
1781800 418
1781810 418
1781820 418
1781830 418
1781840 418
1781850 418
1781860 418
1781870 417
1781880 417
1781890 416
1781900 416
1781910 416
1781920 416
1781930 416
1781940 415
1781950 415
1781960 415
1781970 415
1781980 415
1781990 415
1782000 414
1782010 414
1782020 414
1782030 414
1782040 414
1782050 414
1782060 414
1782070 414
1782080 413
1782090 413
1782100 413
1782110 412
1782120 412
1782130 412
1782140 411
1782150 411
1782160 410
1782170 410
1782180 409
1782190 408
1782200 407
1782210 407
1782220 405
1782230 404
1782240 403
1782250 402
1782260 401
1782270 399
1782280 395
1782290 392
1782300 391
1782310 391
1782320 391
1782330 392
1782340 393
1782350 393
1782360 393
1782370 393
1782380 393
1782390 393
1782400 393
1782410 393
1782420 394
1782430 394
1782440 394
1782450 394
1782460 394
1782470 394
1782480 394
1782490 394
1782500 394
1782510 394
1782520 394
1782530 395
1782540 395
1782550 395
1782560 395
1782570 395
1782580 395
1782590 395
1782600 395
1782610 395
1782620 395
1782630 395
1782640 395
1782650 396
1782660 398
1782670 401
1782680 403
1782690 406
1782700 408
1782710 410
1782720 411
1782730 412
1782740 414
1782750 414
1782760 415
1782770 416
1782780 417
1782790 418
1782800 419
1782810 419
1782820 420
1782830 422
1782840 424
1782850 426
1782860 429
1782870 432
1782880 435
1782890 438
1782900 441
1782910 444
1782920 447
1782930 450
1782940 452
1782950 454
1782960 456
1782970 457
1782980 458
1782990 459
1783000 460
1783010 461
1783020 461
1783030 462
1783040 463
1783050 463
1783060 463
1783070 464
1783080 464
1783090 464
1783100 464
1783110 464
1783120 465
1783130 465
1783140 465
1783150 465
1783160 465
1783170 465
1783180 464
1783190 464
1783200 464
1783210 463
1783220 463
1783230 462
1783240 462
1783250 461
1783260 461
1783270 460
1783280 460
1783290 459
1783300 459
1783310 458
1783320 458
1783330 457
1783340 457
1783350 456
1783360 456
1783370 456
1783380 455
1783390 455
1783400 455
1783410 455
1783420 454
1783430 454
1783440 454
1783450 454
1783460 454
1783470 454
1783480 454
1783490 453
1783500 453
1783510 452
1783520 451
1783530 451
1783540 450
1783550 450
1783560 449
1783570 448
1783580 447
1783590 447
1783600 445
1783610 443
1783620 441
1783630 438
1783640 436
1783650 434
1783660 434
1783670 435
1783680 436
1783690 437
1783700 438
1783710 438
1783720 438
1783730 437
1783740 437
1783750 436
1783760 434
1783770 433
1783780 432
1783790 432
1783800 431
1783810 431
1783820 431
1783830 431
1783840 430
1783850 430
1783860 429
1783870 430
1783880 432
1783890 434
1783900 436
1783910 437
1783920 439
1783930 440
1783940 442
1783950 443
1783960 445
1783970 447
1783980 449
1783990 451
1784000 453
1784010 455
1784020 456
1784030 458
1784040 459
1784050 460
1784060 461
1784070 462
1784080 463
1784090 464
1784100 465
1784110 466
1784120 467
1784130 469
1784140 470
1784150 471
1784160 473
1784170 474
1784180 476
1784190 477
1784200 479
1784210 480
1784220 482
1784230 483
1784240 484
1784250 486
1784260 487
1784270 488
1784280 489
1784290 489
1784300 490
1784310 491
1784320 492
1784330 493
1784340 494
1784350 495
1784360 495
1784370 496
1784380 497
1784390 498
1784400 498
1784410 499
1784420 500
1784430 501
1784440 502
1784450 503
1784460 504
1784470 505
1784480 506
1784490 506
1784500 507
1784510 508
1784520 508
1784530 509
1784540 509
1784550 510
1784560 510
1784570 510
1784580 510
1784590 511
1784600 511
1784610 511
1784620 511
1784630 512
1784640 512
1784650 513
1784660 514
1784670 514
1784680 515
1784690 516
1784700 517
1784710 517
1784720 518
1784730 519
1784740 520
1784750 520
1784760 521
1784770 522
1784780 522
1784790 523
1784800 523
1784810 524
1784820 524
1784830 524
1784840 524
1784850 524
1784860 525
1784870 525
1784880 525
1784890 524
1784900 524
1784910 523
1784920 523
1784930 522
1784940 522
1784950 522
1784960 522
1784970 522
1784980 523
1784990 524
1785000 526
1785010 527
1785020 528
1785030 529
1785040 530
1785050 530
1785060 531
1785070 531
1785080 532
1785090 533
1785100 533
1785110 534
1785120 535
1785130 536
1785140 536
1785150 536
1785160 537
1785170 537
1785180 537
1785190 538
1785200 538
1785210 538
1785220 538
1785230 539
1785240 539
1785250 539
1785260 539
1785270 539
1785280 540
1785290 540
1785300 539
1785310 539
1785320 538
1785330 537
1785340 536
1785350 535
1785360 535
1785370 535
1785380 534
1785390 533
1785400 533
1785410 532
1785420 531
1785430 530
1785440 529
1785450 528
1785460 527
1785470 526
1785480 525
1785490 524
1785500 523
1785510 522
1785520 521
1785530 520
1785540 519
1785550 518
1785560 516
1785570 515
1785580 514
1785590 512
1785600 510
1785610 509
1785620 507
1785630 506
1785640 504
1785650 503
1785660 501
1785670 500
1785680 498
1785690 496
1785700 494
1785710 492
1785720 490
1785730 487
1785740 484
1785750 481
1785760 478
1785770 475
1785780 472
1785790 469
1785800 467
1785810 465
1785820 464
1785830 464
1785840 465
1785850 466
1785860 467
1785870 469
1785880 471
1785890 473
1785900 474
1785910 476
1785920 478
1785930 480
1785940 483
1785950 485
1785960 487
1785970 488
1785980 491
1785990 493
1786000 496
1786010 498
1786020 501
1786030 503
1786040 505
1786050 507
1786060 509
1786070 511
1786080 512
1786090 514
1786100 515
1786110 516
1786120 517
1786130 518
1786140 518
1786150 518
1786160 518
1786170 519
1786180 519
1786190 519
1786200 519
1786210 519
1786220 518
1786230 518
1786240 518
1786250 518
1786260 518
1786270 517
1786280 517
1786290 516
1786300 515
1786310 514
1786320 513
1786330 512
1786340 510
1786350 508
1786360 506
1786370 505
1786380 503
1786390 500
1786400 498
1786410 495
1786420 492
1786430 488
1786440 484
1786450 481
1786460 478
1786470 475
1786480 473
1786490 472
1786500 473
1786510 475
1786520 477
1786530 479
1786540 481
1786550 483
1786560 485
1786570 487
1786580 488
1786590 490
1786600 491
1786610 493
1786620 494
1786630 496
1786640 497
1786650 498
1786660 499
1786670 500
1786680 500
1786690 500
1786700 500
1786710 500
1786720 501
1786730 501
1786740 501
1786750 500
1786760 500
1786770 500
1786780 500
1786790 500
1786800 500
1786810 500
1786820 500
1786830 499
1786840 499
1786850 499
1786860 499
1786870 498
1786880 498
1786890 498
1786900 498
1786910 498
1786920 498
1786930 497
1786940 497
1786950 497
1786960 497
1786970 497
1786980 496
1786990 496
1787000 496
1787010 496
1787020 496
1787030 495
1787040 495
1787050 495
1787060 495
1787070 495
1787080 495
1787090 495
1787100 495
1787110 495
1787120 494
1787130 494
1787140 493
1787150 493
1787160 493
1787170 494
1787180 494
1787190 494
1787200 494
1787210 495
1787220 495
1787230 495
1787240 495
1787250 495
1787260 494
1787270 494
1787280 494
1787290 494
1787300 494
1787310 494
1787320 494
1787330 494
1787340 494
1787350 494
1787360 494
1787370 494
1787380 493
1787390 493
1787400 493
1787410 493
1787420 493
1787430 494
1787440 494
1787450 495
1787460 495
1787470 495
1787480 496
1787490 496
1787500 496
1787510 496
1787520 496
1787530 496
1787540 496
1787550 496
1787560 496
1787570 496
1787580 496
1787590 496
1787600 496
1787610 495
1787620 495
1787630 495
1787640 494
1787650 493
1787660 493
1787670 492
1787680 491
1787690 490
1787700 490
1787710 489
1787720 488
1787730 488
1787740 486
1787750 485
1787760 483
1787770 481
1787780 480
1787790 479
1787800 477
1787810 474
1787820 473
1787830 472
1787840 471
1787850 471
1787860 471
1787870 471
1787880 470
1787890 468
1787900 466
1787910 465
1787920 465
1787930 464
1787940 464
1787950 463
1787960 463
1787970 462
1787980 462
1787990 461
1788000 460
1788010 459
1788020 459
1788030 457
1788040 457
1788050 458
1788060 459
1788070 459
1788080 459
1788090 459
1788100 459
1788110 458
1788120 458
1788130 458
1788140 457
1788150 456
1788160 455
1788170 455
1788180 455
1788190 455
1788200 455
1788210 455
1788220 455
1788230 454
1788240 453
1788250 453
1788260 454
1788270 454
1788280 454
1788290 453
1788300 453
1788310 453
1788320 453
1788330 453
1788340 453
1788350 453
1788360 453
1788370 454
1788380 454
1788390 454
1788400 454
1788410 454
1788420 454
1788430 455
1788440 455
1788450 455
1788460 454
1788470 454
1788480 454
1788490 453
1788500 453
1788510 452
1788520 451
1788530 450
1788540 449
1788550 450
1788560 451
1788570 452
1788580 452
1788590 453
1788600 454
1788610 454
1788620 455
1788630 456
1788640 456
1788650 457
1788660 458
1788670 458
1788680 459
1788690 459
1788700 458
1788710 458
1788720 457
1788730 457
1788740 457
1788750 457
1788760 457
1788770 457
1788780 456
1788790 456
1788800 455
1788810 454
1788820 453
1788830 452
1788840 451
1788850 449
1788860 448
1788870 446
1788880 445
1788890 444
1788900 443
1788910 442
1788920 442
1788930 443
1788940 444
1788950 446
1788960 447
1788970 449
1788980 450
1788990 451
1789000 452
1789010 452
1789020 453
1789030 454
1789040 455
1789050 455
1789060 456
1789070 456
1789080 456
1789090 456
1789100 456
1789110 456
1789120 456
1789130 456
1789140 456
1789150 455
1789160 455
1789170 455
1789180 455
1789190 455
1789200 455
1789210 455
1789220 454
1789230 454
1789240 453
1789250 453
1789260 452
1789270 452
1789280 451
1789290 451
1789300 450
1789310 450
1789320 451
1789330 451
1789340 451
1789350 451
1789360 451
1789370 451
1789380 451
1789390 451
1789400 451
1789410 451
1789420 450
1789430 450
1789440 450
1789450 450
1789460 450
1789470 449
1789480 449
1789490 448
1789500 448
1789510 447
1789520 447
1789530 446
1789540 446
1789550 445
1789560 445
1789570 444
1789580 444
1789590 443
1789600 443
1789610 443
1789620 443
1789630 443
1789640 442
1789650 441
1789660 440
1789670 439
1789680 438
1789690 437
1789700 437
1789710 437
1789720 436
1789730 436
1789740 435
1789750 435
1789760 434
1789770 434
1789780 433
1789790 433
1789800 433
1789810 432
1789820 431
1789830 431
1789840 430
1789850 430
1789860 429
1789870 428
1789880 428
1789890 427
1789900 426
1789910 425
1789920 424
1789930 423
1789940 422
1789950 421
1789960 421
1789970 420
1789980 419
1789990 418
1790000 418
1790010 417
1790020 416
1790030 415
1790040 415
1790050 415
1790060 414
1790070 413
1790080 412
1790090 411
1790100 410
1790110 409
1790120 408
1790130 407
1790140 406
1790150 405
1790160 403
1790170 403
1790180 402
1790190 401
1790200 400
1790210 399
1790220 397
1790230 396
1790240 395
1790250 394
1790260 394
1790270 393
1790280 392
1790290 391
1790300 390
1790310 389
1790320 388
1790330 388
1790340 387
1790350 387
1790360 387
1790370 387
1790380 387
1790390 387
1790400 386
1790410 386
1790420 386
1790430 386
1790440 386
1790450 386
1790460 386
1790470 386
1790480 385
1790490 385
1790500 385
1790510 385
1790520 384
1790530 384
1790540 384
1790550 385
1790560 385
1790570 385
1790580 384
1790590 384
1790600 384
1790610 384
1790620 384
1790630 385
1790640 385
1790650 385
1790660 386
1790670 386
1790680 386
1790690 386
1790700 387
1790710 387
1790720 387
1790730 387
1790740 387
1790750 387
1790760 387
1790770 388
1790780 389
1790790 390
1790800 392
1790810 394
1790820 396
1790830 398
1790840 399
1790850 401
1790860 403
1790870 404
1790880 405
1790890 406
1790900 408
1790910 409
1790920 409
1790930 410
1790940 410
1790950 411
1790960 411
1790970 411
1790980 412
1790990 412
1791000 412
1791010 413
1791020 412
1791030 412
1791040 413
1791050 413
1791060 413
1791070 414
1791080 414
1791090 415
1791100 416
1791110 416
1791120 417
1791130 417
1791140 418
1791150 419
1791160 419
1791170 420
1791180 420
1791190 421
1791200 421
1791210 421
1791220 421
1791230 421
1791240 421
1791250 420
1791260 420
1791270 420
1791280 419
1791290 419
1791300 419
1791310 418
1791320 418
1791330 417
1791340 416
1791350 416
1791360 415
1791370 415
1791380 414
1791390 413
1791400 413
1791410 413
1791420 412
1791430 412
1791440 411
1791450 411
1791460 410
1791470 410
1791480 410
1791490 409
1791500 409
1791510 408
1791520 408
1791530 407
1791540 406
1791550 405
1791560 405
1791570 403
1791580 402
1791590 401
1791600 402
1791610 404
1791620 405
1791630 405
1791640 406
1791650 406
1791660 406
1791670 407
1791680 406
1791690 406
1791700 406
1791710 405
1791720 405
1791730 405
1791740 405
1791750 404
1791760 404
1791770 404
1791780 404
1791790 403
1791800 403
1791810 403
1791820 402
1791830 402
1791840 402
1791850 401
1791860 401
1791870 400
1791880 400
1791890 399
1791900 398
1791910 398
1791920 397
1791930 396
1791940 395
1791950 394
1791960 393
1791970 393
1791980 392
1791990 392
1792000 392
1792010 391
1792020 391
1792030 390
1792040 389
1792050 388
1792060 386
1792070 385
1792080 383
1792090 382
1792100 380
1792110 380
1792120 379
1792130 379
1792140 378
1792150 377
1792160 377
1792170 377
1792180 378
1792190 379
1792200 379
1792210 380
1792220 380
1792230 380
1792240 381
1792250 383
1792260 386
1792270 387
1792280 389
1792290 390
1792300 390
1792310 389
1792320 388
1792330 388
1792340 388
1792350 391
1792360 394
1792370 398
1792380 400
1792390 403
1792400 405
1792410 408
1792420 410
1792430 412
1792440 415
1792450 417
1792460 420
1792470 422
1792480 424
1792490 426
1792500 427
1792510 429
1792520 430
1792530 431
1792540 432
1792550 432
1792560 434
1792570 437
1792580 439
1792590 441
1792600 443
1792610 444
1792620 444
1792630 446
1792640 448
1792650 450
1792660 453
1792670 456
1792680 458
1792690 460
1792700 462
1792710 463
1792720 464
1792730 465
1792740 466
1792750 467
1792760 469
1792770 470
1792780 471
1792790 473
1792800 474
1792810 475
1792820 476
1792830 476
1792840 477
1792850 477
1792860 477
1792870 477
1792880 476
1792890 476
1792900 476
1792910 476
1792920 476
1792930 476
1792940 476
1792950 476
1792960 476
1792970 476
1792980 476
1792990 476
1793000 476
1793010 476
1793020 476
1793030 475
1793040 475
1793050 475
1793060 474
1793070 474
1793080 473
1793090 473
1793100 473
1793110 472
1793120 472
1793130 471
1793140 471
1793150 471
1793160 471
1793170 471
1793180 472
1793190 473
1793200 475
1793210 476
1793220 476
1793230 476
1793240 477
1793250 478
1793260 480
1793270 481
1793280 482
1793290 483
1793300 484
1793310 485
1793320 485
1793330 486
1793340 487
1793350 488
1793360 490
1793370 491
1793380 492
1793390 492
1793400 493
1793410 494
1793420 494
1793430 495
1793440 495
1793450 496
1793460 496
1793470 496
1793480 497
1793490 498
1793500 499
1793510 500
1793520 501
1793530 502
1793540 503
1793550 504
1793560 504
1793570 505
1793580 506
1793590 507
1793600 509
1793610 510
1793620 510
1793630 511
1793640 512
1793650 512
1793660 513
1793670 513
1793680 513
1793690 514
1793700 514
1793710 514
1793720 514
1793730 514
1793740 514
1793750 514
1793760 513
1793770 513
1793780 512
1793790 512
1793800 511
1793810 511
1793820 511
1793830 510
1793840 510
1793850 510
1793860 509
1793870 509
1793880 508
1793890 508
1793900 507
1793910 507
1793920 507
1793930 506
1793940 506
1793950 506
1793960 505
1793970 504
1793980 504
1793990 504
1794000 504
1794010 504
1794020 503
1794030 503
1794040 502
1794050 502
1794060 502
1794070 501
1794080 501
1794090 501
1794100 500
1794110 500
1794120 499
1794130 499
1794140 499
1794150 499
1794160 498
1794170 498
1794180 498
1794190 497
1794200 497
1794210 496
1794220 496
1794230 496
1794240 496
1794250 496
1794260 496
1794270 495
1794280 494
1794290 493
1794300 493
1794310 492
1794320 491
1794330 491
1794340 490
1794350 489
1794360 489
1794370 488
1794380 488
1794390 488
1794400 487
1794410 487
1794420 487
1794430 487
1794440 486
1794450 486
1794460 485
1794470 485
1794480 484
1794490 483
1794500 483
1794510 482
1794520 482
1794530 481
1794540 480
1794550 480
1794560 479
1794570 478
1794580 478
1794590 477
1794600 476
1794610 475
1794620 475
1794630 474
1794640 474
1794650 473
1794660 473
1794670 473
1794680 472
1794690 472
1794700 471
1794710 471
1794720 470
1794730 470
1794740 469
1794750 469
1794760 468
1794770 468
1794780 467
1794790 467
1794800 466
1794810 464
1794820 463
1794830 463
1794840 464
1794850 465
1794860 466
1794870 467
1794880 467
1794890 467
1794900 468
1794910 468
1794920 468
1794930 468
1794940 468
1794950 468
1794960 468
1794970 468
1794980 467
1794990 467
1795000 467
1795010 467
1795020 466
1795030 466
1795040 466
1795050 466
1795060 466
1795070 466
1795080 466
1795090 466
1795100 466
1795110 466
1795120 466
1795130 466
1795140 466
1795150 465
1795160 465
1795170 465
1795180 464
1795190 464
1795200 464
1795210 463
1795220 463
1795230 462
1795240 462
1795250 462
1795260 461
1795270 461
1795280 460
1795290 460
1795300 459
1795310 459
1795320 458
1795330 458
1795340 458
1795350 457
1795360 457
1795370 457
1795380 456
1795390 456
1795400 455
1795410 455
1795420 455
1795430 454
1795440 454
1795450 454
1795460 453
1795470 453
1795480 452
1795490 452
1795500 452
1795510 451
1795520 451
1795530 451
1795540 451
1795550 451
1795560 450
1795570 450
1795580 450
1795590 450
1795600 450
1795610 450
1795620 450
1795630 450
1795640 450
1795650 450
1795660 450
1795670 450
1795680 449
1795690 449
1795700 449
1795710 448
1795720 447
1795730 446
1795740 446
1795750 446
1795760 445
1795770 445
1795780 444
1795790 443
1795800 443
1795810 442
1795820 441
1795830 440
1795840 439
1795850 439
1795860 438
1795870 437
1795880 437
1795890 436
1795900 436
1795910 435
1795920 435
1795930 434
1795940 433
1795950 433
1795960 432
1795970 432
1795980 431
1795990 430
1796000 430
1796010 429
1796020 427
1796030 426
1796040 425
1796050 425
1796060 425
1796070 424
1796080 423
1796090 423
1796100 423
1796110 422
1796120 423
1796130 423
1796140 423
1796150 423
1796160 423
1796170 423
1796180 424
1796190 424
1796200 425
1796210 426
1796220 427
1796230 428
1796240 428
1796250 428
1796260 429
1796270 429
1796280 430
1796290 431
1796300 431
1796310 431
1796320 431
1796330 431
1796340 431
1796350 431
1796360 431
1796370 431
1796380 431
1796390 431
1796400 431
1796410 431
1796420 431
1796430 431
1796440 431
1796450 432
1796460 433
1796470 433
1796480 434
1796490 435
1796500 436
1796510 436
1796520 437
1796530 438
1796540 439
1796550 440
1796560 441
1796570 442
1796580 443
1796590 444
1796600 445
1796610 447
1796620 448
1796630 449
1796640 451
1796650 453
1796660 454
1796670 455
1796680 457
1796690 458
1796700 459
1796710 460
1796720 461
1796730 462
1796740 463
1796750 464
1796760 465
1796770 466
1796780 467
1796790 468
1796800 469
1796810 470
1796820 470
1796830 471
1796840 472
1796850 472
1796860 473
1796870 475
1796880 476
1796890 477
1796900 478
1796910 479
1796920 479
1796930 480
1796940 481
1796950 482
1796960 483
1796970 483
1796980 484
1796990 485
1797000 486
1797010 486
1797020 487
1797030 487
1797040 488
1797050 488
1797060 489
1797070 489
1797080 490
1797090 490
1797100 490
1797110 491
1797120 491
1797130 491
1797140 491
1797150 492
1797160 492
1797170 492
1797180 492
1797190 493
1797200 493
1797210 493
1797220 494
1797230 494
1797240 494
1797250 494
1797260 494
1797270 494
1797280 494
1797290 494
1797300 494
1797310 494
1797320 494
1797330 495
1797340 495
1797350 495
1797360 496
1797370 496
1797380 496
1797390 496
1797400 497
1797410 497
1797420 497
1797430 497
1797440 498
1797450 498
1797460 499
1797470 499
1797480 499
1797490 499
1797500 500
1797510 500
1797520 499
1797530 500
1797540 500
1797550 500
1797560 500
1797570 499
1797580 499
1797590 499
1797600 499
1797610 498
1797620 498
1797630 497
1797640 497
1797650 496
1797660 496
1797670 495
1797680 495
1797690 495
1797700 494
1797710 494
1797720 493
1797730 493
1797740 492
1797750 491
1797760 491
1797770 490
1797780 489
1797790 488
1797800 486
1797810 485
1797820 484
1797830 482
1797840 481
1797850 480
1797860 479
1797870 478
1797880 478
1797890 476
1797900 475
1797910 474
1797920 473
1797930 471
1797940 470
1797950 469
1797960 468
1797970 468
1797980 467
1797990 466
1798000 464
1798010 462
1798020 460
1798030 458
1798040 457
1798050 456
1798060 456
1798070 455
1798080 454
1798090 453
1798100 452
1798110 451
1798120 450
1798130 448
1798140 447
1798150 446
1798160 446
1798170 445
1798180 445
1798190 444
1798200 443
1798210 443
1798220 443
1798230 443
1798240 443
1798250 442
1798260 442
1798270 443
1798280 443
1798290 443
1798300 443
1798310 443
1798320 443
1798330 443
1798340 443
1798350 443
1798360 443
1798370 443
1798380 443
1798390 443
1798400 443
1798410 443
1798420 442
1798430 442
1798440 442
1798450 442
1798460 441
1798470 440
1798480 440
1798490 439
1798500 438
1798510 437
1798520 436
1798530 435
1798540 433
1798550 432
1798560 431
1798570 430
1798580 429
1798590 428
1798600 427
1798610 426
1798620 428
1798630 430
1798640 432
1798650 435
1798660 437
1798670 439
1798680 441
1798690 442
1798700 444
1798710 445
1798720 446
1798730 448
1798740 449
1798750 450
1798760 451
1798770 452
1798780 453
1798790 454
1798800 453
1798810 453
1798820 452
1798830 451
1798840 450
1798850 450
1798860 450
1798870 450
1798880 451
1798890 452
1798900 455
1798910 458
1798920 461
1798930 464
1798940 467
1798950 470
1798960 472
1798970 475
1798980 477
1798990 479
1799000 481
1799010 483
1799020 484
1799030 486
1799040 487
1799050 488
1799060 488
1799070 489
1799080 489
1799090 490
1799100 490
1799110 490
1799120 489
1799130 488
1799140 488
1799150 487
1799160 485
1799170 484
1799180 482
1799190 480
1799200 478
1799210 476
1799220 475
1799230 474
1799240 473
1799250 474
1799260 475
1799270 476
1799280 478
1799290 480
1799300 484
1799310 486
1799320 489
1799330 491
1799340 494
1799350 496
1799360 498
1799370 501
1799380 503
1799390 505
1799400 506
1799410 508
1799420 509
1799430 510
1799440 511
1799450 512
1799460 513
1799470 514
1799480 514
1799490 514
1799500 513
1799510 513
1799520 512
1799530 511
1799540 510
1799550 509
1799560 508
1799570 506
1799580 505
1799590 504
1799600 502
1799610 501
1799620 500
1799630 499
1799640 498
1799650 497
1799660 496
1799670 494
1799680 493
1799690 492
1799700 490
1799710 489
1799720 488
1799730 487
1799740 486
1799750 485
1799760 483
1799770 482
1799780 480
1799790 478
1799800 475
1799810 473
1799820 469
1799830 466
1799840 463
1799850 460
1799860 458
1799870 455
1799880 452
1799890 450
1799900 447
1799910 444
1799920 441
1799930 439
1799940 438
1799950 437
1799960 437
1799970 437
1799980 439
1799990 440
