1780000 484
1780010 483
1780020 482
1780030 481
1780040 480
1780050 479
1780060 478
1780070 476
1780080 475
1780090 474
1780100 473
1780110 472
1780120 472
1780130 471
1780140 470
1780150 469
1780160 468
1780170 467
1780180 466
1780190 465
1780200 464
1780210 463
1780220 463
1780230 462
1780240 461
1780250 460
1780260 459
1780270 458
1780280 457
1780290 456
1780300 455
1780310 455
1780320 454
1780330 453
1780340 453
1780350 452
1780360 451
1780370 449
1780380 448
1780390 447
1780400 446
1780410 445
1780420 444
1780430 443
1780440 442
1780450 442
1780460 441
1780470 441
1780480 440
1780490 439
1780500 439
1780510 438
1780520 437
1780530 437
1780540 436
1780550 435
1780560 435
1780570 434
1780580 434
1780590 433
1780600 433
1780610 432
1780620 432
1780630 431
1780640 431
1780650 431
1780660 430
1780670 430
1780680 429
1780690 429
1780700 429
1780710 429
1780720 429
1780730 429
1780740 429
1780750 429
1780760 429
1780770 428
1780780 428
1780790 428
1780800 427
1780810 426
1780820 425
1780830 425
1780840 424
1780850 422
1780860 422
1780870 423
1780880 424
1780890 424
1780900 424
1780910 424
1780920 424
1780930 423
1780940 423
1780950 423
1780960 423
1780970 423
1780980 423
1780990 423
1781000 423
1781010 423
1781020 424
1781030 424
1781040 424
1781050 425
1781060 426
1781070 427
1781080 428
1781090 429
1781100 430
1781110 431
1781120 431
1781130 432
1781140 433
1781150 434
1781160 435
1781170 436
1781180 437
1781190 438
1781200 439
1781210 441
1781220 442
1781230 444
1781240 445
1781250 447
1781260 448
1781270 450
1781280 451
1781290 451
1781300 452
1781310 452
1781320 453
1781330 453
1781340 453
1781350 454
1781360 455
1781370 456
1781380 457
1781390 458
1781400 459
1781410 460
1781420 461
1781430 462
1781440 463
1781450 463
1781460 464
1781470 465
1781480 466
1781490 467
1781500 467
1781510 468
1781520 468
1781530 468
1781540 469
1781550 469
1781560 470
1781570 471
1781580 472
1781590 473
1781600 474
1781610 476
1781620 477
1781630 477
1781640 478
1781650 479
1781660 479
1781670 480
1781680 480
1781690 481
1781700 481
1781710 482
1781720 482
1781730 483
1781740 483
1781750 484
1781760 485
1781770 485
1781780 486
1781790 486
1781800 486
1781810 486
1781820 486
1781830 486
1781840 486
1781850 487
1781860 487
1781870 487
1781880 487
1781890 487
1781900 487
1781910 487
1781920 487
1781930 487
1781940 487
1781950 488
1781960 488
1781970 487
1781980 487
1781990 487
1782000 487
1782010 486
1782020 486
1782030 485
1782040 485
1782050 484
1782060 484
1782070 483
1782080 483
1782090 482
1782100 482
1782110 481
1782120 481
1782130 480
1782140 480
1782150 479
1782160 479
1782170 478
1782180 477
1782190 477
1782200 476
1782210 476
1782220 475
1782230 474
1782240 474
1782250 473
1782260 472
1782270 472
1782280 471
1782290 470
1782300 469
1782310 468
1782320 468
1782330 467
1782340 466
1782350 465
1782360 464
1782370 464
1782380 463
1782390 462
1782400 461
1782410 460
1782420 459
1782430 458
1782440 456
1782450 455
1782460 452
1782470 450
1782480 448
1782490 445
1782500 444
1782510 443
1782520 444
1782530 445
1782540 446
1782550 447
1782560 448
1782570 448
1782580 449
1782590 449
1782600 450
1782610 450
1782620 450
1782630 451
1782640 451
1782650 451
1782660 451
1782670 450
1782680 450
1782690 450
1782700 449
1782710 449
1782720 449
1782730 449
1782740 448
1782750 448
1782760 448
1782770 447
1782780 447
1782790 446
1782800 446
1782810 445
1782820 444
1782830 444
1782840 443
1782850 443
1782860 443
1782870 442
1782880 442
1782890 441
1782900 441
1782910 440
1782920 440
1782930 440
1782940 439
1782950 439
1782960 438
1782970 438
1782980 437
1782990 437
1783000 436
1783010 436
1783020 435
1783030 435
1783040 434
1783050 434
1783060 433
1783070 433
1783080 432
1783090 432
1783100 431
1783110 430
1783120 430
1783130 429
1783140 428
1783150 427
1783160 425
1783170 424
1783180 422
1783190 421
1783200 420
1783210 419
1783220 418
1783230 416
1783240 414
1783250 413
1783260 412
1783270 412
1783280 413
1783290 414
1783300 414
1783310 414
1783320 414
1783330 414
1783340 414
1783350 414
1783360 414
1783370 414
1783380 414
1783390 414
1783400 414
1783410 414
1783420 414
1783430 414
1783440 414
1783450 414
1783460 415
1783470 415
1783480 415
1783490 415
1783500 415
1783510 415
1783520 416
1783530 417
1783540 419
1783550 420
1783560 422
1783570 423
1783580 424
1783590 426
1783600 428
1783610 429
1783620 430
1783630 431
1783640 433
1783650 434
1783660 434
1783670 435
1783680 436
1783690 437
1783700 438
1783710 439
1783720 440
1783730 441
1783740 441
1783750 442
1783760 443
1783770 443
1783780 444
1783790 445
1783800 445
1783810 445
1783820 444
1783830 443
1783840 442
1783850 443
1783860 444
1783870 445
1783880 446
1783890 446
1783900 447
1783910 447
1783920 447
1783930 447
1783940 447
1783950 448
1783960 448
1783970 448
1783980 449
1783990 449
1784000 449
1784010 449
1784020 449
1784030 449
1784040 448
1784050 448
1784060 448
1784070 448
1784080 448
1784090 448
1784100 447
1784110 447
1784120 448
1784130 448
1784140 448
1784150 448
1784160 448
1784170 448
1784180 449
1784190 450
1784200 451
1784210 452
1784220 452
1784230 453
1784240 454
1784250 454
1784260 454
1784270 454
1784280 454
1784290 455
1784300 456
1784310 457
1784320 459
1784330 460
1784340 462
1784350 463
1784360 463
1784370 464
1784380 465
1784390 465
1784400 466
1784410 467
1784420 467
1784430 468
1784440 468
1784450 469
1784460 470
1784470 470
1784480 471
1784490 472
1784500 472
1784510 473
1784520 473
1784530 473
1784540 473
1784550 473
1784560 473
1784570 473
1784580 473
1784590 473
1784600 473
1784610 473
1784620 472
1784630 472
1784640 471
1784650 471
1784660 470
1784670 469
1784680 468
1784690 467
1784700 466
1784710 465
1784720 463
1784730 461
1784740 460
1784750 459
1784760 458
1784770 457
1784780 456
1784790 456
1784800 456
1784810 458
1784820 459
1784830 461
1784840 463
1784850 466
1784860 469
1784870 471
1784880 473
1784890 475
1784900 477
1784910 478
1784920 479
1784930 480
1784940 480
1784950 481
1784960 481
1784970 482
1784980 484
1784990 486
1785000 489
1785010 492
1785020 494
1785030 497
1785040 499
1785050 502
1785060 504
1785070 507
1785080 509
1785090 512
1785100 514
1785110 517
1785120 519
1785130 521
1785140 523
1785150 525
1785160 527
1785170 529
1785180 531
1785190 532
1785200 534
1785210 536
1785220 537
1785230 539
1785240 540
1785250 541
1785260 542
1785270 544
1785280 546
1785290 548
1785300 550
1785310 553
1785320 555
1785330 557
1785340 559
1785350 561
1785360 563
1785370 564
1785380 566
1785390 567
1785400 569
1785410 570
1785420 571
1785430 572
1785440 573
1785450 574
1785460 576
1785470 577
1785480 578
1785490 578
1785500 579
1785510 580
1785520 581
1785530 581
1785540 582
1785550 582
1785560 582
1785570 582
1785580 583
1785590 583
1785600 582
1785610 582
1785620 581
1785630 581
1785640 580
1785650 580
1785660 579
1785670 579
1785680 578
1785690 578
1785700 578
1785710 577
1785720 577
1785730 577
1785740 577
1785750 576
1785760 575
1785770 574
1785780 573
1785790 571
1785800 570
1785810 569
1785820 567
1785830 566
1785840 564
1785850 563
1785860 561
1785870 560
1785880 559
1785890 558
1785900 557
1785910 556
1785920 555
1785930 555
1785940 554
1785950 553
1785960 553
1785970 553
1785980 553
1785990 552
1786000 552
1786010 551
1786020 551
1786030 550
1786040 549
1786050 548
1786060 547
1786070 547
1786080 546
1786090 545
1786100 543
1786110 542
1786120 541
1786130 540
1786140 539
1786150 538
1786160 537
1786170 535
1786180 534
1786190 533
1786200 532
1786210 531
1786220 530
1786230 529
1786240 528
1786250 527
1786260 525
1786270 524
1786280 523
1786290 523
1786300 522
1786310 521
1786320 520
1786330 518
1786340 517
1786350 515
1786360 512
1786370 509
1786380 506
1786390 504
1786400 502
1786410 503
1786420 504
1786430 505
1786440 505
1786450 505
1786460 505
1786470 505
1786480 504
1786490 504
1786500 503
1786510 502
1786520 501
1786530 499
1786540 497
1786550 495
1786560 494
1786570 495
1786580 496
1786590 496
1786600 496
1786610 495
1786620 494
1786630 493
1786640 493
1786650 491
1786660 490
1786670 489
1786680 488
1786690 486
1786700 485
1786710 484
1786720 483
1786730 482
1786740 481
1786750 481
1786760 481
1786770 481
1786780 481
1786790 480
1786800 479
1786810 478
1786820 477
1786830 477
1786840 476
1786850 475
1786860 474
1786870 472
1786880 470
1786890 467
1786900 465
1786910 463
1786920 463
1786930 462
1786940 462
1786950 462
1786960 462
1786970 462
1786980 462
1786990 463
1787000 463
1787010 464
1787020 464
1787030 464
1787040 463
1787050 463
1787060 463
1787070 463
1787080 463
1787090 463
1787100 463
1787110 463
1787120 463
1787130 463
1787140 463
1787150 463
1787160 463
1787170 464
1787180 464
1787190 465
1787200 466
1787210 467
1787220 468
1787230 469
1787240 470
1787250 471
1787260 473
1787270 475
1787280 476
1787290 478
1787300 479
1787310 481
1787320 483
1787330 484
1787340 486
1787350 487
1787360 488
1787370 488
1787380 489
1787390 490
1787400 490
1787410 492
1787420 493
1787430 494
1787440 495
1787450 497
1787460 498
1787470 499
1787480 500
1787490 500
1787500 500
1787510 500
1787520 500
1787530 499
1787540 497
1787550 496
1787560 494
1787570 492
1787580 490
1787590 488
1787600 485
1787610 483
1787620 480
1787630 478
1787640 475
1787650 472
1787660 469
1787670 466
1787680 464
1787690 461
1787700 459
1787710 456
1787720 454
1787730 452
1787740 451
1787750 452
1787760 452
1787770 453
1787780 454
1787790 455
1787800 457
1787810 459
1787820 462
1787830 464
1787840 466
1787850 468
1787860 471
1787870 473
1787880 476
1787890 479
1787900 481
1787910 484
1787920 487
1787930 489
1787940 492
1787950 494
1787960 495
1787970 495
1787980 495
1787990 495
1788000 495
1788010 494
1788020 493
1788030 493
1788040 494
1788050 495
1788060 497
1788070 498
1788080 500
1788090 502
1788100 504
1788110 506
1788120 508
1788130 511
1788140 514
1788150 517
1788160 519
1788170 522
1788180 524
1788190 526
1788200 527
1788210 527
1788220 526
1788230 524
1788240 523
1788250 522
1788260 521
1788270 520
1788280 519
1788290 518
1788300 517
1788310 516
1788320 514
1788330 514
1788340 513
1788350 512
1788360 511
1788370 509
1788380 508
1788390 506
1788400 505
1788410 503
1788420 502
1788430 500
1788440 499
1788450 498
1788460 496
1788470 495
1788480 494
1788490 492
1788500 490
1788510 488
1788520 487
1788530 486
1788540 485
1788550 485
1788560 485
1788570 486
1788580 487
1788590 488
1788600 488
1788610 488
1788620 488
1788630 488
1788640 488
1788650 488
1788660 488
1788670 488
1788680 488
1788690 488
1788700 488
1788710 488
1788720 488
1788730 487
1788740 486
1788750 485
1788760 484
1788770 483
1788780 483
1788790 482
1788800 481
1788810 479
1788820 478
1788830 477
1788840 475
1788850 474
1788860 472
1788870 471
1788880 470
1788890 468
1788900 467
1788910 466
1788920 465
1788930 463
1788940 462
1788950 461
1788960 460
1788970 458
1788980 457
1788990 456
1789000 454
1789010 453
1789020 452
1789030 451
1789040 451
1789050 451
1789060 452
1789070 453
1789080 455
1789090 457
1789100 459
1789110 461
1789120 463
1789130 465
1789140 466
1789150 467
1789160 468
1789170 469
1789180 470
1789190 470
1789200 469
1789210 467
1789220 466
1789230 466
1789240 465
1789250 465
1789260 465
1789270 464
1789280 463
1789290 463
1789300 463
1789310 462
1789320 462
1789330 462
1789340 461
1789350 461
1789360 461
1789370 461
1789380 461
1789390 460
1789400 460
1789410 461
1789420 462
1789430 463
1789440 464
1789450 465
1789460 466
1789470 467
1789480 468
1789490 469
1789500 469
1789510 469
1789520 469
1789530 470
1789540 469
1789550 470
1789560 471
1789570 471
1789580 472
1789590 473
1789600 473
1789610 475
1789620 476
1789630 478
1789640 480
1789650 482
1789660 483
1789670 485
1789680 487
1789690 488
1789700 490
1789710 491
1789720 493
1789730 494
1789740 495
1789750 497
1789760 498
1789770 499
1789780 500
1789790 502
1789800 503
1789810 504
1789820 504
1789830 505
1789840 506
1789850 507
1789860 508
1789870 508
1789880 509
1789890 510
1789900 511
1789910 512
1789920 512
1789930 513
1789940 513
1789950 513
1789960 513
1789970 513
1789980 513
1789990 514
1790000 514
1790010 515
1790020 515
1790030 515
1790040 515
1790050 516
1790060 515
1790070 515
1790080 514
1790090 514
1790100 514
1790110 514
1790120 514
1790130 514
1790140 514
1790150 514
1790160 514
1790170 514
1790180 513
1790190 513
1790200 512
1790210 512
1790220 511
1790230 510
1790240 510
1790250 509
1790260 509
1790270 508
1790280 508
1790290 507
1790300 507
1790310 506
1790320 506
1790330 505
1790340 504
1790350 503
1790360 502
1790370 501
1790380 500
1790390 499
1790400 498
1790410 497
1790420 497
1790430 496
1790440 495
1790450 493
1790460 493
1790470 492
1790480 491
1790490 491
1790500 490
1790510 490
1790520 489
1790530 489
1790540 488
1790550 488
1790560 488
1790570 488
1790580 488
1790590 488
1790600 488
1790610 488
1790620 488
1790630 487
1790640 487
1790650 486
1790660 485
1790670 485
1790680 484
1790690 484
1790700 483
1790710 482
1790720 481
1790730 480
1790740 479
1790750 479
1790760 478
1790770 478
1790780 477
1790790 477
1790800 476
1790810 475
1790820 474
1790830 473
1790840 471
1790850 469
1790860 467
1790870 465
1790880 462
1790890 460
1790900 459
1790910 458
1790920 457
1790930 458
1790940 458
1790950 459
1790960 459
1790970 459
1790980 458
1790990 458
1791000 457
1791010 456
1791020 455
1791030 453
1791040 452
1791050 451
1791060 450
1791070 449
1791080 448
1791090 448
1791100 447
1791110 446
1791120 445
1791130 444
1791140 443
1791150 442
1791160 441
1791170 441
1791180 440
1791190 439
1791200 438
1791210 437
1791220 436
1791230 436
1791240 435
1791250 434
1791260 433
1791270 432
1791280 431
1791290 430
1791300 429
1791310 427
1791320 427
1791330 426
1791340 425
1791350 424
1791360 424
1791370 423
1791380 422
1791390 421
1791400 421
1791410 420
1791420 420
1791430 420
1791440 420
1791450 419
1791460 419
1791470 419
1791480 419
1791490 418
1791500 418
1791510 418
1791520 417
1791530 417
1791540 417
1791550 417
1791560 416
1791570 416
1791580 416
1791590 416
1791600 416
1791610 416
1791620 416
1791630 415
1791640 415
1791650 415
1791660 416
1791670 416
1791680 416
1791690 416
1791700 416
1791710 417
1791720 417
1791730 417
1791740 417
1791750 416
1791760 416
1791770 416
1791780 415
1791790 415
1791800 413
1791810 412
1791820 410
1791830 410
1791840 409
1791850 409
1791860 410
1791870 410
1791880 410
1791890 411
1791900 411
1791910 411
1791920 411
1791930 411
1791940 411
1791950 411
1791960 412
1791970 413
1791980 415
1791990 419
1792000 422
1792010 426
1792020 430
1792030 434
1792040 438
1792050 442
1792060 446
1792070 450
1792080 452
1792090 454
1792100 455
1792110 455
1792120 456
1792130 457
1792140 458
1792150 458
1792160 458
1792170 458
1792180 458
1792190 458
1792200 459
1792210 459
1792220 459
1792230 459
1792240 459
1792250 459
1792260 458
1792270 458
1792280 457
1792290 457
1792300 456
1792310 456
1792320 456
1792330 456
1792340 456
1792350 456
1792360 457
1792370 457
1792380 457
1792390 457
1792400 457
1792410 458
1792420 458
1792430 458
1792440 458
1792450 459
1792460 459
1792470 459
1792480 459
1792490 459
1792500 459
1792510 459
1792520 459
1792530 459
1792540 459
1792550 460
1792560 460
1792570 460
1792580 460
1792590 460
1792600 459
1792610 459
1792620 459
1792630 459
1792640 459
1792650 459
1792660 458
1792670 458
1792680 458
1792690 457
1792700 457
1792710 457
1792720 456
1792730 456
1792740 455
1792750 455
1792760 455
1792770 454
1792780 454
1792790 454
1792800 453
1792810 453
1792820 453
1792830 452
1792840 452
1792850 452
1792860 452
1792870 451
1792880 451
1792890 450
1792900 449
1792910 448
1792920 447
1792930 446
1792940 444
1792950 443
1792960 441
1792970 438
1792980 436
1792990 434
1793000 432
1793010 431
1793020 429
1793030 428
1793040 427
1793050 427
1793060 427
1793070 427
1793080 427
1793090 427
1793100 427
1793110 427
1793120 428
1793130 429
1793140 429
1793150 430
1793160 430
1793170 431
1793180 434
1793190 436
1793200 439
1793210 442
1793220 444
1793230 446
1793240 449
1793250 451
1793260 453
1793270 454
1793280 456
1793290 458
1793300 459
1793310 460
1793320 462
1793330 463
1793340 463
1793350 464
1793360 464
1793370 465
1793380 465
1793390 465
1793400 466
1793410 466
1793420 466
1793430 466
1793440 466
1793450 467
1793460 467
1793470 468
1793480 468
1793490 468
1793500 469
1793510 469
1793520 470
1793530 470
1793540 471
1793550 472
1793560 472
1793570 473
1793580 474
1793590 475
1793600 477
1793610 478
1793620 479
1793630 480
1793640 481
1793650 483
1793660 484
1793670 484
1793680 485
1793690 486
1793700 487
1793710 487
1793720 488
1793730 488
1793740 489
1793750 489
1793760 489
1793770 489
1793780 490
1793790 490
1793800 490
1793810 490
1793820 490
1793830 490
1793840 490
1793850 490
1793860 489
1793870 489
1793880 488
1793890 488
1793900 488
1793910 487
1793920 487
1793930 486
1793940 486
1793950 486
1793960 485
1793970 485
1793980 485
1793990 484
1794000 484
1794010 484
1794020 484
1794030 483
1794040 483
1794050 484
1794060 484
1794070 484
1794080 484
1794090 484
1794100 484
1794110 484
1794120 483
1794130 483
1794140 483
1794150 483
1794160 482
1794170 482
1794180 482
1794190 482
1794200 482
1794210 483
1794220 483
1794230 483
1794240 483
1794250 483
1794260 483
1794270 482
1794280 482
1794290 482
1794300 481
1794310 481
1794320 481
1794330 480
1794340 480
1794350 479
1794360 479
1794370 478
1794380 478
1794390 477
1794400 476
1794410 475
1794420 474
1794430 474
1794440 473
1794450 473
1794460 472
1794470 472
1794480 471
1794490 471
1794500 471
1794510 470
1794520 470
1794530 470
1794540 469
1794550 469
1794560 469
1794570 468
1794580 468
1794590 468
1794600 467
1794610 467
1794620 467
1794630 466
1794640 466
1794650 466
1794660 465
1794670 465
1794680 465
1794690 464
1794700 464
1794710 464
1794720 464
1794730 464
1794740 464
1794750 464
1794760 464
1794770 464
1794780 464
1794790 464
1794800 464
1794810 464
1794820 464
1794830 464
1794840 465
1794850 465
1794860 465
1794870 466
1794880 466
1794890 466
1794900 466
1794910 466
1794920 466
1794930 466
1794940 466
1794950 466
1794960 466
1794970 466
1794980 466
1794990 466
1795000 466
1795010 467
1795020 467
1795030 467
1795040 467
1795050 467
1795060 467
1795070 468
1795080 468
1795090 469
1795100 469
1795110 470
1795120 471
1795130 472
1795140 473
1795150 473
1795160 474
1795170 474
1795180 475
1795190 476
1795200 476
1795210 477
1795220 478
1795230 479
1795240 480
1795250 481
1795260 482
1795270 482
1795280 482
1795290 482
1795300 483
1795310 483
1795320 483
1795330 483
1795340 483
1795350 484
1795360 485
1795370 486
1795380 486
1795390 487
1795400 487
1795410 488
1795420 489
1795430 489
1795440 490
1795450 490
1795460 491
1795470 491
1795480 492
1795490 493
1795500 493
1795510 494
1795520 495
1795530 495
1795540 496
1795550 496
1795560 497
1795570 497
1795580 497
1795590 498
1795600 498
1795610 499
1795620 499
1795630 499
1795640 500
1795650 500
1795660 501
1795670 501
1795680 501
1795690 501
1795700 501
1795710 501
1795720 501
1795730 501
1795740 501
1795750 501
1795760 501
1795770 501
1795780 501
1795790 501
1795800 501
1795810 502
1795820 502
1795830 502
1795840 502
1795850 502
1795860 502
1795870 502
1795880 503
1795890 503
1795900 503
1795910 503
1795920 503
1795930 503
1795940 503
1795950 503
1795960 503
1795970 503
1795980 504
1795990 505
1796000 505
1796010 506
1796020 506
1796030 506
1796040 507
1796050 507
1796060 507
1796070 507
1796080 507
1796090 507
1796100 507
1796110 507
1796120 507
1796130 507
1796140 507
1796150 507
1796160 506
1796170 506
1796180 506
1796190 506
1796200 506
1796210 506
1796220 506
1796230 506
1796240 506
1796250 505
1796260 505
1796270 505
1796280 504
1796290 504
1796300 503
1796310 503
1796320 502
1796330 501
1796340 500
1796350 499
1796360 498
1796370 497
1796380 496
1796390 494
1796400 492
1796410 489
1796420 487
1796430 484
1796440 482
1796450 481
1796460 481
1796470 480
1796480 479
1796490 478
1796500 477
1796510 477
1796520 477
1796530 478
1796540 478
1796550 479
1796560 479
1796570 479
1796580 480
1796590 481
1796600 482
1796610 482
1796620 483
1796630 483
1796640 484
1796650 484
1796660 484
1796670 484
1796680 483
1796690 484
1796700 484
1796710 485
1796720 486
1796730 486
1796740 486
1796750 485
1796760 485
1796770 484
1796780 483
1796790 482
1796800 480
1796810 478
1796820 476
1796830 474
1796840 472
1796850 469
1796860 467
1796870 464
1796880 462
1796890 461
1796900 460
1796910 459
1796920 458
1796930 457
1796940 456
1796950 455
1796960 454
1796970 453
1796980 451
1796990 450
1797000 448
1797010 447
1797020 444
1797030 442
1797040 439
1797050 438
1797060 438
1797070 439
1797080 440
1797090 440
1797100 440
1797110 440
1797120 439
1797130 439
1797140 439
1797150 439
1797160 439
1797170 439
1797180 438
1797190 438
1797200 437
1797210 437
1797220 437
1797230 438
1797240 439
1797250 440
1797260 440
1797270 442
1797280 443
1797290 445
1797300 446
1797310 447
1797320 448
1797330 449
1797340 450
1797350 451
1797360 453
1797370 454
1797380 455
1797390 457
1797400 458
1797410 461
1797420 463
1797430 464
1797440 466
1797450 468
1797460 469
1797470 471
1797480 473
1797490 474
1797500 475
1797510 477
1797520 478
1797530 479
1797540 481
1797550 482
1797560 483
1797570 485
1797580 486
1797590 487
1797600 488
1797610 488
1797620 489
1797630 490
1797640 491
1797650 491
1797660 491
1797670 492
1797680 492
1797690 493
1797700 493
1797710 494
1797720 494
1797730 495
1797740 497
1797750 500
1797760 502
1797770 505
1797780 507
1797790 508
1797800 509
1797810 509
1797820 509
1797830 508
1797840 508
1797850 507
1797860 506
1797870 506
1797880 505
1797890 504
1797900 504
1797910 503
1797920 503
1797930 502
1797940 501
1797950 500
1797960 499
1797970 498
1797980 498
1797990 497
1798000 496
1798010 495
1798020 495
1798030 494
1798040 494
1798050 493
1798060 492
1798070 492
1798080 491
1798090 490
1798100 490
1798110 489
1798120 488
1798130 487
1798140 485
1798150 484
1798160 482
1798170 480
1798180 478
1798190 477
1798200 475
1798210 473
1798220 470
1798230 468
1798240 466
1798250 465
1798260 464
1798270 462
1798280 461
1798290 460
1798300 458
1798310 456
1798320 455
1798330 454
1798340 453
1798350 453
1798360 453
1798370 454
1798380 454
1798390 454
1798400 454
1798410 454
1798420 454
1798430 454
1798440 453
1798450 453
1798460 453
1798470 453
1798480 452
1798490 452
1798500 452
1798510 451
1798520 451
1798530 450
1798540 450
1798550 449
1798560 449
1798570 448
1798580 448
1798590 447
1798600 446
1798610 445
1798620 445
1798630 444
1798640 443
1798650 442
1798660 440
1798670 440
1798680 440
1798690 441
1798700 442
1798710 442
1798720 442
1798730 442
1798740 442
1798750 442
1798760 442
1798770 441
1798780 441
1798790 441
1798800 441
1798810 441
1798820 441
1798830 441
1798840 441
1798850 441
1798860 441
1798870 441
1798880 440
1798890 440
1798900 440
1798910 441
1798920 441
1798930 441
1798940 441
1798950 442
1798960 442
1798970 442
1798980 442
1798990 443
1799000 443
1799010 443
1799020 443
1799030 443
1799040 443
1799050 443
1799060 443
1799070 442
1799080 442
1799090 441
1799100 440
1799110 439
1799120 438
1799130 438
1799140 436
1799150 435
1799160 434
1799170 433
1799180 431
1799190 430
1799200 429
1799210 428
1799220 427
1799230 427
1799240 426
1799250 426
1799260 425
1799270 425
1799280 424
1799290 424
1799300 423
1799310 423
1799320 423
1799330 423
1799340 422
1799350 422
1799360 421
1799370 421
1799380 420
1799390 419
1799400 418
1799410 417
1799420 417
1799430 416
1799440 415
1799450 415
1799460 414
1799470 413
1799480 412
1799490 410
1799500 409
1799510 409
1799520 408
1799530 408
1799540 408
1799550 407
1799560 406
1799570 406
1799580 405
1799590 404
1799600 403
1799610 402
1799620 400
1799630 399
1799640 396
1799650 395
1799660 395
1799670 395
1799680 395
1799690 394
1799700 393
1799710 392
1799720 391
1799730 390
1799740 389
1799750 388
1799760 387
1799770 387
1799780 386
1799790 386
1799800 385
1799810 384
1799820 384
1799830 383
1799840 383
1799850 383
1799860 383
1799870 383
1799880 382
1799890 381
1799900 381
1799910 379
1799920 378
1799930 376
1799940 374
1799950 372
1799960 371
1799970 371
1799980 371
1799990 372
