1780000 512
1780010 512
1780020 513
1780030 513
1780040 514
1780050 514
1780060 514
1780070 515
1780080 516
1780090 517
1780100 517
1780110 518
1780120 518
1780130 518
1780140 519
1780150 519
1780160 519
1780170 520
1780180 520
1780190 521
1780200 522
1780210 522
1780220 523
1780230 523
1780240 524
1780250 525
1780260 525
1780270 526
1780280 527
1780290 528
1780300 529
1780310 530
1780320 530
1780330 531
1780340 531
1780350 531
1780360 532
1780370 532
1780380 532
1780390 533
1780400 533
1780410 534
1780420 534
1780430 534
1780440 534
1780450 535
1780460 535
1780470 535
1780480 535
1780490 535
1780500 535
1780510 535
1780520 536
1780530 536
1780540 536
1780550 537
1780560 537
1780570 537
1780580 537
1780590 538
1780600 538
1780610 538
1780620 538
1780630 538
1780640 538
1780650 538
1780660 538
1780670 538
1780680 538
1780690 538
1780700 538
1780710 538
1780720 538
1780730 538
1780740 538
1780750 538
1780760 537
1780770 537
1780780 537
1780790 537
1780800 537
1780810 537
1780820 537
1780830 537
1780840 537
1780850 536
1780860 536
1780870 536
1780880 535
1780890 535
1780900 535
1780910 534
1780920 534
1780930 533
1780940 533
1780950 532
1780960 532
1780970 531
1780980 531
1780990 530
1781000 530
1781010 529
1781020 528
1781030 528
1781040 527
1781050 527
1781060 526
1781070 525
1781080 525
1781090 524
1781100 523
1781110 522
1781120 522
1781130 521
1781140 520
1781150 520
1781160 519
1781170 519
1781180 518
1781190 517
1781200 516
1781210 515
1781220 515
1781230 514
1781240 513
1781250 513
1781260 512
1781270 511
1781280 511
1781290 510
1781300 509
1781310 508
1781320 508
1781330 507
1781340 506
1781350 505
1781360 504
1781370 504
1781380 503
1781390 502
1781400 501
1781410 500
1781420 499
1781430 499
1781440 498
1781450 497
1781460 496
1781470 495
1781480 495
1781490 494
1781500 493
1781510 492
1781520 491
1781530 490
1781540 489
1781550 488
1781560 487
1781570 486
1781580 485
1781590 484
1781600 483
1781610 482
1781620 481
1781630 480
1781640 479
1781650 478
1781660 477
1781670 477
1781680 476
1781690 475
1781700 474
1781710 473
1781720 472
1781730 471
1781740 470
1781750 469
1781760 469
1781770 468
1781780 467
1781790 467
1781800 466
1781810 465
1781820 464
1781830 463
1781840 462
1781850 461
1781860 460
1781870 459
1781880 458
1781890 458
1781900 457
1781910 456
1781920 456
1781930 455
1781940 454
1781950 454
1781960 453
1781970 452
1781980 452
1781990 451
1782000 450
1782010 449
1782020 448
1782030 446
1782040 445
1782050 445
1782060 444
1782070 444
1782080 443
1782090 443
1782100 442
1782110 441
1782120 440
1782130 440
1782140 439
1782150 439
1782160 439
1782170 438
1782180 438
1782190 438
1782200 438
1782210 438
1782220 438
1782230 438
1782240 439
1782250 440
1782260 439
1782270 439
1782280 438
1782290 439
1782300 440
1782310 442
1782320 443
1782330 444
1782340 445
1782350 446
1782360 447
1782370 447
1782380 448
1782390 448
1782400 448
1782410 448
1782420 448
1782430 448
1782440 448
1782450 448
1782460 447
1782470 446
1782480 446
1782490 445
1782500 445
1782510 444
1782520 444
1782530 443
1782540 441
1782550 439
1782560 439
1782570 439
1782580 439
1782590 440
1782600 441
1782610 442
1782620 444
1782630 446
1782640 447
1782650 449
1782660 450
1782670 451
1782680 453
1782690 454
1782700 455
1782710 455
1782720 456
1782730 457
1782740 458
1782750 459
1782760 460
1782770 460
1782780 461
1782790 462
1782800 463
1782810 464
1782820 464
1782830 465
1782840 465
1782850 466
1782860 466
1782870 466
1782880 467
1782890 467
1782900 467
1782910 467
1782920 467
1782930 467
1782940 467
1782950 467
1782960 468
1782970 468
1782980 468
1782990 468
1783000 468
1783010 468
1783020 468
1783030 468
1783040 468
1783050 468
1783060 468
1783070 468
1783080 468
1783090 468
1783100 467
1783110 467
1783120 467
1783130 467
1783140 467
1783150 467
1783160 466
1783170 466
1783180 466
1783190 465
1783200 465
1783210 465
1783220 465
1783230 465
1783240 464
1783250 464
1783260 464
1783270 464
1783280 464
1783290 464
1783300 464
1783310 463
1783320 463
1783330 463
1783340 463
1783350 463
1783360 462
1783370 462
1783380 462
1783390 462
1783400 462
1783410 462
1783420 462
1783430 462
1783440 462
1783450 462
1783460 461
1783470 461
1783480 461
1783490 461
1783500 460
1783510 460
1783520 460
1783530 460
1783540 460
1783550 460
1783560 459
1783570 459
1783580 459
1783590 459
1783600 459
1783610 459
1783620 459
1783630 459
1783640 458
1783650 458
1783660 458
1783670 458
1783680 458
1783690 458
1783700 458
1783710 458
1783720 458
1783730 457
1783740 457
1783750 457
1783760 457
1783770 457
1783780 456
1783790 456
1783800 456
1783810 456
1783820 455
1783830 455
1783840 455
1783850 455
1783860 454
1783870 454
1783880 454
1783890 453
1783900 453
1783910 453
1783920 452
1783930 452
1783940 452
1783950 452
1783960 451
1783970 451
1783980 451
1783990 450
1784000 450
1784010 450
1784020 450
1784030 449
1784040 449
1784050 449
1784060 449
1784070 449
1784080 448
1784090 448
1784100 448
1784110 448
1784120 448
1784130 448
1784140 447
1784150 447
1784160 447
1784170 447
1784180 447
1784190 447
1784200 446
1784210 446
1784220 446
1784230 446
1784240 446
1784250 445
1784260 444
1784270 442
1784280 441
1784290 441
1784300 441
1784310 441
1784320 442
1784330 443
1784340 445
1784350 446
1784360 447
1784370 448
1784380 449
1784390 450
1784400 452
1784410 453
1784420 455
1784430 457
1784440 458
1784450 460
1784460 461
1784470 463
1784480 464
1784490 464
1784500 464
1784510 464
1784520 464
1784530 463
1784540 462
1784550 461
1784560 460
1784570 459
1784580 458
1784590 458
1784600 457
1784610 456
1784620 455
1784630 455
1784640 454
1784650 452
1784660 451
1784670 450
1784680 449
1784690 447
1784700 445
1784710 443
1784720 440
1784730 439
1784740 439
1784750 439
1784760 439
1784770 439
1784780 439
1784790 439
1784800 439
1784810 438
1784820 437
1784830 437
1784840 439
1784850 441
1784860 442
1784870 443
1784880 444
1784890 446
1784900 449
1784910 451
1784920 453
1784930 456
1784940 458
1784950 460
1784960 461
1784970 463
1784980 464
1784990 466
1785000 468
1785010 470
1785020 471
1785030 472
1785040 473
1785050 474
1785060 475
1785070 476
1785080 476
1785090 477
1785100 477
1785110 477
1785120 478
1785130 478
1785140 479
1785150 480
1785160 481
1785170 482
1785180 483
1785190 484
1785200 486
1785210 488
1785220 489
1785230 491
1785240 492
1785250 493
1785260 494
1785270 494
1785280 494
1785290 496
1785300 498
1785310 500
1785320 502
1785330 504
1785340 506
1785350 508
1785360 510
1785370 512
1785380 513
1785390 515
1785400 517
1785410 518
1785420 519
1785430 520
1785440 521
1785450 521
1785460 522
1785470 523
1785480 524
1785490 525
1785500 526
1785510 528
1785520 529
1785530 530
1785540 531
1785550 532
1785560 533
1785570 534
1785580 534
1785590 535
1785600 535
1785610 536
1785620 537
1785630 537
1785640 538
1785650 539
1785660 540
1785670 540
1785680 541
1785690 540
1785700 540
1785710 540
1785720 539
1785730 539
1785740 539
1785750 539
1785760 538
1785770 538
1785780 538
1785790 537
1785800 537
1785810 537
1785820 537
1785830 538
1785840 539
1785850 539
1785860 539
1785870 540
1785880 540
1785890 540
1785900 540
1785910 540
1785920 540
1785930 540
1785940 540
1785950 540
1785960 540
1785970 539
1785980 539
1785990 540
1786000 541
1786010 542
1786020 542
1786030 543
1786040 542
1786050 542
1786060 542
1786070 542
1786080 543
1786090 544
1786100 545
1786110 546
1786120 546
1786130 547
1786140 547
1786150 548
1786160 549
1786170 550
1786180 552
1786190 555
1786200 557
1786210 559
1786220 561
1786230 563
1786240 564
1786250 565
1786260 566
1786270 567
1786280 567
1786290 568
1786300 569
1786310 569
1786320 570
1786330 571
1786340 572
1786350 572
1786360 573
1786370 574
1786380 575
1786390 576
1786400 577
1786410 578
1786420 578
1786430 579
1786440 579
1786450 580
1786460 580
1786470 580
1786480 581
1786490 581
1786500 581
1786510 581
1786520 581
1786530 581
1786540 581
1786550 581
1786560 581
1786570 582
1786580 582
1786590 582
1786600 583
1786610 582
1786620 582
1786630 582
1786640 582
1786650 582
1786660 582
1786670 582
1786680 582
1786690 582
1786700 583
1786710 583
1786720 583
1786730 584
1786740 584
1786750 585
1786760 585
1786770 586
1786780 585
1786790 585
1786800 586
1786810 588
1786820 589
1786830 591
1786840 592
1786850 594
1786860 595
1786870 597
1786880 599
1786890 600
1786900 602
1786910 603
1786920 604
1786930 606
1786940 607
1786950 608
1786960 610
1786970 611
1786980 612
1786990 614
1787000 615
1787010 617
1787020 618
1787030 619
1787040 620
1787050 620
1787060 620
1787070 620
1787080 619
1787090 619
1787100 619
1787110 619
1787120 619
1787130 618
1787140 618
1787150 618
1787160 618
1787170 617
1787180 617
1787190 617
1787200 617
1787210 617
1787220 617
1787230 617
1787240 617
1787250 617
1787260 617
1787270 617
1787280 618
1787290 618
1787300 618
1787310 618
1787320 618
1787330 619
1787340 619
1787350 619
1787360 619
1787370 619
1787380 619
1787390 619
1787400 619
1787410 619
1787420 619
1787430 619
1787440 619
1787450 619
1787460 619
1787470 620
1787480 620
1787490 620
1787500 620
1787510 619
1787520 619
1787530 619
1787540 619
1787550 618
1787560 618
1787570 618
1787580 617
1787590 617
1787600 616
1787610 616
1787620 615
1787630 614
1787640 614
1787650 613
1787660 612
1787670 612
1787680 611
1787690 610
1787700 609
1787710 609
1787720 608
1787730 607
1787740 606
1787750 605
1787760 605
1787770 605
1787780 604
1787790 604
1787800 603
1787810 603
1787820 602
1787830 601
1787840 600
1787850 599
1787860 599
1787870 599
1787880 599
1787890 599
1787900 599
1787910 599
1787920 598
1787930 598
1787940 597
1787950 597
1787960 597
1787970 596
1787980 596
1787990 596
1788000 596
1788010 597
1788020 597
1788030 597
1788040 597
1788050 597
1788060 597
1788070 597
1788080 597
1788090 597
1788100 597
1788110 597
1788120 598
1788130 598
1788140 598
1788150 598
1788160 598
1788170 598
1788180 597
1788190 596
1788200 595
1788210 594
1788220 593
1788230 592
1788240 592
1788250 591
1788260 591
1788270 591
1788280 590
1788290 589
1788300 588
1788310 588
1788320 588
1788330 588
1788340 588
1788350 587
1788360 587
1788370 586
1788380 585
1788390 585
1788400 584
1788410 584
1788420 584
1788430 583
1788440 583
1788450 583
1788460 584
1788470 584
1788480 585
1788490 585
1788500 586
1788510 586
1788520 585
1788530 585
1788540 585
1788550 585
1788560 584
1788570 584
1788580 583
1788590 583
1788600 583
1788610 582
1788620 582
1788630 582
1788640 581
1788650 581
1788660 580
1788670 580
1788680 580
1788690 580
1788700 580
1788710 580
1788720 580
1788730 579
1788740 579
1788750 578
1788760 578
1788770 577
1788780 577
1788790 577
1788800 577
1788810 576
1788820 576
1788830 575
1788840 574
1788850 573
1788860 573
1788870 572
1788880 571
1788890 570
1788900 570
1788910 569
1788920 569
1788930 569
1788940 568
1788950 568
1788960 568
1788970 567
1788980 566
1788990 566
1789000 565
1789010 564
1789020 563
1789030 563
1789040 562
1789050 561
1789060 559
1789070 559
1789080 559
1789090 559
1789100 560
1789110 561
1789120 560
1789130 559
1789140 558
1789150 557
1789160 556
1789170 555
1789180 554
1789190 553
1789200 552
1789210 552
1789220 551
1789230 549
1789240 548
1789250 547
1789260 546
1789270 545
1789280 543
1789290 542
1789300 541
1789310 540
1789320 539
1789330 538
1789340 537
1789350 536
1789360 535
1789370 534
1789380 533
1789390 533
1789400 532
1789410 531
1789420 530
1789430 528
1789440 527
1789450 526
1789460 524
1789470 523
1789480 521
1789490 519
1789500 517
1789510 515
1789520 514
1789530 513
1789540 512
1789550 510
1789560 509
1789570 508
1789580 506
1789590 505
1789600 504
1789610 503
1789620 502
1789630 501
1789640 500
1789650 500
1789660 499
1789670 499
1789680 498
1789690 498
1789700 497
1789710 497
1789720 496
1789730 494
1789740 493
1789750 492
1789760 491
1789770 489
1789780 488
1789790 487
1789800 486
1789810 485
1789820 484
1789830 482
1789840 480
1789850 477
1789860 475
1789870 472
1789880 471
1789890 471
1789900 470
1789910 470
1789920 470
1789930 470
1789940 470
1789950 470
1789960 470
1789970 471
1789980 471
1789990 472
1790000 473
1790010 473
1790020 474
1790030 476
1790040 477
1790050 479
1790060 480
1790070 482
1790080 484
1790090 486
1790100 488
1790110 490
1790120 492
1790130 494
1790140 496
1790150 498
1790160 500
1790170 501
1790180 503
1790190 504
1790200 505
1790210 506
1790220 507
1790230 508
1790240 509
1790250 510
1790260 511
1790270 512
1790280 513
1790290 514
1790300 514
1790310 515
1790320 516
1790330 516
1790340 517
1790350 518
1790360 518
1790370 518
1790380 519
1790390 518
1790400 518
1790410 518
1790420 517
1790430 516
1790440 514
1790450 514
1790460 514
1790470 514
1790480 515
1790490 516
1790500 517
1790510 517
1790520 518
1790530 518
1790540 517
1790550 516
1790560 515
1790570 514
1790580 513
1790590 512
1790600 511
1790610 510
1790620 509
1790630 509
1790640 508
1790650 508
1790660 507
1790670 506
1790680 503
1790690 500
1790700 497
1790710 495
1790720 494
1790730 494
1790740 495
1790750 496
1790760 496
1790770 496
1790780 497
1790790 498
1790800 500
1790810 501
1790820 503
1790830 504
1790840 505
1790850 506
1790860 507
1790870 508
1790880 509
1790890 510
1790900 510
1790910 510
1790920 510
1790930 510
1790940 510
1790950 509
1790960 509
1790970 508
1790980 507
1790990 505
1791000 504
1791010 502
1791020 500
1791030 498
1791040 497
1791050 495
1791060 494
1791070 492
1791080 491
1791090 490
1791100 488
1791110 486
1791120 484
1791130 482
1791140 480
1791150 478
1791160 476
1791170 475
1791180 475
1791190 475
1791200 475
1791210 476
1791220 475
1791230 475
1791240 475
1791250 474
1791260 473
1791270 472
1791280 471
1791290 470
1791300 469
1791310 467
1791320 466
1791330 464
1791340 462
1791350 459
1791360 458
1791370 457
1791380 457
1791390 455
1791400 454
1791410 452
1791420 451
1791430 450
1791440 451
1791450 452
1791460 453
1791470 454
1791480 455
1791490 457
1791500 457
1791510 458
1791520 459
1791530 460
1791540 460
1791550 461
1791560 461
1791570 461
1791580 461
1791590 462
1791600 463
1791610 463
1791620 463
1791630 462
1791640 461
1791650 460
1791660 459
1791670 457
1791680 455
1791690 454
1791700 453
1791710 452
1791720 451
1791730 450
1791740 448
1791750 446
1791760 443
1791770 440
1791780 438
1791790 437
1791800 437
1791810 437
1791820 437
1791830 437
1791840 437
1791850 437
1791860 438
1791870 438
1791880 438
1791890 440
1791900 442
1791910 444
1791920 447
1791930 450
1791940 453
1791950 455
1791960 458
1791970 460
1791980 463
1791990 466
1792000 469
1792010 472
1792020 475
1792030 478
1792040 481
1792050 484
1792060 486
1792070 488
1792080 488
1792090 487
1792100 486
1792110 484
1792120 484
1792130 483
1792140 483
1792150 483
1792160 483
1792170 483
1792180 484
1792190 484
1792200 485
1792210 486
1792220 487
1792230 488
1792240 488
1792250 489
1792260 490
1792270 490
1792280 491
1792290 492
1792300 492
1792310 492
1792320 492
1792330 492
1792340 492
1792350 491
1792360 490
1792370 490
1792380 489
1792390 489
1792400 490
1792410 489
1792420 489
1792430 488
1792440 487
1792450 486
1792460 485
1792470 484
1792480 483
1792490 483
1792500 482
1792510 482
1792520 482
1792530 481
1792540 480
1792550 478
1792560 477
1792570 476
1792580 474
1792590 473
1792600 472
1792610 471
1792620 470
1792630 470
1792640 469
1792650 469
1792660 469
1792670 469
1792680 469
1792690 469
1792700 469
1792710 469
1792720 469
1792730 469
1792740 469
1792750 469
1792760 469
1792770 469
1792780 469
1792790 470
1792800 470
1792810 471
1792820 471
1792830 472
1792840 473
1792850 473
1792860 474
1792870 474
1792880 475
1792890 475
1792900 475
1792910 475
1792920 475
1792930 475
1792940 475
1792950 476
1792960 477
1792970 477
1792980 478
1792990 478
1793000 479
1793010 480
1793020 480
1793030 481
1793040 482
1793050 483
1793060 483
1793070 484
1793080 485
1793090 485
1793100 486
1793110 487
1793120 487
1793130 488
1793140 489
1793150 490
1793160 491
1793170 491
1793180 492
1793190 493
1793200 494
1793210 495
1793220 496
1793230 496
1793240 497
1793250 498
1793260 499
1793270 500
1793280 501
1793290 502
1793300 504
1793310 504
1793320 505
1793330 506
1793340 507
1793350 508
1793360 509
1793370 510
1793380 511
1793390 512
1793400 513
1793410 514
1793420 515
1793430 516
1793440 517
1793450 519
1793460 520
1793470 522
1793480 523
1793490 524
1793500 525
1793510 526
1793520 527
1793530 527
1793540 527
1793550 527
1793560 527
1793570 528
1793580 528
1793590 528
1793600 528
1793610 528
1793620 528
1793630 528
1793640 528
1793650 528
1793660 528
1793670 528
1793680 528
1793690 529
1793700 529
1793710 529
1793720 529
1793730 529
1793740 529
1793750 529
1793760 529
1793770 529
1793780 529
1793790 528
1793800 528
1793810 528
1793820 527
1793830 527
1793840 527
1793850 526
1793860 526
1793870 525
1793880 525
1793890 524
1793900 524
1793910 524
1793920 523
1793930 523
1793940 522
1793950 522
1793960 522
1793970 521
1793980 521
1793990 520
1794000 520
1794010 519
1794020 519
1794030 518
1794040 518
1794050 517
1794060 516
1794070 516
1794080 515
1794090 514
1794100 513
1794110 513
1794120 512
1794130 511
1794140 510
1794150 509
1794160 508
1794170 507
1794180 506
1794190 505
1794200 503
1794210 502
1794220 500
1794230 499
1794240 497
1794250 495
1794260 493
1794270 492
1794280 492
1794290 491
1794300 491
1794310 492
1794320 492
1794330 492
1794340 492
1794350 492
1794360 492
1794370 492
1794380 492
1794390 493
1794400 493
1794410 493
1794420 493
1794430 492
1794440 492
1794450 493
1794460 492
1794470 492
1794480 493
1794490 493
1794500 494
1794510 494
1794520 494
1794530 494
1794540 495
1794550 495
1794560 495
1794570 496
1794580 497
1794590 498
1794600 498
1794610 498
1794620 499
1794630 499
1794640 500
1794650 500
1794660 500
1794670 500
1794680 501
1794690 501
1794700 501
1794710 501
1794720 501
1794730 501
1794740 501
1794750 500
1794760 500
1794770 499
1794780 499
1794790 498
1794800 498
1794810 497
1794820 496
1794830 495
1794840 494
1794850 493
1794860 492
1794870 491
1794880 491
1794890 491
1794900 490
1794910 488
1794920 487
1794930 485
1794940 483
1794950 481
1794960 480
1794970 478
1794980 476
1794990 474
1795000 473
1795010 471
1795020 470
1795030 469
1795040 467
1795050 465
1795060 463
1795070 461
1795080 459
1795090 457
1795100 455
1795110 453
1795120 452
1795130 450
1795140 448
1795150 447
1795160 445
1795170 443
1795180 442
1795190 441
1795200 439
1795210 437
1795220 435
1795230 433
1795240 432
1795250 431
1795260 430
1795270 429
1795280 428
1795290 426
1795300 424
1795310 422
1795320 420
1795330 417
1795340 415
1795350 413
1795360 410
1795370 408
1795380 406
1795390 406
1795400 406
1795410 408
1795420 411
1795430 414
1795440 418
1795450 421
1795460 424
1795470 426
1795480 428
1795490 430
1795500 432
1795510 433
1795520 434
1795530 435
1795540 435
1795550 435
1795560 435
1795570 434
1795580 434
1795590 433
1795600 433
1795610 432
1795620 432
1795630 431
1795640 431
1795650 431
1795660 431
1795670 430
1795680 430
1795690 430
1795700 429
1795710 429
1795720 428
1795730 427
1795740 426
1795750 425
1795760 424
1795770 423
1795780 423
1795790 422
1795800 421
1795810 421
1795820 420
1795830 420
1795840 420
1795850 419
1795860 419
1795870 418
1795880 418
1795890 417
1795900 417
1795910 417
1795920 416
1795930 416
1795940 416
1795950 415
1795960 415
1795970 415
1795980 414
1795990 414
1796000 414
1796010 413
1796020 413
1796030 413
1796040 412
1796050 412
1796060 411
1796070 410
1796080 409
1796090 409
1796100 408
1796110 407
1796120 406
1796130 405
1796140 403
1796150 402
1796160 400
1796170 399
1796180 397
1796190 395
1796200 394
1796210 392
1796220 391
1796230 389
1796240 387
1796250 386
1796260 386
1796270 387
1796280 388
1796290 389
1796300 391
1796310 392
1796320 393
1796330 393
1796340 394
1796350 395
1796360 395
1796370 395
1796380 395
1796390 395
1796400 395
1796410 396
1796420 396
1796430 397
1796440 399
1796450 400
1796460 402
1796470 404
1796480 406
1796490 408
1796500 409
1796510 411
1796520 413
1796530 416
1796540 417
1796550 419
1796560 420
1796570 421
1796580 422
1796590 422
1796600 422
1796610 422
1796620 422
1796630 422
1796640 421
1796650 420
1796660 420
1796670 419
1796680 418
1796690 417
1796700 415
1796710 414
1796720 413
1796730 412
1796740 410
1796750 409
1796760 407
1796770 406
1796780 404
1796790 403
1796800 402
1796810 401
1796820 400
1796830 399
1796840 398
1796850 397
1796860 396
1796870 395
1796880 394
1796890 393
1796900 392
1796910 392
1796920 391
1796930 390
1796940 390
1796950 389
1796960 388
1796970 387
1796980 387
1796990 386
1797000 384
1797010 383
1797020 382
1797030 380
1797040 379
1797050 379
1797060 378
1797070 377
1797080 376
1797090 375
1797100 375
1797110 374
1797120 373
1797130 372
1797140 372
1797150 371
1797160 370
1797170 370
1797180 369
1797190 369
1797200 368
1797210 368
1797220 367
1797230 367
1797240 366
1797250 365
1797260 364
1797270 363
1797280 362
1797290 361
1797300 360
1797310 359
1797320 358
1797330 357
1797340 357
1797350 357
1797360 356
1797370 356
1797380 356
1797390 356
1797400 355
1797410 355
1797420 355
1797430 356
1797440 358
1797450 360
1797460 362
1797470 363
1797480 365
1797490 366
1797500 367
1797510 369
1797520 370
1797530 372
1797540 374
1797550 376
1797560 378
1797570 379
1797580 381
1797590 383
1797600 385
1797610 387
1797620 390
1797630 392
1797640 394
1797650 396
1797660 397
1797670 398
1797680 399
1797690 399
1797700 399
1797710 399
1797720 398
1797730 398
1797740 398
1797750 397
1797760 397
1797770 397
1797780 397
1797790 397
1797800 396
1797810 396
1797820 395
1797830 394
1797840 393
1797850 392
1797860 391
1797870 390
1797880 389
1797890 388
1797900 386
1797910 385
1797920 385
1797930 384
1797940 383
1797950 382
1797960 381
1797970 381
1797980 380
1797990 378
1798000 377
1798010 377
1798020 376
1798030 375
1798040 375
1798050 375
1798060 375
1798070 374
1798080 374
1798090 373
1798100 373
1798110 373
1798120 372
1798130 372
1798140 371
1798150 371
1798160 370
1798170 369
1798180 368
1798190 368
1798200 367
1798210 366
1798220 365
1798230 364
1798240 363
1798250 362
1798260 361
1798270 360
1798280 358
1798290 357
1798300 356
1798310 355
1798320 355
1798330 354
1798340 354
1798350 353
1798360 353
1798370 353
1798380 352
1798390 352
1798400 350
1798410 349
1798420 350
1798430 351
1798440 353
1798450 355
1798460 357
1798470 359
1798480 361
1798490 362
1798500 363
1798510 364
1798520 365
1798530 366
1798540 367
1798550 367
1798560 367
1798570 368
1798580 369
1798590 370
1798600 372
1798610 373
1798620 375
1798630 376
1798640 378
1798650 379
1798660 380
1798670 381
1798680 383
1798690 384
1798700 386
1798710 387
1798720 389
1798730 389
1798740 390
1798750 390
1798760 390
1798770 391
1798780 391
1798790 391
1798800 391
1798810 391
1798820 391
1798830 391
1798840 391
1798850 392
1798860 392
1798870 393
1798880 394
1798890 394
1798900 394
1798910 393
1798920 393
1798930 392
1798940 392
1798950 392
1798960 392
1798970 393
1798980 395
1798990 396
1799000 398
1799010 399
1799020 401
1799030 402
1799040 403
1799050 404
1799060 405
1799070 406
1799080 406
1799090 407
1799100 408
1799110 408
1799120 409
1799130 410
1799140 411
1799150 412
1799160 413
1799170 414
1799180 415
1799190 415
1799200 415
1799210 415
1799220 415
1799230 415
1799240 415
1799250 415
1799260 415
1799270 414
1799280 414
1799290 414
1799300 413
1799310 412
1799320 411
1799330 410
1799340 408
1799350 407
1799360 406
1799370 405
1799380 403
1799390 402
1799400 401
1799410 400
1799420 398
1799430 397
1799440 396
1799450 394
1799460 393
1799470 392
1799480 390
1799490 389
1799500 388
1799510 387
1799520 386
1799530 386
1799540 384
1799550 383
1799560 382
1799570 381
1799580 379
1799590 378
1799600 377
1799610 375
1799620 374
1799630 373
1799640 371
1799650 370
1799660 369
1799670 367
1799680 366
1799690 364
1799700 363
1799710 361
1799720 360
1799730 358
1799740 357
1799750 355
1799760 353
1799770 352
1799780 350
1799790 349
1799800 347
1799810 345
1799820 343
1799830 341
1799840 340
1799850 339
1799860 338
1799870 337
1799880 336
1799890 336
1799900 335
1799910 335
1799920 335
1799930 335
1799940 336
1799950 337
1799960 337
1799970 338
1799980 339
1799990 340
1789910 470
1789920 470
1789930 470
1789940 470
1789950 470
