1780000 538
1780010 540
1780020 541
1780030 542
1780040 544
1780050 545
1780060 546
1780070 548
1780080 549
1780090 550
1780100 551
1780110 552
1780120 553
1780130 554
1780140 555
1780150 556
1780160 557
1780170 558
1780180 558
1780190 559
1780200 560
1780210 561
1780220 562
1780230 563
1780240 563
1780250 564
1780260 565
1780270 565
1780280 566
1780290 566
1780300 566
1780310 566
1780320 566
1780330 565
1780340 565
1780350 565
1780360 564
1780370 564
1780380 564
1780390 563
1780400 563
1780410 563
1780420 562
1780430 562
1780440 561
1780450 560
1780460 559
1780470 558
1780480 558
1780490 557
1780500 556
1780510 555
1780520 554
1780530 553
1780540 553
1780550 552
1780560 551
1780570 550
1780580 549
1780590 548
1780600 547
1780610 546
1780620 545
1780630 544
1780640 543
1780650 542
1780660 541
1780670 540
1780680 538
1780690 537
1780700 536
1780710 535
1780720 534
1780730 533
1780740 532
1780750 531
1780760 530
1780770 529
1780780 528
1780790 527
1780800 526
1780810 525
1780820 524
1780830 523
1780840 522
1780850 521
1780860 520
1780870 518
1780880 517
1780890 516
1780900 515
1780910 514
1780920 513
1780930 512
1780940 511
1780950 510
1780960 509
1780970 508
1780980 507
1780990 506
1781000 505
1781010 504
1781020 503
1781030 502
1781040 501
1781050 500
1781060 499
1781070 498
1781080 496
1781090 496
1781100 495
1781110 494
1781120 492
1781130 491
1781140 490
1781150 489
1781160 488
1781170 487
1781180 486
1781190 484
1781200 483
1781210 482
1781220 481
1781230 480
1781240 479
1781250 478
1781260 477
1781270 475
1781280 474
1781290 473
1781300 471
1781310 469
1781320 467
1781330 466
1781340 466
1781350 467
1781360 467
1781370 467
1781380 467
1781390 467
1781400 468
1781410 468
1781420 468
1781430 468
1781440 467
1781450 467
1781460 466
1781470 466
1781480 466
1781490 466
1781500 467
1781510 469
1781520 471
1781530 469
1781540 467
1781550 466
1781560 466
1781570 466
1781580 466
1781590 467
1781600 467
1781610 467
1781620 467
1781630 468
1781640 468
1781650 468
1781660 468
1781670 468
1781680 469
1781690 469
1781700 469
1781710 470
1781720 470
1781730 470
1781740 470
1781750 470
1781760 470
1781770 470
1781780 470
1781790 470
1781800 470
1781810 470
1781820 469
1781830 469
1781840 469
1781850 469
1781860 469
1781870 469
1781880 469
1781890 468
1781900 468
1781910 467
1781920 467
1781930 467
1781940 467
1781950 467
1781960 467
1781970 466
1781980 466
1781990 466
1782000 466
1782010 466
1782020 466
1782030 466
1782040 465
1782050 465
1782060 464
1782070 464
1782080 464
1782090 464
1782100 464
1782110 464
1782120 463
1782130 463
1782140 463
1782150 463
1782160 462
1782170 462
1782180 461
1782190 461
1782200 460
1782210 460
1782220 459
1782230 458
1782240 457
1782250 456
1782260 454
1782270 453
1782280 451
1782290 450
1782300 450
1782310 450
1782320 450
1782330 451
1782340 451
1782350 451
1782360 451
1782370 451
1782380 451
1782390 451
1782400 453
1782410 455
1782420 457
1782430 458
1782440 459
1782450 459
1782460 460
1782470 461
1782480 461
1782490 462
1782500 462
1782510 462
1782520 462
1782530 462
1782540 461
1782550 460
1782560 459
1782570 458
1782580 456
1782590 454
1782600 451
1782610 451
1782620 452
1782630 455
1782640 457
1782650 459
1782660 461
1782670 463
1782680 465
1782690 467
1782700 469
1782710 471
1782720 474
1782730 476
1782740 478
1782750 479
1782760 480
1782770 482
1782780 483
1782790 484
1782800 485
1782810 486
1782820 487
1782830 488
1782840 489
1782850 490
1782860 491
1782870 492
1782880 493
1782890 494
1782900 495
1782910 496
1782920 497
1782930 498
1782940 499
1782950 500
1782960 501
1782970 502
1782980 503
1782990 504
1783000 505
1783010 506
1783020 507
1783030 509
1783040 510
1783050 511
1783060 512
1783070 512
1783080 512
1783090 512
1783100 512
1783110 512
1783120 512
1783130 512
1783140 511
1783150 511
1783160 511
1783170 511
1783180 510
1783190 510
1783200 510
1783210 510
1783220 510
1783230 509
1783240 509
1783250 509
1783260 509
1783270 509
1783280 509
1783290 509
1783300 509
1783310 508
1783320 508
1783330 508
1783340 507
1783350 507
1783360 506
1783370 506
1783380 506
1783390 505
1783400 505
1783410 504
1783420 504
1783430 503
1783440 502
1783450 502
1783460 501
1783470 500
1783480 499
1783490 499
1783500 498
1783510 497
1783520 496
1783530 496
1783540 495
1783550 494
1783560 494
1783570 493
1783580 492
1783590 491
1783600 489
1783610 488
1783620 487
1783630 486
1783640 485
1783650 484
1783660 483
1783670 481
1783680 479
1783690 478
1783700 476
1783710 475
1783720 474
1783730 474
1783740 473
1783750 472
1783760 471
1783770 470
1783780 471
1783790 471
1783800 471
1783810 472
1783820 472
1783830 472
1783840 472
1783850 471
1783860 471
1783870 471
1783880 471
1783890 471
1783900 471
1783910 471
1783920 470
1783930 470
1783940 470
1783950 469
1783960 469
1783970 469
1783980 468
1783990 468
1784000 468
1784010 468
1784020 467
1784030 467
1784040 467
1784050 467
1784060 466
1784070 466
1784080 466
1784090 465
1784100 465
1784110 465
1784120 465
1784130 465
1784140 464
1784150 464
1784160 464
1784170 463
1784180 463
1784190 463
1784200 463
1784210 463
1784220 463
1784230 463
1784240 463
1784250 463
1784260 462
1784270 462
1784280 461
1784290 461
1784300 460
1784310 460
1784320 459
1784330 459
1784340 459
1784350 459
1784360 459
1784370 459
1784380 459
1784390 459
1784400 458
1784410 458
1784420 458
1784430 458
1784440 458
1784450 458
1784460 458
1784470 458
1784480 457
1784490 457
1784500 457
1784510 456
1784520 455
1784530 455
1784540 454
1784550 453
1784560 453
1784570 453
1784580 453
1784590 453
1784600 453
1784610 453
1784620 453
1784630 454
1784640 454
1784650 454
1784660 454
1784670 455
1784680 455
1784690 455
1784700 455
1784710 455
1784720 455
1784730 455
1784740 455
1784750 455
1784760 454
1784770 454
1784780 454
1784790 454
1784800 454
1784810 454
1784820 454
1784830 454
1784840 454
1784850 454
1784860 454
1784870 454
1784880 454
1784890 454
1784900 453
1784910 453
1784920 453
1784930 453
1784940 453
1784950 452
1784960 452
1784970 451
1784980 450
1784990 448
1785000 447
1785010 446
1785020 446
1785030 446
1785040 446
1785050 446
1785060 445
1785070 445
1785080 445
1785090 446
1785100 447
1785110 447
1785120 448
1785130 448
1785140 448
1785150 449
1785160 449
1785170 450
1785180 451
1785190 451
1785200 452
1785210 453
1785220 454
1785230 455
1785240 455
1785250 456
1785260 456
1785270 457
1785280 458
1785290 458
1785300 459
1785310 460
1785320 461
1785330 462
1785340 464
1785350 465
1785360 466
1785370 468
1785380 469
1785390 470
1785400 472
1785410 472
1785420 473
1785430 474
1785440 474
1785450 474
1785460 474
1785470 473
1785480 473
1785490 473
1785500 472
1785510 472
1785520 471
1785530 471
1785540 471
1785550 470
1785560 470
1785570 469
1785580 468
1785590 467
1785600 466
1785610 466
1785620 466
1785630 467
1785640 469
1785650 471
1785660 472
1785670 473
1785680 474
1785690 476
1785700 477
1785710 478
1785720 479
1785730 480
1785740 480
1785750 481
1785760 482
1785770 483
1785780 483
1785790 484
1785800 485
1785810 486
1785820 487
1785830 488
1785840 489
1785850 490
1785860 491
1785870 492
1785880 492
1785890 493
1785900 493
1785910 493
1785920 493
1785930 493
1785940 493
1785950 493
1785960 493
1785970 493
1785980 493
1785990 493
1786000 493
1786010 494
1786020 494
1786030 494
1786040 495
1786050 495
1786060 496
1786070 497
1786080 497
1786090 498
1786100 499
1786110 499
1786120 500
1786130 501
1786140 502
1786150 503
1786160 504
1786170 505
1786180 506
1786190 507
1786200 508
1786210 510
1786220 511
1786230 513
1786240 514
1786250 515
1786260 517
1786270 518
1786280 519
1786290 520
1786300 521
1786310 522
1786320 523
1786330 524
1786340 526
1786350 528
1786360 530
1786370 533
1786380 535
1786390 537
1786400 539
1786410 541
1786420 542
1786430 544
1786440 546
1786450 547
1786460 549
1786470 551
1786480 553
1786490 554
1786500 556
1786510 558
1786520 561
1786530 562
1786540 564
1786550 566
1786560 568
1786570 570
1786580 571
1786590 573
1786600 574
1786610 576
1786620 577
1786630 579
1786640 580
1786650 582
1786660 584
1786670 585
1786680 587
1786690 589
1786700 590
1786710 590
1786720 591
1786730 591
1786740 591
1786750 591
1786760 591
1786770 590
1786780 590
1786790 589
1786800 589
1786810 588
1786820 588
1786830 587
1786840 587
1786850 586
1786860 586
1786870 585
1786880 585
1786890 585
1786900 584
1786910 584
1786920 582
1786930 581
1786940 579
1788770 537
1788780 536
1788790 536
1788800 535
1788810 534
1788820 533
1788830 532
1788840 532
1788850 531
1788860 530
1788870 530
1788880 530
1788890 529
1788900 529
1788910 528
1788920 528
1788930 528
1788940 528
1788950 528
1788960 528
1788970 527
1788980 527
1788990 527
1789000 527
1789010 527
1789020 526
1789030 526
1789040 526
1789050 525
1789060 525
1789070 524
1789080 524
1789090 524
1789100 523
1789110 523
1789120 523
1789130 523
1789140 523
1789150 523
1789160 523
1789170 523
1789180 524
1789190 524
1789200 524
1789210 524
1789220 524
1789230 524
1789240 525
1789250 525
1789260 525
1789270 525
1789280 525
1789290 525
1789300 525
1789310 525
1789320 525
1789330 525
1789340 525
1790130 520
1790140 522
1790150 524
1790160 526
1790170 528
1790180 531
1790190 533
1790200 535
1790210 537
1790220 539
1790230 542
1790240 544
1790250 546
1790260 547
1790270 549
1790280 551
1790290 552
1790300 553
1790310 554
1790320 554
1790330 554
1790340 554
1790350 553
1790360 552
1790370 552
1790380 551
1790390 550
1790400 549
1790410 549
1790420 548
1790430 547
1790440 546
1790450 545
1790460 545
1790470 544
1790480 543
1790490 543
1790500 542
1790510 542
1790520 541
1790530 541
1790540 541
1790550 540
1790560 540
1790570 539
1790580 538
1790590 536
1790600 535
1790610 533
1790620 531
1790630 529
1790640 528
1790650 526
1790660 524
1790670 522
1790680 520
1790690 517
1790700 515
1790710 512
1790720 510
1790730 508
1790740 506
1790750 505
1790760 504
1790770 503
1790780 503
1790790 503
1790800 504
1790810 504
1790820 503
1790830 503
1790840 504
1790850 504
1790860 504
1790870 504
1790880 504
1790890 504
1790900 504
1790910 504
1790920 503
1790930 503
1790940 502
1790950 502
1790960 502
1790970 502
1790980 501
1790990 501
1791000 501
1791010 501
1791020 501
1791030 500
1791040 500
1791050 500
1791060 500
1791070 500
1791080 500
1791090 500
1791100 501
1791110 501
1791120 501
1791130 501
1791140 500
1791150 500
1791160 500
1791170 500
1791180 500
1791190 500
1791200 499
1791210 499
1791220 498
1791230 497
1791240 495
1791250 493
1791260 490
1791270 487
1791280 484
1791290 483
1791300 484
1791310 486
1791320 488
1791330 489
1791340 491
1791350 492
1791360 493
1791370 494
1791380 496
1791390 497
1791400 499
1791410 501
1791420 503
1791430 505
1791440 506
1791450 507
1791460 508
1791470 507
1791480 507
1791490 507
1791500 507
1791510 506
1791520 506
1791530 506
1791540 505
1791550 505
1791560 503
1791570 502
1791580 501
1791590 499
1791600 498
1791610 496
1791620 495
1791630 493
1791640 491
1791650 489
1791660 487
1791670 484
1791680 481
1791690 477
1791700 474
1791710 471
1791720 469
1791730 467
1791740 466
1791750 465
1791760 465
1791770 464
1791780 464
1791790 462
1791800 461
1791810 460
1791820 460
1791830 459
1791840 458
1791850 458
1791860 457
1791870 456
1791880 456
1791890 455
1791900 454
1791910 453
1791920 451
1791930 451
1791940 450
1791950 449
1791960 449
1791970 448
1791980 447
1791990 447
1792000 446
1792010 447
1792020 447
1792030 447
1792040 447
1792050 447
1792060 447
1792070 448
1792080 448
1792090 448
1792100 448
1792110 449
1792120 449
1792130 449
1792140 450
1792150 450
1792160 451
1792170 452
1792180 452
1792190 454
1792200 455
1792210 457
1792220 460
1792230 462
1792240 465
1792250 467
1792260 468
1792270 470
1792280 470
1792290 470
1792300 470
1792310 469
1792320 469
1792330 468
1792340 468
1792350 468
1792360 469
1792370 469
1792380 470
1792390 471
1792400 471
1792410 472
1792420 472
1792430 473
1792440 473
1792450 474
1792460 474
1792470 475
1792480 475
1792490 476
1792500 477
1792510 478
1792520 478
1792530 478
1792540 479
1792550 479
1792560 479
1792570 480
1792580 480
1792590 480
1792600 481
1792610 481
1792620 481
1792630 482
1792640 482
1792650 482
1792660 483
1792670 483
1792680 483
1792690 484
1792700 484
1792710 484
1792720 484
1792730 485
1792740 485
1792750 485
1792760 485
1792770 486
1792780 486
1792790 487
1792800 487
1792810 487
1792820 486
1792830 486
1792840 485
1792850 485
1792860 484
1792870 484
1792880 483
1792890 483
1792900 482
1792910 482
1792920 481
1792930 480
1792940 480
1792950 479
1792960 479
1792970 478
1792980 477
1792990 476
1793000 476
1793010 475
1793020 474
1793030 473
1793040 472
1793050 471
1793060 470
1793070 467
1793080 465
1793090 462
1793100 460
1793110 459
1793120 457
1793130 455
1793140 454
1793150 455
1793160 455
1793170 455
1793940 492
1793950 494
1793960 495
1793970 496
1793980 496
1793990 496
1794000 496
1794010 495
1794020 495
1794030 494
1794040 494
1794050 493
1794060 492
1794070 492
1794080 491
1794090 491
1794100 491
1794110 491
1794120 491
1794130 490
1794140 490
1794150 490
1794160 490
1794170 490
1794180 491
1794190 492
1794200 492
1794210 493
1794220 493
1794230 494
1794240 494
1794250 495
1794260 495
1794270 496
1794280 496
1794290 496
1794300 496
1794310 496
1794320 495
1794330 495
1794340 494
1794350 494
1794360 493
1794370 493
1794380 492
1794390 491
1794400 491
1794410 490
1794420 490
1794430 489
1794440 488
1794450 487
1794460 486
1794470 485
1794480 483
1794490 482
1794500 481
1794510 479
1794520 478
1794530 477
1794540 476
1794550 476
1794560 475
1794570 474
1794580 473
1794590 472
1794600 471
1794610 470
1794620 469
1794630 468
1794640 467
1794650 466
1794660 465
1794670 464
1794680 464
1794690 463
1794700 461
1794710 460
1794720 459
1794730 458
1794740 457
1794750 456
1794760 456
1794770 455
1794780 454
1794790 453
1794800 452
1794810 451
1794820 451
1794830 450
1794840 449
1794850 448
1794860 448
1794870 447
1794880 447
1794890 446
1794900 445
1794910 444
1794920 443
1794930 442
1794940 442
1794950 441
1794960 441
1794970 440
1794980 439
1794990 439
1795000 438
1795010 437
1795020 436
1795030 435
1795040 435
1795050 434
1795060 433
1795070 432
1795080 431
1795090 430
1795100 429
1795110 428
1795120 427
1795130 426
1795140 425
1795150 424
1795160 424
1795170 422
1795180 421
1795190 420
1795200 419
1795210 417
1795220 416
1795230 415
1795240 414
1795250 414
1795260 414
1795270 413
1795280 412
1795290 411
1795300 411
1795310 410
1795320 410
1795330 409
1795340 409
1795350 408
1795360 407
1795370 407
1795380 406
1795390 405
1795400 403
1795410 403
1795420 404
1795430 405
1795440 406
1795450 406
1795460 406
1795470 406
1795480 405
1795490 405
1795500 404
1795510 404
1795520 405
1795530 407
1795540 409
1795550 410
1795560 411
1795570 412
1795580 413
1795590 414
1795600 415
1795610 416
1795620 416
1795630 417
1795640 417
1795650 417
1795660 417
1795670 417
1795680 417
1795690 416
1795700 416
1795710 415
1795720 415
1795730 415
1795740 414
1795750 413
1795760 412
1795770 412
1795780 411
1795790 410
1795800 409
1795810 408
1795820 407
1795830 406
1795840 405
1795850 404
1795860 404
1795870 404
1795880 403
1795890 403
1795900 402
1795910 402
1795920 402
1795930 401
1795940 401
1795950 400
1795960 400
1795970 399
1795980 398
1795990 398
1796000 397
1796010 396
1796020 396
1796030 395
1796040 394
1796050 394
1796060 393
1796070 392
1796080 391
1796090 391
1796100 390
1796110 389
1796120 389
1796130 388
1796140 387
1796150 386
1796160 386
1796170 385
1796180 384
1796190 383
1796200 382
1796210 381
1796220 380
1796230 379
1796240 378
1796250 377
1796260 376
1796270 376
1796280 375
1796290 374
1796300 373
1796310 372
1796320 371
1796330 370
1796340 369
1796350 369
1796360 368
1796370 368
1796380 367
1796390 367
1796400 366
1796410 366
1796420 366
1796430 367
1796440 367
1796450 367
1796460 367
1796470 366
1796480 366
1796490 366
1796500 366
1796510 366
1796520 366
1796530 366
1796540 366
1796550 366
1796560 366
1796570 366
1796580 366
1796590 366
1796600 366
1796610 366
1796620 366
1796630 365
1796640 365
1796650 364
1796660 364
1796670 364
1796680 364
1796690 364
1796700 364
1796710 365
1796720 366
1796730 366
1796740 368
1796750 369
1796760 369
1796770 369
1796780 368
1796790 368
1796800 370
1796810 371
1796820 371
1796830 372
1796840 372
1796850 372
1796860 373
1796870 373
1796880 374
1796890 375
1796900 376
1796910 377
1796920 378
1796930 378
1796940 379
1796950 379
1796960 379
1796970 379
1796980 380
1796990 380
1797000 381
1797010 381
1797020 381
1797030 381
1797040 382
1797050 382
1797060 382
1797070 382
1797080 382
1797090 382
1797100 382
1797110 382
1797120 382
1797130 382
1797140 381
1797150 381
1797160 380
1797170 379
1797180 378
1797190 378
1797200 377
1797210 377
1797220 377
1797230 376
1797240 376
1797250 376
1797260 375
1797270 375
1797280 374
1797290 374
1797300 373
1797310 373
1797320 373
1797330 373
1797340 373
1797350 373
1797360 373
1797370 373
1797380 372
1797390 371
1797400 369
1797410 368
1797420 366
1797430 366
1797440 365
1797450 365
1797460 364
1797470 363
1797480 362
1797490 362
1797500 361
1797510 360
1797520 360
1797530 359
1797540 359
1797550 358
1797560 358
1797570 358
1797580 358
1797590 357
1797600 356
1797610 355
1797620 354
1797630 353
1797640 352
1797650 351
1797660 350
1797670 349
1797680 347
1797690 346
1797700 346
1797710 345
1797720 344
1797730 343
1797740 342
1797750 342
1797760 342
1797770 342
1797780 342
1797790 342
1797800 342
1797810 342
1797820 342
1797830 341
1797840 341
1797850 342
1797860 342
1797870 343
1797880 343
1797890 344
1797900 345
1797910 345
1797920 347
1797930 348
1797940 349
1797950 349
1797960 350
1797970 350
1797980 351
1797990 353
1798000 354
1798010 355
1798020 356
1798030 356
1798040 357
1798050 357
1798060 357
1798070 357
1798080 357
1798090 356
1798100 356
1798110 356
1798120 356
1798130 355
1798140 355
1798150 354
1798160 353
1798170 353
1798180 352
1798190 351
1798200 351
1798210 351
1798220 351
1798230 351
1798240 351
1798250 351
1798260 350
1798270 349
1798280 348
1798290 346
1798300 345
1798310 345
1798320 344
1798330 343
1798340 342
1798350 342
1798360 341
1798370 340
1798380 340
1798390 339
1798400 339
1798410 339
1798420 338
1798430 338
1798440 338
1798450 337
1798460 337
1798470 337
1798480 337
1798490 336
1798500 336
1798510 336
1798520 336
1798530 336
1798540 336
1798550 335
1798560 335
1798570 335
1798580 335
1798590 335
1798600 335
1798610 335
1798620 335
1798630 335
1798640 335
1798650 335
1798660 335
1798670 335
1798680 336
1798690 336
1798700 336
1798710 336
1798720 336
1798730 336
1798740 336
1798750 335
1798760 335
1798770 335
1798780 334
1798790 334
1798800 333
1798810 332
1798820 332
1798830 332
1798840 331
1798850 331
1798860 330
1798870 330
1798880 330
1798890 329
1798900 328
1798910 328
1798920 328
1798930 328
1798940 328
1798950 328
1798960 329
1798970 331
1798980 332
1798990 334
1799000 336
1799010 338
1799020 339
1799030 340
1799040 341
1799050 341
1799060 340
1799070 340
1799080 339
1799090 339
1799100 340
1799110 340
1799120 340
1799130 339
1799140 339
1799150 338
1799160 338
1799170 338
1799180 338
1799190 338
1799200 338
1799210 337
1799220 337
1799230 337
1799240 337
1799250 336
1799260 336
1799270 337
1799280 338
1799290 339
1799300 340
1799310 341
1799320 341
1799330 342
1799340 342
1799350 343
1799360 343
1799370 343
1799380 343
1799390 343
1799400 343
1799410 343
1799420 343
1799430 343
1799440 343
1799450 343
1799460 343
1799470 343
1799480 342
1799490 341
1799500 341
1799510 340
1799520 339
1799530 339
1799540 338
1799550 338
1799560 338
1799570 338
1799580 338
1799590 338
1799600 338
1799610 338
1799620 339
1799630 339
1799640 339
1799650 339
1799660 339
1799670 338
1799680 338
1799690 338
1799700 338
1799710 338
1799720 337
1799730 337
1799740 337
1799750 338
1799760 337
1799770 337
1799780 336
1799790 336
1799800 336
1799810 336
1799820 335
1799830 335
1799840 334
1799850 333
1799860 332
1799870 332
1799880 331
1799890 330
1799900 329
1799910 329
1799920 328
1799930 328
1799940 327
1799950 327
1799960 326
1799970 326
1799980 326
1799990 325
1786710 590
1786720 591
1786730 591
1786740 591
1786750 591
1786760 591
1786770 590
1786780 590
1786790 589
1786800 589
1786810 588
1786820 588
1786830 587
1786840 587
1786850 586
1786860 586
1786870 585
1786880 585
1786890 585
1786900 584
1786910 584
1786920 582
1786930 581
1786940 579
1786950 577
1786960 576
1786970 574
1786980 574
1786990 573
1787000 572
1787010 571
1787020 569
1787030 568
1787040 566
1787050 563
1787060 561
1787070 560
1787080 560
1787090 559
1787100 559
1787110 559
1787120 559
1787130 559
1787140 558
1787150 557
1787160 556
1787170 555
1787180 554
1787190 553
1787200 552
1787210 551
1787220 550
1787230 548
1787240 547
1787250 546
1787260 546
1787270 546
1787280 545
1787290 544
1787300 544
1787310 543
1787320 544
1787330 546
1787340 547
1787350 548
1787360 550
1787370 551
1787380 553
1787390 555
1787400 558
1787410 562
1787420 566
1787430 569
1787440 572
1787450 575
1787460 578
1787470 580
1787480 583
1787490 584
1787500 585
1787510 586
1787520 587
1787530 589
1787540 591
1787550 592
1787560 594
1787570 595
1787580 597
1787590 598
1787600 599
1787610 599
1787620 602
1787630 604
1787640 604
1787650 604
1787660 603
1787670 604
1787680 604
1787690 605
1787700 605
1787710 605
1787720 605
1787730 604
1787740 604
1787750 603
1787760 602
1787770 602
1787780 601
1787790 602
1787800 602
1787810 602
1787820 603
1787830 603
1787840 602
1787850 601
1787860 600
1787870 599
1787880 598
1787890 597
1787900 596
1787910 596
1787920 595
1787930 594
1787940 593
1787950 592
1787960 591
1787970 590
1787980 589
1787990 588
1788000 587
1788010 586
1788020 585
1788030 584
1788040 583
1788050 582
1788060 581
1788070 580
1788080 580
1788090 579
1788100 578
1788110 578
1788120 578
1788130 578
1788140 578
1788150 578
1788160 578
1788170 578
1788180 578
1788190 578
1788200 577
1788210 577
1788220 576
1788230 575
1788240 574
1788250 573
1788260 572
1788270 573
1788280 573
1788290 573
1788300 573
1788310 573
1788320 573
1788330 573
1788340 573
1788350 572
1788360 572
1788370 572
1788380 571
1788390 571
1788400 570
1788410 570
1788420 569
1788430 569
1788440 568
1788450 567
1788460 566
1788470 566
1788480 565
1788490 564
1788500 563
1788510 562
1788520 562
1788530 561
1788540 560
1788550 559
1788560 559
1788570 558
1788580 557
1788590 556
1788600 555
1788610 554
1788620 553
1788630 552
1788640 551
1788650 550
1788660 549
1788670 548
1788680 547
1788690 546
1788700 544
1788710 543
1788720 542
1788730 541
1788740 540
1788750 539
1788760 538
1788770 537
1788780 536
1788790 536
1788800 535
1788810 534
1788820 533
1788830 532
1788840 532
1788850 531
1788860 530
1788870 530
1788880 530
1788890 529
1788900 529
1788910 528
1788920 528
1788930 528
1788940 528
1788950 528
1788960 528
1788970 527
1788980 527
1788990 527
1789000 527
1789010 527
1789020 526
1789030 526
1789040 526
1789050 525
1789060 525
1789070 524
1789080 524
1789090 524
1789100 523
1789110 523
1789120 523
1789130 523
1789140 523
1789150 523
1789160 523
1789170 523
1789180 524
1789190 524
1789200 524
1789210 524
1789220 524
1789230 524
1789240 525
1789250 525
1789260 525
1789270 525
1789280 525
1789290 525
1789300 525
1789310 525
1789320 525
1789330 525
1789340 525
1789350 525
1789360 525
1789370 525
1789380 525
1789390 526
1789400 526
1789410 526
1789420 527
1789430 528
1789440 529
1789450 529
1789460 530
1789470 530
1789480 531
1789490 532
1789500 532
1789510 533
1789520 534
1789530 535
1789540 535
1789550 536
1789560 537
1789570 538
1789580 538
1789590 539
1789600 540
1789610 540
1789620 541
1789630 541
1789640 542
1789650 542
1789660 543
1789670 543
1789680 544
1789690 544
1789700 544
1789710 544
1789720 544
1789730 544
1789740 544
1789750 543
1789760 543
1789770 543
1789780 542
1789790 542
1789800 541
1789810 540
1789820 540
1789830 539
1789840 538
1789850 537
1789860 535
1789870 533
1789880 531
1789890 527
1789900 524
1789910 520
1789920 517
1789930 514
1789940 511
1789950 509
1789960 507
1789970 505
1789980 504
1789990 503
1790000 502
1790010 502
1790020 501
1790030 500
1790040 499
1793040 472
1793050 471
1793060 470
1793070 467
1793080 465
1793090 462
1793100 460
1793110 459
1793120 457
1793130 455
1793140 454
1793150 455
1793160 455
1793170 455
1793180 454
1793190 452
1793200 450
1793210 447
1793220 446
1793230 445
1793240 447
1793250 448
1793260 449
1793270 448
1793280 448
1793290 448
1793300 447
1793310 447
1793320 446
1793330 445
1793340 444
1793350 445
1793360 448
1793370 449
1793380 449
1793390 450
1793400 450
1793410 450
1793420 450
1793430 450
1793440 450
1793450 450
1793460 450
1793470 450
1793480 451
1793490 451
1793500 451
1793510 451
1793520 451
1793530 451
1793540 452
1793550 452
1793560 453
1793570 453
1793580 454
1793590 455
1793600 456
1793610 456
1793620 456
1793630 457
1793640 457
1793650 458
1793660 459
1793670 460
1793680 461
1793690 462
1793700 463
1793710 464
1793720 463
1793730 463
1793740 464
1793750 465
1793760 466
1793770 467
1793780 469
1793790 471
1793800 473
1793810 474
1793820 476
1793830 477
1793840 478
1793850 480
1793860 481
1793870 482
1793880 483
1793890 484
1793900 484
1793910 486
1793920 487
1793930 489
