1780000 553
1780010 553
1780020 553
1780030 554
1780040 554
1780050 555
1780060 555
1780070 555
1780080 555
1780090 555
1780100 554
1780110 554
1780120 553
1780130 551
1780140 552
1780150 552
1780160 553
1780170 553
1780180 553
1780190 553
1780200 553
1780210 553
1780220 553
1780230 552
1780240 552
1780250 552
1780260 551
1780270 551
1780280 551
1780290 551
1780300 551
1780310 551
1780320 551
1780330 551
1780340 551
1780350 552
1780360 552
1780370 552
1780380 551
1780390 551
1780400 550
1780410 550
1780420 550
1780430 550
1780440 551
1780450 551
1780460 551
1780470 551
1780480 550
1780490 550
1780500 550
1780510 550
1780520 549
1780530 549
1780540 549
1780550 549
1780560 549
1780570 548
1780580 548
1780590 548
1780600 548
1780610 547
1780620 547
1780630 547
1780640 546
1780650 546
1780660 546
1780670 545
1780680 545
1780690 545
1780700 544
1780710 544
1780720 543
1780730 543
1780740 543
1780750 542
1780760 542
1780770 541
1780780 541
1780790 540
1780800 540
1780810 539
1780820 538
1780830 538
1780840 537
1780850 537
1780860 536
1780870 536
1780880 535
1780890 535
1780900 534
1780910 534
1780920 534
1780930 534
1780940 534
1780950 534
1780960 533
1780970 533
1780980 533
1780990 533
1781000 532
1781010 531
1781020 531
1781030 530
1781040 529
1781050 528
1781060 527
1781070 526
1781080 525
1781090 525
1781100 524
1781110 523
1781120 522
1781130 521
1781140 520
1781150 519
1781160 518
1781170 517
1781180 516
1781190 515
1781200 514
1781210 513
1781220 512
1781230 511
1781240 510
1781250 509
1781260 508
1781270 507
1781280 506
1781290 505
1781300 504
1781310 503
1781320 502
1781330 501
1781340 500
1781350 499
1781360 499
1781370 498
1781380 497
1781390 495
1781400 493
1781410 491
1781420 490
1781430 490
1781440 490
1781450 490
1781460 489
1781470 489
1781480 489
1781490 488
1781500 488
1781510 488
1781520 488
1781530 488
1781540 487
1781550 486
1781560 486
1781570 485
1781580 484
1781590 484
1781600 483
1781610 483
1781620 483
1781630 483
1781640 482
1781650 482
1781660 482
1781670 482
1781680 481
1781690 481
1781700 481
1781710 481
1781720 480
1781730 479
1781740 479
1781750 478
1781760 478
1781770 478
1781780 477
1781790 477
1781800 477
1781810 477
1781820 476
1781830 476
1781840 476
1781850 476
1781860 476
1781870 475
1781880 474
1781890 474
1781900 473
1781910 473
1781920 473
1781930 474
1781940 474
1781950 474
1781960 475
1781970 475
1781980 476
1781990 476
1782000 477
1782010 478
1782020 478
1782030 478
1782040 478
1782050 478
1782060 477
1782070 477
1782080 477
1782090 476
1782100 476
1782110 475
1782120 475
1782130 475
1782140 476
1782150 480
1782160 482
1782170 484
1782180 486
1782190 487
1782200 488
1782210 490
1782220 491
1782230 492
1782240 493
1782250 494
1782260 495
1782270 496
1782280 498
1782290 499
1782300 500
1782310 502
1782320 504
1782330 506
1782340 507
1782350 508
1782360 509
1782370 510
1782380 511
1782390 511
1782400 512
1783590 507
1783600 507
1783610 508
1783620 509
1783630 509
1783640 509
1783650 510
1783660 510
1783670 511
1783680 511
1783690 511
1783700 511
1783710 512
1783720 512
1783730 512
1783740 512
1783750 512
1783760 512
1783770 512
1783780 512
1783790 513
1783800 513
1783810 513
1783820 513
1783830 513
1783840 513
1783850 513
1783860 513
1783870 513
1783880 513
1783890 513
1783900 513
1783910 513
1783920 513
1783930 513
1783940 513
1783950 514
1783960 514
1783970 514
1783980 514
1783990 514
1784000 514
1784010 515
1784020 515
1784030 515
1784040 515
1784050 516
1784060 516
1784070 516
1784080 516
1784090 517
1784100 517
1784110 517
1784120 517
1784130 518
1784140 518
1784150 518
1784160 518
1784170 519
1784180 519
1784190 519
1784200 519
1784210 519
1784220 519
1784230 520
1784240 520
1784250 520
1784260 520
1784270 520
1784280 519
1784290 519
1784300 519
1784310 519
1784320 519
1784330 518
1784340 518
1784350 518
1784360 518
1784370 517
1784380 517
1784390 516
1784400 516
1784410 515
1784420 515
1784430 514
1784440 513
1784450 513
1784460 512
1784470 512
1784480 511
1784490 510
1784500 510
1784510 509
1784520 508
1784530 508
1784540 507
1784550 506
1784560 505
1784570 504
1784580 504
1784590 503
1784600 502
1784610 501
1784620 501
1784630 500
1784640 499
1784650 498
1784660 498
1784670 496
1784680 495
1784690 494
1784700 493
1784710 492
1784720 490
1784730 489
1784740 488
1784750 486
1784760 485
1784770 483
1784780 480
1784790 478
1784800 477
1784810 475
1784820 474
1784830 473
1784840 472
1784850 471
1784860 469
1784870 468
1784880 467
1784890 466
1784900 464
1784910 463
1784920 462
1784930 462
1784940 462
1784950 462
1784960 462
1784970 463
1784980 463
1784990 463
1785000 463
1785010 464
1785020 465
1785030 466
1785040 467
1785050 468
1785060 469
1785070 470
1785080 471
1785090 472
1785100 473
1785110 474
1785800 472
1785830 472
1785840 473
1785850 473
1785860 473
1785870 474
1785880 474
1785890 474
1785900 474
1785910 474
1785920 474
1785930 475
1785940 476
1785950 478
1785960 481
1785970 483
1785980 486
1785990 488
1786000 489
1786010 490
1786020 491
1786030 491
1786040 492
1786050 493
1786060 494
1786070 494
1790710 557
1790720 556
1790730 556
1790740 556
1790750 555
1790760 555
1790770 554
1790780 554
1790790 554
1790800 554
1790810 553
1790820 553
1790830 553
1790840 553
1790850 553
1790860 552
1790870 552
1790880 552
1790890 551
1790900 551
1790910 551
1790920 551
1790930 550
1790940 550
1790950 549
1790960 549
1790970 548
1790980 548
1790990 547
1791000 546
1791010 544
1791020 541
1791030 537
1791040 535
1791050 535
1791060 536
1791070 537
1791080 539
1791090 540
1791100 541
1791110 541
1791120 541
1791130 540
1791140 540
1791150 540
1791160 540
1791170 539
1791180 539
1791190 539
1791200 538
1791210 538
1791220 537
1791230 537
1791240 536
1791250 536
1791260 536
1791270 536
1791280 536
1791290 536
1791300 536
1791310 535
1791320 535
1791330 535
1791340 535
1791350 534
1791360 534
1791370 534
1791380 533
1791390 533
1791400 532
1791410 532
1791420 531
1791430 531
1791440 530
1791450 530
1791460 530
1791470 529
1791480 529
1791490 528
1791500 527
1791510 527
1791520 527
1791530 526
1791540 526
1791550 525
1791560 525
1791570 524
1791580 524
1791590 523
1791600 523
1791610 522
1791620 520
1791630 519
1791640 518
1791650 516
1791660 514
1791670 511
1791680 508
1791690 506
1791700 504
1791710 502
1791720 500
1791730 498
1791740 496
1791750 494
1791760 492
1791770 490
1791780 488
1791790 486
1791800 484
1791810 481
1791820 480
1791830 478
1791840 477
1791850 476
1791860 476
1791870 476
1791880 477
1791890 479
1791900 481
1791910 483
1791920 485
1791930 486
1791940 488
1791950 490
1791960 491
1791970 493
1791980 495
1791990 496
1792000 497
1792010 499
1792020 500
1792030 502
1792040 503
1792050 504
1792060 505
1792070 506
1792080 507
1792090 508
1792100 510
1792110 511
1792120 513
1792130 515
1792140 516
1792150 519
1792160 521
1792170 523
1792180 525
1792190 526
1792200 528
1792210 529
1792220 530
1792230 532
1792240 533
1792250 534
1792260 535
1792270 535
1792280 536
1792290 536
1792300 536
1792310 535
1792320 535
1792330 535
1792340 534
1792350 534
1792360 533
1792370 533
1792380 532
1792390 531
1792400 530
1792410 529
1792420 528
1792430 528
1792440 527
1792450 526
1792460 526
1792470 525
1792480 524
1792490 524
1792500 523
1792510 523
1792520 522
1794960 460
1794970 461
1794980 462
1794990 464
1795000 465
1795010 467
1795020 468
1795030 470
1795040 471
1795050 472
1795060 472
1795070 473
1795080 473
1795090 473
1795100 473
1795110 473
1795120 472
1795130 472
1795140 472
1795150 471
1795160 471
1795170 470
1795180 470
1795190 469
1795200 468
1795210 468
1795220 467
1795230 467
1795240 466
1795250 465
1795260 465
1795270 464
1795280 463
1795290 463
1795300 462
1795310 461
1795320 460
1795330 459
1795340 458
1795350 457
1795360 457
1795370 456
1795380 455
1795390 455
1795400 454
1795410 453
1795420 452
1795430 452
1795440 451
1795450 450
1795460 449
1795470 449
1795480 448
1795490 447
1795500 446
1795510 445
1795520 444
1795530 443
1795540 443
1795550 442
1795560 441
1795570 440
1795580 439
1795590 439
1795600 438
1795610 437
1795620 436
1795630 435
1795640 435
1795650 434
1795660 433
1795670 433
1795680 433
1795690 432
1795700 431
1795710 430
1795720 429
1795730 429
1795740 428
1795750 427
1795760 426
1795770 425
1795780 423
1795790 422
1795800 420
1795810 420
1795820 420
1795830 420
1795840 420
1795850 419
1795860 419
1795870 419
1795880 418
1795890 418
1795900 418
1795910 418
1795920 418
1795930 417
1795940 417
1795950 416
1795960 416
1795970 415
1795980 415
1795990 415
1796000 415
1796010 414
1796020 414
1796030 414
1796040 413
1796050 413
1796060 413
1796070 412
1796080 412
1796090 412
1796100 411
1796110 411
1796120 410
1796130 409
1796140 409
1796150 408
1796160 407
1796170 407
1796180 407
1796190 406
1796200 405
1796210 405
1796220 404
1796230 403
1796240 403
1796250 402
1796260 401
1796270 401
1796280 400
1796290 400
1796300 399
1796310 399
1796320 398
1796330 398
1796340 397
1796350 397
1796360 396
1796370 396
1796380 395
1796390 395
1796400 394
1796410 393
1796420 393
1796430 392
1796440 392
1796450 391
1796460 391
1796470 390
1796480 390
1796490 389
1796500 389
1796510 389
1796520 388
1796530 387
1796540 387
1796550 386
1796560 386
1796570 385
1796580 384
1796590 384
1796600 383
1796610 382
1796620 381
1796630 381
1796640 380
1796650 379
1796660 379
1796670 378
1796680 378
1796690 377
1796700 376
1796710 376
1796720 375
1796730 375
1796740 374
1796750 374
1796760 373
1796770 372
1796780 372
1796790 371
1796800 370
1796810 370
1796820 370
1796830 369
1796840 369
1796850 369
1796860 368
1796870 368
1796880 367
1796890 367
1796900 366
1796910 365
1796920 364
1796930 363
1796940 363
1796950 362
1796960 362
1796970 362
1796980 361
1796990 361
1797000 360
1797010 360
1797020 360
1797030 360
1797040 360
1797050 359
1797060 359
1797070 358
1797080 357
1797090 357
1797100 356
1797110 356
1797120 356
1797130 356
1797140 355
1797150 355
1797160 355
1797170 354
1797180 354
1797190 354
1797200 354
1797210 354
1797220 353
1797230 352
1797240 351
1797250 350
1797260 349
1797270 349
1797280 349
1797290 349
1797300 348
1797310 348
1797320 348
1797330 348
1797340 348
1797350 348
1797360 348
1797370 348
1797380 348
1797390 348
1797400 349
1797410 349
1797420 349
1797430 349
1797440 349
1797450 349
1797460 349
1797470 349
1797480 349
1797490 350
1797500 350
1797510 350
1797520 351
1797530 352
1797540 353
1797550 354
1797560 355
1797570 356
1797580 356
1797590 357
1797600 358
1797610 359
1797620 360
1797630 361
1797640 362
1797650 363
1797660 364
1797670 365
1797680 366
1797690 367
1797700 368
1797710 370
1797720 371
1797730 373
1797740 374
1797750 375
1797760 376
1797770 377
1797780 378
1797790 379
1797800 380
1797810 381
1797820 381
1797830 382
1797840 382
1797850 382
1797860 382
1797870 382
1797880 381
1797890 381
1797900 380
1797910 379
1797920 378
1797930 377
1797940 376
1797950 375
1797960 374
1797970 373
1797980 372
1797990 371
1798000 369
1798010 367
1798020 365
1798030 363
1798040 360
1798050 358
1798060 357
1798070 356
1798080 355
1798090 356
1798100 357
1798110 359
1798120 362
1798130 365
1798140 368
1798150 371
1798160 373
1798170 376
1798180 379
1798190 381
1798200 384
1798210 387
1798220 389
1798230 392
1798240 394
1798250 396
1798260 398
1798270 400
1798280 401
1798290 403
1798300 404
1798310 405
1798320 406
1798330 407
1798340 408
1798350 409
1798360 410
1798370 412
1798380 412
1798390 412
1798400 411
1798410 411
1798420 410
1798430 410
1798440 409
1798450 408
1798460 408
1798470 407
1798480 407
1798490 406
1798500 406
1798510 405
1798520 405
1798530 404
1798540 404
1798550 403
1798560 402
1798570 401
1798580 400
1798590 400
1798600 399
1798610 398
1798620 397
1798630 396
1798640 395
1798650 394
1798660 393
1798670 392
1798680 392
1798690 391
1798700 389
1798710 388
1798720 387
1798730 386
1798740 385
1798750 384
1798760 383
1798770 382
1798780 381
1798790 380
1798800 379
1798810 378
1798820 376
1798830 375
1798840 374
1798850 374
1798860 374
1798870 375
1798880 375
1798890 375
1798900 375
1798910 375
1798920 375
1798930 375
1798940 374
1798950 373
1798960 372
1798970 371
1798980 370
1798990 368
1799000 367
1799010 365
1799020 364
1799030 362
1799040 361
1799050 360
1799060 359
1799070 357
1799080 355
1799090 352
1799100 349
1799110 347
1799120 347
1799130 349
1799140 351
1799150 354
1799160 357
1799170 359
1799180 362
1799190 364
1799200 366
1799210 369
1799220 371
1799230 373
1799240 375
1799250 376
1799260 377
1799270 378
1799280 378
1799290 378
1799300 377
1799310 377
1799320 376
1799330 375
1799340 374
1799350 374
1799360 373
1799370 372
1799380 371
1799390 370
1799400 369
1799410 368
1799420 367
1799430 366
1799440 365
1799450 363
1799460 362
1799470 360
1799480 358
1799490 355
1799500 353
1799510 351
1799520 348
1799530 346
1799540 345
1799550 344
1799560 342
1799570 341
1799580 341
1799590 342
1799600 343
1799610 343
1799620 344
1799630 345
1799640 346
1799650 347
1799660 349
1799670 350
1799680 352
1799690 353
1799700 355
1799710 356
1799720 358
1799730 360
1799740 361
1799750 363
1799760 365
1799770 366
1799780 368
1799790 370
1799800 371
1799810 372
1799820 373
1799830 374
1799840 374
1799850 375
1799860 375
1799870 376
1799880 377
1799890 377
1799900 378
1799910 379
1799920 380
1799930 380
1799940 381
1799950 382
1799960 384
1799970 385
1799980 386
1799990 388
