1780990 519
1781000 521
1781010 522
1781020 524
1781030 525
1781040 525
1781050 526
1781060 527
1781070 528
1781080 529
1781090 529
1781100 529
1781110 529
1781120 529
1781130 529
1781140 529
1781150 529
1781160 529
1781170 529
1781180 529
1781190 529
1781200 529
1781210 528
1781220 528
1781230 528
1781240 528
1781250 528
1781260 528
1781270 529
1781280 529
1781290 529
1781300 530
1781310 530
1781320 531
1781330 531
1781340 531
1781350 530
1781360 530
1781370 530
1781380 529
1781390 529
1781400 529
1781410 529
1781420 528
1781430 528
1781440 527
1781450 527
1781460 526
1781470 525
1781480 524
1781490 524
1781500 523
1781510 522
1781520 522
1781530 521
1781540 521
1781550 520
1781560 519
1781570 519
1781580 518
1781590 517
1781600 516
1781610 515
1781620 514
1781630 513
1781640 512
1781650 511
1781660 509
1781670 508
1781680 506
1781690 505
1781700 503
1781710 501
1781720 499
1781730 497
1781740 496
1781750 494
1781760 493
1781770 492
1781780 490
1781790 489
1781800 490
1781810 491
1781820 492
1781830 493
1781840 495
1781850 497
1781860 498
1781870 500
1781880 501
1781890 501
1781900 501
1781910 501
1781920 501
1781930 502
1781940 502
1781950 502
1781960 503
1781970 503
1781980 504
1781990 504
1782000 505
1782010 505
1782020 506
1782030 506
1782040 507
1782050 507
1782060 507
1782070 507
1782080 507
1782090 508
1782100 507
1782110 507
1782120 507
1782130 507
1782140 506
1782150 506
1782160 506
1782170 505
1782180 505
1782190 504
1782200 504
1782210 503
1782220 503
1782230 502
1782240 502
1782250 501
1782260 501
1782270 500
1782280 498
1782290 496
1782300 494
1782310 493
1782320 494
1782330 496
1782340 499
1782350 501
1782360 503
1782370 504
1782380 505
1782390 507
1782400 509
1782410 511
1782420 512
1782430 513
1782440 514
1782450 515
1782460 516
1782470 517
1782480 518
1782490 518
1782500 519
1782510 520
1782520 521
1782530 522
1782540 522
1782550 523
1782560 524
1782570 524
1782580 525
1782590 526
1782600 526
1782610 527
1782620 527
1782630 527
1782640 527
1782650 527
1782660 527
1782670 527
1782680 527
1782690 526
1782700 526
1782710 525
1782720 524
1782730 523
1782740 522
1782750 521
1782760 520
1782770 519
1782780 518
1782790 517
1782800 516
1782810 515
1782820 513
1782830 512
1782840 511
1782850 509
1782860 508
1782870 506
1782880 505
1782890 503
1782900 501
1782910 499
1782920 498
1782930 497
1782940 495
1782950 494
1782960 494
1782970 496
1782980 498
1782990 500
1783000 502
1783010 503
1783020 504
1783030 506
1783040 507
1783050 508
1783060 509
1783070 509
1783080 510
1783090 511
1783100 512
1783110 513
1783120 514
1783130 515
1783140 515
1783150 516
1783160 516
1783170 517
1783180 517
1783190 517
1783200 517
1783210 517
1783220 516
1783230 516
1783240 515
1783250 515
1783260 515
1783270 514
1783280 514
1783290 514
1783300 514
1783310 514
1783320 514
1783330 514
1783340 514
1783350 514
1783360 514
1783370 514
1783380 514
1783390 514
1783400 515
1783410 515
1783420 515
1783430 515
1783440 515
1783450 515
1783460 515
1783470 516
1783480 516
1783490 516
1783500 516
1783510 516
1783520 516
1783530 516
1783540 516
1783550 516
1783560 516
1783570 517
1783580 517
1783590 517
1783600 517
1783610 517
1783620 517
1783630 517
1783640 517
1783650 517
1783660 517
1783670 517
1783680 517
1783690 517
1783700 517
1783710 517
1783720 517
1783730 517
1783740 517
1783750 517
1783760 517
1783770 517
1783780 517
1783790 517
1783800 517
1783810 517
1783820 517
1783830 516
1783840 516
1783850 516
1783860 515
1783870 515
1783880 515
1783890 514
1783900 513
1783910 514
1783920 514
1783930 514
1783940 514
1783950 513
1783960 513
1783970 513
1783980 513
1783990 513
1784000 512
1784010 512
1784020 512
1784030 511
1784040 511
1784050 511
1784060 510
1784070 510
1784080 509
1784090 509
1784100 508
1784110 508
1784120 507
1784130 506
1784140 506
1784150 505
1784160 505
1784170 504
1784180 504
1784190 503
1784200 502
1784210 502
1784220 501
1784230 500
1784240 499
1784250 498
1784260 498
1784270 497
1784280 497
1784290 496
1784300 496
1784310 495
1784320 494
1784330 493
1784340 491
1784350 489
1784360 487
1784370 485
1784380 484
1784740 467
1784750 468
1784760 468
1784770 469
1784780 469
1784790 470
1784800 471
1784810 473
1784820 475
1784830 477
1784840 478
1784850 480
1784860 482
1784870 483
1784880 484
1784890 486
1784900 487
1784910 487
1784920 488
1784930 489
1784940 490
1784950 492
1784960 493
1784970 494
1784980 494
1784990 495
1785000 496
1785010 498
1785020 499
1785030 500
1785040 501
1785050 502
1785060 503
1785070 504
1785080 506
1785090 508
1785100 511
1785110 513
1785120 515
1785130 517
1785140 518
1785150 519
1785160 520
1785170 520
1785180 520
1785190 519
1785200 519
1785210 519
1785220 518
1785230 518
1785240 518
1785250 517
1785260 517
1785270 517
1785280 516
1785290 516
1785300 516
1785310 515
1785320 515
1785330 515
1785340 515
1785350 514
1785360 514
1785370 514
1785380 514
1785390 514
1785400 514
1785410 513
1785420 513
1785430 513
1785440 513
1785450 513
1785460 512
1785470 512
1785480 512
1785490 512
1785500 512
1785510 511
1785520 511
1785530 511
1785540 511
1785550 511
1785560 511
1785570 510
1785580 510
1785590 510
1785600 511
1785610 511
1785620 511
1785630 511
1785640 511
1785650 510
1785660 510
1785670 510
1785680 510
1785690 510
1785700 510
1785710 510
1785720 510
1785730 510
1785740 510
1785750 510
1785760 510
1785770 510
1785780 510
1785790 510
1785800 510
1785810 510
1785820 510
1785830 510
1785840 510
1785850 510
1785860 509
1785870 510
1785880 510
1785890 510
1785900 510
1785910 510
1785920 510
1785930 510
1785940 511
1785950 511
1785960 511
1785970 511
1785980 511
1785990 511
1786000 511
1786010 511
1786020 511
1786030 511
1786040 511
1786050 511
1786060 511
1786070 510
1786080 510
1786090 510
1786100 510
1786110 510
1786120 510
1786130 510
1786140 510
1786150 510
1786160 510
1786170 510
1786180 511
1786190 511
1786200 511
1786210 512
1786220 512
1786230 512
1786240 512
1786250 512
1786260 511
1786270 511
1786280 510
1786290 509
1786300 509
1786310 509
1786320 510
1786330 510
1786340 510
1786350 510
1786360 510
1786370 510
1786380 510
1786390 510
1786400 510
1786410 510
1786420 510
1786430 510
1786440 511
1786450 511
1786460 511
1786470 511
1786480 512
1786490 512
1786500 512
1786510 511
1786520 511
1786530 511
1786540 510
1786550 509
1786560 508
1786570 507
1786580 506
1786590 505
1786600 504
1786610 503
1786620 502
1786630 502
1786640 502
1786650 502
1786660 502
1786670 501
1786680 501
1786690 500
1786700 500
1786710 499
1786720 499
1786730 498
1786740 498
1786750 497
1786760 496
1786770 496
1786780 495
1786790 494
1786800 493
1786810 493
1786820 492
1786830 492
1786840 491
1786850 491
1786860 490
1786870 490
1786880 489
1786890 489
1786900 488
1786910 488
1786920 487
1786930 486
1786940 485
1786950 484
1786960 484
1786970 483
1786980 482
1786990 482
1787000 481
1787010 481
1787020 480
1787030 480
1787040 479
1787050 478
1787060 478
1787070 477
1787080 476
1787090 475
1787100 474
1787110 473
1787120 472
1787130 471
1787140 470
1787150 469
1787160 468
1787170 467
1787180 466
1787190 465
1787200 463
1787210 462
1787220 460
1787230 459
1787240 457
1787250 455
1787260 454
1787270 453
1787280 451
1787290 449
1787300 447
1787310 445
1787320 443
1787330 440
1787340 438
1787350 436
1787360 433
1787370 432
1787380 430
1787390 428
1787400 426
1787410 424
1787420 423
1787430 422
1787440 421
1787450 420
1787460 420
1787470 420
1787480 421
1787490 423
1787500 425
1787510 427
1787520 429
1787530 431
1787540 432
1787550 434
1787560 435
1787570 436
1787580 436
1787590 436
1787600 435
1787610 434
1787620 434
1787630 433
1787640 433
1787650 433
1787660 433
1787670 433
1787680 434
1787690 434
1787700 433
1787710 433
1787720 432
1787730 432
1787740 431
1787750 430
1787760 430
1787770 429
1787780 428
1787790 427
1787800 425
1787810 425
1787820 426
1787830 428
1787840 429
1787850 430
1787860 431
1787870 432
1787880 433
1787890 434
1787900 435
1787910 436
1787920 437
1787930 439
1787940 440
1787950 442
1787960 443
1787970 445
1787980 446
1787990 448
1788000 449
1788010 451
1788020 454
1788030 456
1788040 459
1788050 462
1788060 465
1788070 467
1788080 470
1788090 473
1788100 475
1788110 477
1788120 480
1788130 482
1788140 484
1788150 486
1788160 487
1788170 489
1788180 491
1788190 492
1788200 493
1788210 494
1788220 495
1788230 496
1788240 496
1788250 497
1788260 497
1788270 497
1788280 498
1788290 498
1788300 498
1788310 498
1788320 498
1788330 498
1788340 498
1788350 498
1788360 498
1788370 498
1788380 498
1788390 497
1788400 497
1788410 497
1788420 497
1788430 496
1788440 496
1788450 496
1788460 495
1788470 495
1788480 495
1788490 494
1788500 494
1788510 493
1788520 491
1788530 490
1788540 488
1788550 485
1788560 482
1788570 479
1788580 476
1788590 473
1788600 471
1788610 468
1788620 465
1788630 462
1788640 459
1788650 457
1788660 454
1788670 452
1788680 449
1788690 447
1788700 444
1788710 442
1788720 439
1788730 437
1788740 435
1788750 434
1788760 432
1788770 431
1788780 430
1788790 430
1788800 429
1788810 429
1788820 430
1788830 431
1788840 432
1788850 433
1788860 434
1788870 434
1788880 433
1788890 431
1788900 430
1788910 428
1788920 426
1788930 424
1788940 423
1788950 421
1788960 420
1788970 419
1788980 418
1788990 417
1789000 417
1789010 416
1789020 416
1789030 416
1789040 416
1789050 416
1789060 416
1789070 415
1789080 414
1789090 415
1789100 416
1789110 417
1789120 419
1789130 420
1789140 421
1789150 423
1789160 424
1789170 426
1789180 428
1789190 429
1789200 431
1789210 433
1789220 435
1789230 436
1789240 438
1789250 439
1789260 440
1789270 442
1789280 443
1789290 445
1789300 448
1789310 450
1789320 453
1789330 455
1789340 457
1789350 459
1789360 460
1789370 462
1789380 463
1789390 463
1789400 464
1789410 465
1789420 465
1789430 465
1789440 465
1789450 466
1789460 466
1789470 466
1789480 466
1789490 467
1789500 467
1789510 467
1789520 468
1789530 468
1789540 468
1789550 468
1789560 468
1789570 469
1789580 469
1789590 469
1789600 470
1789610 470
1789620 471
1789630 472
1789640 472
1789650 472
1789660 472
1789670 472
1789680 472
1789690 472
1789700 472
1789710 472
1789720 472
1789730 473
1789740 473
1789750 474
1789760 475
1789770 476
1789780 476
1789790 476
1789800 477
1789810 477
1789820 478
1789830 479
1789840 479
1789850 480
1789860 480
1789870 481
1789880 481
1789890 482
1789900 483
1789910 483
1789920 484
1789930 484
1789940 485
1789950 486
1789960 486
1789970 487
1789980 489
1789990 490
1790000 492
1790010 494
1790020 496
1790030 497
1790040 499
1790050 500
1790060 502
1790070 504
1790080 505
1790090 507
1790100 508
1790110 510
1790120 512
1790130 514
1790140 516
1790150 518
1790160 520
1790170 521
1790180 523
1790190 525
1790200 527
1790210 529
1790220 532
1790230 534
1790240 536
1790250 537
1790260 539
1790270 541
1790280 543
1790290 544
1790300 545
1790310 546
1790320 548
1790330 549
1790340 551
1790350 552
1790360 553
1790370 555
1790380 556
1790390 557
1790400 557
1790410 558
1790420 558
1790430 558
1790440 558
1790450 559
1790460 559
1790470 559
1790480 559
1790490 559
1790500 561
1790510 562
1790520 564
1790530 565
1790540 566
1790550 568
1790560 569
1790570 570
1790580 571
1790590 572
1790600 572
1790610 573
1790620 574
1790630 574
1790640 575
1790650 575
1790660 575
1790670 576
1790680 576
1790690 577
1790700 577
1790710 576
1790720 576
1790730 575
1790740 575
1790750 575
1790760 575
1790770 575
1790780 575
1790790 574
1790800 573
1790810 573
1790820 572
1790830 572
1790840 572
1790850 572
1790860 572
1790870 572
1790880 572
1790890 572
1790900 571
1790910 570
1790920 569
1790930 568
1790940 567
1790950 566
1790960 566
1790970 565
1790980 565
1790990 564
1791000 563
1791010 563
1791020 562
1791030 561
1791040 561
1791050 560
1791060 559
1792010 539
1792020 539
1792030 539
1792040 538
1792050 538
1792060 538
1792070 538
1792080 538
1792090 537
1792100 536
1792110 536
1792120 535
1792130 535
1792140 534
1792150 534
1792160 533
1792170 532
1792180 531
1792190 531
1792200 530
1792210 529
1792220 528
1792230 527
1792240 526
1792250 524
1792260 523
1792270 522
1792280 521
1792290 520
1792300 518
1792310 517
1792320 516
1792330 515
1792340 513
1792350 512
1792360 510
1792370 509
1792380 508
1792390 507
1792400 505
1792410 503
1792420 502
1792430 500
1792440 498
1792450 496
1792460 494
1792470 492
1792480 489
1792490 486
1792500 482
1792510 479
1792520 475
1792530 473
1792540 472
1792550 471
1792560 471
1792570 470
1792580 468
1792590 467
1792600 465
1792610 463
1792620 462
1792630 460
1792640 458
1792650 457
1792660 455
1792670 454
1792680 453
1792690 452
1792700 450
1792710 449
1792720 448
1792730 446
1792740 446
1792750 445
1792760 445
1792770 445
1792780 444
1792790 444
1792800 444
1792810 444
1792820 444
1792830 444
1792840 443
1792850 442
1792860 441
1792870 439
1792880 438
1792890 436
1792900 434
1792910 433
1792920 431
1792930 429
1792940 430
1792950 432
1792960 433
1792970 434
1792980 434
1792990 435
1793000 436
1793010 438
1793020 439
1793030 442
1793040 443
1793050 444
1793060 444
1793070 444
1793080 444
1793090 444
1793100 444
1793110 443
1793120 442
1793130 442
1793140 441
1793150 441
1793160 440
1793170 439
1793180 437
1793190 436
1793200 435
1793210 434
1793220 433
1793230 432
1793240 431
1793250 430
1793260 429
1793270 427
1793280 426
1793290 424
1793300 423
1793310 422
1793320 420
1793330 419
1793340 418
1793350 416
1793360 415
1793370 414
1793380 413
1793390 412
1793400 411
1793410 410
1793420 409
1793430 409
1793440 408
1793450 407
1793460 406
1793470 405
1793480 404
1793490 404
1793500 403
1793510 402
1793520 402
1793530 401
1793540 401
1793550 400
1793560 400
1793570 399
1793580 398
1793590 398
1793600 397
1793610 397
1793620 396
1793630 395
1793640 395
1793650 394
1793660 393
1793670 393
1793680 392
1793690 392
1793700 392
1793710 391
1793720 391
1793730 390
1793740 389
1793750 389
1793760 388
1793770 388
1793780 387
1793790 387
1793800 386
1793810 385
1793820 385
1793830 384
1793840 383
1793850 383
1793860 382
1793870 381
1793880 380
1793890 379
1793900 378
1793910 377
1793920 376
1793930 375
1793940 374
1793950 373
1793960 373
1793970 372
1793980 372
1793990 372
1794000 373
1794010 374
1794020 375
1794030 375
1794040 376
1794050 377
1794060 378
1794070 379
1794080 380
1794090 380
1794100 380
1794110 381
1794120 381
1794130 382
1794140 383
1794150 383
1794160 384
1794170 385
1794180 385
1794190 385
1794200 386
1794210 386
1794220 386
1794230 386
1794240 385
1794250 385
1794260 384
1794270 385
1794280 387
1794290 388
1794300 390
1794310 391
1794320 393
1794330 394
1794340 394
1794350 395
1794360 396
1794370 396
1794380 397
1794390 398
1794400 398
1794410 399
1794420 399
1794430 400
1794440 401
1794450 402
1794460 403
1794470 404
1794480 405
1794490 406
1794500 407
1794510 408
1794520 409
1794530 410
1794540 410
1794550 411
1794560 412
1794570 413
1794580 414
1794590 415
1794600 417
1794610 419
1794620 421
1794630 423
1794640 425
1794650 426
1794660 428
1794670 429
1794680 430
1794690 431
1794700 432
1794710 433
1794720 435
1794730 436
1794740 438
1794750 439
1794760 441
1794770 442
1794780 443
1794790 444
1794800 445
1794810 446
1794820 447
1794830 448
1794840 449
1794850 450
1794860 452
1794870 453
1794880 455
1794890 457
1794900 460
1794910 462
1794920 464
1794930 466
1794940 467
1794950 468
1794960 470
1794970 470
1794980 471
1794990 471
1795000 472
1795010 472
1795020 472
1795030 472
1795040 472
