1780000 431
1780010 431
1780020 431
1780030 430
1780040 430
1780050 429
1780060 428
1780070 427
1780080 427
1780090 427
1780100 426
1780110 427
1780120 429
1780130 431
1780140 433
1780150 435
1780160 435
1780170 436
1780180 437
1780190 438
1780200 440
1780210 441
1780220 443
1780230 446
1780240 448
1780250 450
1780260 452
1780270 454
1780280 455
1780290 457
1780300 459
1780310 460
1780320 461
1780330 462
1780340 464
1780350 465
1780360 467
1780370 469
1780380 471
1780390 473
1780400 474
1780410 476
1780420 478
1780430 479
1780440 481
1780450 482
1780460 483
1780470 484
1780480 486
1780490 487
1780500 488
1780510 490
1780520 491
1780530 493
1780540 495
1780550 497
1780560 500
1780570 502
1780580 505
1780590 507
1780600 510
1780610 513
1780620 515
1780630 518
1780640 520
1780650 523
1780660 524
1780670 526
1780680 527
1780690 528
1780700 529
1780710 530
1780720 531
1780730 532
1780740 534
1780750 535
1780760 536
1780770 537
1780780 538
1780790 539
1780800 540
1780810 541
1780820 542
1780830 543
1780840 544
1780850 545
1780860 546
1780870 546
1780880 547
1780890 547
1780900 547
1780910 548
1780920 549
1780930 550
1780940 552
1780950 554
1780960 556
1780970 558
1780980 560
1780990 562
1781000 564
1781010 566
1781020 568
1781030 570
1781040 572
1781050 575
1781060 577
1781070 580
1781080 582
1781090 585
1781100 587
1781110 589
1781120 591
1781130 594
1781140 596
1781150 599
1781160 601
1781170 603
1781180 605
1781190 607
1781200 608
1781210 609
1781220 610
1781230 610
1781240 611
1781250 611
1781260 611
1781270 612
1781280 612
1781290 612
1781300 613
1781310 613
1781320 614
1781330 614
1781340 614
1781350 614
1781360 614
1781370 614
1781380 614
1781390 614
1781400 613
1781410 613
1781420 613
1781430 613
1781440 613
1781450 613
1781460 612
1781470 612
1781480 612
1781490 612
1781500 612
1781510 611
1781520 611
1781530 611
1781540 611
1781550 611
1781560 611
1781570 611
1781580 611
1781590 610
1781600 610
1781610 610
1781620 610
1781630 610
1781640 610
1781650 610
1781660 609
1781670 609
1781680 609
1781690 609
1781700 608
1781710 608
1781720 608
1781730 608
1781740 608
1781750 607
1781760 607
1781770 608
1781780 608
1781790 608
1781800 608
1781810 608
1781820 608
1781830 608
1781840 608
1781850 607
1781860 607
1781870 607
1781880 606
1781890 606
1781900 605
1781910 605
1781920 604
1781930 604
1781940 603
1781950 602
1781960 601
1781970 601
1781980 600
1781990 600
1782000 599
1782010 599
1782020 599
1782030 599
1782040 599
1782050 599
1782060 599
1782070 599
1782080 598
1782090 598
1782100 598
1782110 598
1782120 598
1782130 598
1782140 598
1782150 598
1782160 598
1782170 598
1782180 597
1782190 597
1782200 597
1782210 597
1782220 597
1782230 597
1782240 597
1782250 597
1782260 597
1782270 596
1782280 596
1782290 596
1782300 596
1782310 596
1782320 596
1782330 597
1782340 597
1782350 597
1782360 596
1782370 596
1782380 596
1782390 596
1782400 596
1782410 595
1782420 595
1782430 595
1782440 595
1782450 595
1782460 595
1782470 596
1782480 595
1782490 595
1782500 595
1782510 595
1782520 594
1782530 594
1782540 594
1782550 594
1782560 593
1782570 593
1782580 593
1782590 592
1782600 592
1782610 592
1782620 592
1782630 592
1782640 592
1782650 592
1782660 592
1782670 592
1782680 591
1782690 592
1782700 592
1782710 592
1782720 592
1782730 592
1782740 592
1782750 592
1782760 592
1782770 592
1782780 592
1782790 592
1782800 592
1782810 592
1782820 592
1782830 591
1782840 591
1782850 592
1782860 593
1782870 594
1782880 594
1782890 595
1782900 595
1782910 596
1782920 597
1782930 598
1782940 599
1782950 600
1782960 601
1782970 602
1782980 603
1782990 604
1783000 604
1783010 605
1783020 606
1783030 606
1783040 606
1783050 606
1783060 606
1783070 607
1783080 606
1783090 606
1783100 606
1783110 606
1783120 605
1783130 605
1783140 605
1783150 604
1783160 604
1783170 603
1783180 603
1783190 602
1783200 601
1783210 601
1783220 600
1783230 599
1783240 598
1783250 597
1783260 596
1783270 595
1783280 594
1783290 593
1783300 592
1783310 591
1783320 590
1783330 590
1783340 589
1783350 588
1783360 587
1783370 587
1783380 586
1783390 585
1783400 585
1783410 583
1783420 582
1783430 581
1783440 580
1783450 580
1783460 579
1783470 578
1783480 577
1783490 576
1783500 575
1783510 574
1783520 574
1783530 573
1783540 572
1783550 571
1783560 570
1783570 569
1783580 568
1783590 567
1783600 566
1783610 566
1783620 565
1783630 564
1783640 563
1783650 562
1783660 561
1783670 560
1783680 559
1783690 558
1783700 556
1783710 555
1783720 554
1783730 554
1783740 553
1783750 552
1783760 551
1783770 551
1783780 550
1783790 549
1783800 548
1783810 547
1783820 546
1783830 545
1783840 544
1783850 543
1783860 543
1783870 542
1783880 541
1783890 540
1783900 539
1783910 538
1783920 537
1783930 536
1783940 535
1783950 534
1783960 532
1783970 531
1783980 530
1783990 529
1784000 528
1784010 526
1784020 525
1784030 523
1784040 522
1784050 520
1784060 518
1784070 518
1784080 519
1784090 520
1784100 522
1784110 524
1784120 526
1784130 527
1784140 529
1784150 530
1784160 531
1784170 532
1784180 533
1784190 534
1784200 535
1784210 536
1784220 538
1784230 539
1784240 540
1784250 541
1784260 542
1784270 543
1784280 544
1784290 545
1784300 545
1784310 546
1784320 547
1784330 548
1784340 549
1784350 550
1784360 551
1784370 552
1784380 553
1784390 554
1784400 554
1784410 555
1784420 556
1784430 556
1784440 557
1784450 557
1784460 558
1784470 558
1784480 559
1784490 559
1784500 560
1784510 560
1784520 561
1784530 561
1784540 562
1784550 562
1784560 563
1784570 563
1784580 563
1784590 563
1784600 562
1784610 562
1784620 562
1784630 562
1784640 562
1784650 561
1784660 561
1784670 561
1784680 560
1784690 560
1784700 560
1784710 560
1784720 559
1784730 559
1784740 559
1784750 559
1784760 558
1784770 558
1784780 558
1784790 557
1784800 557
1784810 557
1784820 556
1784830 556
1784840 555
1784850 554
1784860 554
1784870 553
1784880 553
1784890 552
1784900 552
1784910 552
1784920 552
1784930 551
1784940 551
1784950 550
1784960 550
1784970 549
1784980 549
1784990 548
1785000 548
1785010 547
1785020 547
1785030 546
1785040 545
1785050 544
1785060 543
1785070 543
1785080 542
1785090 541
1785100 540
1785110 539
1785120 538
1785130 537
1785140 536
1785150 535
1785160 534
1785170 533
1785180 532
1785190 530
1785200 529
1785210 528
1785220 526
1785230 525
1785240 524
1785250 522
1785260 521
1785270 519
1785280 518
1785290 517
1785300 515
1785310 514
1785320 512
1785330 510
1785340 509
1785350 507
1785360 505
1785370 503
1785380 502
1785390 500
1785400 498
1785410 497
1785420 495
1785430 493
1785440 491
1785450 488
1785460 485
1785470 483
1785480 482
1785490 480
1785500 477
1785510 474
1785520 472
1785530 470
1785540 469
1785550 469
1785560 469
1785570 469
1785580 468
1785590 467
1785600 467
1785610 466
1785620 464
1785630 463
1785640 462
1785650 460
1785660 458
1785670 457
1785680 455
1785690 453
1785700 451
1785710 449
1785720 446
1785730 447
1785740 448
1785750 449
1785760 449
1785770 450
1785780 452
1785790 454
1785800 457
1785810 460
1785820 462
1785830 464
1785840 465
1785850 467
1785860 468
1785870 469
1785880 471
1785890 472
1785900 473
1785910 474
1785920 474
1785930 474
1785940 474
1785950 474
1785960 474
1785970 474
1785980 474
1785990 474
1786000 474
1786010 473
1786020 473
1786030 472
1786040 471
1786050 471
1786060 470
1786070 470
1786080 470
1786090 470
1786100 470
1786110 470
1786120 470
1786130 470
1786140 470
1786150 470
1786160 470
1786170 470
1786180 471
1786190 471
1786200 471
1786210 472
1786220 472
1786230 473
1786240 473
1786250 474
1786260 474
1786270 475
1786280 476
1786290 477
1786300 478
1786310 478
1786320 479
1786330 480
1786340 481
1786350 481
1786360 482
1786370 483
1786380 484
1786390 484
1786400 485
1786410 485
1786420 486
1786430 487
1786440 487
1786450 488
1786460 489
1786470 490
1786480 490
1786490 491
1786500 492
1786510 492
1786520 493
1786530 494
1786540 495
1786550 496
1786560 497
1786570 497
1786580 498
1786590 499
1786600 500
1786610 501
1786620 502
1786630 503
1786640 504
1786650 505
1786660 506
1786670 507
1786680 507
1786690 507
1786700 507
1786710 508
1786720 508
1786730 508
1786740 507
1786750 507
1786760 507
1786770 507
1786780 507
1786790 508
1786800 508
1786810 509
1786820 510
1786830 512
1786840 513
1786850 514
1786860 515
1786870 516
1786880 516
1786890 517
1786900 517
1786910 517
1786920 516
1786930 516
1786940 515
1786950 514
1786960 513
1786970 512
1786980 511
1786990 510
1787000 509
1787010 508
1787020 507
1787030 506
1787040 505
1787050 504
1787060 504
1787070 503
1787080 502
1787090 501
1787100 501
1787110 500
1787120 499
1787130 498
1787140 497
1787150 496
1787160 495
1787170 494
1787180 494
1787190 493
1787200 492
1787210 491
1787220 489
1787230 488
1787240 488
1787250 487
1787260 486
1787270 484
1787280 483
1787290 481
1787300 480
1787310 479
1787320 478
1787330 477
1787340 477
1787350 476
1787360 475
1787370 474
1787380 473
1787390 472
1787400 471
1787410 470
1787420 469
1787430 468
1787440 468
1787450 467
1787460 466
1787470 465
1787480 464
1787490 463
1787500 462
1787510 462
1787520 461
1787530 459
1787540 458
1787550 457
1787560 456
1787570 455
1787580 454
1787590 454
1787600 453
1787610 452
1787620 451
1787630 450
1787640 448
1787650 447
1787660 446
1787670 445
1787680 444
1787690 443
1787700 442
1787710 441
1787720 440
1787730 440
1787740 439
1787750 438
1787760 437
1787770 436
1787780 436
1787790 435
1787800 434
1787810 433
1787820 433
1787830 432
1787840 431
1787850 430
1787860 429
1787870 428
1787880 427
1787890 426
1787900 426
1787910 425
1787920 424
1787930 424
1787940 423
1787950 423
1787960 422
1787970 421
1787980 421
1787990 420
1788000 420
1788010 419
1788020 418
1788030 418
1788040 418
1788050 417
1788060 417
1788070 416
1788080 416
1788090 415
1788100 415
1788110 414
1788120 413
1788130 413
1788140 412
1788150 411
1788160 410
1788170 410
1788180 409
1788190 408
1788200 407
1788210 406
1788220 405
1788230 404
1788240 403
1788250 402
1788260 401
1788270 399
1788280 398
1788290 396
1788300 394
1788310 392
1788320 389
1788330 387
1788340 385
1788350 384
1788360 382
1788370 381
1788380 380
1788390 379
1788400 377
1788410 375
1788420 374
1788430 373
1788440 373
1788450 372
1788460 372
1788470 371
1788480 370
1788490 370
1788500 372
1788510 373
1788520 374
1788530 375
1788540 377
1788550 379
1788560 381
1788570 383
1788580 385
1788590 386
1788600 388
1788610 390
1788620 391
1788630 393
1788640 395
1788650 397
1788660 399
1788670 401
1788680 403
1788690 406
1788700 408
1788710 410
1788720 413
1788730 415
1788740 417
1788750 419
1788760 421
1788770 422
1788780 424
1788790 425
1788800 427
1788810 428
1788820 429
1788830 430
1788840 430
1788850 431
1788860 431
1788870 432
1788880 432
1788890 433
1788900 434
1788910 434
1788920 435
1788930 436
1788940 437
1788950 438
1788960 439
1788970 440
1788980 441
1788990 442
1789000 443
1789010 444
1789020 446
1789030 447
1789040 449
1789050 451
1789060 453
1789070 454
1789080 456
1789090 458
1789100 460
1789110 461
1789120 463
1789130 464
1789140 465
1789150 466
1789160 466
1789170 466
1789180 466
1789190 466
1789200 466
1789210 466
1789220 465
1789230 465
1789240 465
1789250 465
1789260 465
1789270 464
1789280 463
1789290 462
1789300 461
1789310 460
1789320 459
1789330 458
1789340 457
1789350 456
1789360 455
1789370 454
1789380 453
1789390 451
1789400 450
1789410 449
1789420 448
1789430 448
1789440 446
1789450 445
1789460 444
1789470 444
1789480 443
1789490 442
1789500 440
1789510 438
1789520 438
1789530 437
1789540 437
1789550 437
1789560 436
1789570 435
1789580 434
1789590 433
1789600 432
1789610 431
1789620 431
1789630 430
1789640 429
1789650 428
1789660 428
1789670 426
1789680 426
1789690 425
1789700 424
1789710 422
1789720 421
1789730 419
1789740 418
1789750 417
1789760 416
1789770 415
1789780 414
1789790 413
1789800 412
1789810 412
1789820 411
1789830 410
1789840 409
1789850 407
1789860 406
1789870 404
1789880 404
1789890 403
1789900 402
1789910 402
1789920 401
1789930 400
1789940 399
1789950 398
1789960 397
1789970 396
1789980 395
1789990 393
1790000 391
1790010 390
1790020 389
1790030 387
1790040 386
1790050 385
1790060 385
1790070 385
1790080 386
1790090 387
1790100 389
1790110 390
1790120 392
1790130 393
1790140 394
1790150 395
1790160 396
1790170 398
1790180 399
1790190 400
1790200 401
1790210 402
1790220 404
1790230 406
1790240 408
1790250 409
1790260 411
1790270 413
1790280 416
1790290 419
1790300 422
1790310 425
1790320 429
1790330 432
1790340 435
1790350 438
1790360 441
1790370 443
1790380 446
1790390 448
1790400 450
1790410 451
1790420 453
1790430 454
1790440 455
1790450 456
1790460 457
1790470 459
1790480 460
1790490 462
1790500 464
1790510 466
1790520 468
1790530 469
1790540 470
1790550 471
1790560 472
1790570 473
1790580 473
1790590 474
1790600 474
1790610 474
1790620 474
1790630 474
1790640 474
1790650 474
1790660 473
1790670 473
1790680 473
1790690 473
1790700 473
1790710 473
1790720 472
1790730 472
1790740 471
1790750 471
1790760 471
1790770 471
1790780 470
1790790 470
1790800 469
1790810 468
1790820 467
1790830 467
1790840 466
1790850 466
1790860 466
1790870 465
1790880 465
1790890 464
1790900 463
1790910 462
1790920 461
1790930 458
1790940 455
1790950 451
1790960 448
1790970 444
1790980 440
1790990 437
1791000 433
1791010 430
1791020 427
1791030 425
1791040 422
1791050 420
1791060 419
1791070 417
1791080 416
1791090 415
1791100 415
1791110 414
1791120 414
1791130 413
1791140 413
1791150 413
1791160 414
1791170 416
1791180 417
1791190 418
1791200 419
1791210 420
1791220 421
1791230 423
1791240 424
1791250 425
1791260 427
1791270 428
1791280 429
1791290 430
1791300 432
1791310 434
1791320 436
1791330 437
1791340 439
1791350 441
1791360 443
1791370 445
1791380 447
1791390 449
1791400 451
1791410 452
1791420 454
1791430 456
1791440 457
1791450 458
1791460 460
1791470 461
1791480 462
1791490 463
1791500 464
1791510 465
1791520 466
1791530 467
1791540 468
1791550 469
1791560 470
1791570 471
1791580 471
1791590 471
1791600 470
1791610 470
1791620 469
1791630 469
1791640 468
1791650 468
1791660 467
1791670 466
1791680 465
1791690 464
1791700 464
1791710 463
1791720 462
1791730 461
1791740 461
1791750 460
1791760 459
1791770 458
1791780 457
1791790 455
1791800 454
1791810 453
1791820 451
1791830 450
1791840 448
1791850 447
1791860 445
1791870 444
1791880 442
1791890 441
1791900 439
1791910 438
1791920 436
1791930 435
1791940 433
1791950 432
1791960 431
1791970 430
1791980 429
1791990 429
1792000 428
1792010 427
1792020 427
1792030 426
1792040 425
1792050 424
1792060 423
1792070 422
1792080 421
1792090 421
1792100 420
1792110 419
1792120 418
1792130 417
1792140 416
1792150 415
1792160 414
1792170 413
1792180 412
1792190 410
1792200 409
1792210 408
1792220 407
1792230 406
1792240 405
1792250 404
1792260 403
1792270 401
1792280 400
1792290 398
1792300 397
1792310 396
1792320 395
1792330 394
1792340 393
1792350 391
1792360 390
1792370 389
1792380 389
1792390 388
1792400 388
1792410 388
1792420 387
1792430 386
1792440 386
1792450 384
1792460 383
1792470 382
1792480 381
1792490 381
1792500 380
1792510 380
1792520 379
1792530 379
1792540 378
1792550 378
1792560 378
1792570 378
1792580 378
1792590 378
1792600 378
1792610 378
1792620 378
1792630 378
1792640 378
1792650 378
1792660 377
1792670 377
1792680 377
1792690 377
1792700 377
1792710 376
1792720 376
1792730 376
1792740 375
1792750 375
1792760 375
1792770 376
1792780 376
1792790 376
1792800 377
1792810 377
1792820 377
1792830 377
1792840 377
1792850 376
1792860 375
1792870 375
1792880 374
1792890 373
1792900 372
1792910 371
1792920 370
1792930 368
1792940 367
1792950 367
1792960 367
1792970 366
1792980 366
1792990 366
1793000 366
1793010 365
1793020 365
1793030 365
1793040 364
1793050 364
1793060 364
1793070 364
1793080 363
1793090 363
1793100 363
1793110 362
1793120 362
1793130 362
1793140 362
1793150 361
1793160 361
1793170 361
1793180 361
1793190 361
1793200 361
1793210 361
1793220 361
1793230 361
1793240 361
1793250 361
1793260 360
1793270 359
1793280 359
1793290 359
1793300 358
1793310 358
1793320 358
1793330 357
1793340 356
1793350 356
1793360 356
1793370 356
1793380 356
1793390 356
1793400 356
1793410 356
1793420 356
1793430 356
1793440 356
1793450 355
1793460 355
1793470 355
1793480 355
1793490 354
1793500 354
1793510 354
1793520 354
1793530 353
1793540 353
1793550 353
1793560 353
1793570 353
1793580 353
1793590 352
1793600 352
1793610 352
1793620 352
1793630 352
1793640 352
1793650 352
1793660 352
1793670 352
1793680 352
1793690 352
1793700 352
1793710 351
1793720 351
1793730 351
1793740 351
1793750 350
1793760 350
1793770 350
1793780 350
1793790 350
1793800 350
1793810 350
1793820 351
1793830 351
1793840 351
1793850 350
1793860 350
1793870 350
1793880 350
1793890 349
1793900 349
1793910 348
1793920 348
1793930 347
1793940 347
1793950 346
1793960 345
1793970 344
1793980 343
1793990 343
1794000 342
1794010 342
1794020 342
1794030 342
1794040 342
1794050 342
1794060 343
1794070 344
1794080 344
1794090 344
1794100 344
1794110 344
1794120 344
1794130 345
1794140 345
1794150 346
1794160 346
1794170 347
1794180 349
1794190 350
1794200 351
1794210 352
1794220 354
1794230 356
1794240 357
1794250 359
1794260 361
1794270 363
1794280 365
1794290 366
1794300 368
1794310 369
1794320 370
1794330 371
1794340 371
1794350 371
1794360 371
1794370 371
1794380 371
1794390 370
1794400 370
1794410 369
1794420 368
1794430 367
1794440 366
1794450 365
1794460 363
1794470 362
1794480 362
1794490 361
1794500 361
1794510 361
1794520 363
1794530 364
1794540 365
1794550 365
1794560 366
1794570 366
1794580 367
1794590 367
1794600 367
1794610 366
1794620 366
1794630 366
1794640 365
1794650 365
1794660 365
1794670 364
1794680 365
1794690 365
1794700 366
1794710 367
1794720 368
1794730 370
1794740 372
1794750 374
1794760 376
1794770 377
1794780 379
1794790 381
1794800 382
1794810 384
1794820 386
1794830 388
1794840 390
1794850 392
1794860 394
1794870 395
1794880 396
1794890 397
1794900 398
1794910 398
1794920 399
1794930 400
1794940 400
1794950 401
1794960 402
1794970 402
1794980 402
1794990 403
1795000 403
1795010 404
1795020 404
1795030 404
1795040 404
1795050 404
1795060 404
1795070 404
1795080 404
1795090 404
1795100 404
1795110 404
1795120 404
1795130 404
1795140 404
1795150 404
1795160 403
1795170 403
1795180 403
1795190 402
1795200 402
1795210 402
1795220 403
1795230 404
1795240 404
1795250 405
1795260 405
1795270 405
1795280 406
1795290 406
1795300 406
1795310 406
1795320 405
1795330 405
1795340 404
1795350 403
1795360 401
1795370 400
1795380 399
1795390 400
1795400 402
1795410 404
1795420 407
1795430 409
1795440 411
1795450 412
1795460 414
1795470 416
1795480 417
1795490 418
1795500 419
1795510 419
1795520 420
1795530 421
1795540 421
1795550 422
1795560 422
1795570 423
1795580 423
1795590 423
1795600 424
1795610 424
1795620 425
1795630 425
1795640 425
1795650 424
1795660 425
1795670 425
1795680 425
1795690 425
1795700 425
1795710 426
1795720 425
1795730 425
1795740 425
1795750 425
1795760 425
1795770 426
1795780 427
1795790 427
1795800 428
1795810 428
1795820 429
1795830 430
1795840 431
1795850 432
1795860 433
1795870 433
1795880 434
1795890 434
1795900 435
1795910 435
1795920 435
1795930 435
1795940 436
1795950 436
1795960 437
1795970 437
1795980 438
1795990 439
1796000 441
1796010 442
1796020 444
1796030 445
1796040 446
1796050 447
1796060 447
1796070 447
1796080 448
1796090 448
1796100 449
1796110 449
1796120 449
1796130 450
1796140 450
1796150 450
1796160 450
1796170 450
1796180 451
1796190 451
1796200 451
1796210 452
1796220 452
1796230 452
1796240 452
1796250 452
1796260 453
1796270 453
1796280 453
1796290 454
1796300 454
1796310 454
1796320 454
1796330 455
1796340 455
1796350 455
1796360 455
1796370 455
1796380 456
1796390 456
1796400 457
1796410 458
1796420 459
1796430 460
1796440 461
1796450 462
1796460 463
1796470 464
1796480 464
1796490 465
1796500 465
