1796410 458
1796420 459
1796430 460
1796440 461
1796450 462
1796460 463
1796470 464
1796480 464
1796490 465
1796500 465
1796510 466
1796520 467
1796530 468
1796540 469
1796550 471
1796560 472
1796570 473
1796580 472
1796590 472
1796600 471
1796610 471
1796620 470
1796630 470
1796640 469
1796650 469
1796660 468
1796670 468
1796680 467
1796690 467
1796700 467
1796710 466
1796720 466
1796730 466
1796740 465
1796750 465
1796760 464
1796770 464
1796780 464
1796790 463
1796800 463
1796810 463
1796820 463
1796830 462
1796840 462
1796850 462
1796860 462
1796870 461
1796880 461
1796890 461
1796900 461
1796910 460
1796920 460
1796930 460
1796940 459
1796950 459
1796960 459
1796970 458
1796980 458
1796990 457
1797000 456
1797010 456
1797020 455
1797030 455
1797040 456
1797050 456
1797060 456
1797070 456
1797080 456
1797090 456
1797100 456
1797110 456
1797120 456
1797130 456
1797140 455
1797150 455
1797160 454
1797170 454
1797180 454
1797190 454
1797200 454
1797210 453
1797220 453
1797230 453
1797240 453
1797250 454
1797260 454
1797270 454
1797280 454
1797290 454
1797300 454
1797310 454
1797320 454
1797330 455
1797340 454
1797350 454
1797360 454
1797370 454
1797380 454
1797390 454
1797400 453
1797410 453
1797420 452
1797430 452
1797440 451
1797450 451
1797460 450
1797470 450
1797480 449
1797490 449
1797500 448
1797510 447
1797520 446
1797530 445
1797540 445
1797550 444
1797560 443
1797570 443
1797580 442
1797590 441
1797600 440
1797610 439
1797620 439
1797630 438
1797640 437
1797650 436
1797660 436
1797670 435
1797680 434
1797690 434
1797700 433
1797710 433
1797720 432
1797730 432
1797740 431
1797750 431
1797760 431
1797770 430
1797780 429
1797790 428
1797800 426
1797810 425
1797820 425
1797830 424
1797840 424
1797850 423
1797860 423
1797870 423
1797880 422
1797890 422
1797900 421
1797910 420
1797920 419
1797930 417
1797940 416
1797950 414
1797960 413
1797970 412
1797980 411
1797990 410
1798000 409
1798010 408
1798020 407
1798030 407
1798040 406
1798050 406
1798060 405
1798070 405
1798080 404
1798090 403
1798100 402
1798110 402
1798120 401
1798130 401
1798140 401
1798150 401
1798160 400
1798170 400
1798180 399
1798190 399
1798200 399
1798210 398
1798220 398
1798230 397
1798240 397
1798250 397
1798260 397
1798270 397
1798280 397
1798290 397
1798300 397
1798310 398
1798320 398
1798330 399
1798340 400
1798350 401
1798360 401
1798370 401
1798380 401
1798390 400
1798400 400
1798410 399
1798420 399
1798430 398
1798440 397
1798450 396
1798460 395
1798470 395
1798480 394
1798490 393
1798500 392
1798510 390
1798520 390
1798530 388
1798540 387
1798550 386
1798560 385
1798570 383
1798580 382
1798590 381
1798600 379
1798610 376
1798620 374
1798630 372
1798640 370
1798650 368
1798660 366
1798670 364
1798680 365
1798690 368
1798700 370
1798710 372
1798720 373
1798730 375
1798740 376
1798750 378
1798760 379
1798770 380
1798780 381
1798790 382
1798800 383
1798810 384
1798820 385
1798830 387
1798840 389
1798850 390
1798860 392
1798870 393
1798880 394
1798890 394
1798900 395
1798910 395
1798920 394
1798930 393
1798940 392
1798950 391
1798960 389
1798970 388
1798980 387
1798990 386
1799000 386
1799010 385
1799020 385
1799030 384
1799040 384
1799050 383
1799060 383
1799070 382
1799080 381
1799090 381
1799100 381
1799110 380
1799120 380
1799130 379
1799140 378
1799150 378
1799160 377
1799170 377
1799180 376
1799190 376
1799200 375
1799210 375
1799220 374
1799230 374
1799240 373
1799250 372
1799260 372
1799270 371
1799280 370
1799290 370
1799300 369
1799310 369
1799320 368
1799330 368
1799340 367
1799350 366
1799360 366
1799370 365
1799380 364
1799390 364
1799400 363
1799410 363
1799420 362
1799430 362
1799440 361
1799450 360
1799460 360
1799470 359
1799480 358
1799490 358
1799500 357
1799510 356
1799520 356
1799530 355
1799540 355
1799550 354
1799560 354
1799570 353
1799580 352
1799590 352
1799600 351
1799610 351
1799620 350
1799630 350
1799640 349
1799650 349
1799660 349
1799670 348
1799680 348
1799690 348
1799700 348
1799710 347
1799720 347
1799730 347
1799740 346
1799750 346
1799760 345
1799770 345
1799780 344
1799790 343
1799800 342
1799810 341
1799820 340
1799830 339
1799840 338
1799850 338
1799860 338
1799870 338
1799880 337
1799890 337
1799900 337
1799910 336
1799920 336
1799930 336
1799940 336
1799950 335
1799960 334
1799970 333
1799980 333
1799990 332
