1798610 384
1798620 384
1798630 385
1798640 385
1798650 385
1798660 385
1798670 386
1798680 386
1798690 386
1798700 386
1798710 387
1798720 387
1798730 387
1798740 388
1798750 388
1798760 388
1798770 388
1798780 389
1798790 389
1798800 389
1798810 390
1798820 390
1798830 391
1798840 391
1798850 391
1798860 392
1798870 392
1798880 392
1798890 392
1798900 392
1798910 392
1798920 392
1798930 391
1798940 391
1798950 390
1798960 390
1798970 389
1798980 389
1798990 388
1799000 388
1799010 388
1799020 388
1799030 387
1799040 387
1799050 387
1799060 387
1799070 387
1799080 387
1799090 386
1799100 386
1799110 386
1799120 386
1799130 386
1799140 386
1799150 385
1799160 385
1799170 385
1799180 384
1799190 384
1799200 384
1799210 383
1799220 383
1799230 382
1799240 382
1799250 381
1799260 381
1799270 380
1799280 379
1799290 379
1799300 379
1799310 378
1799320 378
1799330 378
1799340 378
1799350 378
1799360 378
1799370 378
1799380 378
1799390 378
1799400 378
1799410 378
1799420 378
1799430 378
1799440 378
1799450 378
1799460 378
1799470 378
1799480 378
1799490 379
1799500 379
1799510 379
1799520 379
1799530 379
1799540 379
1799550 379
1799560 380
1799570 380
1799580 381
1799590 382
1799600 383
1799610 384
1799620 385
1799630 386
1799640 386
1799650 387
1799660 387
1799670 386
1799680 386
1799690 386
1799700 386
1799710 386
1799720 386
1799730 386
1799740 386
1799750 386
1799760 383
1799770 380
1799780 378
1799790 379
1799800 380
1799810 382
1799820 384
1799830 385
1799840 385
1799850 384
1799860 384
1799870 384
1799880 383
1799890 383
1799900 383
1799910 383
1799920 383
1799930 383
1799940 383
1799950 382
1799960 382
1799970 382
1799980 382
1799990 381
