1798450 376
1798460 376
1798470 375
1798480 375
1798490 375
1798500 375
1798510 374
1798520 374
1798530 373
1798540 373
1798550 373
1798560 372
1798570 372
1798580 372
1798590 371
1798600 371
1798610 370
1798620 370
1798630 370
1798640 369
1798650 369
1798660 368
1798670 368
1798680 368
1798690 368
1798700 369
1798710 370
1798720 370
1798730 371
1798740 371
1798750 371
1798760 372
1798770 373
1798780 374
1798790 374
1798800 375
1798810 376
1798820 376
1798830 376
1798840 377
1798850 377
1798860 377
1798870 377
1798880 377
1798890 376
1798900 376
1798910 376
1798920 376
1798930 376
1798940 376
1798950 376
1798960 376
1798970 376
1798980 376
1798990 376
1799000 376
1799010 376
1799020 375
1799030 375
1799040 375
1799050 375
1799060 374
1799070 374
1799080 374
1799090 373
1799100 373
1799110 373
1799120 372
1799130 372
1799140 371
1799150 371
1799160 370
1799170 370
1799180 369
1799190 369
1799200 368
1799210 368
1799220 368
1799230 367
1799240 367
1799250 367
1799260 367
1799270 366
1799280 366
1799290 366
1799300 366
1799310 365
1799320 365
1799330 365
1799340 365
1799350 365
1799360 364
1799370 364
1799380 364
1799390 363
1799400 363
1799410 362
1799420 362
1799430 361
1799440 361
1799450 361
1799460 360
1799470 360
1799480 360
1799490 360
1799500 360
1799510 360
1799520 360
1799530 360
1799540 360
1799550 360
1799560 360
1799570 360
1799580 360
1799590 360
1799600 360
1799610 360
1799620 360
1799630 360
1799640 360
1799650 360
1799660 360
1799670 360
1799680 360
1799690 359
1799700 359
1799710 359
1799720 359
1799730 359
1799740 359
1799750 359
1799760 359
1799770 359
1799780 359
1799790 359
1799800 359
1799810 359
1799820 359
1799830 359
1799840 359
1799850 359
1799860 359
1799870 359
1799880 359
1799890 359
1799900 359
1799910 358
1799920 358
1799930 358
1799940 358
1799950 357
1799960 357
1799970 357
1799980 357
1799990 356
