1798230 365
1798240 365
1798250 364
1798260 364
1798270 364
1798280 364
1798290 364
1798300 364
1798310 363
1798320 363
1798330 363
1798340 362
1798350 362
1798360 362
1798370 361
1798380 361
1798390 360
1798400 360
1798410 360
1798420 360
1798430 360
1798440 359
1798450 359
1798460 359
1798470 359
1798480 358
1798490 358
1798500 358
1798510 358
1798520 358
1798530 357
1798540 357
1798550 357
1798560 357
1798570 357
1798580 357
1798590 357
1798600 357
1798610 357
1798620 357
1798630 357
1798640 357
1798650 357
1798660 358
1798670 358
1798680 358
1798690 358
1798700 358
1798710 358
1798720 358
1798730 358
1798740 357
1798750 357
1798760 357
1798770 357
1798780 357
1798790 356
1798800 356
1798810 356
1798820 356
1798830 357
1798840 358
1798850 357
1798860 358
1798870 358
1798880 359
1798890 359
1798900 360
1798910 360
1798920 360
1798930 360
1798940 360
1798950 360
1798960 360
1798970 360
1798980 360
1798990 360
1799000 360
1799010 360
1799020 360
1799030 360
1799040 360
1799050 360
1799060 359
1799070 359
1799080 359
1799090 359
1799100 358
1799110 358
1799120 357
1799130 356
1799140 356
1799150 356
1799160 356
1799170 355
1799180 355
1799190 355
1799200 356
1799210 357
1799220 358
1799230 359
1799240 359
1799250 361
1799260 362
1799270 363
1799280 363
1799290 364
1799300 365
1799310 366
1799320 366
1799330 367
1799340 368
1799350 368
1799360 368
1799370 368
1799380 368
1799390 368
1799400 367
1799410 367
1799420 366
1799430 366
1799440 366
1799450 365
1799460 364
1799470 364
1799480 363
1799490 363
1799500 362
1799510 362
1799520 362
1799530 361
1799540 361
1799550 361
1799560 361
1799570 361
1799580 361
1799590 361
1799600 361
1799610 361
1799620 360
1799630 359
1799640 358
1799650 358
1799660 357
1799670 356
1799680 356
1799690 355
1799700 355
1799710 354
1799720 354
1799730 353
1799740 352
1799750 352
1799760 351
1799770 351
1799780 350
1799790 350
1799800 350
1799810 350
1799820 349
1799830 349
1799840 349
1799850 349
1799860 348
1799870 348
1799880 348
1799890 347
1799900 347
1799910 346
1799920 346
1799930 345
1799940 345
1799950 344
1799960 344
1799970 343
1799980 343
1799990 342
