1780000 378
1780010 377
1780020 377
1780030 377
1780040 377
1780050 376
1780060 376
1780070 376
1780080 376
1780090 376
1780100 376
1780110 376
1780120 376
1780130 376
1780140 376
1780150 376
1780160 376
1780170 376
1780180 376
1780190 376
1780200 376
1780210 376
1780220 377
1780230 377
1780240 377
1780250 377
1780260 377
1780270 377
1780280 377
1780290 377
1780300 377
1780310 377
1780320 377
1780330 377
1780340 377
1780350 377
1780360 376
1780370 376
1780380 376
1780390 376
1780400 376
1780410 376
1780420 375
1780430 375
1780440 375
1780450 374
1780460 374
1780470 374
1780480 374
1780490 373
1780500 373
1780510 373
1780520 372
1780530 372
1780540 371
1780550 371
1780560 371
1780570 370
1780580 370
1780590 369
1780600 369
1780610 368
1780620 368
1780630 368
1780640 367
1780650 367
1780660 366
1780670 366
1780680 365
1780690 365
1780700 364
1780710 364
1780720 363
1780730 362
1780740 362
1780750 361
1780760 361
1780770 360
1780780 360
1780790 359
1780800 359
1780810 358
1780820 357
1780830 357
1780840 356
1780850 356
1780860 355
1780870 354
1780880 354
1780890 353
1780900 353
1780910 352
1780920 351
1780930 351
1780940 350
1780950 349
1780960 349
1780970 348
1780980 347
1780990 347
1781000 346
1781010 345
1781020 345
1781030 344
1781040 343
1781050 343
1781060 342
1781070 342
1781080 341
1781090 340
1781100 339
1781110 338
1781120 337
1781130 336
1781140 335
1781150 334
1781160 333
1781170 332
1781180 330
1781190 329
1781200 327
1781210 326
1781220 324
1781230 323
1781240 322
1781250 321
1781260 319
1781270 318
1781280 317
1781290 316
1781300 314
1781310 313
1781320 312
1781330 311
1781340 310
1781350 309
1781360 308
1781370 306
1781380 305
1781390 304
1781400 302
1781410 301
1781420 300
1781430 298
1781440 296
1781450 295
1781460 294
1781470 292
1781480 291
1781490 289
1781500 287
1781510 286
1781520 284
1781530 283
1781540 282
1781550 283
1781560 285
1781570 288
1781580 292
1781590 295
1781600 297
1781610 300
1781620 302
1781630 304
1781640 305
1781650 307
1781660 308
1781670 309
1781680 309
1781690 310
1781700 310
1781710 310
1781720 311
1781730 311
1781740 311
1781750 312
1781760 312
1781770 313
1781780 313
1781790 314
1781800 314
1781810 314
1781820 315
1781830 315
1781840 316
1781850 316
1781860 317
1781870 317
1781880 318
1781890 318
1781900 318
1781910 318
1781920 318
1781930 318
1781940 318
1781950 318
1781960 318
1781970 318
1781980 318
1781990 317
1782000 317
1782010 317
1782020 317
1782030 317
1782040 317
1782050 317
1782060 317
1782070 316
1782080 316
1782090 316
1782100 316
1782110 315
1782120 315
1782130 315
1782140 315
1782150 315
1782160 315
1782170 314
1782180 314
1782190 313
1782200 313
1782210 312
1782220 312
1782230 311
1782240 311
1782250 310
1782260 309
1782270 308
1782280 308
1782290 308
1782300 308
1782310 308
1782320 308
1782330 307
1782340 307
1782350 307
1782360 306
1782370 306
1782380 306
1782390 306
1782400 306
1782410 306
1782420 305
1782430 305
1782440 305
1782450 304
1782460 304
1782470 304
1782480 303
1782490 303
1782500 303
1782510 303
1782520 302
1782530 302
1782540 302
1782550 302
1782560 301
1782570 301
1782580 300
1782590 300
1782600 300
1782610 299
1782620 299
1782630 299
1782640 298
1782650 298
1782660 298
1782670 297
1782680 297
1782690 297
1782700 296
1782710 296
1782720 296
1782730 295
1782740 294
1782750 293
1782760 290
1782770 286
1782780 283
1782790 282
1782800 281
1782810 281
1782820 281
1782830 282
1782840 285
1782850 287
1782860 288
1782870 289
1782880 290
1782890 291
1782900 293
1782910 296
1782920 298
1782930 300
1782940 302
1782950 305
1782960 307
1782970 310
1782980 312
1782990 313
1783000 314
1783010 315
1783020 315
1783030 315
1783040 315
1783050 315
1783060 316
1783070 316
1783080 317
1783090 317
1783100 318
1783110 318
1783120 318
1783130 318
1783140 319
1783150 319
1783160 319
1783170 319
1783180 319
1783190 319
1783200 319
1783210 320
1783220 320
1783230 321
1783240 321
1783250 322
1783260 322
1783270 323
1783280 324
1783290 325
1783300 325
1783310 326
1783320 326
1783330 327
1783340 327
1783350 328
1783360 328
1783370 328
1783380 329
1783390 329
1783400 330
1783410 330
1783420 330
1783430 331
1783440 331
1783450 331
1783460 332
1783470 332
1783480 332
1783490 332
1783500 332
1783510 332
1783520 332
1783530 332
1783540 332
1783550 332
1783560 332
1783570 333
1783580 333
1783590 333
1783600 333
1783610 333
1783620 333
1783630 333
1783640 333
1783650 334
1783660 334
1783670 334
1783680 334
1783690 334
1783700 334
1783710 334
1783720 334
1783730 334
1783740 334
1783750 334
1783760 334
1783770 333
1783780 333
1783790 333
1783800 333
1783810 333
1783820 333
1783830 333
1783840 333
1783850 332
1783860 332
1783870 332
1783880 331
1783890 331
1783900 330
1783910 330
1783920 329
1783930 329
1783940 328
1783950 327
1783960 326
1783970 326
1783980 326
1783990 326
1784000 326
1784010 325
1784020 325
1784030 325
1784040 325
1784050 325
1784060 325
1784070 324
1784080 324
1784090 323
1784100 323
1784110 322
1784120 321
1784130 320
1784140 320
1784150 319
1784160 319
1784170 319
1784180 319
1784190 320
1784200 321
1784210 322
1784220 323
1784230 324
1784240 325
1784250 327
1784260 329
1784270 331
1784280 333
1784290 334
1784300 335
1784310 337
1784320 338
1784330 339
1784340 340
1784350 342
1784360 343
1784370 344
1784380 346
1784390 347
1784400 349
1784410 350
1784420 351
1784430 353
1784440 354
1784450 355
1784460 356
1784470 357
1784480 358
1784490 359
1784500 359
1784510 359
1784520 360
1784530 360
1784540 360
1784550 359
1784560 358
1784570 358
1784580 357
1784590 357
1784600 357
1784610 357
1784620 357
1784630 356
1784640 355
1784650 355
1784660 354
1784670 352
1784680 351
1784690 350
1784700 351
1784710 352
1784720 353
1784730 356
1784740 358
1784750 359
1784760 361
1784770 362
1784780 364
1784790 365
1784800 366
1784810 368
1784820 369
1784830 370
1784840 371
1784850 372
1784860 373
1784870 374
1784880 375
1784890 376
1784900 377
1784910 377
1784920 378
1784930 379
1784940 380
1784950 380
1784960 380
1784970 380
1784980 382
1784990 383
1785000 384
1785010 385
1785020 387
1785030 389
1785040 391
1785050 393
1785060 395
1785070 397
1785080 398
1785090 400
1785100 402
1785110 403
1785120 405
1785130 406
1785140 408
1785150 409
1785160 410
1785170 411
1785180 412
1785190 413
1785200 414
1785210 415
1785220 415
1785230 416
1785240 417
1785250 417
1785260 418
1785270 418
1785280 419
1785290 419
1785300 419
1785310 420
1785320 421
1785330 422
1785340 422
1785350 423
1785360 424
1785370 426
1785380 427
1785390 428
1785400 430
1785410 431
1785420 432
1785430 433
1785440 434
1785450 435
1785460 435
1785470 436
1785480 437
1785490 438
1785500 439
1785510 440
1785520 440
1785530 440
1785540 441
1785550 442
1785560 443
1785570 444
1785580 445
1785590 446
1785600 447
1785610 448
1785620 449
1785630 449
1785640 450
1785650 451
1785660 452
1785670 453
1785680 453
1785690 454
1785700 454
1785710 455
1785720 455
1785730 455
1785740 456
1785750 456
1785760 456
1785770 457
1785780 457
1785790 458
1785800 458
1785810 458
1785820 459
1785830 459
1785840 459
1785850 459
1785860 459
1785870 459
1785880 459
1785890 459
1785900 460
1785910 460
1785920 460
1785930 460
1785940 460
1785950 460
1785960 461
1785970 461
1785980 461
1785990 461
1786000 461
1786010 461
1786020 461
1786030 461
1786040 461
1786050 461
1786060 461
1786070 461
1786080 461
1786090 461
1786100 461
1786110 461
1786120 461
1786130 461
1786140 460
1786150 460
1786160 460
1786170 459
1786180 459
1786190 459
1786200 458
1786210 458
1786220 457
1786230 457
1786240 456
1786250 456
1786260 455
1786270 455
1786280 454
1786290 453
1786300 453
1786310 452
1786320 451
1786330 450
1786340 450
1786350 449
1786360 448
1786370 447
1786380 446
1786390 445
1786400 444
1786410 443
1786420 443
1786430 442
1786440 441
1786450 440
1786460 439
1786470 438
1786480 437
1786490 435
1786500 434
1786510 434
1786520 434
1786530 433
1786540 433
1786550 432
1786560 432
1786570 432
1786580 432
1786590 431
1786600 431
1786610 431
1786620 431
1786630 431
1786640 431
1786650 431
1786660 431
1786670 431
1786680 430
1786690 430
1786700 430
1786710 429
1786720 428
1786730 428
1786740 427
1786750 425
1786760 423
1786770 421
1786780 419
1786790 417
1786800 416
1786810 414
1786820 413
1786830 413
1786840 412
1786850 411
1786860 410
1786870 408
1786880 406
1786890 404
1786900 406
1786910 408
1786920 410
1786930 412
1786940 415
1786950 419
1786960 422
1786970 426
1786980 429
1786990 432
1787000 434
1787010 435
1787020 436
1787030 437
1787040 438
1787050 438
1787060 438
1787070 438
1787080 438
1787090 437
1787100 436
1787110 435
1787120 434
1787130 433
1787140 432
1787150 432
1787160 431
1787170 430
1787180 430
1787190 429
1787200 428
1787210 428
1787220 427
1787230 426
1787240 425
1787250 424
1787260 424
1787270 426
1787280 428
1787290 430
1787300 431
1787310 433
1787320 435
1787330 437
1787340 438
1787350 439
1787360 440
1787370 441
1787380 442
1787390 443
1787400 445
1787410 447
1787420 449
1787430 451
1787440 453
1787450 455
1787460 457
1787470 459
1787480 460
1787490 462
1787500 463
1787510 465
1787520 467
1787530 468
1787540 470
1787550 472
1787560 473
1787570 474
1787580 475
1787590 476
1787600 476
1787610 477
1787620 478
1787630 479
1787640 479
1787650 480
1787660 481
1787670 482
1787680 482
1787690 483
1787700 483
1787710 483
1787720 484
1787730 484
1787740 485
1787750 486
1787760 486
1787770 487
1787780 486
1787790 486
1787800 485
1787810 484
1787820 483
1787830 482
1787840 482
1787850 481
1787860 480
1787870 479
1787880 479
1787890 478
1787900 477
1787910 476
1787920 476
1787930 475
1787940 474
1787950 473
1787960 472
1787970 471
1787980 470
1787990 469
1788000 468
1788010 467
1788020 465
1788030 464
1788040 463
1788050 461
1788060 459
1788070 457
1788080 455
1788090 454
1788100 452
1788110 450
1788120 448
1788130 447
1788140 445
1788150 443
1788160 442
1788170 440
1788180 439
1788190 437
1788200 435
1788210 433
1788220 432
1788230 430
1788240 428
1788250 426
1788260 423
1788270 421
1788280 419
1788290 417
1788300 415
1788310 414
1788320 413
1788330 412
1788340 411
1788350 411
1788360 410
1788370 408
1788380 407
1788390 405
1788400 404
1788410 402
1788420 400
1788430 398
1788440 395
1788450 393
1788460 392
1788470 393
1788480 396
1788490 398
1788500 400
1788510 402
1788520 404
1788530 406
1788540 408
1788550 408
1788560 407
1788570 407
1788580 405
1788590 404
1788600 402
1788610 401
1788620 400
1788630 399
1788640 398
1788650 397
1788660 397
1788670 396
1788680 396
1788690 395
1788700 395
1788710 394
1788720 394
1788730 393
1788740 392
1788750 392
1788760 391
1788770 391
1788780 390
1788790 390
1788800 390
1788810 389
1788820 389
1788830 389
1788840 389
1788850 388
1788860 388
1788870 389
1788880 389
1788890 390
1788900 390
1788910 390
1788920 391
1788930 391
1788940 391
1788950 392
1788960 392
1788970 392
1788980 392
1788990 392
1789000 393
1789010 393
1789020 393
1789030 393
1789040 392
1789050 392
1789060 392
1789070 391
1789080 391
1789090 390
1789100 390
1789110 389
1789120 389
1789130 388
1789140 387
1789150 387
1789160 386
1789170 385
1789180 384
1789190 384
1789200 383
1789210 382
1789220 381
1789230 380
1789240 379
1789250 378
1789260 378
1789270 376
1789280 376
1789290 375
1789300 374
1789310 373
1789320 372
1789330 371
1789340 370
1789350 369
1789360 368
1789370 367
1789380 366
1789390 365
1789400 364
1789410 363
1789420 362
1789430 361
1789440 361
1789450 360
1789460 358
1789470 357
1789480 355
1789490 354
1789500 352
1789510 351
1789520 350
1789530 348
1789540 348
1789550 347
1789560 347
1789570 346
1789580 346
1789590 346
1789600 345
1789610 344
1789620 343
1789630 342
1789640 342
1789650 341
1789660 341
1789670 340
1789680 340
1789690 339
1789700 338
1789710 338
1789720 337
1789730 337
1789740 337
1789750 337
1789760 336
1789770 336
1789780 335
1789790 335
1789800 334
1789810 334
1789820 333
1789830 333
1789840 332
1789850 332
1789860 331
1789870 330
1789880 329
1789890 328
1789900 328
1789910 328
1789920 328
1789930 327
1789940 327
1789950 326
1789960 326
1789970 325
1789980 324
1789990 324
1790000 323
1790010 323
1790020 322
1790030 321
1790040 321
1790050 320
1790060 319
1790070 318
1790080 317
1790090 317
1790100 316
1790110 316
1790120 316
1790130 317
1790140 318
1790150 321
1790160 324
1790170 325
1790180 326
1790190 327
1790200 328
1790210 329
1790220 329
1790230 329
1790240 329
1790250 329
1790260 329
1790270 328
1790280 327
1790290 326
1790300 325
1790310 324
1790320 323
1790330 322
1790340 322
1790350 323
1790360 323
1790370 324
1790380 324
1790390 324
1790400 324
1790410 325
1790420 326
1790430 328
1790440 329
1790450 330
1790460 331
1790470 332
1790480 333
1790490 334
1790500 335
1790510 336
1790520 337
1790530 338
1790540 339
1790550 340
1790560 341
1790570 342
1790580 343
1790590 344
1790600 345
1790610 346
1790620 347
1790630 348
1790640 349
1790650 350
1790660 351
1790670 351
1790680 352
1790690 353
1790700 353
1790710 354
1790720 355
1790730 356
1790740 356
1790750 357
1790760 358
1790770 358
1790780 359
1790790 359
1790800 360
1790810 360
1790820 361
1790830 363
1790840 364
1790850 366
1790860 367
1790870 368
1790880 370
1790890 371
1790900 372
1790910 374
1790920 375
1790930 376
1790940 377
1790950 378
1790960 378
1790970 379
1790980 379
1790990 380
1791000 380
1791010 381
1791020 381
1791030 382
1791040 382
1791050 382
1791060 383
1791070 383
1791080 383
1791090 383
1791100 383
1791110 384
1791120 384
1791130 384
1791140 384
1791150 384
1791160 384
1791170 384
1791180 383
1791190 383
1791200 383
1791210 383
1791220 383
1791230 383
1791240 383
1791250 383
1791260 383
1791270 383
1791280 383
1791290 383
1791300 383
1791310 383
1791320 382
1791330 382
1791340 382
1791350 381
1791360 381
1791370 380
1791380 380
1791390 380
1791400 379
1791410 379
1791420 378
1791430 378
1791440 377
1791450 377
1791460 376
1791470 375
1791480 375
1791490 374
1791500 373
1791510 372
1791520 371
1791530 370
1791540 370
1791550 370
1791560 368
1791570 366
1791580 363
1791590 360
1791600 358
1791610 355
1791620 355
1791630 355
1791640 355
1791650 356
1791660 357
1791670 357
1791680 356
1791690 354
1791700 353
1791710 351
1791720 350
1791730 347
1791740 345
1791750 344
1791760 344
1791770 348
1791780 352
1791790 355
1791800 358
1791810 360
1791820 363
1791830 365
1791840 368
1791850 370
1791860 372
1791870 373
1791880 374
1791890 375
1791900 376
1791910 377
1791920 378
1791930 379
1791940 380
1791950 381
1791960 382
1791970 383
1791980 383
1791990 384
1792000 385
1792010 385
1792020 386
1792030 386
1792040 386
1792050 387
1792060 387
1792070 387
1792080 388
1792090 388
1792100 388
1792110 388
1792120 389
1792130 389
1792140 389
1792150 389
1792160 390
1792170 390
1792180 390
1792190 390
1792200 389
1792210 389
1792220 389
1792230 389
1792240 388
1792250 388
1792260 388
1792270 387
1792280 387
1792290 387
1792300 386
1792310 386
1792320 385
1792330 384
1792340 384
1792350 383
1792360 382
1792370 381
1792380 380
1792390 379
1792400 377
1792410 375
1792420 372
1792430 370
1792440 367
1792450 365
1792460 363
1792470 361
1792480 359
1792490 357
1792500 355
1792510 355
1792520 358
1792530 360
1792540 362
1792550 363
1792560 364
1792570 366
1792580 367
1792590 369
1792600 370
1792610 370
1792620 371
1792630 371
1792640 371
1792650 371
1792660 371
1792670 371
1792680 371
1792690 370
1792700 370
1792710 370
1792720 369
1792730 369
1792740 369
1792750 369
1792760 369
1792770 369
1792780 369
1792790 370
1792800 370
1792810 370
1792820 370
1792830 371
1792840 371
1792850 371
1792860 371
1792870 372
1792880 372
1792890 372
1792900 372
1792910 373
1792920 373
1792930 373
1792940 374
1792950 374
1792960 375
1792970 375
1792980 376
1792990 376
1793000 377
1793010 377
1793020 378
1793030 379
1793040 379
1793050 380
1793060 381
1793070 381
1793080 382
1793090 382
1793100 383
1793110 383
1793120 384
1793130 385
1793140 385
1793150 386
1793160 386
1793170 386
1793180 387
1793190 387
1793200 387
1793210 387
1793220 387
1793230 387
1793240 388
1793250 388
1793260 388
1793270 389
1793280 389
1793290 389
1793300 389
1793310 389
1793320 389
1793330 389
1793340 389
1793350 389
1793360 389
1793370 389
1793380 389
1793390 389
1793400 389
1793410 389
1793420 389
1793430 389
1793440 389
1793450 389
1793460 389
1793470 389
1793480 388
1793490 388
1793500 388
1793510 388
1793520 387
1793530 387
1793540 387
1793550 387
1793560 386
1793570 386
1793580 386
1793590 386
1793600 385
1793610 385
1793620 385
1793630 384
1793640 384
1793650 383
1793660 382
1793670 382
1793680 381
1793690 380
1793700 379
1793710 379
1793720 378
1793730 377
1793740 376
1793750 376
1793760 375
1793770 374
1793780 373
1793790 373
1793800 372
1793810 371
1793820 371
1793830 370
1793840 370
1793850 369
1793860 369
1793870 368
1793880 368
1793890 368
1793900 367
1793910 367
1793920 367
1793930 367
1793940 367
1793950 367
1793960 367
1793970 367
1793980 367
1793990 367
1794000 366
1794010 366
1794020 366
1794030 365
1794040 365
1794050 364
1794060 364
1794070 364
1794080 363
1794090 363
1794100 362
1794110 361
1794120 361
1794130 360
1794140 359
1794150 358
1794160 357
1794170 356
1794180 355
1794190 354
1794200 353
1794210 352
1794220 351
1794230 350
1794240 349
1794250 348
1794260 347
1794270 345
1794280 344
1794290 343
1794300 342
1794310 340
1794320 339
1794330 338
1794340 337
1794350 335
1794360 334
1794370 332
1794380 331
1794390 330
1794400 328
1794410 326
1794420 325
1794430 323
1794440 322
1794450 320
1794460 318
1794470 316
1794480 314
1794490 311
1794500 310
1794510 308
1794520 306
1794530 304
1794540 304
1794550 304
1794560 303
1794570 301
1794580 299
1794590 298
1794600 296
1794610 295
1794620 294
1794630 293
1794640 292
1794650 291
1794660 290
1794670 289
1794680 288
1794690 287
1794700 286
1794710 285
1794720 283
1794730 281
1794740 279
1794750 278
1794760 276
1794770 275
1794780 275
1794790 275
1794800 275
1794810 276
1794820 277
1794830 277
1794840 277
1794850 277
1794860 277
1794870 277
1794880 277
1794890 277
1794900 277
1794910 277
1794920 278
1794930 278
1794940 279
1794950 280
1794960 281
1794970 282
1794980 283
1794990 284
1795000 285
1795010 286
1795020 287
1795030 288
1795040 289
1795050 289
1795060 290
1795070 290
1795080 291
1795090 291
1795100 292
1795110 292
1795120 293
1795130 293
1795140 293
1795150 294
1795160 294
1795170 294
1795180 294
1795190 294
1795200 294
1795210 294
1795220 294
1795230 294
1795240 294
1795250 294
1795260 294
1795270 294
1795280 294
1795290 293
1795300 292
1795310 291
1795320 290
1795330 289
1795340 288
1795350 288
1795360 288
1795370 288
1795380 288
1795390 288
1795400 287
1795410 287
1795420 287
1795430 286
1795440 285
1795450 285
1795460 284
1795470 283
1795480 283
1795490 282
1795500 280
1795510 279
1795520 278
1795530 277
1795540 276
1795550 276
1795560 275
1795570 273
1795580 272
1795590 271
1795600 270
1795610 270
1795620 269
1795630 269
1795640 269
1795650 269
1795660 269
1795670 269
1795680 269
1795690 269
1795700 269
1795710 268
1795720 268
1795730 268
1795740 268
1795750 268
1795760 268
1795770 268
1795780 267
1795790 267
1795800 267
1795810 267
1795820 267
1795830 267
1795840 267
1795850 267
1795860 267
1795870 267
1795880 267
1795890 267
1795900 266
1795910 266
1795920 264
1795930 264
1795940 264
1795950 266
1795960 267
1795970 268
1795980 269
1795990 269
1796000 269
1796010 269
1796020 269
1796030 269
1796040 269
1796050 269
1796060 269
1796070 269
1796080 270
1796090 270
1796100 270
1796110 270
1796120 270
1796130 270
1796140 271
1796150 271
1796160 272
1796170 272
1796180 272
1796190 273
1796200 273
1796210 274
1796220 274
1796230 274
1796240 274
1796250 275
1796260 275
1796270 276
1796280 276
1796290 276
1796300 276
1796310 277
1796320 277
1796330 278
1796340 278
1796350 279
1796360 279
1796370 279
1796380 280
1796390 280
1796400 280
1796410 280
1796420 280
1796430 280
1796440 281
1796450 282
1796460 283
1796470 284
1796480 286
1796490 287
1796500 289
1796510 290
1796520 292
1796530 293
1796540 294
1796550 295
1796560 296
1796570 296
1796580 297
1796590 298
1796600 299
1796610 299
1796620 299
1796630 299
1796640 298
1796650 296
1796660 293
1796670 291
1796680 289
1796690 287
1796700 289
1796710 291
1796720 294
1796730 298
1796740 301
1796750 304
1796760 307
1796770 310
1796780 313
1796790 316
1796800 318
1796810 321
1796820 323
1796830 325
1796840 326
1796850 328
1796860 329
1796870 330
1796880 331
1796890 332
1796900 332
1796910 331
1796920 328
1796930 325
1796940 321
1796950 317
1796960 313
1796970 309
1796980 305
1796990 300
1797000 297
1797010 293
1797020 290
1797030 287
1797040 284
1797050 281
1797060 278
1797070 275
1797080 273
1797090 273
1797100 272
1797110 272
1797120 272
1797130 272
1797140 272
1797150 271
1797160 270
1797170 270
1797180 270
1797190 271
1797200 273
1797210 273
1797220 274
1797230 275
1797240 276
1797250 278
1797260 281
1797270 284
1797280 287
1797290 290
1797300 293
1797310 296
1797320 299
1797330 303
1797340 306
1797350 309
1797360 312
1797370 315
1797380 318
1797390 322
1797400 325
1797410 328
1797420 331
1797430 334
1797440 336
1797450 338
1797460 340
1797470 342
1797480 344
1797490 346
1797500 348
1797510 350
1797520 351
1797530 353
1797540 354
1797550 356
1797560 357
1797570 358
1797580 359
1797590 361
1797600 362
1797610 363
1797620 364
1797630 365
1797640 366
1797650 368
1797660 369
1797670 370
1797680 372
1797690 374
1797700 375
1797710 377
1797720 378
1797730 380
1797740 382
1797750 383
1797760 385
1797770 386
1797780 388
1797790 390
1797800 391
1797810 393
1797820 394
1797830 396
1797840 397
1797850 399
1797860 400
1797870 401
1797880 402
1797890 403
1797900 404
1797910 406
1797920 407
1797930 408
1797940 409
1797950 410
1797960 412
1797970 413
1797980 414
1797990 415
1798000 416
1798010 417
1798020 418
1798030 418
1798040 419
1798050 419
1798060 420
1798070 421
1798080 421
1798090 422
1798100 423
1798110 424
1798120 426
1798130 427
1798140 428
1798150 429
1798160 431
1798170 432
1798180 434
1798190 435
1798200 437
1798210 439
1798220 441
1798230 442
1798240 444
1798250 446
1798260 448
1798270 450
1798280 452
1798290 454
1798300 456
1798310 458
1798320 460
1798330 462
1798340 464
1798350 466
1798360 468
1798370 470
1798380 472
1798390 474
1798400 476
1798410 478
1798420 479
1798430 481
1798440 483
1798450 484
1798460 485
1798470 485
1798480 485
1798490 484
1798500 483
1798510 482
1798520 481
1798530 480
1798540 479
1798550 478
1798560 476
1798570 475
1798580 473
1798590 472
1798600 470
1798610 469
1798620 468
1798630 466
1798640 464
1798650 463
1798660 461
1798670 459
1798680 457
1798690 454
1798700 452
1798710 449
1798720 446
1798730 443
1798740 440
1798750 437
1798760 434
1798770 431
1798780 428
1798790 425
1798800 422
1798810 419
1798820 416
1798830 413
1798840 410
1798850 406
1798860 403
1798870 400
1798880 396
1798890 393
1798900 390
1798910 387
1798920 385
1798930 383
1798940 381
1798950 379
1798960 377
1798970 375
1798980 373
1798990 372
1799000 370
1799010 368
1799020 367
1799030 365
1799040 364
1799050 362
1799060 360
1799070 359
1799080 358
1799090 357
1799100 357
1799110 356
1799120 354
1799130 351
1799140 349
1799150 347
1799160 345
1799170 344
1799180 342
1799190 341
1799200 339
1799210 338
1799220 336
1799230 335
1799240 334
1799250 333
1799260 331
1799270 330
1799280 329
1799290 327
1799300 326
1799310 324
1799320 323
1799330 321
1799340 320
1799350 319
1799360 317
1799370 316
1799380 314
1799390 313
1799400 311
1799410 309
1799420 307
1799430 306
1799440 304
1799450 303
1799460 302
1799470 301
1799480 300
1799490 299
1799500 298
1799510 297
1799520 295
1799530 294
1799540 293
1799550 293
1799560 292
1799570 291
1799580 291
1799590 290
1799600 288
1799610 288
1799620 287
1799630 286
1799640 286
1799650 285
1799660 285
1799670 284
1799680 284
1799690 284
1799700 284
1799710 284
1799720 285
1799730 286
1799740 286
1799750 286
1799760 286
1799770 287
1799780 287
1799790 287
1799800 287
1799810 287
1799820 287
1799830 287
1799840 287
1799850 286
1799860 286
1799870 285
1799880 285
1799890 284
1799900 284
1799910 283
1799920 282
1799930 282
1799940 280
1799950 279
1799960 277
1799970 276
1799980 276
1799990 275
