1780000 361
1780010 361
1780020 361
1780030 362
1780040 362
1780050 362
1780060 363
1780070 363
1780080 363
1780090 364
1780100 364
1780110 364
1780120 364
1780130 364
1780140 364
1780150 363
1780160 363
1780170 363
1780180 363
1780190 363
1780200 363
1780210 362
1780220 362
1780230 362
1780240 361
1780250 361
1780260 361
1780270 360
1780280 360
1780290 359
1780300 358
1780310 358
1780320 357
1780330 357
1780340 356
1780350 356
1780360 356
1780370 355
1780380 354
1780390 353
1780400 352
1780410 351
1780420 350
1780430 349
1780440 348
1780450 348
1780460 347
1780470 347
1780480 346
1780490 345
1780500 344
1780510 343
1780520 343
1780530 342
1780540 341
1780550 340
1780560 339
1780570 339
1780580 338
1780590 338
1780600 337
1780610 336
1780620 335
1780630 335
1780640 334
1780650 333
1780660 333
1780670 332
1780680 331
1780690 331
1780700 330
1780710 329
1780720 328
1780730 328
1780740 327
1780750 326
1780760 326
1780770 325
1780780 324
1780790 323
1780800 322
1780810 322
1780820 321
1780830 320
1780840 320
1780850 319
1780860 319
1780870 318
1780880 318
1780890 317
1780900 317
1780910 316
1780920 315
1780930 315
1780940 314
1780950 314
1780960 313
1780970 313
1780980 312
1780990 312
1781000 311
1781010 310
1781020 310
1781030 309
1781040 308
1781050 307
1781060 306
1781070 306
1781080 305
1781090 304
1781100 304
1781110 303
1781120 302
1781130 302
1781140 301
1781150 300
1781160 300
1781170 299
1781180 298
1781190 298
1781200 297
1781210 296
1781220 296
1781230 295
1781240 294
1781250 294
1781260 293
1781270 293
1781280 292
1781290 292
1781300 291
1781310 291
1781320 290
1781330 290
1781340 290
1781350 289
1781360 289
1781370 288
1781380 287
1781390 287
1781400 287
1781410 286
1781420 286
1781430 285
1781440 285
1781450 284
1781460 284
1781470 284
1781480 283
1781490 283
1781500 282
1781510 282
1781520 282
1781530 281
1781540 281
1781550 281
1781560 281
1781570 281
1781580 281
1781590 281
1781600 281
1781610 280
1781620 280
1781630 280
1781640 279
1781650 279
1781660 278
1781670 278
1781680 277
1781690 276
1781700 275
1781710 274
1781720 273
1781730 272
1781740 270
1781750 268
1781760 267
1781770 266
1781780 264
1781790 261
1783280 293
1783290 293
1783300 295
1783310 297
1783320 299
1783330 300
1783340 302
1783350 303
1783360 306
1783370 308
1783380 310
1783390 312
1783400 313
1783410 315
1783420 317
1783430 318
1783440 320
1783450 322
1783460 323
1783470 325
1783480 327
1783490 329
1783500 331
1783510 333
1783520 335
1783530 336
1783540 338
1783550 339
1783560 341
1783570 342
1783580 343
1783590 344
1783600 345
1783610 346
1783620 347
1783630 349
1783640 350
1783650 351
1783660 352
1783670 353
1783680 354
1783690 355
1783700 356
1783710 356
1783720 357
1783730 357
1783740 358
1783750 358
1783760 359
1783770 360
1783780 361
1783790 362
1783800 362
1783810 363
1783820 364
1783830 364
1783840 365
1783850 365
1783860 366
1783870 366
1783880 366
1783890 367
1783900 367
1783910 368
1783920 368
1783930 369
1783940 369
1783950 370
1783960 370
1783970 371
1783980 371
1783990 372
1784000 373
1784010 373
1784020 374
1784030 375
1784040 375
1784050 376
1784060 377
1784070 378
1784080 378
1784090 379
1784100 380
1784110 381
1784120 382
1784130 383
1784140 384
1784150 385
1784160 386
1784170 387
1784180 387
1784190 388
1784200 389
1784210 390
1784220 391
1784230 392
1784240 392
1784250 393
1784260 394
1784270 395
1784280 396
1784290 397
1784300 398
1784310 399
1784320 400
1784330 401
1784340 402
1784350 403
1784360 403
1784370 404
1784380 404
1784390 404
1784400 405
1784410 405
1784420 405
1784430 406
1784440 406
1784450 407
1784460 408
1784470 408
1784480 409
1784490 410
1784500 410
1784510 410
1784520 411
1784530 411
1784540 411
1784550 412
1784560 412
1784570 412
1784580 412
1784590 412
1784600 412
1784610 411
1784620 411
1784630 411
1784640 411
1784650 410
1784660 410
1784670 410
1784680 409
1784690 409
1784700 408
1784710 408
1784720 407
1784730 406
1784740 405
1784750 404
1784760 403
1784770 402
1784780 400
1784790 398
1784800 395
1784810 394
1784820 392
1784830 390
1784840 389
1784850 387
1784860 385
1784870 384
1784880 383
1784890 382
1784900 381
1784910 380
1784920 379
1784930 378
1784940 377
1784950 377
1784960 376
1784970 375
1784980 374
1784990 373
1785000 372
1785010 370
1785020 368
1785030 366
1785040 365
1785050 367
1785060 369
1785070 370
1785080 372
1785090 373
1785100 375
1785110 376
1785120 378
1785130 379
1785140 381
1785150 383
1785160 385
1785170 386
1785180 388
1785190 390
1785200 391
1785210 393
1785220 395
1785230 396
1785240 398
1785250 400
1785260 402
1785270 403
1785280 404
1785290 406
1785300 407
1785310 408
1785320 409
1785330 410
1785340 411
1785350 412
1785360 413
1785370 414
1785380 415
1785390 416
1785400 417
1785410 418
1785420 418
1785430 419
1785440 419
1785450 420
1785460 421
1785470 422
1785480 423
1785490 423
1785500 424
1785510 424
1785520 425
1785530 425
1785540 426
1785550 426
1785560 426
1785570 427
1785580 427
1785590 428
1785600 428
1785610 429
1785620 429
1785630 430
1785640 431
1785650 432
1785660 432
1785670 433
1785680 433
1785690 433
1785700 434
1785710 434
1785720 434
1785730 434
1785740 435
1785750 435
1785760 436
1785770 436
1785780 437
1785790 437
1785800 438
1785810 438
1785820 439
1785830 440
1785840 441
1785850 441
1785860 442
1785870 443
1785880 444
1785890 444
1785900 445
1785910 446
1785920 447
1785930 448
1785940 449
1785950 450
1785960 451
1785970 452
1785980 452
1785990 453
1786000 454
1786010 454
1786020 455
1786030 455
1786040 456
1786050 456
1786060 457
1786070 457
1786080 457
1786090 458
1786100 458
1786110 459
1786120 459
1786130 459
1786140 459
1786150 459
1786160 459
1786170 459
1786180 459
1786190 459
1786200 459
1786210 459
1786220 458
1786230 458
1786240 458
1786250 457
1786260 457
1786270 456
1786280 456
1786290 456
1786300 455
1786310 455
1786320 454
1786330 453
1786340 453
1786350 452
1786360 452
1786370 451
1786380 451
1786390 450
1786400 450
1786410 449
1786420 449
1786430 448
1786440 448
1786450 447
1786460 446
1786470 446
1786480 445
1786490 444
1786500 443
1786510 443
1786520 442
1786530 441
1786540 440
1786550 439
1786560 437
1786570 436
1786580 436
1786590 436
1786600 436
1786610 436
1786620 435
1786630 435
1786640 434
1786650 433
1786660 433
1786670 433
1786680 432
1786690 432
1786700 431
1786710 430
1786720 429
1786730 429
1786740 428
1786750 427
1786760 426
1786770 425
1786780 424
1786790 422
1786800 422
1786810 423
1786820 423
1786830 424
1786840 424
1786850 424
1786860 424
1786870 424
1786880 424
1786890 424
1786900 424
1786910 424
1786920 424
1786930 424
1786940 424
1786950 423
1786960 423
1786970 424
1786980 425
1786990 426
1787000 428
1787010 429
1787020 430
1787030 431
1787040 432
1787050 434
1787060 435
1787070 437
1787080 438
1787090 439
1787100 440
1787110 441
1787120 442
1787130 444
1787140 445
1787150 445
1787160 446
1787170 447
1787180 447
1787190 448
1787200 448
1787210 448
1787220 448
1787230 448
1787240 448
1787250 448
1787260 448
1787270 448
1787280 447
1787290 447
1787300 446
1787310 446
1787320 445
1787330 445
1787340 444
1787350 444
1787360 443
1787370 443
1787380 442
1787390 442
1787400 441
1787410 440
1787420 439
1787430 439
1787440 438
1787450 437
1787460 437
1787470 436
1787480 435
1787490 434
1787500 433
1787510 433
1787520 432
1787530 431
1787540 430
1787550 430
1787560 429
1787570 428
1787580 427
1787590 426
1787600 425
1787610 423
1787620 422
1787630 421
1787640 420
1787650 419
1787660 418
1787670 417
1787680 416
1787690 415
1787700 413
1787710 412
1787720 411
1787730 410
1787740 409
1787750 408
1787760 407
1787770 405
1787780 404
1787790 403
1787800 402
1787810 401
1787820 399
1787830 398
1787840 397
1787850 396
1787860 395
1787870 394
1787880 393
1787890 392
1787900 391
1787910 390
1787920 390
1787930 389
1787940 389
1787950 388
1787960 387
1787970 386
1787980 384
1787990 382
1788000 383
1788010 383
1788020 385
1788030 386
1788040 386
1788050 387
1788060 387
1788070 388
1788080 388
1788090 388
1788100 388
1788110 388
1788120 388
1788130 388
1788140 388
1788150 388
1788160 388
1788170 388
1788180 388
1788190 387
1788200 387
1788210 387
1788220 387
1788230 386
1788240 386
1788250 385
1788260 385
1788270 385
1788280 385
1788290 385
1788300 385
1788310 384
1788320 384
1788330 382
1788340 381
1788350 382
1788360 383
1788370 383
1788380 382
1788390 382
1788400 381
1788410 380
1788420 380
1788430 379
1788440 378
1788450 377
1788460 377
1788470 376
1788480 376
1788490 375
1788500 375
1788510 374
1788520 373
1788530 372
1788540 371
1788550 370
1788560 369
1788570 368
1788580 367
1788590 366
1788600 365
1788610 364
1788620 364
1788630 363
1788640 362
1788650 361
1788660 360
1788670 360
1788680 359
1788690 358
1788700 358
1788710 357
1788720 356
1788730 355
1788740 355
1788750 354
1788760 353
1788770 352
1788780 351
1788790 350
1788800 350
1788810 349
1788820 349
1788830 350
1788840 350
1788850 350
1788860 350
1788870 350
1788880 350
1788890 350
1788900 350
1788910 350
1788920 350
1788930 350
1788940 350
1788950 350
1788960 350
1788970 350
1788980 350
1788990 350
1789000 350
1789010 350
1789020 350
1789030 350
1789040 351
1789050 351
1789060 351
1789070 351
1789080 351
1789090 351
1789100 351
1789110 351
1789120 351
1789130 351
1789140 351
1789150 351
1789160 351
1789170 351
1789180 351
1789190 351
1789200 351
1789210 351
1789220 351
1789230 351
1789240 351
1789250 351
1789260 351
1789270 351
1789280 351
1789290 351
1789300 351
1789310 351
1789320 351
1789330 351
1789340 350
1789350 350
1789360 350
1789370 349
1789380 349
1789390 348
1789400 348
1789410 347
1789420 346
1789430 345
1789440 344
1789450 342
1789460 339
1789470 337
1789480 334
1789490 333
1789500 332
1789510 332
1789520 331
1789530 332
1789540 333
1789550 334
1789560 335
1789570 335
1789580 335
1789590 335
1789600 335
1789610 336
1789620 337
1789630 339
1789640 340
1789650 342
1789660 343
1789670 345
1789680 347
1789690 349
1789700 350
1789710 352
1789720 354
1789730 355
1789740 356
1789750 358
1789760 359
1789770 360
1789780 361
1789790 362
1789800 363
1789810 364
1789820 364
1789830 365
1789840 366
1789850 366
1789860 367
1789870 368
1789880 369
1789890 370
1789900 371
1789910 372
1789920 373
1789930 374
1789940 374
1789950 375
1789960 376
1789970 376
1789980 377
1789990 377
1790000 378
1790010 378
1790020 378
1790030 379
1790040 379
1790050 379
1790060 379
1790070 379
1790080 379
1790090 379
1790100 379
1790110 379
1790120 379
1790130 379
1790140 378
1790150 378
1790160 378
1790170 378
1790180 378
1790190 378
1790200 378
1790210 378
1790220 378
1790230 378
1790240 378
1790250 378
1790260 378
1790270 378
1790280 378
1790290 378
1790300 378
1790310 378
1790320 378
1790330 378
1790340 379
1790350 379
1790360 379
1790370 379
1790380 380
1790390 380
1790400 381
1790410 381
1790420 382
1790430 382
1790440 383
1790450 384
1790460 385
1790470 385
1790480 386
1790490 387
1790500 388
1790510 388
1790520 389
1790530 390
1790540 391
1790550 392
1790560 392
1790570 393
1790580 394
1790590 395
1790600 396
1790610 397
1790620 397
1790630 398
1790640 399
1790650 399
1790660 400
1790670 400
1790680 401
1790690 401
1790700 402
1790710 403
1790720 403
1790730 404
1790740 405
1790750 405
1790760 406
1790770 406
1790780 407
1790790 407
1790800 408
1790810 408
1790820 409
1790830 409
1790840 410
1790850 410
1790860 411
1790870 411
1790880 412
1790890 412
1790900 412
1790910 413
1790920 413
1790930 413
1790940 414
1790950 414
1790960 414
1790970 414
1790980 415
1790990 415
1791000 415
1791010 415
1791020 415
1791030 415
1791040 415
1791050 415
1791060 415
1791070 415
1791080 415
1791090 415
1791100 415
1791110 415
1791120 414
1791130 414
1791140 414
1791150 414
1791160 414
1791170 414
1791180 413
1791190 413
1791200 413
1791210 413
1791220 413
1791230 413
1791240 413
1791250 412
1791260 412
1791270 412
1791280 412
1791290 412
1791300 412
1791310 411
1791320 411
1791330 411
1791340 411
1791350 411
1791360 410
1791370 410
1791380 410
1791390 410
1791400 410
1791410 410
1791420 409
1791430 409
1791440 409
1791450 409
1791460 409
1791470 408
1791480 408
1791490 408
1791500 408
1791510 407
1791520 407
1791530 407
1791540 407
1791550 407
1791560 407
1791570 407
1791580 407
1791590 407
1791600 407
1791610 407
1791620 406
1791630 406
1791640 406
1791650 406
1791660 406
1791670 406
1791680 407
1791690 407
1791700 407
1791710 407
1791720 407
1791730 407
1791740 407
1791750 407
1791760 407
1791770 407
1791780 407
1791790 407
1791800 407
1791810 406
1791820 406
1791830 406
1791840 406
1791850 406
1791860 406
1791870 405
1791880 405
1791890 405
1791900 405
1791910 404
1791920 404
1791930 404
1791940 404
1791950 403
1791960 403
1791970 402
1791980 402
1791990 402
1792000 402
1792010 401
1792020 401
1792030 401
1792040 401
1792050 401
1792060 401
1792070 400
1792080 400
1792090 400
1792100 400
1792110 400
1792120 400
1792130 400
1792140 400
1792150 400
1792160 399
1792170 399
1792180 399
1792190 399
1792200 399
1792210 399
1792220 399
1792230 399
1792240 398
1792250 398
1792260 398
1792270 398
1792280 398
1792290 398
1792300 398
1792310 398
1792320 398
1792330 398
1792340 397
1792350 397
1792360 397
1792370 396
1792380 396
1792390 395
1792400 394
1792410 393
1792420 392
1792430 391
1792440 390
1792450 390
1792460 390
1792470 391
1792480 391
1792490 392
1792500 393
1792510 393
1792520 392
1792530 392
1792540 392
1792550 391
1792560 391
1792570 391
1792580 390
1792590 390
1792600 390
1792610 389
1792620 389
1792630 388
1792640 388
1792650 387
1792660 386
1792670 385
1792680 384
1792690 383
1792700 383
1792710 383
1792720 383
1792730 382
1792740 381
1792750 381
1792760 380
1792770 380
1792780 379
1792790 379
1792800 378
1792810 378
1792820 377
1792830 377
1792840 376
1792850 376
1792860 375
1792870 374
1792880 374
1792890 374
1792900 373
1792910 373
1792920 373
1792930 372
1792940 372
1792950 371
1792960 371
1792970 370
1792980 370
1792990 370
1793000 369
1793010 369
1793020 369
1793030 368
1793040 368
1793050 368
1793060 367
1793070 367
1793080 366
1793090 366
1793100 365
1793110 364
1793120 364
1793130 365
1793140 364
1793150 364
1793160 363
1793170 363
1793180 362
1793190 362
1793200 361
1793210 361
1793220 360
1793230 359
1793240 359
1793250 358
1793260 358
1793270 357
1793280 357
1793290 356
1793300 356
1793310 355
1793320 355
1793330 355
1793340 354
1793350 354
1793360 354
1793370 353
1793380 353
1793390 352
1793400 352
1793410 351
1793420 351
1793430 350
1793440 349
1793450 348
1793460 347
1793470 346
1793480 345
1793490 344
1793500 343
1793510 342
1793520 341
1793530 340
1793540 340
1793550 339
1793560 338
1793570 337
1793580 336
1793590 335
1793600 334
1793610 333
1793620 332
1793630 330
1793640 329
1793650 328
1793660 326
1793670 325
1793680 324
1793690 324
1793700 323
1793710 322
1793720 321
1793730 320
1793740 319
1793750 317
1793760 316
1793770 316
1793780 315
1793790 314
1793800 314
1793810 315
1793820 315
1793830 315
1793840 316
1793850 315
1793860 315
1793870 315
1793880 314
1793890 313
1793900 312
1793910 311
1793920 310
1793930 309
1793940 308
1793950 308
1793960 307
1793970 305
1793980 304
1793990 303
1794000 302
1794010 303
1794020 302
1794030 301
1794040 298
1794050 296
1794060 293
1794070 291
1794080 289
1794090 288
1794100 287
1794110 287
1794120 287
1794130 286
1794140 286
1794150 287
1794160 287
1794170 288
1794180 288
1794190 288
1794200 288
1794210 288
1794220 288
1794230 288
1794240 288
1794250 289
1794260 291
1794270 292
1794280 294
1794290 295
1794300 297
1794310 298
1794320 300
1794330 301
1794340 302
1794350 303
1794360 304
1794370 306
1794380 307
1794390 308
1794400 309
1794410 311
1794420 313
1794430 315
1794440 316
1794450 318
1794460 320
1794470 321
1794480 323
1794490 324
1794500 326
1794510 327
1794520 328
1794530 329
1794540 330
1794550 331
1794560 332
1794570 333
1794580 334
1794590 336
1794600 338
1794610 339
1794620 341
1794630 343
1794640 344
1794650 346
1794660 347
1794670 348
1794680 350
1794690 351
1794700 352
1794710 353
1794720 354
1794730 355
1794740 355
1794750 356
1794760 357
1794770 358
1794780 358
1794790 359
1794800 360
1794810 361
1794820 362
1794830 364
1794840 366
1794850 368
1794860 370
1794870 372
1794880 374
1794890 376
1794900 378
1794910 380
1794920 382
1794930 384
1794940 385
1794950 386
1794960 388
1794970 389
1794980 390
1794990 391
1795000 392
1795010 393
1795020 394
1795030 395
1795040 395
1795050 396
1795060 397
1795070 398
1795080 399
1795090 399
1795100 400
1795110 400
1795120 400
1795130 400
1795140 400
1795150 400
1795160 400
1795170 401
1795180 401
1795190 401
1795200 401
1795210 400
1795220 400
1795230 400
1795240 400
1795250 400
1795260 399
1795270 399
1795280 399
1795290 399
1795300 399
1795310 399
1795320 399
1795330 398
1795340 398
1795350 398
1795360 398
1795370 397
1795380 397
1795390 397
1795400 397
1795410 397
1795420 397
1795430 396
1795440 396
1795450 396
1795460 395
1795470 395
1795480 395
1795490 394
1795500 394
1795510 394
1795520 393
1795530 393
1795540 393
1795550 393
1795560 392
1795570 392
1795580 392
1795590 392
1795600 393
1795610 393
1795620 393
1795630 393
1795640 394
1795650 394
1795660 394
1795670 394
1795680 395
1795690 395
1795700 395
1795710 395
1795720 395
1795730 395
1795740 395
1795750 396
1795760 396
1795770 397
1795780 397
1795790 396
1795800 396
1795810 395
1795820 395
1795830 394
1795840 394
1795850 393
1795860 392
1795870 391
1795880 390
1795890 389
1795900 388
1795910 387
1795920 386
1795930 385
1795940 384
1795950 383
1795960 382
1795970 381
1795980 379
1795990 378
1796000 377
1796010 376
1796020 375
1796030 374
1796040 374
1796050 373
1796060 373
1796070 372
1796080 371
1796090 371
1796100 370
1796110 369
1796120 368
1796130 367
1796140 366
1796150 365
1796160 363
1796170 362
1796180 360
1796190 359
1796200 358
1796210 358
1796220 357
1796230 356
1796240 355
1796250 354
1796260 354
1796270 353
1796280 352
1796290 352
1796300 351
1796310 350
1796320 349
1796330 348
1796340 347
1796350 346
1796360 346
1796370 345
1796380 344
1796390 343
1796400 342
1796410 340
1796420 340
1796430 339
1796440 339
1796450 338
1796460 337
1796470 336
1796480 336
1796490 335
1796500 334
1796510 333
1796520 332
1796530 331
1796540 330
1796550 329
1796560 328
1796570 327
1796580 326
1796590 325
1796600 324
1796610 323
1796620 322
1796630 321
1796640 321
1796650 319
1796660 318
1796670 317
1796680 316
1796690 315
1796700 315
1796710 313
1796720 312
1796730 310
1796740 309
1796750 307
1796760 305
1796770 303
1796780 302
1796790 300
1796800 299
1796810 297
1796820 295
1796830 294
1796840 293
1796850 291
1796860 290
1796870 289
1796880 289
1796890 289
1796900 288
1796910 288
1796920 288
1796930 287
1796940 286
1796950 286
1796960 285
1796970 284
1796980 283
1796990 282
1797000 281
1797010 280
1797020 279
1797030 278
1797040 277
1797050 276
1797060 275
1797070 274
1797080 273
1797090 272
1797100 270
1797110 270
1797120 269
1797130 269
1797140 269
1797150 268
1797160 267
1797170 267
1797180 267
1797190 267
1797200 267
1797210 267
1797220 268
1797230 268
1797240 268
1797250 268
1797260 269
1797270 269
1797280 270
1797290 271
1797300 272
1797310 273
1797320 273
1797330 274
1797340 275
1797350 275
1797360 276
1797370 276
1797380 277
1797390 277
1797400 277
1797410 277
1797420 277
1797430 277
1797440 277
1797450 276
1797460 276
1797470 276
1797480 276
1797490 275
1797500 275
1797510 274
1797520 274
1797530 273
1797540 272
1797550 272
1797560 271
1797570 271
1797580 270
1797590 270
1797600 269
1797610 268
1797620 266
1797630 265
1797640 264
1797650 264
1797660 263
1797670 263
1797680 263
1797690 263
1797700 263
1797710 263
1797720 263
1797730 263
1797740 263
1797750 263
1797760 262
1797770 262
1797780 262
1797790 262
1797800 262
1797810 262
1797820 262
1797830 261
1797840 261
1797850 261
1797860 261
1797870 261
1797880 261
1797890 261
1797900 261
1797910 261
1797920 261
1797930 261
1797940 261
1797950 261
1797960 260
1797970 260
1797980 260
1797990 260
1798000 260
1798010 259
1798020 258
1798030 256
1798040 254
1798050 254
1798060 256
1798070 257
1798080 258
1798090 258
1798100 258
1798110 258
1798120 259
1798130 259
1798140 259
1798150 259
1798160 260
1798170 260
1798180 260
1798190 261
1798200 261
1798210 261
1798220 261
1798230 261
1798240 261
1798250 260
1798260 260
1798270 260
1798280 260
1798290 260
1798300 261
1798310 261
1798320 261
1798330 262
1798340 263
1798350 263
1798360 264
1798370 263
1798380 262
1798390 264
1798400 265
1798410 266
1798420 266
1798430 266
1798440 267
1798450 267
1798460 267
1798470 268
1798480 268
1798490 268
1798500 269
1798510 269
1798520 270
1798530 271
1798540 271
1798550 270
1798560 270
1798570 271
1798580 271
1798590 272
1798600 274
1798610 275
1798620 276
1798630 276
1798640 277
1798650 278
1798660 279
1798670 279
1798680 280
1798690 280
1798700 281
1798710 281
1798720 281
1798730 281
1798740 281
1798750 280
1798760 280
1798770 279
1798780 278
1798790 278
1798800 278
1798810 278
1798820 278
1798830 278
1798840 278
1798850 278
1798860 278
1798870 278
1798880 278
1798890 277
1798900 278
1798910 278
1798920 278
1798930 278
1798940 278
1798950 278
1798960 278
1798970 278
1798980 278
1798990 278
1799000 278
1799010 278
1799020 278
1799030 278
1799040 278
1799050 278
1799060 278
1799070 278
1799080 278
1799090 278
1799100 278
1799110 278
1799120 278
1799130 278
1799140 279
1799150 279
1799160 279
1799170 280
1799180 280
1799190 280
1799200 281
1799210 281
1799220 281
1799230 280
1799240 281
1799250 281
1799260 281
1799270 281
1799280 281
1799290 281
1799300 282
1799310 282
1799320 282
1799330 283
1799340 283
1799350 283
1799360 284
1799370 284
1799380 283
1799390 283
1799400 283
1799410 283
1799420 283
1799430 282
1799440 282
1799450 282
1799460 281
1799470 281
1799480 280
1799490 279
1799500 278
1799510 277
1799520 276
1799530 274
1799540 273
1799550 271
1799560 269
1799570 267
1799580 265
1799590 264
1799600 262
1799610 261
1799620 260
1799630 260
1799640 260
1799650 261
1799660 260
1799670 260
1799680 260
1799690 258
1799700 256
1799710 255
1799720 256
1799730 259
1799740 263
1799750 268
1799760 272
1799770 275
1799780 278
1799790 281
1799800 285
1799810 288
1799820 291
1799830 294
1799840 297
1799850 301
1799860 304
1799870 307
1799880 309
1799890 312
1799900 315
1799910 318
1799920 320
1799930 323
1799940 325
1799950 328
1799960 330
1799970 333
1799980 335
1799990 337
1780000 361
1780010 361
1780020 361
1780030 362
1780040 362
1780050 362
1780060 363
1780070 363
1780080 363
1780090 364
1780100 364
1780110 364
1780120 364
1780130 364
1780140 364
1780150 363
1780160 363
1780170 363
1780180 363
1780190 363
1780200 363
1780210 362
1780220 362
1780230 362
1780240 361
1780250 361
1780260 361
1780270 360
1780280 360
1780290 359
1780300 358
1780310 358
1780320 357
1780330 357
1780340 356
1780350 356
1780360 356
1780370 355
1780380 354
1780390 353
1780400 352
1780410 351
1780420 350
1780430 349
1780440 348
1780450 348
1780460 347
1780470 347
1780480 346
1780490 345
1780500 344
1780510 343
1780520 343
1780530 342
1780540 341
1780550 340
1780560 339
1780570 339
1780580 338
1780590 338
1780600 337
1780610 336
1780620 335
1780630 335
1780640 334
1780650 333
1780660 333
1780670 332
1780680 331
1780690 331
1780700 330
1780710 329
1780720 328
1780730 328
1780740 327
1780750 326
1780760 326
1780770 325
1780780 324
1780790 323
1780800 322
1780810 322
1780820 321
1780830 320
1780840 320
1780850 319
1780860 319
1780870 318
1780880 318
1780890 317
1780900 317
1780910 316
1780920 315
1780930 315
1780940 314
1780950 314
1780960 313
1780970 313
1780980 312
1780990 312
1781000 311
1781010 310
1781020 310
1781030 309
1781040 308
1781050 307
1781060 306
1781070 306
1781080 305
1781090 304
1781100 304
1781110 303
1781120 302
1781130 302
1781140 301
1781150 300
1781160 300
1781170 299
1781180 298
1781190 298
1781200 297
1781210 296
1781220 296
1781230 295
1781240 294
1781250 294
1781260 293
1781270 293
1781280 292
1781290 292
1781300 291
1781310 291
1781320 290
1781330 290
1781340 290
1781350 289
1781360 289
1781370 288
1781380 287
1781390 287
1781400 287
1781410 286
1781420 286
1781430 285
1781440 285
1781450 284
1781460 284
1781470 284
1781480 283
1781490 283
1781500 282
1781510 282
1781520 282
1781530 281
1781540 281
1781550 281
1781560 281
1781570 281
1781580 281
1781590 281
1781600 281
1781610 280
1781620 280
1781630 280
1781640 279
1781650 279
1781660 278
1781670 278
1781680 277
1781690 276
1781700 275
1781710 274
1781720 273
1781730 272
1781740 270
1781750 268
1781760 267
1781770 266
1781780 264
1781790 261
1783280 293
1783290 293
1783300 295
1783310 297
1783320 299
1783330 300
1783340 302
1783350 303
1783360 306
1783370 308
1783380 310
1783390 312
1783400 313
1783410 315
1783420 317
1783430 318
1783440 320
1783450 322
1783460 323
1783470 325
1783480 327
1783490 329
1783500 331
1783510 333
1783520 335
1783530 336
1783540 338
1783550 339
1783560 341
1783570 342
1783580 343
1783590 344
1783600 345
1783610 346
1783620 347
1783630 349
1783640 350
1783650 351
1783660 352
1783670 353
1783680 354
1783690 355
1783700 356
1783710 356
1783720 357
1783730 357
1783740 358
1783750 358
1783760 359
1783770 360
1783780 361
1783790 362
1783800 362
1783810 363
1783820 364
1783830 364
1783840 365
1783850 365
1783860 366
1783870 366
1783880 366
1783890 367
1783900 367
1783910 368
1783920 368
1783930 369
1783940 369
1783950 370
1783960 370
1783970 371
1783980 371
1783990 372
1784000 373
1784010 373
1784020 374
1784030 375
1784040 375
1784050 376
1784060 377
1784070 378
1784080 378
1784090 379
1784100 380
1784110 381
1784120 382
1784130 383
1784140 384
1784150 385
1784160 386
1784170 387
1784180 387
1784190 388
1784200 389
1784210 390
1784220 391
1784230 392
1784240 392
1784250 393
1784260 394
1784270 395
1784280 396
1784290 397
1784300 398
1784310 399
1784320 400
1784330 401
1784340 402
1784350 403
1784360 403
1784370 404
1784380 404
1784390 404
1784400 405
1784410 405
1784420 405
1784430 406
1784440 406
1784450 407
1784460 408
1784470 408
1784480 409
1784490 410
1784500 410
1784510 410
1784520 411
1784530 411
1784540 411
1784550 412
1784560 412
1784570 412
1784580 412
1784590 412
1784600 412
1784610 411
1784620 411
1784630 411
1784640 411
1784650 410
1784660 410
1784670 410
1784680 409
1784690 409
1784700 408
1784710 408
1784720 407
1784730 406
1784740 405
1784750 404
1784760 403
1784770 402
1784780 400
1784790 398
1784800 395
1784810 394
1784820 392
1784830 390
1784840 389
1784850 387
1784860 385
1784870 384
1784880 383
1784890 382
1784900 381
1784910 380
1784920 379
1784930 378
1784940 377
1784950 377
1784960 376
1784970 375
1784980 374
1784990 373
1785000 372
1785010 370
1785020 368
1785030 366
1785040 365
1785050 367
1785060 369
1785070 370
1785080 372
1785090 373
1785100 375
1785110 376
1785120 378
1785130 379
1785140 381
1785150 383
1785160 385
1785170 386
1785180 388
1785190 390
1785200 391
1785210 393
1785220 395
1785230 396
1785240 398
1785250 400
1785260 402
1785270 403
1785280 404
1785290 406
1785300 407
1785310 408
1785320 409
1785330 410
1785340 411
1785350 412
1785360 413
1785370 414
1785380 415
1785390 416
1785400 417
1785410 418
1785420 418
1785430 419
1785440 419
1785450 420
1785460 421
1785470 422
1785480 423
1785490 423
1785500 424
1785510 424
1785520 425
1785530 425
1785540 426
1785550 426
1785560 426
1785570 427
1785580 427
1785590 428
1785600 428
1785610 429
1785620 429
1785630 430
1785640 431
1785650 432
1785660 432
1785670 433
1785680 433
1785690 433
1785700 434
1785710 434
1785720 434
1785730 434
1785740 435
1785750 435
1785760 436
1785770 436
1785780 437
1785790 437
1785800 438
1785810 438
1785820 439
1785830 440
1785840 441
1785850 441
1785860 442
1785870 443
1785880 444
1785890 444
1785900 445
1785910 446
1785920 447
1785930 448
1785940 449
1785950 450
1785960 451
1785970 452
1785980 452
1785990 453
1786000 454
1786010 454
1786020 455
1786030 455
1786040 456
1786050 456
1786060 457
1786070 457
1786080 457
1786090 458
1786100 458
1786110 459
1786120 459
1786130 459
1786140 459
1786150 459
1786160 459
1786170 459
1786180 459
1786190 459
1786200 459
1786210 459
1786220 458
1786230 458
1786240 458
1786250 457
1786260 457
1786270 456
1786280 456
1786290 456
1786300 455
1786310 455
1786320 454
1786330 453
1786340 453
1786350 452
1786360 452
1786370 451
1786380 451
1786390 450
1786400 450
1786410 449
1786420 449
1786430 448
1786440 448
1786450 447
1786460 446
1786470 446
1786480 445
1786490 444
1786500 443
1786510 443
1786520 442
1786530 441
1786540 440
1786550 439
1786560 437
1786570 436
1786580 436
1786590 436
1786600 436
1786610 436
1786620 435
1786630 435
1786640 434
1786650 433
1786660 433
1786670 433
1786680 432
1786690 432
1786700 431
1786710 430
1786720 429
1786730 429
1786740 428
1786750 427
1786760 426
1786770 425
1786780 424
1786790 422
1786800 422
1786810 423
1786820 423
1786830 424
1786840 424
1786850 424
1786860 424
1786870 424
1786880 424
1786890 424
1786900 424
1786910 424
1786920 424
1786930 424
1786940 424
1786950 423
1786960 423
1786970 424
1786980 425
1786990 426
1787000 428
1787010 429
1787020 430
1787030 431
1787040 432
1787050 434
1787060 435
1787070 437
1787080 438
1787090 439
1787100 440
1787110 441
1787120 442
1787130 444
1787140 445
1787150 445
1787160 446
1787170 447
1787180 447
1787190 448
1787200 448
1787210 448
1787220 448
1787230 448
1787240 448
1787250 448
1787260 448
1787270 448
1787280 447
1787290 447
1787300 446
1787310 446
1787320 445
1787330 445
1787340 444
1787350 444
1787360 443
1787370 443
1787380 442
1787390 442
1787400 441
1787410 440
1787420 439
1787430 439
1787440 438
1787450 437
1787460 437
1787470 436
1787480 435
1787490 434
1787500 433
1787510 433
1787520 432
1787530 431
1787540 430
1787550 430
1787560 429
1787570 428
1787580 427
1787590 426
1787600 425
1787610 423
1787620 422
1787630 421
1787640 420
1787650 419
1787660 418
1787670 417
1787680 416
1787690 415
1787700 413
1787710 412
1787720 411
1787730 410
1787740 409
1787750 408
1787760 407
1787770 405
1787780 404
1787790 403
1787800 402
1787810 401
1787820 399
1787830 398
1787840 397
1787850 396
1787860 395
1787870 394
1787880 393
1787890 392
1787900 391
1787910 390
1787920 390
1787930 389
1787940 389
1787950 388
1787960 387
1787970 386
1787980 384
1787990 382
1788000 383
1788010 383
1788020 385
1788030 386
1788040 386
1788050 387
1788060 387
1788070 388
1788080 388
1788090 388
1788100 388
1788110 388
1788120 388
1788130 388
1788140 388
1788150 388
1788160 388
1788170 388
1788180 388
1788190 387
1788200 387
1788210 387
1788220 387
1788230 386
1788240 386
1788250 385
1788260 385
1788270 385
1788280 385
1788290 385
1788300 385
1788310 384
1788320 384
1788330 382
1788340 381
1788350 382
1788360 383
1788370 383
1788380 382
1788390 382
1788400 381
1788410 380
1788420 380
1788430 379
1788440 378
1788450 377
1788460 377
1788470 376
1788480 376
1788490 375
1788500 375
1788510 374
1788520 373
1788530 372
1788540 371
1788550 370
1788560 369
1788570 368
1788580 367
1788590 366
1788600 365
1788610 364
1788620 364
1788630 363
1788640 362
1788650 361
1788660 360
1788670 360
1788680 359
1788690 358
1788700 358
1788710 357
1788720 356
1788730 355
1788740 355
1788750 354
1788760 353
1788770 352
1788780 351
1788790 350
1788800 350
1788810 349
1788820 349
1788830 350
1788840 350
1788850 350
1788860 350
1788870 350
1788880 350
1788890 350
1788900 350
1788910 350
1788920 350
1788930 350
1788940 350
1788950 350
1788960 350
1788970 350
1788980 350
1788990 350
1789000 350
1789010 350
1789020 350
1789030 350
1789040 351
1789050 351
1789060 351
1789070 351
1789080 351
1789090 351
1789100 351
1789110 351
1789120 351
1789130 351
1789140 351
1789150 351
1789160 351
1789170 351
1789180 351
1789190 351
1789200 351
1789210 351
1789220 351
1789230 351
1789240 351
1789250 351
1789260 351
1789270 351
1789280 351
1789290 351
1789300 351
1789310 351
1789320 351
1789330 351
1789340 350
1789350 350
1789360 350
1789370 349
1789380 349
1789390 348
1789400 348
1789410 347
1789420 346
1789430 345
1789440 344
1789450 342
1789460 339
1789470 337
1789480 334
1789490 333
1789500 332
1789510 332
1789520 331
1789530 332
1789540 333
1789550 334
1789560 335
1789570 335
1789580 335
1789590 335
1789600 335
1789610 336
1789620 337
1789630 339
1789640 340
1789650 342
1789660 343
1789670 345
1789680 347
1789690 349
1789700 350
1789710 352
1789720 354
1789730 355
1789740 356
1789750 358
1789760 359
1789770 360
1789780 361
1789790 362
1789800 363
1789810 364
1789820 364
1789830 365
1789840 366
1789850 366
1789860 367
1789870 368
1789880 369
1789890 370
1789900 371
1789910 372
1789920 373
1789930 374
1789940 374
1789950 375
1789960 376
1789970 376
1789980 377
1789990 377
1790000 378
1790010 378
1790020 378
1790030 379
1790040 379
1790050 379
1790060 379
1790070 379
1790080 379
1790090 379
1790100 379
1790110 379
1790120 379
1790130 379
1790140 378
1790150 378
1790160 378
1790170 378
1790180 378
1790190 378
1790200 378
1790210 378
1790220 378
1790230 378
1790240 378
1790250 378
1790260 378
1790270 378
1790280 378
1790290 378
1790300 378
1790310 378
1790320 378
1790330 378
1790340 379
1790350 379
1790360 379
1790370 379
1790380 380
1790390 380
1790400 381
1790410 381
1790420 382
1790430 382
1790440 383
1790450 384
1790460 385
1790470 385
1790480 386
1790490 387
1790500 388
1790510 388
1790520 389
1790530 390
1790540 391
1790550 392
1790560 392
1790570 393
1790580 394
1790590 395
1790600 396
1790610 397
1790620 397
1790630 398
1790640 399
1790650 399
1790660 400
1790670 400
1790680 401
1790690 401
1790700 402
1790710 403
1790720 403
1790730 404
1790740 405
1790750 405
1790760 406
1790770 406
1790780 407
1790790 407
1790800 408
1790810 408
1790820 409
1790830 409
1790840 410
1790850 410
1790860 411
1790870 411
1790880 412
1790890 412
1790900 412
1790910 413
1790920 413
1790930 413
1790940 414
1790950 414
1790960 414
1790970 414
1790980 415
1790990 415
1791000 415
1791010 415
1791020 415
1791030 415
1791040 415
1791050 415
1791060 415
1791070 415
1791080 415
1791090 415
1791100 415
1791110 415
1791120 414
1791130 414
1791140 414
1791150 414
1791160 414
1791170 414
1791180 413
1791190 413
1791200 413
1791210 413
1791220 413
1791230 413
1791240 413
1791250 412
1791260 412
1791270 412
1791280 412
1791290 412
1791300 412
1791310 411
1791320 411
1791330 411
1791340 411
1791350 411
1791360 410
1791370 410
1791380 410
1791390 410
1791400 410
1791410 410
1791420 409
1791430 409
1791440 409
1791450 409
1791460 409
1791470 408
1791480 408
1791490 408
1791500 408
1791510 407
1791520 407
1791530 407
1791540 407
1791550 407
1791560 407
1791570 407
1791580 407
1791590 407
1791600 407
1791610 407
1791620 406
1791630 406
1791640 406
1791650 406
1791660 406
1791670 406
1791680 407
1791690 407
1791700 407
1791710 407
1791720 407
1791730 407
1791740 407
1791750 407
1791760 407
1791770 407
1791780 407
1791790 407
1791800 407
1791810 406
1791820 406
1791830 406
1791840 406
1791850 406
1791860 406
1791870 405
1791880 405
1791890 405
1791900 405
1791910 404
1791920 404
1791930 404
1791940 404
1791950 403
1791960 403
1791970 402
1791980 402
1791990 402
1792000 402
1792010 401
1792020 401
1792030 401
1792040 401
1792050 401
1792060 401
1792070 400
1792080 400
1792090 400
1792100 400
1792110 400
1792120 400
1792130 400
1792140 400
1792150 400
1792160 399
1792170 399
1792180 399
1792190 399
1792200 399
1792210 399
1792220 399
1792230 399
1792240 398
1792250 398
1792260 398
1792270 398
1792280 398
1792290 398
1792300 398
1792310 398
1792320 398
1792330 398
1792340 397
1792350 397
1792360 397
1792370 396
1792380 396
1792390 395
1792400 394
1792410 393
1792420 392
1792430 391
1792440 390
1792450 390
1792460 390
1792470 391
1792480 391
1792490 392
1792500 393
1792510 393
1792520 392
1792530 392
1792540 392
1792550 391
1792560 391
1792570 391
1792580 390
1792590 390
1792600 390
1792610 389
1792620 389
1792630 388
1792640 388
1792650 387
1792660 386
1792670 385
1792680 384
1792690 383
1792700 383
1792710 383
1792720 383
1792730 382
1792740 381
1792750 381
1792760 380
1792770 380
1792780 379
1792790 379
1792800 378
1792810 378
1792820 377
1792830 377
1792840 376
1792850 376
1792860 375
1792870 374
1792880 374
1792890 374
1792900 373
1792910 373
1792920 373
1792930 372
1792940 372
1792950 371
1792960 371
1792970 370
1792980 370
1792990 370
1793000 369
1793010 369
1793020 369
1793030 368
1793040 368
1793050 368
1793060 367
1793070 367
1793080 366
1793090 366
1793100 365
1793110 364
1793120 364
1793130 365
1793140 364
1793150 364
1793160 363
1793170 363
1793180 362
1793190 362
1793200 361
1793210 361
1793220 360
1793230 359
1793240 359
1793250 358
1793260 358
1793270 357
1793280 357
1793290 356
1793300 356
1793310 355
1793320 355
1793330 355
1793340 354
1793350 354
1793360 354
1793370 353
1793380 353
1793390 352
1793400 352
1793410 351
1793420 351
1793430 350
1793440 349
1793450 348
1793460 347
1793470 346
1793480 345
1793490 344
1793500 343
1793510 342
1793520 341
1793530 340
1793540 340
1793550 339
1793560 338
1793570 337
1793580 336
1793590 335
1793600 334
1793610 333
1793620 332
1793630 330
1793640 329
1793650 328
1793660 326
1793670 325
1793680 324
1793690 324
1793700 323
1793710 322
1793720 321
1793730 320
1793740 319
1793750 317
1793760 316
1793770 316
1793780 315
1793790 314
1793800 314
1793810 315
1793820 315
1793830 315
1793840 316
1793850 315
1793860 315
1793870 315
1793880 314
1793890 313
1793900 312
1793910 311
1793920 310
1793930 309
1793940 308
1793950 308
1793960 307
1793970 305
1793980 304
1793990 303
1794000 302
1794010 303
1794020 302
1794030 301
1794040 298
1794050 296
1794060 293
1794070 291
1794080 289
1794090 288
1794100 287
1794110 287
1794120 287
1794130 286
1794140 286
1794150 287
1794160 287
1794170 288
1794180 288
1794190 288
1794200 288
1794210 288
1794220 288
1794230 288
1794240 288
1794250 289
1794260 291
1794270 292
1794280 294
1794290 295
1794300 297
1794310 298
1794320 300
1794330 301
1794340 302
1794350 303
1794360 304
1794370 306
1794380 307
1794390 308
1794400 309
1794410 311
1794420 313
1794430 315
1794440 316
1794450 318
1794460 320
1794470 321
1794480 323
1794490 324
1794500 326
1794510 327
1794520 328
1794530 329
1794540 330
1794550 331
1794560 332
1794570 333
1794580 334
1794590 336
1794600 338
1794610 339
1794620 341
1794630 343
1794640 344
1794650 346
1794660 347
1794670 348
1794680 350
1794690 351
1794700 352
1794710 353
1794720 354
1794730 355
1794740 355
1794750 356
1794760 357
1794770 358
1794780 358
1794790 359
1794800 360
1794810 361
1794820 362
1794830 364
1794840 366
1794850 368
1794860 370
1794870 372
1794880 374
1794890 376
1794900 378
1794910 380
1794920 382
1794930 384
1794940 385
1794950 386
1794960 388
1794970 389
1794980 390
1794990 391
1795000 392
1795010 393
1795020 394
1795030 395
1795040 395
1795050 396
1795060 397
1795070 398
1795080 399
1795090 399
1795100 400
1795110 400
1795120 400
1795130 400
1795140 400
1795150 400
1795160 400
1795170 401
1795180 401
1795190 401
1795200 401
1795210 400
1795220 400
1795230 400
1795240 400
1795250 400
1795260 399
1795270 399
1795280 399
1795290 399
1795300 399
1795310 399
1795320 399
1795330 398
1795340 398
1795350 398
1795360 398
1795370 397
1795380 397
1795390 397
1795400 397
1795410 397
1795420 397
1795430 396
1795440 396
1795450 396
1795460 395
1795470 395
1795480 395
1795490 394
1795500 394
1795510 394
1795520 393
1795530 393
1795540 393
1795550 393
1795560 392
1795570 392
1795580 392
1795590 392
1795600 393
1795610 393
1795620 393
1795630 393
1795640 394
1795650 394
1795660 394
1795670 394
1795680 395
1795690 395
1795700 395
1795710 395
1795720 395
1795730 395
1795740 395
1795750 396
1795760 396
1795770 397
1795780 397
1795790 396
1795800 396
1795810 395
1795820 395
1795830 394
1795840 394
1795850 393
1795860 392
1795870 391
1795880 390
1795890 389
1795900 388
1795910 387
1795920 386
1795930 385
1795940 384
1795950 383
1795960 382
1795970 381
1795980 379
1795990 378
1796000 377
1796010 376
1796020 375
1796030 374
1796040 374
1796050 373
1796060 373
1796070 372
1796080 371
1796090 371
1796100 370
1796110 369
1796120 368
1796130 367
1796140 366
1796150 365
1796160 363
1796170 362
1796180 360
1796190 359
1796200 358
1796210 358
1796220 357
1796230 356
1796240 355
1796250 354
1796260 354
1796270 353
1796280 352
1796290 352
1796300 351
1796310 350
1796320 349
1796330 348
1796340 347
1796350 346
1796360 346
1796370 345
1796380 344
1796390 343
1796400 342
1796410 340
1796420 340
1796430 339
1796440 339
1796450 338
1796460 337
1796470 336
1796480 336
1796490 335
1796500 334
1796510 333
1796520 332
1796530 331
1796540 330
1796550 329
1796560 328
1796570 327
1796580 326
1796590 325
1796600 324
1796610 323
1796620 322
1796630 321
1796640 321
1796650 319
1796660 318
1796670 317
1796680 316
1796690 315
1796700 315
1796710 313
1796720 312
1796730 310
1796740 309
1796750 307
1796760 305
1796770 303
1796780 302
1796790 300
1796800 299
1796810 297
1796820 295
1796830 294
1796840 293
1796850 291
1796860 290
1796870 289
1796880 289
1796890 289
1796900 288
1796910 288
1796920 288
1796930 287
1796940 286
1796950 286
1796960 285
1796970 284
1796980 283
1796990 282
1797000 281
1797010 280
1797020 279
1797030 278
1797040 277
1797050 276
1797060 275
1797070 274
1797080 273
1797090 272
1797100 270
1797110 270
1797120 269
1797130 269
1797140 269
1797150 268
1797160 267
1797170 267
1797180 267
1797190 267
1797200 267
1797210 267
1797220 268
1797230 268
1797240 268
1797250 268
1797260 269
1797270 269
1797280 270
1797290 271
1797300 272
1797310 273
1797320 273
1797330 274
1797340 275
1797350 275
1797360 276
1797370 276
1797380 277
1797390 277
1797400 277
1797410 277
1797420 277
1797430 277
1797440 277
1797450 276
1797460 276
1797470 276
1797480 276
1797490 275
1797500 275
1797510 274
1797520 274
1797530 273
1797540 272
1797550 272
1797560 271
1797570 271
1797580 270
1797590 270
1797600 269
1797610 268
1797620 266
1797630 265
1797640 264
1797650 264
1797660 263
1797670 263
1797680 263
1797690 263
1797700 263
1797710 263
1797720 263
1797730 263
1797740 263
1797750 263
1797760 262
1797770 262
1797780 262
1797790 262
1797800 262
1797810 262
1797820 262
1797830 261
1797840 261
1797850 261
1797860 261
1797870 261
1797880 261
1797890 261
1797900 261
1797910 261
1797920 261
1797930 261
1797940 261
1797950 261
1797960 260
1797970 260
1797980 260
1797990 260
1798000 260
1798010 259
1798020 258
1798030 256
1798040 254
1798050 254
1798060 256
1798070 257
1798080 258
1798090 258
1798100 258
1798110 258
1798120 259
1798130 259
1798140 259
1798150 259
1798160 260
1798170 260
1798180 260
1798190 261
1798200 261
1798210 261
1798220 261
1798230 261
1798240 261
1798250 260
1798260 260
1798270 260
1798280 260
1798290 260
1798300 261
1798310 261
1798320 261
1798330 262
1798340 263
1798350 263
1798360 264
1798370 263
1798380 262
1798390 264
1798400 265
1798410 266
1798420 266
1798430 266
1798440 267
1798450 267
1798460 267
1798470 268
1798480 268
1798490 268
1798500 269
1798510 269
1798520 270
1798530 271
1798540 271
1798550 270
1798560 270
1798570 271
1798580 271
1798590 272
1798600 274
1798610 275
1798620 276
1798630 276
1798640 277
1798650 278
1798660 279
1798670 279
1798680 280
1798690 280
1798700 281
1798710 281
1798720 281
1798730 281
1798740 281
1798750 280
1798760 280
1798770 279
1798780 278
1798790 278
1798800 278
1798810 278
1798820 278
1798830 278
1798840 278
1798850 278
1798860 278
1798870 278
1798880 278
1798890 277
1798900 278
1798910 278
1798920 278
1798930 278
1798940 278
1798950 278
1798960 278
1798970 278
1798980 278
1798990 278
1799000 278
1799010 278
1799020 278
1799030 278
1799040 278
1799050 278
1799060 278
1799070 278
1799080 278
1799090 278
1799100 278
1799110 278
1799120 278
1799130 278
1799140 279
1799150 279
1799160 279
1799170 280
1799180 280
1799190 280
1799200 281
1799210 281
1799220 281
1799230 280
1799240 281
1799250 281
1799260 281
1799270 281
1799280 281
1799290 281
1799300 282
1799310 282
1799320 282
1799330 283
1799340 283
1799350 283
1799360 284
1799370 284
1799380 283
1799390 283
1799400 283
1799410 283
1799420 283
1799430 282
1799440 282
1799450 282
1799460 281
1799470 281
1799480 280
1799490 279
1799500 278
1799510 277
1799520 276
1799530 274
1799540 273
1799550 271
1799560 269
1799570 267
1799580 265
1799590 264
1799600 262
1799610 261
1799620 260
1799630 260
1799640 260
1799650 261
1799660 260
1799670 260
1799680 260
1799690 258
1799700 256
1799710 255
1799720 256
1799730 259
1799740 263
1799750 268
1799760 272
1799770 275
1799780 278
1799790 281
1799800 285
1799810 288
1799820 291
1799830 294
1799840 297
1799850 301
1799860 304
1799870 307
1799880 309
1799890 312
1799900 315
1799910 318
1799920 320
1799930 323
1799940 325
1799950 328
1799960 330
1799970 333
1799980 335
1799990 337
