1781910 281
1781920 282
1781930 283
1781940 284
1781950 285
1781960 286
1781970 287
1781980 289
1781990 290
1782000 291
1782010 292
1782020 293
1782030 295
1782040 296
1782050 297
1782060 298
1782070 299
1782080 300
1782090 300
1782100 300
1782110 301
1782120 302
1782130 305
1782140 307
1782150 308
1782160 310
1782170 311
1782180 313
1782190 314
1782200 315
1782210 317
1782220 318
1782230 319
1782240 320
1782250 322
1782260 323
1782270 324
1782280 325
1782290 326
1782300 327
1782310 328
1782320 329
1782330 330
1782340 331
1782350 332
1782360 333
1782370 334
1782380 335
1782390 336
1782400 337
1782410 338
1782420 338
1782430 339
1782440 340
1782450 340
1782460 341
1782470 341
1782480 342
1782490 342
1782500 342
1782510 343
1782520 343
1782530 343
1782540 344
1782550 344
1782560 344
1782570 344
1782580 344
1782590 344
1782600 344
1782610 344
1782620 343
1782630 343
1782640 343
1782650 342
1782660 342
1782670 342
1782680 341
1782690 341
1782700 340
1782710 340
1782720 339
1782730 339
1782740 338
1782750 338
1782760 337
1782770 337
1782780 336
1782790 336
1782800 335
1782810 335
1782820 334
1782830 334
1782840 334
1782850 333
1782860 333
1782870 333
1782880 333
1782890 333
1782900 333
1782910 333
1782920 333
1782930 332
1782940 332
1782950 332
1782960 331
1782970 331
1782980 331
1782990 330
1783000 330
1783010 329
1783020 329
1783030 328
1783040 327
1783050 327
1783060 326
1783070 325
1783080 325
1783090 324
1783100 323
1783110 322
1783120 321
1783130 321
1783140 320
1783150 320
1783160 319
1783170 319
1783180 318
1783190 317
1783200 317
1783210 317
1783220 316
1783230 316
1783240 316
1783250 315
1783260 315
1783270 314
1783280 314
1783290 313
1783300 313
1783310 312
1783320 312
1783330 311
1783340 311
1783350 311
1783360 311
1783370 311
1783380 311
1783390 310
1783400 309
1783410 307
1783420 305
1783430 304
1783440 304
1783450 303
1783460 302
1783470 301
1783480 303
