1780000 258
1780010 259
1780020 260
1780030 261
1780040 262
1780050 262
1780060 262
1780070 262
1780080 262
1780090 262
1780100 261
1780110 261
1780120 261
1780130 261
1780140 260
1780150 260
1780160 258
1780170 257
1780180 257
1780190 258
1780200 259
1780210 259
1780220 259
1780230 259
1780240 259
1780250 259
1780260 259
1780270 259
1780280 259
1780290 259
1780300 258
1780310 258
1780320 258
1780330 257
1780340 257
1780350 257
1780360 256
1780370 256
1780380 255
1780390 255
1780400 254
1780410 254
1780420 254
1780430 253
1780440 253
1780450 252
1780460 252
1780470 252
1780480 251
1780490 251
1780500 251
1780510 250
1780520 250
1780530 249
1780540 248
1780550 248
1780560 247
1780570 246
1780580 245
1780590 245
1780600 245
1780610 245
1780620 244
1780630 243
1780640 241
1780650 240
1780660 240
1780670 240
1780680 240
1780690 240
1780700 239
1780710 238
1780720 237
1780730 236
1780740 236
1780750 235
1780760 235
1780770 235
1780780 235
1780790 235
1780800 235
1780810 235
1780820 235
1780830 235
1780840 235
1780850 235
1780860 235
1780870 235
1785690 366
1785700 366
1785710 367
1785720 367
1785730 368
1785740 368
1785750 368
1785760 369
1785770 369
1785780 369
1785790 369
1785800 370
1785810 370
1785820 370
1785830 370
1785840 371
1785850 371
1785860 371
1785870 371
1785880 371
1785890 372
1785900 372
1785910 372
1785920 372
1785930 372
1785940 372
1785950 372
1785960 372
1785970 372
1785980 372
1785990 372
1786000 371
1786010 371
1786020 371
1786030 370
1786040 370
1786050 370
1786060 369
1786070 369
1786080 368
1786090 367
1786100 367
1786110 366
1786120 366
1786130 365
1786140 364
1786150 364
1786160 363
1786170 362
1786180 361
1786190 360
1786200 360
1786210 359
1786220 358
1786230 357
1786240 356
1786250 355
1786260 354
1786270 353
1786280 352
1786290 351
1786300 350
1786310 349
1786320 347
1786330 346
1786340 345
1786350 343
1786360 342
1786370 341
1786380 340
1786390 339
1786400 338
1786410 337
1786420 336
1786430 335
1786440 333
1786450 332
1786460 331
1786470 330
1786480 329
1786490 328
1786500 327
1786510 326
1786520 325
1786530 323
1786540 321
1786550 320
1786560 318
1786570 316
1786580 314
1786590 311
1786600 309
1786610 308
1786620 309
1786630 310
1786640 310
1786650 311
1786660 312
1786670 313
1786680 315
1786690 316
1786700 317
1786710 319
1786720 321
1786730 323
1786740 325
1786750 327
1786760 329
1786770 332
1786780 335
1786790 338
1786800 340
1786810 343
1786820 346
1786830 348
1786840 350
1786850 351
1786860 352
1786870 351
1786880 351
1786890 351
1786900 351
1786910 351
1786920 352
1786930 353
1786940 353
1786950 353
1786960 354
1786970 354
1786980 354
1786990 354
1787000 354
1787010 354
1787020 354
1787030 353
1787040 353
1787050 353
1787060 352
1787070 352
1787080 352
1787090 351
1787100 350
1787110 349
1787120 349
1787130 348
1787140 348
1787150 348
1787160 348
1787170 347
1787180 347
1787190 346
1787200 346
1787210 345
1787220 345
1787230 344
1787240 344
1787250 343
1787260 343
1787270 343
1787280 342
1787290 340
1787300 338
1787310 337
1787320 336
1787330 336
1787340 336
1787350 337
1787360 336
1787370 336
1787380 335
1787390 333
1787400 332
1787410 332
1787420 332
1787430 332
1787440 333
1787450 334
1787460 334
1787470 336
1787480 337
1787490 339
1787500 340
1787510 341
1787520 342
1787530 343
1787540 345
1787550 346
1787560 348
1787570 349
1787580 351
1787590 352
1787600 353
1787610 354
1787620 355
1787630 356
1787640 356
1787650 357
1787660 358
1787670 358
1787680 359
1787690 359
1787700 359
1787710 359
1787720 359
1787730 360
1787740 360
1787750 360
1787760 360
1787770 360
1787780 360
1787790 360
1787800 360
1787810 360
1787820 360
1787830 360
1787840 360
1787850 359
1787860 358
1787870 358
1787880 362
1787890 364
1787900 366
1787910 368
1787920 370
1787930 372
1787940 373
1787950 375
1787960 376
1787970 378
1787980 379
1787990 380
1788000 381
1788010 382
1788020 384
1788030 384
1788040 385
1788050 386
1788060 387
1788070 388
1788080 389
1788090 390
1788100 391
1788110 392
1788120 393
1788130 394
1788140 395
1788150 397
1788160 398
1788170 399
1788180 400
1788190 401
1788200 402
1788210 403
1788220 404
1788230 406
1788240 407
1788250 408
1788260 409
1788270 410
1788280 411
1788290 412
1788300 413
1788310 414
1788320 415
1788330 416
1788340 417
1788350 417
1788360 418
1788370 419
1788380 419
1788390 420
1788400 420
1788410 420
1788420 421
1788430 421
1788440 421
1788450 422
1788460 422
1788470 422
1788480 422
1788490 422
1788500 422
1788510 422
1788520 422
1788530 421
1788540 421
1788550 421
1788560 420
1788570 420
1788580 420
1788590 419
1788600 419
1788610 419
1788620 419
1788630 419
1788640 419
1788650 419
1788660 419
1788670 419
1788680 420
1788690 420
1788700 420
1788710 421
1788720 421
1788730 422
1788740 422
1788750 423
1788760 424
1788770 424
1788780 425
1788790 426
1788800 426
1788810 427
1788820 427
1788830 428
1788840 428
1788850 429
1788860 429
1788870 430
1788880 430
1788890 431
1788900 432
1788910 432
1788920 433
1788930 433
1788940 434
1788950 434
1788960 435
1788970 435
1788980 436
1788990 436
1789000 436
1789010 436
1789020 436
1789030 436
1789040 436
1789050 435
1789060 435
1789070 435
1789080 435
1789090 435
1789100 434
1789110 434
1789120 434
1789130 433
1789140 433
1789150 432
1789160 432
1789170 431
1789180 431
1789190 431
1789200 430
1789210 430
1789220 430
1789230 429
1789240 429
1789250 429
1789260 429
1789270 428
1789280 428
1789290 427
1789300 427
1789310 427
1789320 426
1789330 426
1789340 426
1789350 425
1789360 425
1789370 425
1789380 424
1789390 424
1789400 424
1789410 423
1789420 423
1789430 422
1789440 422
1789450 422
1789460 421
1789470 421
1789480 420
1789490 420
1789500 419
1789510 419
1789520 419
1789530 418
1789540 418
1789550 417
1789560 416
1789570 416
1789580 415
1789590 414
1789600 413
1789610 413
1789620 412
1789630 411
1789640 411
1789650 410
1789660 409
1789670 408
1789680 407
1789690 406
1789700 405
1789710 404
1789720 402
1789730 401
1789740 400
1789750 400
1789760 399
1789770 399
1789780 398
1789790 397
1789800 396
1789810 395
1789820 395
1789830 394
1789840 394
1789850 393
1789860 392
1789870 391
1789880 391
1789890 390
1789900 389
1789910 388
1789920 388
1789930 387
1789940 386
1789950 385
1789960 385
1789970 384
1789980 383
1789990 383
1790000 382
1790010 381
1790020 381
1790030 380
1790040 379
1790050 379
1790060 378
1790070 377
1790080 377
1790090 376
1790100 375
1790110 374
1790120 372
1790130 370
1790140 368
1790150 367
1790160 367
1790170 367
1790180 366
1790190 364
1790200 363
1790210 362
1790220 365
1790230 366
1790240 366
1790250 365
1790260 365
1790270 364
1790280 363
1790290 362
1790300 361
1790310 360
1790320 360
1790330 361
1790340 361
1790350 360
1790360 360
1790370 360
1790380 360
1790390 360
1790400 358
1790410 358
1790420 358
1790430 359
1790440 359
1790450 358
1790460 358
1790470 358
1790480 357
1790490 357
1790500 357
1790510 357
1790520 357
1790530 357
1790540 357
1790550 356
1790560 356
1790570 356
1790580 356
1790590 356
1790600 355
1790610 355
1790620 355
1790630 355
1790640 355
1790650 355
1790660 355
1790670 355
1790680 354
1790690 354
1790700 354
1790710 353
1790720 353
1790730 352
1790740 352
1790750 351
1790760 351
1790770 350
1790780 350
1790790 350
1790800 349
1790810 349
1790820 349
1790830 348
1790840 348
1790850 348
1790860 348
1790870 347
1790880 347
1790890 346
1790900 346
1790910 346
1790920 345
1790930 345
1790940 344
1790950 344
1790960 344
1790970 344
1790980 344
1790990 344
1791000 343
1791010 343
1791020 342
1791030 342
1791040 342
1791050 342
1791060 341
1791070 341
1791080 341
1791090 341
1791100 340
1791110 340
1791120 340
1791130 340
1791140 339
1791150 339
1791160 339
1791170 339
1791180 339
1791190 339
1791200 339
1791210 338
1791220 339
1791230 338
1791240 338
1791250 338
1791260 337
1791270 337
1791280 336
1791290 336
1791300 335
1791310 335
1791320 335
1791330 335
1791340 335
1791350 334
1791360 334
1791370 334
1791380 333
1791390 333
1791400 333
1791410 333
1791420 333
1791430 333
1791440 332
1791450 332
1791460 332
1791470 332
1791480 332
1791490 331
1791500 331
1791510 330
1791520 330
1791530 330
1791540 329
1791550 329
1791560 328
1791570 328
1791580 327
1791590 327
1791600 327
1791610 328
1791620 328
1791630 328
1791640 329
1791650 329
1791660 329
1791670 330
1791680 330
1791690 330
1791700 330
1791710 331
1791720 331
1791730 331
1791740 331
1791750 331
1791760 332
1791770 332
1791780 333
1791790 333
1791800 333
1791810 333
1791820 333
1791830 332
1791840 331
1791850 330
1791860 330
1791870 329
1791880 329
1791890 329
1791900 328
1791910 327
1791920 326
1791930 326
1791940 326
1791950 326
1791960 326
1791970 326
1791980 326
1791990 326
1792000 326
1792010 327
1792020 327
1792030 327
1792040 328
1792050 329
1792060 330
1792070 330
1792080 331
1792090 331
1792100 331
1792110 332
1792120 335
1792130 337
1792140 338
1792150 339
1792160 340
1792170 342
1792180 343
1792190 343
1792200 344
1792210 345
1792220 345
1792230 346
1792240 347
1792250 348
1792260 349
1792270 350
1792280 352
1792290 353
1792300 354
1792310 355
1792320 356
1792330 358
1792340 359
1792350 360
1792360 361
1792370 362
1792380 363
1792390 363
1792400 364
1792410 365
1792420 366
1792430 367
1792440 368
1792450 369
1792460 370
1792470 371
1792480 372
1792490 373
1792500 374
1792510 374
1792520 375
1792530 376
1792540 377
1792550 377
1792560 378
1792570 379
1792580 380
1792590 381
1792600 381
1792610 382
1792620 383
1792630 384
1792640 384
1792650 385
1792660 386
1792670 388
1792680 389
1792690 390
1792700 391
1792710 393
1792720 394
1792730 395
1792740 397
1792750 398
1792760 399
1792770 399
1792780 400
1792790 401
1792800 401
1792810 402
1792820 402
1792830 402
1792840 403
1792850 403
1792860 403
1792870 403
1792880 403
1792890 403
1792900 403
1792910 403
1792920 402
1792930 402
1792940 402
1792950 401
1792960 401
1792970 401
1792980 401
1792990 401
1793000 401
1793010 400
1793020 400
1793030 400
1793040 400
1793050 399
1793060 399
1793070 398
1793080 398
1793090 398
1793100 397
1793110 397
1793120 396
1793130 396
1793140 396
1793150 397
1793160 397
1793170 396
1793180 396
1793190 396
1793200 395
1793210 395
1793220 395
1793230 395
1793240 396
1793250 396
1793260 398
1793270 400
1793280 402
1793290 403
1793300 405
1793310 406
1793320 408
1793330 409
1793340 411
1793350 413
1793360 414
1793370 416
1793380 417
1793390 419
1793400 420
1793410 421
1793420 422
1793430 424
1793440 425
1793450 426
1793460 427
1793470 428
1793480 429
1793490 430
1793500 431
1793510 432
1793520 433
1793530 434
1793540 435
1793550 436
1793560 436
1793570 437
1793580 438
1793590 438
1793600 438
1793610 439
1793620 440
1793630 440
1793640 441
1793650 442
1793660 442
1793670 443
1793680 443
1793690 444
1793700 444
1793710 445
1793720 445
1793730 445
1793740 445
1793750 445
1793760 445
1793770 445
1793780 445
1793790 445
1793800 445
1793810 444
1793820 444
1793830 444
1793840 443
1793850 442
1793860 442
1793870 442
1793880 441
1793890 441
1793900 440
1793910 439
1793920 439
1793930 438
1793940 437
1793950 437
1793960 436
1793970 435
1793980 434
1793990 433
1794000 432
1794010 431
1794020 430
1794030 429
1794040 428
1794050 427
1794060 426
1794070 425
1794080 424
1794090 424
1794100 422
1794110 421
1794120 419
1794130 418
1794140 417
1794150 416
1794160 415
1794170 414
1794180 412
1794190 411
1794200 410
1794210 408
1794220 407
1794230 405
1794240 403
1794250 402
1794260 400
1794270 399
1794280 397
1794290 395
1794300 393
1794310 391
1794320 390
1794330 388
1794340 386
1794350 383
1794360 379
1794370 378
1794380 377
1794390 378
1794400 379
1794410 380
1794420 381
1794430 381
1794440 381
1794450 381
1794460 382
1794470 382
1794480 382
1794490 382
1794500 382
1794510 382
1794520 381
1794530 381
1794540 380
1794550 380
1794560 379
1794570 378
1794580 378
1794590 377
1794600 376
1794610 376
1794620 375
1794630 375
1794640 374
1794650 374
1794660 373
1794670 373
1794680 372
1794690 372
1794700 371
1794710 371
1794720 370
1794730 370
1794740 369
1794750 369
1794760 368
1794770 368
1794780 367
1794790 367
1794800 367
1794810 367
1794820 366
1794830 366
1794840 366
1794850 366
1794860 366
1794870 366
1794880 366
1794890 365
1794900 365
1794910 365
1794920 364
1794930 364
1794940 363
1794950 363
1794960 363
1794970 362
1794980 362
1794990 361
1795000 360
1795010 359
1795020 358
1795030 357
1795040 355
1795050 353
1795060 351
1795070 349
1795080 348
1795090 346
1795100 344
1795110 342
1795120 341
1795130 340
1795140 339
1795150 338
1795160 338
1795170 340
1795180 343
1795190 345
1795200 347
1795210 348
1795220 350
1795230 352
1795240 353
1795250 354
1795260 354
1795270 355
1795280 355
1795290 356
1795300 357
1795310 357
1795320 358
1795330 358
1795340 358
1795350 357
1795360 356
1795370 356
1795380 355
1795390 355
1795400 354
1795410 353
1795420 352
1795430 351
1795440 349
1795450 347
1795460 345
1795470 342
1795480 339
1795490 337
1795500 335
1795510 334
1795520 336
1795530 338
1795540 340
1795550 342
1795560 344
1795570 346
1795580 348
1795590 351
1795600 353
1795610 355
1795620 357
1795630 359
1795640 361
1795650 362
1795660 363
1795670 364
1795680 365
1795690 366
1795700 367
1795710 367
1795720 368
1795730 368
1795740 368
1795750 368
1795760 368
1795770 368
1795780 368
1795790 368
1795800 368
1795810 368
1795820 369
1795830 369
1795840 369
1795850 370
1795860 370
1795870 370
1795880 371
1795890 371
1795900 372
1795910 373
1795920 373
1795930 374
1795940 374
1795950 375
1795960 375
1795970 376
1795980 376
1795990 377
1796000 378
1796010 379
1796020 379
1796030 380
1796040 380
1796050 380
1796060 380
1796070 380
1796080 382
1796090 383
1796100 384
1796110 385
1796120 386
1796130 387
1796140 388
1796150 389
1796160 390
1796170 391
1796180 392
1796190 393
1796200 393
1796210 394
1796220 394
1796230 395
1796240 396
1796250 399
1796260 401
1796270 404
1796280 407
1796290 409
1796300 411
1796310 414
1796320 416
1796330 418
1796340 420
1796350 422
1796360 423
1796370 424
1796380 425
1796390 426
1796400 427
1796410 429
1796420 430
1796430 431
1796440 432
1796450 433
1796460 433
1796470 434
1796480 435
1796490 435
1796500 435
1796510 435
1796520 436
1796530 436
1796540 436
1796550 435
1796560 435
1796570 435
1796580 434
1796590 434
1796600 433
1796610 432
1796620 431
1796630 430
1796640 429
1796650 428
1796660 427
1796670 425
1796680 423
1796690 421
1796700 419
1796710 417
1796720 415
1796730 413
1796740 413
1796750 414
1796760 415
1796770 415
1796780 415
1796790 415
1796800 415
1796810 415
1796820 414
1796830 414
1796840 414
1796850 414
1796860 415
1796870 415
1796880 415
1796890 415
1796900 415
1796910 415
1796920 415
1796930 414
1796940 414
1796950 413
1796960 413
1796970 412
1796980 411
1796990 411
1797000 410
1797010 410
1797020 409
1797030 409
1797040 409
1797050 409
1797060 410
1797070 409
1797080 410
1797090 410
1797100 411
1797110 411
1797120 411
1797130 412
1797140 413
1797150 414
1797160 414
1797170 415
1797180 416
1797190 416
1797200 417
1797210 417
1797220 418
1797230 419
1797240 420
1797250 421
1797260 421
1797270 422
1797280 424
1797290 425
1797300 426
1797310 427
1797320 427
1797330 428
1797340 428
1797350 429
1797360 430
1797370 431
1797380 432
1797390 433
1797400 434
1797410 435
1797420 436
1797430 436
1797440 437
1797450 438
1797460 439
1797470 439
1797480 440
1797490 440
1797500 441
1797510 441
1797520 442
1797530 442
1797540 443
1797550 443
1797560 443
1797570 443
1797580 443
1797590 443
1797600 443
1797610 443
1797620 443
1797630 443
1797640 443
1797650 443
1797660 443
1797670 443
1797680 442
1797690 442
1797700 442
1797710 442
1797720 441
1797730 441
1797740 441
1797750 440
1797760 439
1797770 439
1797780 438
1797790 437
1797800 437
1797810 436
1797820 435
1797830 434
1797840 433
1797850 432
1797860 431
1797870 430
1797880 429
1797890 428
1797900 427
1797910 426
1797920 425
1797930 424
1797940 423
1797950 422
1797960 421
1797970 420
1797980 419
1797990 418
1798000 417
1798010 416
1798020 415
1798030 414
1798040 413
1798050 412
1798060 411
1798070 410
1798080 409
1798090 408
1798100 406
1798110 405
1798120 404
1798130 402
1798140 401
1798150 399
1798160 397
1798170 396
1798180 394
1798190 393
1798200 391
1798210 390
1798220 388
1798230 386
1798240 384
1798250 381
1798260 379
1798270 377
1798280 375
1798290 374
1798300 374
1798310 375
1798320 375
1798330 375
1798340 376
1798350 376
1798360 376
1798370 376
1798380 375
1798390 376
1798400 376
1798410 376
1798420 377
1798430 377
1798440 377
1798450 378
1798460 379
1798470 380
1798480 380
1798490 381
1798500 382
1798510 382
1798520 382
1798530 383
1798540 383
1798550 383
1798560 383
1798570 383
1798580 383
1798590 383
1798600 383
1798610 383
1798620 383
1798630 383
1798640 383
1798650 383
1798660 383
1798670 383
1798680 382
1798690 382
1798700 382
1798710 381
1798720 381
1798730 380
1798740 380
1798750 379
1798760 379
1798770 378
1798780 377
1798790 376
1798800 375
1798810 374
1798820 373
1798830 372
1798840 372
1798850 371
1798860 370
1798870 369
1798880 368
1798890 367
1798900 367
1798910 366
1798920 365
1798930 364
1798940 363
1798950 362
1798960 361
1798970 360
1798980 359
1798990 358
1799000 357
1799010 357
1799020 356
1799030 355
1799040 355
1799050 354
1799060 353
1799070 353
1799080 352
1799090 352
1799100 351
1799110 351
1799120 350
1799130 349
1799140 348
1799150 348
1799160 347
1799170 346
1799180 345
1799190 345
1799200 344
1799210 343
1799220 343
1799230 342
1799240 341
1799250 341
1799260 340
1799270 340
1799280 340
1799290 339
1799300 339
1799310 339
1799320 339
1799330 339
1799340 338
1799350 338
1799360 337
1799370 337
1799380 336
1799390 335
1799400 335
1799410 334
1799420 333
1799430 333
1799440 332
1799450 331
1799460 331
1799470 330
1799480 330
1799490 329
1799500 328
1799510 327
1799520 326
1799530 325
1799540 324
1799550 323
1799560 322
1799570 321
1799580 320
1799590 319
1799600 318
1799610 317
1799620 316
1799630 314
1799640 313
1799650 311
1799660 309
1799670 307
1799680 304
1799690 302
1799700 300
1799710 298
1799720 296
1799730 294
1799740 293
1799750 292
1799760 291
1799770 291
1799780 289
1799790 287
1799800 285
1799810 284
1799820 283
1799830 283
1799840 282
1799850 281
1799860 279
1799870 276
1799880 273
1799890 270
1799900 270
1799910 270
1799920 270
1799930 271
1799940 274
1799950 277
1799960 280
1799970 283
1799980 286
1799990 289
1780000 258
1780010 259
1780020 260
1780030 261
1780040 262
1780050 262
1780060 262
1780070 262
1780080 262
1780090 262
1780100 261
1780110 261
1780120 261
1780130 261
1780140 260
1780150 260
1780160 258
1780170 257
1780180 257
1780190 258
1780200 259
1780210 259
1780220 259
1780230 259
1780240 259
1780250 259
1780260 259
1780270 259
1780280 259
1780290 259
1780300 258
1780310 258
1780320 258
1780330 257
1780340 257
1780350 257
1780360 256
1780370 256
1780380 255
1780390 255
1780400 254
1780410 254
1780420 254
1780430 253
1780440 253
1780450 252
1780460 252
1780470 252
1780480 251
1780490 251
1780500 251
1780510 250
1780520 250
1780530 249
1780540 248
1780550 248
1780560 247
1780570 246
1780580 245
1780590 245
1780600 245
1780610 245
1780620 244
1780630 243
1780640 241
1780650 240
1780660 240
1780670 240
1780680 240
1780690 240
1780700 239
1780710 238
1780720 237
1780730 236
1780740 236
1780750 235
1780760 235
1780770 235
1780780 235
1780790 235
1780800 235
1780810 235
1780820 235
1780830 235
1780840 235
1780850 235
1780860 235
1780870 235
1785690 366
1785700 366
1785710 367
1785720 367
1785730 368
1785740 368
1785750 368
1785760 369
1785770 369
1785780 369
1785790 369
1785800 370
1785810 370
1785820 370
1785830 370
1785840 371
1785850 371
1785860 371
1785870 371
1785880 371
1785890 372
1785900 372
1785910 372
1785920 372
1785930 372
1785940 372
1785950 372
1785960 372
1785970 372
1785980 372
1785990 372
1786000 371
1786010 371
1786020 371
1786030 370
1786040 370
1786050 370
1786060 369
1786070 369
1786080 368
1786090 367
1786100 367
1786110 366
1786120 366
1786130 365
1786140 364
1786150 364
1786160 363
1786170 362
1786180 361
1786190 360
1786200 360
1786210 359
1786220 358
1786230 357
1786240 356
1786250 355
1786260 354
1786270 353
1786280 352
1786290 351
1786300 350
1786310 349
1786320 347
1786330 346
1786340 345
1786350 343
1786360 342
1786370 341
1786380 340
1786390 339
1786400 338
1786410 337
1786420 336
1786430 335
1786440 333
1786450 332
1786460 331
1786470 330
1786480 329
1786490 328
1786500 327
1786510 326
1786520 325
1786530 323
1786540 321
1786550 320
1786560 318
1786570 316
1786580 314
1786590 311
1786600 309
1786610 308
1786620 309
1786630 310
1786640 310
1786650 311
1786660 312
1786670 313
1786680 315
1786690 316
1786700 317
1786710 319
1786720 321
1786730 323
1786740 325
1786750 327
1786760 329
1786770 332
1786780 335
1786790 338
1786800 340
1786810 343
1786820 346
1786830 348
1786840 350
1786850 351
1786860 352
1786870 351
1786880 351
1786890 351
1786900 351
1786910 351
1786920 352
1786930 353
1786940 353
1786950 353
1786960 354
1786970 354
1786980 354
1786990 354
1787000 354
1787010 354
1787020 354
1787030 353
1787040 353
1787050 353
1787060 352
1787070 352
1787080 352
1787090 351
1787100 350
1787110 349
1787120 349
1787130 348
1787140 348
1787150 348
1787160 348
1787170 347
1787180 347
1787190 346
1787200 346
1787210 345
1787220 345
1787230 344
1787240 344
1787250 343
1787260 343
1787270 343
1787280 342
1787290 340
1787300 338
1787310 337
1787320 336
1787330 336
1787340 336
1787350 337
1787360 336
1787370 336
1787380 335
1787390 333
1787400 332
1787410 332
1787420 332
1787430 332
1787440 333
1787450 334
1787460 334
1787470 336
1787480 337
1787490 339
1787500 340
1787510 341
1787520 342
1787530 343
1787540 345
1787550 346
1787560 348
1787570 349
1787580 351
1787590 352
1787600 353
1787610 354
1787620 355
1787630 356
1787640 356
1787650 357
1787660 358
1787670 358
1787680 359
1787690 359
1787700 359
1787710 359
1787720 359
1787730 360
1787740 360
1787750 360
1787760 360
1787770 360
1787780 360
1787790 360
1787800 360
1787810 360
1787820 360
1787830 360
1787840 360
1787850 359
1787860 358
1787870 358
1787880 362
1787890 364
1787900 366
1787910 368
1787920 370
1787930 372
1787940 373
1787950 375
1787960 376
1787970 378
1787980 379
1787990 380
1788000 381
1788010 382
1788020 384
1788030 384
1788040 385
1788050 386
1788060 387
1788070 388
1788080 389
1788090 390
1788100 391
1788110 392
1788120 393
1788130 394
1788140 395
1788150 397
1788160 398
1788170 399
1788180 400
1788190 401
1788200 402
1788210 403
1788220 404
1788230 406
1788240 407
1788250 408
1788260 409
1788270 410
1788280 411
1788290 412
1788300 413
1788310 414
1788320 415
1788330 416
1788340 417
1788350 417
1788360 418
1788370 419
1788380 419
1788390 420
1788400 420
1788410 420
1788420 421
1788430 421
1788440 421
1788450 422
1788460 422
1788470 422
1788480 422
1788490 422
1788500 422
1788510 422
1788520 422
1788530 421
1788540 421
1788550 421
1788560 420
1788570 420
1788580 420
1788590 419
1788600 419
1788610 419
1788620 419
1788630 419
1788640 419
1788650 419
1788660 419
1788670 419
1788680 420
1788690 420
1788700 420
1788710 421
1788720 421
1788730 422
1788740 422
1788750 423
1788760 424
1788770 424
1788780 425
1788790 426
1788800 426
1788810 427
1788820 427
1788830 428
1788840 428
1788850 429
1788860 429
1788870 430
1788880 430
1788890 431
1788900 432
1788910 432
1788920 433
1788930 433
1788940 434
1788950 434
1788960 435
1788970 435
1788980 436
1788990 436
1789000 436
1789010 436
1789020 436
1789030 436
1789040 436
1789050 435
1789060 435
1789070 435
1789080 435
1789090 435
1789100 434
1789110 434
1789120 434
1789130 433
1789140 433
1789150 432
1789160 432
1789170 431
1789180 431
1789190 431
1789200 430
1789210 430
1789220 430
1789230 429
1789240 429
1789250 429
1789260 429
1789270 428
1789280 428
1789290 427
1789300 427
1789310 427
1789320 426
1789330 426
1789340 426
1789350 425
1789360 425
1789370 425
1789380 424
1789390 424
1789400 424
1789410 423
1789420 423
1789430 422
1789440 422
1789450 422
1789460 421
1789470 421
1789480 420
1789490 420
1789500 419
1789510 419
1789520 419
1789530 418
1789540 418
1789550 417
1789560 416
1789570 416
1789580 415
1789590 414
1789600 413
1789610 413
1789620 412
1789630 411
1789640 411
1789650 410
1789660 409
1789670 408
1789680 407
1789690 406
1789700 405
1789710 404
1789720 402
1789730 401
1789740 400
1789750 400
1789760 399
1789770 399
1789780 398
1789790 397
1789800 396
1789810 395
1789820 395
1789830 394
1789840 394
1789850 393
1789860 392
1789870 391
1789880 391
1789890 390
1789900 389
1789910 388
1789920 388
1789930 387
1789940 386
1789950 385
1789960 385
1789970 384
1789980 383
1789990 383
1790000 382
1790010 381
1790020 381
1790030 380
1790040 379
1790050 379
1790060 378
1790070 377
1790080 377
1790090 376
1790100 375
1790110 374
1790120 372
1790130 370
1790140 368
1790150 367
1790160 367
1790170 367
1790180 366
1790190 364
1790200 363
1790210 362
1790220 365
1790230 366
1790240 366
1790250 365
1790260 365
1790270 364
1790280 363
1790290 362
1790300 361
1790310 360
1790320 360
1790330 361
1790340 361
1790350 360
1790360 360
1790370 360
1790380 360
1790390 360
1790400 358
1790410 358
1790420 358
1790430 359
1790440 359
1790450 358
1790460 358
1790470 358
1790480 357
1790490 357
1790500 357
1790510 357
1790520 357
1790530 357
1790540 357
1790550 356
1790560 356
1790570 356
1790580 356
1790590 356
1790600 355
1790610 355
1790620 355
1790630 355
1790640 355
1790650 355
1790660 355
1790670 355
1790680 354
1790690 354
1790700 354
1790710 353
1790720 353
1790730 352
1790740 352
1790750 351
1790760 351
1790770 350
1790780 350
1790790 350
1790800 349
1790810 349
1790820 349
1790830 348
1790840 348
1790850 348
1790860 348
1790870 347
1790880 347
1790890 346
1790900 346
1790910 346
1790920 345
1790930 345
1790940 344
1790950 344
1790960 344
1790970 344
1790980 344
1790990 344
1791000 343
1791010 343
1791020 342
1791030 342
1791040 342
1791050 342
1791060 341
1791070 341
1791080 341
1791090 341
1791100 340
1791110 340
1791120 340
1791130 340
1791140 339
1791150 339
1791160 339
1791170 339
1791180 339
1791190 339
1791200 339
1791210 338
1791220 339
1791230 338
1791240 338
1791250 338
1791260 337
1791270 337
1791280 336
1791290 336
1791300 335
1791310 335
1791320 335
1791330 335
1791340 335
1791350 334
1791360 334
1791370 334
1791380 333
1791390 333
1791400 333
1791410 333
1791420 333
1791430 333
1791440 332
1791450 332
1791460 332
1791470 332
1791480 332
1791490 331
1791500 331
1791510 330
1791520 330
1791530 330
1791540 329
1791550 329
1791560 328
1791570 328
1791580 327
1791590 327
1791600 327
1791610 328
1791620 328
1791630 328
1791640 329
1791650 329
1791660 329
1791670 330
1791680 330
1791690 330
1791700 330
1791710 331
1791720 331
1791730 331
1791740 331
1791750 331
1791760 332
1791770 332
1791780 333
1791790 333
1791800 333
1791810 333
1791820 333
1791830 332
1791840 331
1791850 330
1791860 330
1791870 329
1791880 329
1791890 329
1791900 328
1791910 327
1791920 326
1791930 326
1791940 326
1791950 326
1791960 326
1791970 326
1791980 326
1791990 326
1792000 326
1792010 327
1792020 327
1792030 327
1792040 328
1792050 329
1792060 330
1792070 330
1792080 331
1792090 331
1792100 331
1792110 332
1792120 335
1792130 337
1792140 338
1792150 339
1792160 340
1792170 342
1792180 343
1792190 343
1792200 344
1792210 345
1792220 345
1792230 346
1792240 347
1792250 348
1792260 349
1792270 350
1792280 352
1792290 353
1792300 354
1792310 355
1792320 356
1792330 358
1792340 359
1792350 360
1792360 361
1792370 362
1792380 363
1792390 363
1792400 364
1792410 365
1792420 366
1792430 367
1792440 368
1792450 369
1792460 370
1792470 371
1792480 372
1792490 373
1792500 374
1792510 374
1792520 375
1792530 376
1792540 377
1792550 377
1792560 378
1792570 379
1792580 380
1792590 381
1792600 381
1792610 382
1792620 383
1792630 384
1792640 384
1792650 385
1792660 386
1792670 388
1792680 389
1792690 390
1792700 391
1792710 393
1792720 394
1792730 395
1792740 397
1792750 398
1792760 399
1792770 399
1792780 400
1792790 401
1792800 401
1792810 402
1792820 402
1792830 402
1792840 403
1792850 403
1792860 403
1792870 403
1792880 403
1792890 403
1792900 403
1792910 403
1792920 402
1792930 402
1792940 402
1792950 401
1792960 401
1792970 401
1792980 401
1792990 401
1793000 401
1793010 400
1793020 400
1793030 400
1793040 400
1793050 399
1793060 399
1793070 398
1793080 398
1793090 398
1793100 397
1793110 397
1793120 396
1793130 396
1793140 396
1793150 397
1793160 397
1793170 396
1793180 396
1793190 396
1793200 395
1793210 395
1793220 395
1793230 395
1793240 396
1793250 396
1793260 398
1793270 400
1793280 402
1793290 403
1793300 405
1793310 406
1793320 408
1793330 409
1793340 411
1793350 413
1793360 414
1793370 416
1793380 417
1793390 419
1793400 420
1793410 421
1793420 422
1793430 424
1793440 425
1793450 426
1793460 427
1793470 428
1793480 429
1793490 430
1793500 431
1793510 432
1793520 433
1793530 434
1793540 435
1793550 436
1793560 436
1793570 437
1793580 438
1793590 438
1793600 438
1793610 439
1793620 440
1793630 440
1793640 441
1793650 442
1793660 442
1793670 443
1793680 443
1793690 444
1793700 444
1793710 445
1793720 445
1793730 445
1793740 445
1793750 445
1793760 445
1793770 445
1793780 445
1793790 445
1793800 445
1793810 444
1793820 444
1793830 444
1793840 443
1793850 442
1793860 442
1793870 442
1793880 441
1793890 441
1793900 440
1793910 439
1793920 439
1793930 438
1793940 437
1793950 437
1793960 436
1793970 435
1793980 434
1793990 433
1794000 432
1794010 431
1794020 430
1794030 429
1794040 428
1794050 427
1794060 426
1794070 425
1794080 424
1794090 424
1794100 422
1794110 421
1794120 419
1794130 418
1794140 417
1794150 416
1794160 415
1794170 414
1794180 412
1794190 411
1794200 410
1794210 408
1794220 407
1794230 405
1794240 403
1794250 402
1794260 400
1794270 399
1794280 397
1794290 395
1794300 393
1794310 391
1794320 390
1794330 388
1794340 386
1794350 383
1794360 379
1794370 378
1794380 377
1794390 378
1794400 379
1794410 380
1794420 381
1794430 381
1794440 381
1794450 381
1794460 382
1794470 382
1794480 382
1794490 382
1794500 382
1794510 382
1794520 381
1794530 381
1794540 380
1794550 380
1794560 379
1794570 378
1794580 378
1794590 377
1794600 376
1794610 376
1794620 375
1794630 375
1794640 374
1794650 374
1794660 373
1794670 373
1794680 372
1794690 372
1794700 371
1794710 371
1794720 370
1794730 370
1794740 369
1794750 369
1794760 368
1794770 368
1794780 367
1794790 367
1794800 367
1794810 367
1794820 366
1794830 366
1794840 366
1794850 366
1794860 366
1794870 366
1794880 366
1794890 365
1794900 365
1794910 365
1794920 364
1794930 364
1794940 363
1794950 363
1794960 363
1794970 362
1794980 362
1794990 361
1795000 360
1795010 359
1795020 358
1795030 357
1795040 355
1795050 353
1795060 351
1795070 349
1795080 348
1795090 346
1795100 344
1795110 342
1795120 341
1795130 340
1795140 339
1795150 338
1795160 338
1795170 340
1795180 343
1795190 345
1795200 347
1795210 348
1795220 350
1795230 352
1795240 353
1795250 354
1795260 354
1795270 355
1795280 355
1795290 356
1795300 357
1795310 357
1795320 358
1795330 358
1795340 358
1795350 357
1795360 356
1795370 356
1795380 355
1795390 355
1795400 354
1795410 353
1795420 352
1795430 351
1795440 349
1795450 347
1795460 345
1795470 342
1795480 339
1795490 337
1795500 335
1795510 334
1795520 336
1795530 338
1795540 340
1795550 342
1795560 344
1795570 346
1795580 348
1795590 351
1795600 353
1795610 355
1795620 357
1795630 359
1795640 361
1795650 362
1795660 363
1795670 364
1795680 365
1795690 366
1795700 367
1795710 367
1795720 368
1795730 368
1795740 368
1795750 368
1795760 368
1795770 368
1795780 368
1795790 368
1795800 368
1795810 368
1795820 369
1795830 369
1795840 369
1795850 370
1795860 370
1795870 370
1795880 371
1795890 371
1795900 372
1795910 373
1795920 373
1795930 374
1795940 374
1795950 375
1795960 375
1795970 376
1795980 376
1795990 377
1796000 378
1796010 379
1796020 379
1796030 380
1796040 380
1796050 380
1796060 380
1796070 380
1796080 382
1796090 383
1796100 384
1796110 385
1796120 386
1796130 387
1796140 388
1796150 389
1796160 390
1796170 391
1796180 392
1796190 393
1796200 393
1796210 394
1796220 394
1796230 395
1796240 396
1796250 399
1796260 401
1796270 404
1796280 407
1796290 409
1796300 411
1796310 414
1796320 416
1796330 418
1796340 420
1796350 422
1796360 423
1796370 424
1796380 425
1796390 426
1796400 427
1796410 429
1796420 430
1796430 431
1796440 432
1796450 433
1796460 433
1796470 434
1796480 435
1796490 435
1796500 435
1796510 435
1796520 436
1796530 436
1796540 436
1796550 435
1796560 435
1796570 435
1796580 434
1796590 434
1796600 433
1796610 432
1796620 431
1796630 430
1796640 429
1796650 428
1796660 427
1796670 425
1796680 423
1796690 421
1796700 419
1796710 417
1796720 415
1796730 413
1796740 413
1796750 414
1796760 415
1796770 415
1796780 415
1796790 415
1796800 415
1796810 415
1796820 414
1796830 414
1796840 414
1796850 414
1796860 415
1796870 415
1796880 415
1796890 415
1796900 415
1796910 415
1796920 415
1796930 414
1796940 414
1796950 413
1796960 413
1796970 412
1796980 411
1796990 411
1797000 410
1797010 410
1797020 409
1797030 409
1797040 409
1797050 409
1797060 410
1797070 409
1797080 410
1797090 410
1797100 411
1797110 411
1797120 411
1797130 412
1797140 413
1797150 414
1797160 414
1797170 415
1797180 416
1797190 416
1797200 417
1797210 417
1797220 418
1797230 419
1797240 420
1797250 421
1797260 421
1797270 422
1797280 424
1797290 425
1797300 426
1797310 427
1797320 427
1797330 428
1797340 428
1797350 429
1797360 430
1797370 431
1797380 432
1797390 433
1797400 434
1797410 435
1797420 436
1797430 436
1797440 437
1797450 438
1797460 439
1797470 439
1797480 440
1797490 440
1797500 441
1797510 441
1797520 442
1797530 442
1797540 443
1797550 443
1797560 443
1797570 443
1797580 443
1797590 443
1797600 443
1797610 443
1797620 443
1797630 443
1797640 443
1797650 443
1797660 443
1797670 443
1797680 442
1797690 442
1797700 442
1797710 442
1797720 441
1797730 441
1797740 441
1797750 440
1797760 439
1797770 439
1797780 438
1797790 437
1797800 437
1797810 436
1797820 435
1797830 434
1797840 433
1797850 432
1797860 431
1797870 430
1797880 429
1797890 428
1797900 427
1797910 426
1797920 425
1797930 424
1797940 423
1797950 422
1797960 421
1797970 420
1797980 419
1797990 418
1798000 417
1798010 416
1798020 415
1798030 414
1798040 413
1798050 412
1798060 411
1798070 410
1798080 409
1798090 408
1798100 406
1798110 405
1798120 404
1798130 402
1798140 401
1798150 399
1798160 397
1798170 396
1798180 394
1798190 393
1798200 391
1798210 390
1798220 388
1798230 386
1798240 384
1798250 381
1798260 379
1798270 377
1798280 375
1798290 374
1798300 374
1798310 375
1798320 375
1798330 375
1798340 376
1798350 376
1798360 376
1798370 376
1798380 375
1798390 376
1798400 376
1798410 376
1798420 377
1798430 377
1798440 377
1798450 378
1798460 379
1798470 380
1798480 380
1798490 381
1798500 382
1798510 382
1798520 382
1798530 383
1798540 383
1798550 383
1798560 383
1798570 383
1798580 383
1798590 383
1798600 383
1798610 383
1798620 383
1798630 383
1798640 383
1798650 383
1798660 383
1798670 383
1798680 382
1798690 382
1798700 382
1798710 381
1798720 381
1798730 380
1798740 380
1798750 379
1798760 379
1798770 378
1798780 377
1798790 376
1798800 375
1798810 374
1798820 373
1798830 372
1798840 372
1798850 371
1798860 370
1798870 369
1798880 368
1798890 367
1798900 367
1798910 366
1798920 365
1798930 364
1798940 363
1798950 362
1798960 361
1798970 360
1798980 359
1798990 358
1799000 357
1799010 357
1799020 356
1799030 355
1799040 355
1799050 354
1799060 353
1799070 353
1799080 352
1799090 352
1799100 351
1799110 351
1799120 350
1799130 349
1799140 348
1799150 348
1799160 347
1799170 346
1799180 345
1799190 345
1799200 344
1799210 343
1799220 343
1799230 342
1799240 341
1799250 341
1799260 340
1799270 340
1799280 340
1799290 339
1799300 339
1799310 339
1799320 339
1799330 339
1799340 338
1799350 338
1799360 337
1799370 337
1799380 336
1799390 335
1799400 335
1799410 334
1799420 333
1799430 333
1799440 332
1799450 331
1799460 331
1799470 330
1799480 330
1799490 329
1799500 328
1799510 327
1799520 326
1799530 325
1799540 324
1799550 323
1799560 322
1799570 321
1799580 320
1799590 319
1799600 318
1799610 317
1799620 316
1799630 314
1799640 313
1799650 311
1799660 309
1799670 307
1799680 304
1799690 302
1799700 300
1799710 298
1799720 296
1799730 294
1799740 293
1799750 292
1799760 291
1799770 291
1799780 289
1799790 287
1799800 285
1799810 284
1799820 283
1799830 283
1799840 282
1799850 281
1799860 279
1799870 276
1799880 273
1799890 270
1799900 270
1799910 270
1799920 270
1799930 271
1799940 274
1799950 277
1799960 280
1799970 283
1799980 286
1799990 289
