1780000 296
1780010 296
1780020 296
1780030 297
1780040 297
1780050 297
1780060 297
1780070 297
1780080 297
1780090 297
1780100 297
1780110 298
1780120 298
1780130 298
1780140 297
1780150 297
1780160 297
1780170 296
1780180 296
1780190 297
1780200 297
1780210 298
1780220 298
1780230 298
1780240 298
1780250 298
1780260 297
1780270 297
1780280 296
1780290 296
1780300 295
1780310 295
1780320 294
1780330 294
1780340 293
1780350 293
1780360 292
1780370 292
1780380 292
1780390 291
1780400 291
1780410 290
1780420 289
1780430 289
1780440 288
1780450 288
1780460 287
1780470 287
1780480 286
1780490 285
1780500 285
1780510 284
1780520 283
1780530 283
1780540 282
1780550 281
1780560 279
1780570 278
1780580 278
1780590 277
1780600 277
1780610 276
1780620 276
1780630 276
1780640 275
1780650 274
1780660 273
1780670 272
1780680 270
1780690 269
1780700 268
1780710 267
1780720 266
1780730 264
1780740 263
1780750 261
1780760 259
1780770 258
1780780 256
1780790 255
1780800 253
1780810 252
1780820 251
1780830 250
1780840 249
1780850 248
1780860 247
1780870 246
1780880 245
1780890 244
1780900 243
1780910 243
1780920 242
1780930 242
1780940 242
1780950 242
1780960 241
1780970 241
1780980 241
1780990 241
1781000 240
1781010 240
1781020 240
1781030 240
1781040 240
1781050 240
1781060 240
1781070 240
1781080 240
1781090 240
1781100 240
1781110 240
1781120 240
1781130 240
1781140 240
1781150 240
1781160 241
1781170 241
1781180 240
1781190 239
1785920 338
1785930 339
1785940 340
1785950 340
1785960 340
1785970 341
1785980 341
1785990 341
1786000 342
1786010 342
1786020 342
1786030 342
1786040 342
1786050 342
1786060 341
1786070 341
1786080 340
1786090 340
1786100 339
1786110 339
1786120 338
1786130 337
1786140 337
1786150 336
1786160 336
1786170 335
1786180 335
1786190 334
1786200 334
1786210 333
1786220 333
1786230 332
1786240 332
1786250 331
1786260 330
1786270 328
1786280 326
1786290 325
1786300 324
1786310 324
1786320 323
1786330 322
1786340 321
1786350 321
1786360 321
1786370 321
1786380 322
1786390 323
1786400 323
1786410 325
1786420 326
1786430 327
1786440 328
1786450 329
1786460 330
1786470 331
1786480 331
1786490 331
1786500 330
1786510 330
1786520 329
1786530 328
1786540 327
1786550 326
1786560 324
1786570 322
1786580 321
1786590 320
1786600 319
1786610 318
1786620 318
1786630 319
1786640 320
1786650 321
1786660 321
1786670 322
1786680 324
1786690 327
1786700 329
1786710 331
1786720 332
1786730 334
1786740 335
1786750 336
1786760 338
1786770 339
1786780 340
1786790 342
1786800 343
1786810 345
1786820 347
1786830 348
1786840 350
1786850 351
1786860 353
1786870 354
1786880 355
1786890 357
1786900 358
1786910 359
1786920 361
1786930 362
1786940 363
1786950 365
1786960 366
1786970 367
1786980 369
1786990 370
1787000 371
1787010 372
1787020 373
1787030 374
1787040 375
1787050 376
1787060 376
1787070 377
1787080 377
1787090 378
1787100 378
1787110 378
1787120 378
1787130 379
1787140 379
1787150 379
1787160 379
1787170 379
1787180 379
1787190 379
1787200 380
1787210 380
1787220 380
1787230 380
1787240 380
1787250 381
1787260 381
1787270 381
1787280 382
1787290 382
1787300 382
1787310 382
1787320 382
1787330 382
1787340 383
1787350 383
1787360 383
1787370 383
1787380 383
1787390 383
1787400 383
1787410 384
1787420 384
1787430 384
1787440 384
1787450 384
1787460 384
1787470 384
1787480 384
1787490 384
1787500 384
1787510 384
1787520 384
1787530 384
1787540 384
1787550 384
1787560 384
1787570 384
1787580 385
1787590 385
1787600 385
1787610 384
1787620 384
1787630 385
1787640 385
1787650 387
1787660 389
1787670 391
1787680 392
1787690 394
1787700 395
1787710 397
1787720 398
1787730 399
1787740 401
1787750 401
1787760 402
1787770 404
1787780 405
1787790 406
1787800 406
1787810 407
1787820 408
1787830 409
1787840 410
1787850 411
1787860 412
1787870 413
1787880 413
1787890 414
1787900 414
1787910 414
1787920 415
1787930 415
1787940 415
1787950 415
1787960 415
1787970 415
1787980 415
1787990 415
1788000 414
1788010 414
1788020 414
1788030 414
1788040 414
1788050 414
1788060 414
1788070 414
1788080 414
1788090 414
1788100 414
1788110 414
1788120 414
1788130 414
1788140 414
1788150 414
1788160 414
1788170 414
1788180 414
1788190 414
1788200 414
1788210 413
1788220 413
1788230 413
1788240 413
1788250 413
1788260 413
1788270 412
1788280 412
1788290 412
1788300 412
1788310 412
1788320 412
1788330 412
1788340 412
1788350 412
1788360 412
1788370 412
1788380 412
1788390 411
1788400 411
1788410 411
1788420 411
1788430 410
1788440 410
1788450 410
1788460 410
1788470 410
1788480 410
1788490 410
1788500 410
1788510 410
1788520 410
1788530 410
1788540 411
1788550 411
1788560 411
1788570 411
1788580 411
1788590 412
1788600 412
1788610 412
1788620 412
1788630 413
1788640 413
1788650 413
1788660 412
1788670 412
1788680 412
1788690 412
1788700 412
1788710 412
1788720 413
1788730 413
1788740 413
1788750 413
1788760 413
1788770 413
1788780 413
1788790 412
1788800 412
1788810 411
1788820 411
1788830 411
1788840 410
1788850 410
1788860 410
1788870 409
1788880 409
1788890 408
1788900 407
1788910 406
1788920 405
1788930 404
1788940 403
1788950 402
1788960 402
1788970 402
1788980 402
1788990 402
1789000 402
1789010 402
1789020 402
1789030 402
1789040 402
1789050 402
1789060 402
1789070 402
1789080 401
1789090 401
1789100 401
1789110 400
1789120 400
1789130 400
1789140 399
1789150 399
1789160 399
1789170 398
1789180 398
1789190 398
1789200 398
1789210 398
1789220 398
1789230 398
1789240 397
1789250 397
1789260 397
1789270 397
1789280 397
1789290 397
1789300 397
1789310 397
1789320 397
1789330 396
1789340 396
1789350 396
1789360 396
1789370 396
1789380 396
1789390 397
1789400 399
1789410 400
1789420 401
1789430 402
1789440 402
1789450 403
1789460 404
1789470 404
1789480 405
1789490 406
1789500 406
1789510 406
1789520 407
1789530 407
1789540 407
1789550 407
1789560 407
1789570 407
1789580 407
1789590 407
1789600 407
1789610 407
1789620 406
1789630 406
1789640 406
1789650 406
1789660 406
1789670 405
1789680 405
1789690 405
1789700 404
1789710 404
1789720 404
1789730 403
1789740 403
1789750 402
1789760 402
1789770 402
1789780 401
1789790 401
1789800 400
1789810 400
1789820 399
1789830 399
1789840 399
1789850 398
1789860 398
1789870 398
1789880 397
1789890 397
1789900 396
1789910 396
1789920 396
1789930 395
1789940 395
1789950 395
1789960 394
1789970 394
1789980 394
1789990 393
1790000 393
1790010 392
1790020 392
1790030 391
1790040 391
1790050 390
1790060 390
1790070 390
1790080 389
1790090 389
1790100 388
1790110 387
1790120 387
1790130 387
1790140 386
1790150 385
1790160 384
1790170 383
1790180 383
1790190 383
1790200 383
1790210 383
1790220 383
1790230 383
1790240 383
1790250 382
1790260 382
1790270 382
1790280 381
1790290 381
1790300 380
1790310 380
1790320 379
1790330 378
1790340 378
1790350 378
1790360 377
1790370 377
1790380 377
1790390 377
1790400 377
1790410 377
1790420 376
1790430 376
1790440 376
1790450 376
1790460 375
1790470 375
1790480 375
1790490 374
1790500 374
1790510 373
1790520 373
1790530 373
1790540 372
1790550 372
1790560 372
1790570 371
1790580 371
1790590 371
1790600 371
1790610 371
1790620 371
1790630 370
1790640 370
1790650 370
1790660 370
1790670 370
1790680 369
1790690 369
1790700 369
1790710 369
1790720 368
1790730 368
1790740 368
1790750 368
1790760 367
1790770 367
1790780 366
1790790 366
1790800 366
1790810 366
1790820 365
1790830 365
1790840 365
1790850 365
1790860 364
1790870 364
1790880 364
1790890 364
1790900 363
1790910 363
1790920 363
1790930 363
1790940 363
1790950 363
1790960 363
1790970 363
1790980 363
1790990 363
1791000 363
1791010 362
1791020 362
1791030 362
1791040 362
1791050 361
1791060 361
1791070 361
1791080 361
1791090 361
1791100 361
1791110 360
1791120 360
1791130 360
1791140 360
1791150 359
1791160 359
1791170 359
1791180 359
1791190 358
1791200 358
1791210 358
1791220 358
1791230 358
1791240 357
1791250 357
1791260 357
1791270 356
1791280 356
1791290 356
1791300 355
1791310 355
1791320 355
1791330 355
1791340 354
1791350 354
1791360 354
1791370 353
1791380 353
1791390 353
1791400 352
1791410 352
1791420 352
1791430 351
1791440 351
1791450 351
1791460 350
1791470 350
1791480 349
1791490 349
1791500 348
1791510 348
1791520 347
1791530 346
1791540 346
1791550 345
1791560 344
1791570 343
1791580 342
1791590 342
1791600 341
1791610 340
1791620 339
1791630 337
1791640 336
1791650 334
1791660 332
1791670 330
1791680 328
1791690 327
1791700 326
1791710 325
1791720 324
1791730 323
1791740 322
1791750 321
1791760 321
1791770 320
1791780 320
1791790 320
1791800 319
1791810 319
1791820 319
1791830 318
1791840 318
1791850 318
1791860 318
1791870 320
1791880 321
1791890 324
1791900 326
1791910 328
1791920 330
1791930 331
1791940 333
1791950 334
1791960 336
1791970 338
1791980 340
1791990 342
1792000 343
1792010 344
1792020 345
1792030 346
1792040 347
1792050 348
1792060 350
1792070 353
1792080 355
1792090 357
1792100 358
1792110 362
1792120 364
1792130 367
1792140 369
1792150 370
1792160 371
1792170 373
1792180 374
1792190 375
1792200 377
1792210 378
1792220 379
1792230 381
1792240 382
1792250 383
1792260 384
1792270 386
1792280 387
1792290 388
1792300 389
1792310 390
1792320 391
1792330 392
1792340 392
1792350 393
1792360 394
1792370 394
1792380 395
1792390 395
1792400 396
1792410 396
1792420 397
1792430 397
1792440 397
1792450 398
1792460 398
1792470 398
1792480 398
1792490 399
1792500 399
1792510 399
1792520 400
1792530 400
1792540 401
1792550 401
1792560 401
1792570 402
1792580 402
1792590 402
1792600 403
1792610 403
1792620 403
1792630 404
1792640 404
1792650 404
1792660 405
1792670 405
1792680 406
1792690 406
1792700 406
1792710 406
1792720 406
1792730 406
1792740 406
1792750 406
1792760 406
1792770 405
1792780 405
1792790 404
1792800 404
1792810 403
1792820 402
1792830 401
1792840 400
1792850 399
1792860 398
1792870 396
1792880 395
1792890 393
1792900 391
1792910 389
1792920 387
1792930 385
1792940 384
1792950 382
1792960 381
1792970 379
1792980 377
1792990 375
1793000 372
1793010 371
1793020 369
1793030 368
1793040 367
1793050 366
1793060 365
1793070 364
1793080 362
1793090 360
1793100 356
1793110 356
1793120 359
1793130 362
1793140 364
1793150 366
1793160 368
1793170 369
1793180 371
1793190 373
1793200 375
1793210 377
1793220 378
1793230 380
1793240 382
1793250 383
1793260 384
1793270 385
1793280 386
1793290 387
1793300 388
1793310 389
1793320 390
1793330 391
1793340 392
1793350 393
1793360 394
1793370 394
1793380 395
1793390 396
1793400 396
1793410 397
1793420 397
1793430 398
1793440 399
1793450 399
1793460 400
1793470 401
1793480 401
1793490 402
1793500 402
1793510 403
1793520 404
1793530 404
1793540 405
1793550 405
1793560 406
1793570 406
1793580 407
1793590 407
1793600 407
1793610 407
1793620 408
1793630 408
1793640 408
1793650 408
1793660 409
1793670 409
1793680 410
1793690 410
1793700 411
1793710 412
1793720 412
1793730 413
1793740 413
1793750 413
1793760 414
1793770 414
1793780 414
1793790 414
1793800 414
1793810 415
1793820 415
1793830 415
1793840 415
1793850 415
1793860 415
1793870 415
1793880 416
1793890 416
1793900 416
1793910 416
1793920 416
1793930 416
1793940 416
1793950 416
1793960 416
1793970 416
1793980 416
1793990 417
1794000 417
1794010 417
1794020 417
1794030 417
1794040 417
1794050 417
1794060 416
1794070 416
1794080 416
1794090 416
1794100 415
1794110 415
1794120 415
1794130 414
1794140 414
1794150 414
1794160 413
1794170 413
1794180 413
1794190 412
1794200 412
1794210 412
1794220 411
1794230 411
1794240 410
1794250 409
1794260 409
1794270 408
1794280 407
1794290 406
1794300 406
1794310 405
1794320 404
1794330 402
1794340 401
1794350 400
1794360 399
1794370 398
1794380 397
1794390 396
1794400 395
1794410 394
1794420 393
1794430 393
1794440 392
1794450 391
1794460 390
1794470 390
1794480 389
1794490 388
1794500 388
1794510 387
1794520 387
1794530 386
1794540 386
1794550 385
1794560 385
1794570 385
1794580 384
1794590 384
1794600 383
1794610 383
1794620 383
1794630 382
1794640 382
1794650 382
1794660 382
1794670 382
1794680 382
1794690 382
1794700 382
1794710 382
1794720 382
1794730 382
1794740 381
1794750 381
1794760 381
1794770 380
1794780 380
1794790 380
1794800 379
1794810 379
1794820 378
1794830 378
1794840 378
1794850 377
1794860 377
1794870 377
1794880 376
1794890 376
1794900 376
1794910 375
1794920 375
1794930 374
1794940 374
1794950 373
1794960 373
1794970 372
1794980 372
1794990 371
1795000 371
1795010 370
1795020 370
1795030 369
1795040 369
1795050 368
1795060 367
1795070 366
1795080 366
1795090 365
1795100 364
1795110 364
1795120 363
1795130 362
1795140 362
1795150 361
1795160 360
1795170 359
1795180 358
1795190 358
1795200 357
1795210 356
1795220 355
1795230 353
1795240 352
1795250 351
1795260 349
1795270 348
1795280 346
1795290 345
1795300 344
1795310 342
1795320 341
1795330 339
1795340 337
1795350 336
1795360 337
1795370 338
1795380 337
1795390 337
1795400 336
1795410 335
1795420 334
1795430 333
1795440 332
1795450 331
1795460 330
1795470 328
1795480 325
1795490 322
1795500 319
1795510 319
1795520 319
1795530 318
1795540 318
1795550 318
1795560 319
1795570 319
1795580 320
1795590 320
1795600 321
1795610 321
1795620 322
1795630 322
1795640 323
1795650 322
1795660 323
1795670 325
1795680 327
1795690 328
1795700 330
1795710 332
1795720 334
1795730 335
1795740 337
1795750 339
1795760 340
1795770 342
1795780 343
1795790 344
1795800 346
1795810 347
1795820 348
1795830 350
1795840 351
1795850 353
1795860 354
1795870 355
1795880 356
1795890 357
1795900 358
1795910 359
1795920 361
1795930 363
1795940 365
1795950 367
1795960 369
1795970 371
1795980 373
1795990 375
1796000 378
1796010 380
1796020 382
1796030 384
1796040 385
1796050 388
1796060 390
1796070 392
1796080 394
1796090 395
1796100 397
1796110 399
1796120 401
1796130 402
1796140 404
1796150 405
1796160 407
1796170 408
1796180 409
1796190 410
1796200 411
1796210 411
1796220 412
1796230 413
1796240 413
1796250 414
1796260 415
1796270 415
1796280 415
1796290 416
1796300 416
1796310 416
1796320 415
1796330 415
1796340 415
1796350 415
1796360 414
1796370 414
1796380 414
1796390 414
1796400 414
1796410 414
1796420 413
1796430 413
1796440 413
1796450 413
1796460 413
1796470 413
1796480 413
1796490 413
1796500 413
1796510 412
1796520 412
1796530 412
1796540 412
1796550 412
1796560 412
1796570 411
1796580 411
1796590 411
1796600 411
1796610 410
1796620 410
1796630 410
1796640 409
1796650 409
1796660 409
1796670 409
1796680 408
1796690 408
1796700 407
1796710 406
1796720 406
1796730 405
1796740 404
1796750 404
1796760 403
1796770 402
1796780 401
1796790 400
1796800 400
1796810 399
1796820 398
1796830 396
1796840 395
1796850 394
1796860 393
1796870 392
1796880 391
1796890 390
1796900 389
1796910 387
1796920 386
1796930 385
1796940 384
1796950 383
1796960 382
1796970 380
1796980 379
1796990 377
1797000 375
1797010 373
1797020 371
1797030 368
1797040 365
1797050 363
1797060 361
1797070 358
1797080 355
1797090 353
1797100 353
1797110 354
1797120 355
1797130 358
1797140 361
1797150 362
1797160 364
1797170 365
1797180 366
1797190 367
1797200 368
1797210 369
1797220 370
1797230 372
1797240 374
1797250 376
1797260 377
1797270 378
1797280 378
1797290 378
1797300 380
1797310 383
1797320 386
1797330 389
1797340 391
1797350 394
1797360 396
1797370 398
1797380 400
1797390 402
1797400 403
1797410 405
1797420 406
1797430 406
1797440 406
1797450 407
1797460 407
1797470 408
1797480 409
1797490 410
1797500 410
1797510 411
1797520 412
1797530 412
1797540 413
1797550 413
1797560 414
1797570 414
1797580 415
1797590 415
1797600 416
1797610 416
1797620 416
1797630 416
1797640 417
1797650 417
1797660 417
1797670 417
1797680 418
1797690 418
1797700 418
1797710 419
1797720 419
1797730 419
1797740 419
1797750 420
1797760 420
1797770 420
1797780 420
1797790 420
1797800 421
1797810 421
1797820 421
1797830 421
1797840 421
1797850 421
1797860 421
1797870 421
1797880 422
1797890 422
1797900 423
1797910 423
1797920 424
1797930 424
1797940 424
1797950 425
1797960 425
1797970 425
1797980 425
1797990 425
1798000 425
1798010 425
1798020 424
1798030 424
1798040 423
1798050 422
1798060 422
1798070 421
1798080 420
1798090 419
1798100 419
1798110 418
1798120 417
1798130 416
1798140 415
1798150 415
1798160 414
1798170 413
1798180 412
1798190 411
1798200 410
1798210 409
1798220 408
1798230 407
1798240 406
1798250 405
1798260 404
1798270 403
1798280 402
1798290 401
1798300 400
1798310 399
1798320 398
1798330 397
1798340 396
1798350 395
1798360 393
1798370 392
1798380 391
1798390 389
1798400 388
1798410 386
1798420 384
1798430 382
1798440 381
1798450 379
1798460 378
1798470 377
1798480 375
1798490 374
1798500 372
1798510 371
1798520 369
1798530 367
1798540 366
1798550 364
1798560 363
1798570 361
1798580 360
1798590 358
1798600 356
1798610 355
1798620 353
1798630 351
1798640 349
1798650 348
1798660 345
1798670 343
1798680 340
1798690 337
1798700 336
1798710 338
1798720 339
1798730 340
1798740 340
1798750 341
1798760 343
1798770 345
1798780 347
1798790 348
1798800 350
1798810 351
1798820 352
1798830 352
1798840 353
1798850 353
1798860 353
1798870 353
1798880 353
1798890 353
1798900 353
1798910 354
1798920 354
1798930 354
1798940 354
1798950 355
1798960 355
1798970 355
1798980 356
1798990 356
1799000 356
1799010 356
1799020 356
1799030 356
1799040 356
1799050 356
1799060 356
1799070 355
1799080 355
1799090 355
1799100 355
1799110 354
1799120 354
1799130 353
1799140 353
1799150 353
1799160 352
1799170 352
1799180 351
1799190 351
1799200 350
1799210 349
1799220 348
1799230 347
1799240 346
1799250 346
1799260 344
1799270 343
1799280 342
1799290 341
1799300 340
1799310 339
1799320 337
1799330 336
1799340 335
1799350 334
1799360 332
1799370 331
1799380 330
1799390 328
1799400 327
1799410 325
1799420 324
1799430 322
1799440 320
1799450 318
1799460 316
1799470 315
1799480 313
1799490 311
1799500 309
1799510 307
1799520 305
1799530 303
1799540 301
1799550 299
1799560 296
1799570 294
1799580 291
1799590 288
1799600 287
1799610 287
1799620 287
1799630 286
1799640 286
1799650 285
1799660 286
1799670 287
1799680 290
1799690 293
1799700 296
1799710 299
1799720 301
1799730 303
1799740 305
1799750 308
1799760 310
1799770 312
1799780 314
1799790 316
1799800 317
1799810 319
1799820 321
1799830 323
1799840 324
1799850 326
1799860 328
1799870 329
1799880 330
1799890 330
1799900 330
1799910 329
1799920 329
1799930 328
1799940 327
1799950 327
1799960 326
1799970 325
1799980 325
1799990 324
