1782600 372
1782610 371
1782620 371
1782630 371
1782640 370
1782650 370
1782660 370
1782670 369
1782680 368
1782690 367
1782700 366
1782710 366
1782720 365
1782730 365
1782740 364
1782750 363
1782760 362
1782770 361
1782780 359
1782790 358
1782800 358
1782810 357
1782820 356
1782830 356
1782840 355
1782850 355
1782860 355
1782870 354
1782880 354
1782890 353
1782900 352
1782910 351
1782920 351
1782930 350
1782940 348
1782950 348
1782960 348
1782970 348
1782980 348
1782990 348
1783000 347
1783010 346
1783020 345
1783030 344
1783040 343
1783050 343
1783060 342
1783070 342
1783080 341
1783090 340
1783100 340
1783110 340
1783120 340
1783130 340
1783140 340
1783150 340
1783160 341
1783170 341
1783180 342
1783190 343
1783200 344
1783210 345
1783220 345
1783230 346
1783240 346
1783250 346
1783260 346
1783270 346
1783280 346
1783290 346
1783300 345
1783310 345
1783320 344
1783330 344
1783340 343
1783350 343
1783360 342
1783370 341
1783380 341
1783390 340
1783400 339
1783410 339
1783420 338
1783430 337
1783440 336
1783450 335
1783460 333
1783470 332
1783480 330
1783490 329
1783500 328
1783510 328
1783520 329
1783530 330
1783540 330
1783550 329
1783560 329
1783570 328
1783580 329
1783590 330
1783600 330
1783610 331
1783620 333
1783630 334
1783640 336
1783650 337
1783660 338
1783670 340
1783680 341
1783690 342
1783700 343
1783710 343
1783720 344
1783730 345
1783740 345
1783750 346
1783760 347
1783770 347
1783780 348
1783790 348
1783800 349
1783810 350
1783820 350
1783830 351
1783840 351
1783850 352
1783860 352
1783870 352
1783880 352
1783890 352
1783900 352
1783910 351
1783920 351
1783930 350
1783940 350
1783950 349
1783960 349
1783970 348
1783980 348
1783990 347
1784000 346
1784010 345
1784020 344
1784030 342
1784040 342
1784050 343
1784060 344
1784070 345
1784080 345
1784090 345
1784100 346
1784110 346
1784120 346
1784130 345
1784140 345
1784150 345
1784160 344
1784170 344
1784180 344
1784190 343
1784200 343
1784210 342
1784220 342
1784230 341
1784240 341
1784250 341
1784260 340
1784270 339
1784280 338
1784290 338
1784300 338
1784310 338
1784320 338
1784330 338
1784340 338
1784350 338
1784360 339
1784370 339
1784380 339
1784390 340
1784400 340
1784410 341
1784420 342
1784430 342
1784440 342
1784450 342
1784460 342
1784470 341
1784480 341
1784490 340
1784500 339
1784510 339
1784520 338
1784530 338
1784540 337
1784550 336
1784560 335
1784570 334
1784580 333
1784590 333
1784600 334
1784610 334
1784620 333
1784630 332
1784640 332
1784650 332
1784660 334
1784670 335
1784680 336
1784690 338
1784700 339
1784710 340
1784720 341
1784730 341
1784740 342
1784750 342
1784760 343
1784770 343
1784780 343
1784790 343
1784800 343
1784810 343
1784820 343
1784830 342
1784840 342
1784850 342
1784860 342
1784870 341
1784880 341
1784890 340
1784900 340
1784910 339
1784920 338
1784930 338
1784940 337
1784950 336
1784960 335
1784970 334
1784980 333
1784990 331
1785000 329
1785010 326
1785020 328
1785030 330
1785040 330
1785050 329
1785060 329
1785070 328
1785080 327
1785090 326
1785100 326
1785110 324
1785120 325
1785130 328
1785140 333
1785150 337
1785160 339
1785170 341
1785180 344
1785190 346
1785200 348
1785210 350
1785220 353
1785230 355
1785240 356
1785250 358
1785260 359
1785270 361
1785280 363
1785290 364
1785300 366
1785310 368
1785320 370
1785330 372
1785340 373
1785350 374
1785360 375
1785370 377
1785380 378
1785390 379
1785400 380
1785410 381
1785420 382
1785430 382
1785440 383
1785450 384
1785460 384
1785470 385
1785480 386
1785490 387
1785500 388
1785510 388
1785520 389
1785530 389
1785540 390
1785550 390
1785560 390
1785570 391
1785580 391
1785590 391
1785600 392
1785610 392
1785620 392
1785630 392
1785640 392
1785650 392
1785660 392
1785670 392
1785680 392
1785690 392
1785700 392
1785710 391
1785720 391
1785730 391
1785740 390
1785750 390
1785760 389
1785770 389
1785780 388
1785790 388
1785800 387
1785810 387
1785820 386
1785830 386
1785840 385
1785850 384
1785860 384
1785870 383
1785880 383
1785890 382
1785900 381
1785910 381
1785920 380
1785930 379
1785940 379
1785950 378
1785960 378
1785970 377
1785980 376
1785990 376
1786000 375
1786010 375
1786020 374
1786030 374
1786040 374
1786050 373
1786060 373
1786070 373
1786080 372
1786090 372
1786100 371
1786110 371
1786120 371
1786130 370
1786140 370
1786150 369
1786160 369
1786170 368
1786180 368
1786190 367
1786200 367
1786210 366
1786220 366
1786230 365
1786240 365
1786250 365
1786260 364
1786270 364
1786280 364
1786290 363
1786300 363
1786310 363
1786320 362
1786330 362
1786340 361
1786350 361
1786360 360
1786370 360
1786380 360
1786390 359
1786400 359
1786410 358
1786420 358
1786430 357
1786440 356
1786450 355
1786460 354
1786470 353
1786480 351
1786490 350
1786500 348
1786510 346
1786520 344
1786530 341
1786540 338
1786550 335
1786560 332
1786570 329
1786580 326
1786590 323
1786600 320
1786610 317
1786620 315
1786630 312
1786640 310
1786650 308
1786660 306
1786670 305
1786680 303
1786690 301
1786700 300
1786710 298
1786720 297
1786730 295
1786740 293
1786750 291
1786760 287
1786770 285
1786780 283
1786790 282
1786800 283
1786810 284
1786820 285
1786830 286
1786840 287
1786850 290
1786860 293
1786870 296
1786880 299
1786890 301
1786900 304
1786910 306
1786920 307
1786930 309
1786940 311
1786950 312
1786960 314
1786970 316
1786980 318
1786990 320
1787000 321
1787010 322
1787020 323
1787030 324
1787040 326
1787050 327
1787060 328
1787070 330
1787080 331
1787090 333
1787100 335
1787110 336
1787120 338
1787130 340
1787140 342
1787150 344
1787160 346
1787170 347
1787180 349
1787190 351
1787200 352
1787210 354
1787220 355
1787230 357
1787240 358
1787250 358
1787260 359
1787270 360
1787280 361
1787290 362
1787300 363
1787310 363
1787320 364
1787330 365
1787340 365
1787350 366
1787360 366
1787370 366
1787380 367
1787390 367
1787400 367
1787410 367
1787420 367
1787430 367
1787440 367
1787450 366
1787460 366
1787470 365
1787480 365
1787490 364
1787500 363
1787510 363
1787520 362
1787530 362
1787540 363
1787550 363
1787560 364
1787570 364
1787580 365
1787590 365
1787600 365
1787610 366
1787620 366
1787630 367
1787640 367
1787650 367
1787660 366
1787670 366
1787680 365
1787690 364
1787700 363
1787710 362
1787720 360
1787730 360
1787740 359
1787750 358
1787760 358
1787770 357
1787780 357
1787790 357
1787800 357
1787810 356
1787820 356
1787830 356
1787840 356
1787850 356
1787860 356
1787870 355
1787880 355
1787890 355
1787900 355
1787910 355
1787920 355
1787930 354
1787940 354
1787950 354
1787960 354
1787970 354
1787980 354
1787990 354
1788000 355
1788010 355
1788020 355
1788030 355
1788040 355
1788050 355
1788060 355
1788070 355
1788080 355
1788090 355
1788100 354
1788110 354
1788120 354
1788130 354
1788140 354
1788150 354
1788160 353
1788170 353
1788180 353
1788190 353
1788200 353
1788210 353
1788220 352
1788230 352
1788240 352
1788250 352
1788260 351
1788270 351
1788280 351
1788290 351
1788300 350
1788310 350
1788320 350
1788330 351
1788340 351
1788350 351
1788360 351
1788370 352
1788380 352
1788390 352
1788400 353
1788410 352
1788420 350
1788430 349
1788440 348
1788450 349
1788460 351
1788470 353
1788480 353
1788490 353
1788500 351
1788510 350
1788520 349
1788530 349
1788540 351
1788550 352
1788560 354
1788570 355
1788580 356
1788590 357
1788600 357
1788610 356
1788620 356
1788630 357
1788640 358
1788650 360
1788660 361
1788670 362
1788680 363
1788690 365
1788700 366
1788710 367
1788720 368
1788730 369
1788740 370
1788750 371
1788760 372
1788770 373
1788780 374
1788790 375
1788800 376
1788810 377
1788820 378
1788830 379
1788840 380
1788850 380
1788860 381
1788870 382
1788880 382
1788890 383
1788900 383
1788910 384
1788920 384
1788930 384
1788940 384
1788950 385
1788960 385
1788970 385
1788980 385
1788990 386
1789000 386
1789010 386
1789020 386
1789030 386
1789040 386
1789050 385
1789060 385
1789070 386
1789080 387
1789090 389
1789100 390
1789110 390
1789120 390
1789130 391
1789140 392
1789150 394
1789160 395
1789170 396
1789180 397
1789190 396
1789200 397
1789210 399
1789220 400
1789230 402
1789240 403
1789250 406
1789260 408
1789270 410
1789280 412
1789290 414
1789300 415
1789310 417
1789320 418
1789330 420
1789340 421
1789350 423
1789360 425
1789370 426
1789380 428
1789390 431
1789400 433
1789410 436
1789420 438
1789430 439
1789440 441
1789450 442
1789460 443
1789470 445
1789480 447
1789490 449
1789500 450
1789510 452
1789520 453
1789530 455
1789540 456
1789550 457
1789560 459
1789570 461
1789580 462
1789590 464
1789600 466
1789610 468
1789620 470
1789630 472
1789640 473
1789650 475
1789660 477
1789670 479
1789680 481
1789690 482
1789700 483
1789710 484
1789720 485
1789730 485
1789740 485
1789750 485
1789760 485
1789770 485
1789780 484
1789790 484
1789800 484
1789810 485
1789820 485
1789830 486
1789840 486
1789850 486
1789860 487
1789870 487
1789880 487
1789890 487
1789900 487
1789910 487
1789920 487
1789930 486
1789940 486
1789950 486
1789960 485
1789970 484
1789980 484
1789990 484
1790000 484
1790010 484
1790020 484
1790030 484
1790040 484
1790050 484
1790060 484
1790070 484
1790080 483
1790090 483
1790100 483
1790110 483
1790120 483
1790130 483
1790140 483
1790150 483
1790160 483
1790170 482
1790180 482
1790190 481
1790200 481
1790210 480
1790220 479
1790230 479
1790240 478
1790250 477
1790260 476
1790270 475
1790280 474
1790290 473
1790300 472
1790310 471
1790320 470
1790330 469
1790340 468
1790350 467
1790360 466
1790370 465
1790380 463
1790390 462
1790400 461
1790410 459
1790420 458
1790430 457
1790440 455
1790450 454
1790460 452
1790470 450
1790480 449
1790490 447
1790500 446
1790510 445
1790520 443
1790530 441
1790540 440
1790550 438
1790560 437
1790570 435
1790580 434
1790590 432
1790600 431
1790610 430
1790620 428
1790630 427
1790640 426
1790650 425
1790660 424
1790670 422
1790680 421
1790690 418
1790700 415
1790710 413
1790720 411
1790730 413
1790740 415
1790750 418
1790760 420
1790770 422
1790780 424
1790790 427
1790800 429
1790810 431
1790820 433
1790830 435
1790840 436
1790850 437
1790860 437
1790870 437
1790880 436
1790890 435
1790900 434
1790910 433
1790920 432
1790930 430
1790940 428
1790950 427
1790960 425
1790970 424
1790980 423
1790990 422
1791000 421
1791010 420
1791020 419
1791030 418
1791040 417
1791050 415
1791060 414
1791070 412
1791080 411
1791090 409
1791100 408
1791110 406
1791120 405
1791130 403
1791140 402
1791150 400
1791160 399
1791170 397
1791180 396
1791190 395
1791200 393
1791210 392
1791220 390
1791230 388
1791240 385
1791250 381
1791260 378
1791270 376
1791280 376
1791290 377
1791300 378
1791310 378
1791320 377
1791330 374
1791340 372
1791350 372
1791360 373
1791370 375
1791380 379
1791390 381
1791400 384
1791410 387
1791420 390
1791430 392
1791440 394
1791450 396
1791460 398
1791470 400
1791480 402
1791490 404
1791500 406
1791510 410
1791520 413
1791530 417
1791540 420
1791550 423
1791560 425
1791570 427
1791580 428
1791590 429
1791600 430
1791610 431
1791620 431
1791630 431
1791640 432
1791650 432
1791660 432
1791670 432
1791680 432
1791690 432
1791700 432
1791710 432
1791720 432
1791730 432
1791740 432
1791750 432
1791760 431
1791770 431
1791780 431
1791790 431
1791800 430
1791810 430
1791820 430
1791830 430
1791840 430
1791850 430
1791860 430
1791870 430
1791880 430
1791890 430
1791900 429
1791910 429
1791920 428
1791930 427
1791940 427
1791950 426
1791960 425
1791970 424
1791980 423
1791990 423
1792000 422
1792010 422
1792020 421
1792030 421
1792040 421
1792050 420
1792060 420
1792070 420
1792080 419
1792090 419
1792100 419
1792110 419
1792120 418
1792130 418
1792140 418
1792150 417
1792160 417
1792170 417
1792180 416
1792190 415
1792200 415
1792210 414
1792220 413
1792230 412
1792240 411
1792250 410
1792260 409
1792270 408
1792280 407
1792290 406
1792300 404
1792310 402
1792320 400
1792330 399
1792340 397
1792350 395
1792360 394
1792370 393
1792380 391
1792390 390
1792400 389
1792410 388
1792420 387
1792430 386
1792440 384
1792450 383
1792460 382
1792470 381
1792480 379
1792490 377
1792500 376
1792510 376
1792520 376
1792530 376
1792540 376
1792550 376
1792560 376
1792570 375
1792580 375
1792590 375
1792600 376
1792610 378
1792620 378
1792630 379
1792640 381
1792650 382
1792660 383
1792670 384
1792680 384
1792690 385
1792700 385
1792710 385
1792720 385
1792730 385
1792740 385
1792750 385
1792760 385
1792770 386
1792780 386
1792790 387
1792800 387
1792810 387
1792820 388
1792830 388
1792840 389
1792850 390
1792860 390
1792870 390
1792880 390
1792890 391
1792900 391
1792910 391
1792920 391
1792930 391
1792940 391
1792950 391
1792960 391
1792970 391
1792980 391
1792990 391
1793000 390
1793010 390
1793020 388
1793030 386
1793040 387
1793050 388
1793060 389
1793070 390
1793080 390
1793090 391
1793100 392
1793110 392
1793120 393
1793130 393
1793140 393
1793150 393
1793160 393
1793170 393
1793180 392
1793190 391
1793200 392
1793210 393
1793220 394
1793230 395
1793240 395
1793250 395
1793260 396
1793270 396
1793280 396
1793290 396
1793300 396
1793310 397
1793320 397
1793330 397
1793340 397
1793350 397
1793360 398
1793370 398
1793380 398
1793390 397
1793400 397
1793410 396
1793420 396
1793430 397
1793440 398
1793450 399
1793460 399
1793470 399
1793480 399
1793490 400
1793500 400
1793510 400
1793520 400
1793530 400
1793540 400
1793550 400
1793560 400
1793570 400
1793580 401
1793590 401
1793600 402
1793610 402
1793620 403
1793630 403
1793640 403
1793650 403
1793660 403
1793670 403
1793680 403
1793690 403
1793700 403
1793710 403
1793720 404
1793730 404
1793740 405
1793750 406
1793760 406
1793770 406
1793780 407
1793790 407
1793800 407
1793810 408
1793820 409
1793830 409
1793840 410
1793850 410
1793860 410
1793870 410
1793880 410
1793890 411
1793900 411
1793910 411
1793920 411
1793930 411
1793940 411
1793950 412
1793960 412
1793970 413
1793980 414
1793990 414
1794000 415
1794010 416
1794020 417
1794030 418
1794040 419
1794050 419
1794060 420
1794070 421
1794080 421
1794090 422
1794100 422
1794110 422
1794120 423
1794130 423
1794140 423
1794150 423
1794160 424
1794170 424
1794180 423
1794190 423
1794200 423
1794210 423
1794220 423
1794230 423
1794240 422
1794250 422
1794260 422
1794270 422
1794280 421
1794290 421
1794300 421
1794310 420
1794320 420
1794330 419
1794340 418
1794350 418
1794360 417
1794370 417
1794380 416
1794390 415
1794400 415
1794410 415
1794420 415
1794430 414
1794440 414
1794450 414
1794460 413
1794470 413
1794480 412
1794490 412
1794500 411
1794510 411
1794520 410
1794530 409
1794540 409
1794550 409
1794560 410
1794570 410
1794580 410
1794590 409
1794600 409
1794610 409
1794620 409
1794630 409
1794640 409
1794650 409
1794660 409
1794670 409
1794680 409
1794690 410
1794700 410
1794710 411
1794720 411
1794730 412
1794740 412
1794750 412
1794760 412
1794770 412
1794780 413
1794790 413
1794800 414
1794810 415
1794820 415
1794830 416
1794840 417
1794850 419
1794860 420
1794870 421
1794880 421
1794890 422
1794900 423
1794910 424
1794920 424
1794930 425
1794940 425
1794950 426
1794960 427
1794970 427
1794980 428
1794990 429
1795000 430
1795010 430
1795020 431
1795030 432
1795040 433
1795050 433
1795060 433
1795070 434
1795080 434
1795090 435
1795100 435
1795110 435
1795120 436
1795130 436
1795140 437
1795150 437
1795160 438
1795170 438
1795180 439
1795190 440
1795200 440
1795210 441
1795220 441
1795230 442
1795240 442
1795250 442
1795260 443
1795270 443
1795280 442
1795290 442
1795300 442
1795310 441
1795320 441
1795330 440
1795340 440
1795350 440
1795360 439
1795370 439
1795380 439
1795390 439
1795400 440
1795410 440
1795420 440
1795430 440
1795440 440
1795450 440
1795460 439
1795470 439
1795480 438
1795490 438
1795500 437
1795510 437
1795520 436
1795530 436
1795540 435
1795550 435
1795560 434
1795570 433
1795580 433
1795590 432
1795600 431
1795610 431
1795620 430
1795630 430
1795640 429
1795650 428
1795660 427
1795670 427
1795680 426
1795690 425
1795700 424
1795710 424
1795720 423
1795730 423
1795740 422
1795750 421
1795760 420
1795770 419
1795780 419
1795790 418
1795800 417
1795810 416
1795820 415
1795830 413
1795840 412
1795850 411
1795860 411
1795870 410
1795880 410
1795890 409
1795900 408
1795910 407
1795920 407
1795930 406
1795940 405
1795950 404
1795960 403
1795970 403
1795980 403
1795990 403
1796000 403
1796010 403
1796020 403
1796030 404
1796040 406
1796050 407
1796060 408
1796070 408
1796080 409
1796090 409
1796100 410
1796110 411
1796120 412
1796130 413
1796140 414
1796150 415
1796160 416
1796170 417
1796180 419
1796190 420
1796200 421
1796210 422
1796220 423
1796230 424
1796240 425
1796250 426
1796260 427
1796270 428
1796280 428
1796290 429
1796300 430
1796310 430
1796320 431
1796330 432
1796340 432
1796350 433
1796360 433
1796370 433
1796380 433
1796390 432
1796400 432
1796410 431
1796420 431
1796430 430
1796440 430
1796450 429
1796460 429
1796470 428
1796480 427
1796490 426
1796500 426
1796510 425
1796520 424
1796530 423
1796540 422
1796550 421
1796560 420
1796570 419
1796580 418
1796590 417
1796600 416
1796610 415
1796620 414
1796630 413
1796640 412
1796650 411
1796660 409
1796670 408
1796680 407
1796690 405
1796700 404
1796710 403
1796720 402
1796730 401
1796740 400
1796750 399
1796760 397
1796770 396
1796780 395
1796790 393
1796800 392
1796810 391
1796820 390
1796830 388
1796840 387
1796850 386
1796860 385
1796870 384
1796880 383
1796890 382
1796900 380
1796910 378
1796920 376
1796930 373
1796940 369
1796950 366
1796960 363
1796970 361
1796980 359
1796990 357
1797000 355
1797010 351
1797020 348
1797030 347
1797040 346
1797050 346
1797060 346
1797070 345
1797080 344
1797090 343
1797100 341
1797110 339
1797120 341
1797130 344
1797140 347
1797150 348
1797160 349
1797170 350
1797180 352
1797190 354
1797200 356
1797210 358
1797220 360
1797230 362
1797240 363
1797250 365
1797260 366
1797270 368
1797280 369
1797290 371
1797300 373
1797310 375
1797320 377
1797330 378
1797340 380
1797350 381
1797360 382
1797370 382
1797380 383
1797390 384
1797400 385
1797410 385
1797420 386
1797430 386
1797440 386
1797450 386
1797460 386
1797470 386
1797480 387
1797490 387
1797500 388
1797510 388
1797520 389
1797530 390
1797540 391
1797550 392
1797560 393
1797570 394
1797580 395
1797590 396
1797600 397
1797610 398
1797620 399
1797630 400
1797640 400
1797650 401
1797660 401
1797670 401
1797680 402
1797690 402
1797700 403
1797710 403
1797720 404
1797730 404
1797740 405
1797750 406
1797760 406
1797770 406
1797780 406
1797790 406
1797800 406
1797810 406
1797820 406
1797830 406
1797840 406
1797850 406
1797860 406
1797870 406
1797880 406
1797890 406
1797900 406
1797910 406
1797920 406
1797930 406
1797940 405
1797950 405
1797960 405
1797970 405
1797980 404
1797990 403
1798000 402
1798010 401
1798020 400
1798030 399
1798040 398
1798050 397
1798060 396
1798070 395
1798080 394
1798090 393
1798100 392
1798110 391
1798120 390
1798130 389
1798140 388
1798150 387
1798160 386
1798170 385
1798180 384
1798190 383
1798200 382
1798210 381
1798220 379
1798230 378
1798240 376
1798250 375
1798260 373
1798270 371
1798280 370
1798290 368
1798300 367
1798310 366
1798320 364
1798330 363
1798340 362
1798350 361
1798360 360
1798370 359
1798380 358
1798390 356
1798400 355
1798410 354
1798420 353
1798430 352
1798440 350
1798450 349
1798460 348
1798470 346
1798480 345
1798490 344
1798500 343
1798510 341
1798520 340
1798530 339
1798540 338
1798550 336
1798560 335
1798570 334
1798580 332
1798590 330
1798600 328
1798610 326
1798620 325
1798630 323
1798640 322
1798650 320
1798660 319
1798670 317
1798680 316
1798690 314
1798700 313
1798710 312
1798720 311
1798730 310
1798740 308
1798750 307
1798760 306
1798770 305
1798780 304
1798790 303
1798800 301
1798810 300
1798820 299
1798830 298
1798840 297
1798850 296
1798860 295
1798870 293
1798880 292
1798890 291
1798900 290
1798910 289
1798920 287
1798930 286
1798940 285
1798950 285
1798960 285
1798970 285
1798980 285
1798990 284
1799000 283
1799010 282
1799020 282
1799030 281
1799040 280
1799050 279
1799060 278
1799070 277
1799080 276
1799090 275
1799100 273
1799110 272
1799120 272
1799130 271
1799140 271
1799150 271
1799160 271
1799170 272
1799180 273
1799190 274
1799200 274
1799210 274
1799220 274
1799230 274
1799240 274
1799250 274
1799260 275
1799270 275
1799280 274
1799290 275
1799300 275
1799310 276
1799320 277
1799330 278
1799340 278
1799350 279
1799360 279
1799370 279
1799380 279
1799390 278
1799400 278
1799410 277
1799420 277
1799430 276
1799440 275
1799450 273
1799460 272
1799470 271
1799480 269
1799490 268
1799500 265
1799510 263
1799520 261
1799530 260
1799540 258
1799550 257
1799560 256
1799570 256
1799580 255
1799590 255
1799600 255
1799610 255
1799620 254
1799630 254
1799640 254
1799650 254
1799660 254
1799670 254
1799680 254
1799690 254
1799700 254
1799710 254
1799720 254
1799730 253
1799740 254
1799750 257
1799760 260
1799770 261
1799780 261
1799790 261
1799800 262
1799810 262
1799820 262
1799830 261
1799840 261
1799850 261
1799860 261
1799870 261
1799880 261
1799890 261
1799900 262
1799910 265
1799920 268
1799930 269
1799940 271
1799950 273
1799960 274
1799970 275
1799980 276
1799990 277
