1780110 233
1780120 235
1780130 235
1780140 236
1780150 237
1780160 238
1780170 239
1780180 240
1780190 241
1780200 242
1780210 243
1780220 244
1780230 245
1780240 246
1780250 247
1780260 248
1780270 249
1780280 250
1780290 250
1780300 251
1780310 251
1780320 252
1780330 253
1780340 253
1780350 254
1780360 255
1780370 255
1780380 256
1780390 256
1780400 256
1780410 257
1780420 258
1780430 258
1780440 259
1780450 260
1780460 261
1780470 262
1780480 263
1780490 263
1780500 264
1780510 265
1780520 266
1780530 267
1780540 268
1780550 269
1780560 270
1780570 272
1780580 273
1780590 274
1780600 275
1780610 277
1780620 278
1780630 280
1780640 281
1780650 282
1780660 283
1780670 283
1780680 284
1780690 285
1780700 286
1780710 287
1780720 288
1780730 289
1780740 290
1780750 291
1780760 292
1780770 293
1780780 294
1780790 295
1780800 295
1780810 296
1780820 297
1780830 298
1780840 299
1780850 299
1780860 300
1780870 301
1780880 301
1780890 302
1780900 303
1780910 303
1780920 303
1780930 304
1780940 304
1780950 304
1780960 304
1780970 304
1780980 305
1780990 305
1781000 304
1781010 304
1781020 304
1781030 304
1781040 304
1781050 304
1781060 304
1781070 304
1781080 304
1781090 304
1781100 304
1781110 304
1781120 303
1781130 302
1781140 301
1781150 301
1781160 302
1781170 303
1781180 303
1781190 303
1781200 303
1781210 303
1781220 303
1781230 303
1781240 303
1781250 304
1781260 304
1781270 304
1781280 304
1781290 304
1781300 304
1781310 304
1781320 304
1781330 304
1781340 305
1781350 305
1781360 305
1781370 305
1781380 305
1781390 306
1781400 306
1781410 306
1781420 305
1781430 305
1781440 305
1781450 305
1781460 305
1781470 305
1781480 305
1781490 306
1781500 308
1781510 309
1781520 311
1781530 313
1781540 314
1781550 315
1781560 315
1781570 316
1781580 317
1781590 318
1781600 318
1781610 319
1781620 320
1781630 321
1781640 323
1781650 324
1781660 324
1781670 325
1781680 325
1781690 326
1781700 326
1781710 326
1781720 327
1781730 328
1781740 328
1781750 330
1781760 331
1781770 331
1781780 332
1781790 332
1781800 332
1781810 333
1781820 335
1781830 336
1781840 338
1781850 339
1781860 341
1781870 343
1781880 344
1781890 345
1781900 345
1781910 346
1781920 346
1781930 347
1781940 347
1781950 348
1781960 348
1781970 349
1781980 349
1781990 350
1782000 352
1782010 353
1782020 355
1782030 357
1782040 357
1782050 358
1782060 359
1782070 359
1782080 360
1782090 360
1782100 360
1782110 361
1782120 361
1782130 361
1782140 361
1782150 362
1782160 362
1782170 362
1782180 363
1782190 363
1782200 364
1782210 364
1782220 364
1782230 365
1782240 365
1782250 365
1782260 365
1782270 365
1782280 366
1782290 366
1782300 366
1782310 366
1782320 366
1782330 366
1782340 366
1782350 366
1782360 366
1782370 366
1782380 366
1782390 367
1782400 367
1782410 367
1782420 367
1782430 367
1782440 368
1782450 368
1782460 368
1782470 368
1782480 369
1782490 369
1782500 369
1782510 369
1782520 369
1782530 369
1782540 369
1782550 369
1782560 369
1782570 369
1782580 369
1782590 369
1782600 369
1782610 368
1782620 368
1782630 368
1782640 367
1782650 367
1782660 366
1782670 365
1782680 364
1782690 363
1782700 362
1782710 361
1782720 361
1782730 361
1782740 360
