1780100 238
1780110 239
1780120 241
1780130 242
1780140 244
1780150 245
1780160 247
1780170 248
1780180 250
1780190 251
1780200 251
1780210 252
1780220 252
1780230 252
1780240 252
1780250 253
1780260 254
1780270 255
1780280 256
1780290 256
1780300 257
1780310 258
1780320 259
1780330 260
1780340 261
1780350 262
1780360 263
1780370 264
1780380 265
1780390 266
1780400 267
1780410 268
1780420 269
1780430 270
1780440 270
1780450 270
1780460 271
1780470 271
1780480 272
1780490 272
1780500 273
1780510 274
1780520 275
1780530 276
1780540 276
1780550 277
1780560 276
1780570 276
1780580 276
1780590 276
1780600 277
1780610 278
1780620 279
1780630 280
1780640 281
1780650 282
1780660 283
1780670 283
1780680 284
1780690 285
1780700 286
1780710 288
1780720 290
1780730 291
1780740 292
1780750 293
1780760 295
1780770 296
1780780 298
1780790 300
1780800 301
1780810 303
1780820 304
1780830 306
1780840 306
1780850 307
1780860 308
1780870 309
1780880 310
1780890 310
1780900 311
1780910 312
1780920 313
1780930 313
1780940 314
1780950 314
1780960 315
1780970 315
1780980 316
1780990 316
1781000 316
1781010 316
1781020 317
1781030 317
1781040 317
1781050 317
1781060 317
1781070 317
1781080 317
1781090 317
1781100 317
1781110 317
1781120 317
1781130 318
1781140 318
1781150 318
1781160 318
1781170 318
1781180 318
1781190 318
1781200 319
1781210 319
1781220 319
1781230 319
1781240 320
1781250 320
1781260 320
1781270 321
1781280 321
1781290 321
1781300 322
1781310 322
1781320 322
1781330 323
1781340 323
1781350 323
1781360 324
1781370 324
1781380 324
1781390 325
1781400 325
1781410 325
1781420 326
1781430 326
1781440 327
1781450 327
1781460 328
1781470 328
1781480 328
1781490 329
1781500 329
1781510 330
1781520 330
1781530 330
1781540 331
1781550 331
1781560 332
1781570 332
1781580 333
1781590 333
1781600 334
1781610 334
1781620 335
1781630 335
1781640 336
1781650 337
1781660 337
1781670 338
1781680 339
1781690 340
1781700 341
1781710 341
1781720 342
1781730 343
1781740 344
1781750 345
1781760 346
1781770 347
1781780 348
1781790 348
1781800 349
1781810 349
1781820 349
1781830 350
1781840 350
1781850 351
1781860 352
1781870 353
1781880 355
1781890 356
1781900 357
1781910 359
1781920 360
1781930 362
1781940 363
1781950 364
1781960 364
1781970 366
1781980 367
1781990 369
1782000 371
1782010 372
1782020 373
1782030 374
1782040 375
1782050 376
1782060 377
1782070 377
1782080 377
1782090 377
1782100 377
1782110 378
1782120 378
1782130 378
1782140 378
1782150 378
1782160 379
1782170 379
1782180 379
1782190 379
1782200 379
1782210 379
1782220 378
1782230 378
1782240 377
1782250 377
1782260 377
1782270 376
1782280 376
1782290 375
1782300 375
1782310 374
1782320 374
1782330 373
1782340 373
1782350 372
1782360 372
1782370 371
1782380 371
1782390 371
1782400 370
1782410 370
1782420 369
1782430 368
1782440 367
1782450 367
1782460 366
1782470 365
1782480 364
1782490 363
1782500 363
1782510 362
1782520 361
1782530 360
1782540 360
1782550 359
1782560 358
1782570 357
1782580 357
1782480 364
1782490 363
1782500 362
1782510 361
1782520 360
1782530 360
1782540 359
1782550 358
1782560 358
1782570 357
1782580 356
1782590 355
1782600 354
1782610 353
1782620 352
1782630 352
1782640 351
1782650 351
1782660 351
1782670 351
1782680 351
1782690 350
1782700 350
1782710 349
1782720 349
1782730 349
1782740 349
1782750 349
1782760 348
1782770 348
1782780 348
1782790 347
1782800 346
1782810 346
1782820 346
1782830 345
1782840 345
1782850 344
1782860 344
1782870 342
1782880 340
1782890 339
1782900 338
1782910 336
1782920 335
1782930 335
1782940 334
1782950 333
1782960 332
1782970 330
1782980 329
1782990 328
1783000 327
1783010 325
1783020 324
1783030 323
1783040 322
1783050 321
1783060 321
1783070 321
1783080 321
1783090 321
1783100 321
1783110 321
1783120 322
1783130 322
1783140 322
1783150 321
1783160 319
1783170 318
1783180 318
1783190 317
1783200 316
1783210 315
1783220 314
1783230 313
1783240 313
1783250 312
1783260 312
1783270 313
1783280 312
1783290 313
1783300 313
1783310 313
1783320 312
1783330 312
1783340 312
1783350 313
1783360 313
1783370 313
1783380 313
1783390 313
1783400 313
1783410 312
1783420 311
1783430 310
1783440 309
1783450 307
1783460 307
1783470 306
1783480 305
1783490 304
1783500 303
1783510 301
1783520 300
1783530 299
1783540 298
1783550 296
1783560 296
1783570 297
1783580 300
1783590 300
1783600 301
1783610 301
1783620 302
1783630 302
1783640 303
1783650 303
1783660 304
1783670 304
1783680 305
1783690 305
1783700 306
1783710 307
1783720 307
1783730 308
1783740 309
1783750 309
1783760 310
1783770 310
1783780 311
1783790 311
1783800 311
1783810 312
1783820 312
1783830 312
1783840 313
1783850 313
1783860 313
1783870 313
1783880 313
1783890 313
1783900 313
1783910 313
1783920 313
1783930 313
1783940 313
1783950 313
1783960 313
1783970 312
1783980 312
1783990 312
1784000 311
1784010 311
1784020 311
1784030 310
1784040 310
1784050 308
1784060 307
1784070 308
1784080 310
1784090 311
1784100 312
1784110 313
1784120 314
1784130 314
1784140 315
1784150 315
1784160 314
1784170 314
1784180 314
1784190 313
1784200 313
1784210 312
1784220 312
1784230 311
1784240 310
1784250 309
1784260 308
1784270 307
1784280 306
1784290 305
1784300 304
1784310 303
1784320 302
1784330 300
1784340 300
1784350 299
1784360 298
1784370 297
1784380 299
1784390 302
1784400 303
1784410 305
1784420 306
1784430 306
1784440 307
1784450 307
1784460 307
1784470 307
1784480 306
1784490 306
1784500 305
1784510 304
1784520 303
1784530 301
1784540 299
1784550 296
1784560 293
1784570 290
1784580 290
1784590 291
1784600 292
1784610 294
1784620 296
1784630 298
1784640 300
1784650 301
1784660 303
1784670 304
1784680 305
1784690 306
1784700 306
1784710 307
1784720 307
1784730 308
1784740 308
1784750 308
1784760 307
1784770 307
1784780 307
1784790 307
1784800 306
1784810 306
1784820 305
1784830 305
1784840 304
1784850 304
1784860 303
1784870 302
1784880 302
1784890 300
1784900 299
1784910 297
1784920 298
1784930 300
1784940 304
1784950 307
1784960 309
1784970 311
1784980 312
1784990 313
1785000 315
1785010 317
1785020 319
1785030 321
1785040 323
1785050 325
1785060 327
1785070 329
1785080 331
1785090 333
1785100 336
1785110 338
1785120 340
1785130 342
1785140 343
1785150 345
1785160 347
1785170 348
1785180 349
1785190 351
1785200 352
1785210 353
1785220 354
1785230 354
1785240 356
1785250 357
1785260 359
1785270 359
1785280 360
1785290 360
1785300 361
1785310 361
1785320 362
1785330 363
1785340 363
1785350 363
1785360 364
1785370 364
1785380 365
1785390 365
1785400 365
1785410 366
1785420 366
1785430 367
1785440 367
1785450 368
1785460 368
1785470 369
1785480 369
1785490 369
1785500 370
1785510 370
1785520 370
1785530 370
1785540 371
1785550 371
1785560 371
1785570 371
1785580 371
1785590 372
1785600 372
1785610 372
1785620 372
1785630 372
1785640 372
1785650 372
1785660 372
1785670 372
1785680 372
1785690 372
1785700 372
1785710 372
1785720 372
1785730 372
1785740 371
1785750 371
1785760 370
1785770 370
1785780 369
1785790 369
1785800 368
1785810 367
1785820 366
1785830 366
1785840 365
1785850 365
1785860 364
1785870 364
1785880 363
1785890 363
1785900 362
1785910 362
1785920 361
1785930 360
1785940 359
1785950 359
1785960 358
1785970 357
1785980 356
1785990 355
1786000 354
1786010 353
1786020 352
1786030 351
1786040 350
1786050 349
1786060 348
1786070 346
1786080 345
1786090 344
1786100 343
1786110 342
1786120 341
1786130 340
1786140 338
1786150 337
1786160 335
1786170 333
1786180 331
1786190 329
1786200 325
1786210 322
1786220 320
1786230 318
1786240 316
1786250 315
1786260 314
1786270 315
1786280 316
1786290 316
1786300 315
1786310 315
1786320 315
1786330 315
1786340 315
1786350 315
1786360 315
1786370 315
1786380 315
1786390 315
1786400 315
1786410 315
1786420 315
1786430 314
1786440 313
1786450 313
1786460 312
1786470 312
1786480 311
1786490 311
1786500 310
1786510 309
1786520 307
1786530 306
1786540 304
1786550 303
1786560 301
1786570 299
1786580 297
1786590 296
1786600 295
1786610 293
1786620 292
1786630 291
1786640 290
1786650 289
1786660 288
1786670 287
1786680 287
1786690 285
1786700 283
1786710 279
1786720 278
1786730 278
1786740 280
1786750 279
1786760 279
1786770 279
1786780 281
1786790 285
1786800 288
1786810 292
1786820 296
1786830 299
1786840 302
1786850 304
1786860 307
1786870 309
1786880 311
1786890 314
1786900 316
1786910 318
1786920 321
1786930 324
1786940 326
1786950 329
1786960 331
1786970 332
1786980 334
1786990 336
1787000 337
1787010 339
1787020 342
1787030 344
1787040 346
1787050 349
1787060 351
1787070 352
1787080 354
1787090 356
1787100 358
1787110 359
1787120 361
1787130 362
1787140 364
1787150 366
1787160 367
1787170 369
1787180 370
1787190 371
1787200 371
1787210 372
1787220 373
1787230 373
1787240 374
1787250 374
1787260 375
1787270 376
1787280 377
1787290 377
1787300 378
1787310 378
1787320 379
1787330 379
1787340 379
1787350 379
1787360 379
1787370 380
1787380 380
1787390 380
1787400 380
1787410 380
1787420 381
1787430 381
1787440 381
1787450 381
1787460 381
1787470 381
1787480 381
1787490 381
1787500 381
1787510 381
1787520 381
1787530 382
1787540 382
1787550 383
1787560 384
1787570 385
1787580 385
1787590 386
1787600 387
1787610 388
1787620 389
1787630 390
1787640 391
1787650 392
1787660 393
1787670 393
1787680 394
1787690 394
1787700 394
1787710 395
1787720 395
1787730 395
1787740 395
1787750 395
1787760 395
1787770 395
1787780 395
1787790 395
1787800 394
1787810 394
1787820 393
1787830 393
1787840 392
1787850 392
1787860 392
1787870 391
1787880 391
1787890 390
1787900 390
1787910 390
1787920 389
1787930 389
1787940 389
1787950 389
1787960 389
1787970 389
1787980 389
1787990 389
1788000 389
1788010 390
1788020 391
1788030 391
1788040 392
1788050 392
1788060 392
1788070 391
1788080 391
1788090 390
1788100 389
1788110 388
1788120 388
1788130 387
1788140 387
1788150 386
1788160 386
1788170 386
1788180 386
1788190 386
1788200 385
1788210 385
1788220 385
1788230 385
1788240 384
1788250 384
1788260 384
1788270 384
1788280 384
1788290 384
1788300 384
1788310 384
1788320 384
1788330 384
1788340 383
1788350 383
1788360 383
1788370 383
1788380 383
1788390 383
1788400 382
1788410 382
1788420 381
1788430 380
1788440 380
1788450 380
1788460 381
1788470 382
1788480 383
1788490 383
1788500 383
1788510 383
1788520 384
1788530 384
1788540 384
1788550 385
1788560 385
1788570 386
1788580 386
1788590 387
1788600 387
1788610 388
1788620 388
1788630 389
1788640 389
1788650 390
1788660 391
1788670 391
1788680 392
1788690 393
1788700 393
1788710 394
1788720 395
1788730 395
1788740 396
1788750 396
1788760 396
1788770 396
1788780 397
1788790 398
1788800 399
1788810 400
1788820 401
1788830 402
1788840 404
1788850 405
1788860 406
1788870 407
1788880 408
1788890 409
1788900 410
1788910 411
1788920 412
1788930 413
1788940 414
1788950 415
1788960 416
1788970 417
1788980 418
1788990 419
1789000 420
1789010 422
1789020 423
1789030 424
1789040 426
1789050 427
1789060 428
1789070 430
1789080 431
1789090 433
1789100 434
1789110 435
1789120 436
1789130 437
1789140 438
1789150 439
1789160 439
1789170 440
1789180 440
1789190 441
1789200 441
1789210 442
1789220 442
1789230 442
1789240 442
1789250 442
1789260 442
1789270 442
1789280 443
1789290 443
1789300 444
1789310 444
1789320 445
1789330 445
1789340 445
1789350 445
1789360 446
1789370 446
1789380 446
1789390 446
1789400 447
1789410 447
1789420 447
1789430 448
1789440 448
1789450 448
1789460 449
1789470 449
1789480 450
1789490 451
1789500 452
1789510 453
1789520 454
1789530 455
1789540 456
1789550 458
1789560 459
1789570 461
1789580 463
1789590 464
1789600 466
1789610 468
1789620 469
1789630 471
1789640 473
1789650 475
1789660 477
1789670 479
1789680 481
1789690 483
1789700 484
1789710 485
1789720 487
1789730 488
1789740 489
1789750 491
1789760 492
1789770 494
1789780 495
1789790 497
1789800 498
1789810 500
1789820 502
1789830 504
1789840 506
1789850 507
1789860 509
1789870 510
1789880 511
1789890 511
1789900 511
1789910 511
1789920 510
1789930 509
1789940 508
1789950 507
1789960 506
1789970 505
1789980 504
1789990 503
1790000 502
1790010 501
1790020 500
1790030 499
1790040 498
1790050 497
1790060 496
1790070 495
1790080 493
1790090 492
1790100 491
1790110 490
1790120 488
1790130 487
1790140 485
1790150 484
1790160 482
1790170 481
1790180 479
1790190 478
1790200 477
1790210 475
1790220 474
1790230 473
1790240 472
1790250 471
1790260 470
1790270 469
1790280 469
1790290 468
1790300 467
1790310 465
1790320 464
1790330 463
1790340 462
1790350 461
1790360 460
1790370 459
1790380 457
1790390 455
1790400 454
1790410 452
1790420 451
1790430 450
1790440 449
1790450 448
1790460 447
1790470 447
1790480 446
1790490 446
1790500 446
1790510 446
1790520 446
1790530 446
1790540 447
1790550 448
1790560 448
1790570 449
1790580 450
1790590 450
1790600 450
1790610 450
1790620 450
1790630 450
1790640 450
1790650 450
1790660 450
1790670 449
1790680 449
1790690 449
1790700 449
1790710 449
1790720 449
1790730 448
1790740 448
1790750 447
1790760 446
1790770 445
1790780 444
1790790 443
1790800 442
1790810 441
1790820 440
1790830 439
1790840 437
1790850 436
1790860 434
1790870 433
1790880 431
1790890 430
1790900 428
1790910 426
1790920 424
1790930 422
1790940 420
1790950 418
1790960 415
1790970 413
1790980 411
1790990 410
1791000 409
1791010 408
1791020 408
1791030 407
1791040 407
1791050 408
1791060 408
1791070 409
1791080 409
1791090 410
1791100 410
1791110 411
1791120 411
1791130 412
1791140 412
1791150 413
1791160 412
1791170 412
1791180 412
1791190 413
1791200 413
1791210 413
1791220 412
1791230 412
1791240 412
1791250 411
1791260 411
1791270 411
1791280 410
1791290 409
1791300 408
1791310 407
1791320 406
1791330 405
1791340 404
1791350 403
1791360 401
1791370 400
1791380 398
1791390 396
1791400 394
1791410 392
1791420 391
1791430 390
1791440 391
1791450 393
1791460 394
1791470 396
1791480 397
1791490 399
1791500 401
1791510 402
1791520 404
1791530 405
1791540 407
1791550 409
1791560 411
1791570 412
1791580 413
1791590 414
1791600 414
1791610 414
1791620 415
1791630 416
1791640 418
1791650 420
1791660 422
1791670 424
1791680 426
1791690 427
1791700 429
1791710 431
1791720 433
1791730 434
1791740 436
1791750 438
1791760 441
1791770 443
1791780 446
1791790 448
1791800 450
1791810 451
1791820 452
1791830 453
1791840 454
1791850 455
1791860 456
1791870 457
1791880 458
1791890 459
1791900 460
1791910 460
1791920 461
1791930 462
1791940 462
1791950 462
1791960 462
1791970 462
1791980 461
1791990 461
1792000 461
1792010 460
1792020 460
1792030 459
1792040 458
1792050 457
1792060 456
1792070 455
1792080 454
1792090 452
1792100 451
1792110 450
1792120 449
1792130 447
1792140 446
1792150 445
1792160 444
1792170 443
1792180 441
1792190 440
1792200 439
1792210 437
1792220 436
1792230 434
1792240 432
1792250 430
1792260 428
1792270 426
1792280 425
1792290 423
1792300 422
1792310 420
1792320 419
1792330 417
1792340 416
1792350 414
1792360 412
1792370 410
1792380 408
1792390 406
1792400 404
1792410 402
1792420 401
1792430 399
1792440 398
1792450 397
1792460 397
1792470 397
1792480 397
1792490 396
1792500 395
1792510 394
1792520 392
1792530 392
1792540 391
1792550 391
1792560 390
1792570 393
1792580 395
1792590 396
1792600 396
1792610 396
1792620 397
1792630 397
1792640 397
1792650 397
1792660 397
1792670 398
1792680 398
1792690 398
1792700 398
1792710 398
1792720 400
1792730 403
1792740 406
1792750 410
1792760 414
1792770 419
1792780 423
1792790 426
1792800 426
1792810 426
1792820 425
1792830 425
1792840 424
1792850 423
1792860 423
1792870 422
1792880 422
1792890 422
1792900 422
1792910 422
1792920 422
1792930 422
1792940 422
1792950 422
1792960 422
1792970 422
1792980 422
1792990 422
1793000 422
1793010 423
1793020 423
1793030 423
1793040 423
1793050 424
1793060 424
1793070 424
1793080 425
1793090 425
1793100 425
1793110 426
1793120 426
1793130 426
1793140 427
1793150 427
1793160 428
1793170 428
1793180 428
1793190 428
1793200 429
1793210 429
1793220 429
1793230 429
1793240 430
1793250 430
1793260 429
1793270 429
1793280 429
1793290 429
1793300 429
1793310 429
1793320 430
1793330 430
1793340 430
1793350 430
1793360 430
1793370 431
1793380 431
1793390 431
1793400 431
1793410 431
1793420 431
1793430 431
1793440 431
1793450 431
1793460 431
1793470 431
1793480 432
1793490 432
1793500 433
1793510 433
1793520 433
1793530 434
1793540 434
1793550 435
1793560 435
1793570 435
1793580 435
1793590 435
1793600 435
1793610 436
1793620 436
1793630 436
1793640 435
1793650 435
1793660 435
1793670 436
1793680 436
1793690 436
1793700 436
1793710 436
1793720 436
1793730 437
1793740 437
1793750 437
1793760 437
1793770 437
1793780 437
1793790 437
1793800 437
1793810 438
1793820 438
1793830 438
1793840 439
1793850 439
1793860 439
1793870 439
1793880 439
1793890 439
1793900 439
1793910 439
1793920 439
1793930 439
1793940 439
1793950 439
1793960 439
1793970 439
1793980 438
1793990 438
1794000 438
1794010 438
1794020 437
1794030 437
1794040 437
1794050 437
1794060 437
1794070 436
1794080 436
1794090 435
1794100 435
1794110 434
1794120 433
1794130 433
1794140 432
1794150 431
1794160 431
1794170 430
1794180 430
1794190 429
1794200 428
1794210 428
1794220 427
1794230 426
1794240 426
1794250 425
1794260 424
1794270 423
1794280 422
1794290 421
1794300 420
1794310 419
1794320 418
1794330 417
1794340 416
1794350 415
1794360 414
1794370 413
1794380 412
1794390 411
1794400 409
1794410 408
1794420 407
1794430 406
1794440 404
1794450 403
1794460 402
1794470 401
1794480 400
1794490 398
1794500 397
1794510 396
1794520 395
1794530 394
1794540 392
1794550 391
1794560 390
1794570 389
1794580 387
1794590 386
1794600 385
1794610 384
1794620 383
1794630 382
1794640 381
1794650 380
1794660 378
1794670 376
1794680 373
1794690 370
1794700 369
1794710 368
1794720 368
1794730 370
1794740 371
1794750 371
1794760 370
1794770 371
1794780 373
1794790 374
1794800 375
1794810 375
1794820 376
1794830 376
1794840 376
1794850 377
1794860 378
1794870 378
1794880 379
1794890 379
1794900 380
1794910 381
1794920 382
1794930 383
1794940 383
1794950 384
1794960 385
1794970 386
1794980 386
1794990 387
1795000 388
1795010 389
1795020 390
1795030 391
1795040 392
1795050 393
1795060 394
1795070 396
1795080 397
1795090 399
1795100 401
1795110 403
1795120 404
1795130 406
1795140 407
1795150 409
1795160 410
1795170 411
1795180 412
1795190 413
1795200 414
1795210 415
1795220 416
1795230 417
1795240 418
1795250 418
1795260 419
1795270 419
1795280 420
1795290 420
1795300 420
1795310 420
1795320 420
1795330 420
1795340 420
1795350 420
1795360 419
1795370 419
1795380 418
1795390 418
1795400 417
1795410 416
1795420 416
1795430 415
1795440 414
1795450 413
1795460 412
1795470 412
1795480 411
1795490 410
1795500 409
1795510 408
1795520 407
1795530 406
1795540 405
1795550 405
1795560 404
1795570 403
1795580 402
1795590 401
1795600 401
1795610 400
1795620 399
1795630 399
1795640 398
1795650 397
1795660 397
1795670 396
1795680 395
1795690 395
1795700 394
1795710 393
1795720 393
1795730 392
1795740 391
1795750 390
1795760 389
1795770 388
1795780 388
1795790 387
1795800 386
1795810 385
1795820 383
1795830 382
1795840 380
1795850 378
1795860 376
1795870 375
1795880 373
1795890 371
1795900 369
1795910 367
1795920 364
1795930 362
1795940 363
1795950 367
1795960 368
1795970 370
1795980 371
1795990 373
1796000 376
1796010 378
1796020 381
1796030 383
1796040 384
1796050 386
1796060 386
1796070 387
1796080 388
1796090 388
1796100 388
1796110 389
1796120 389
1796130 390
1796140 390
1796150 391
1796160 391
1796170 391
1796180 392
1796190 392
1796200 392
1796210 393
1796220 393
1796230 393
1796240 394
1796250 394
1796260 394
1796270 394
1796280 394
1796290 394
1796300 394
1796310 394
1796320 394
1796330 394
1796340 394
1796350 393
1796360 393
1796370 392
1796380 392
1796390 392
1796400 391
1796410 391
1796420 390
1796430 389
1796440 389
1796450 389
1796460 388
1796470 388
1796480 387
1796490 387
1796500 387
1796510 386
1796520 386
1796530 386
1796540 386
1796550 385
1796560 385
1796570 385
1796580 384
1796590 384
1796600 384
1796610 384
1796620 383
1796630 383
1796640 383
1796650 382
1796660 382
1796670 382
1796680 382
1796690 382
1796700 382
1796710 381
1796720 380
1796730 379
1796740 379
1796750 379
1796760 379
1796770 379
1796780 379
1796790 378
1796800 378
1796810 377
1796820 377
1796830 376
1796840 375
1796850 374
1796860 373
1796870 373
1796880 372
1796890 371
1796900 371
1796910 370
1796920 369
1796930 368
1796940 368
1796950 366
1796960 365
1796970 364
1796980 363
1796990 362
1797000 361
1797010 359
1797020 357
1797030 354
1797040 352
1797050 351
1797060 349
1797070 348
1797080 347
1797090 346
1797100 344
1797110 343
1797120 342
1797130 340
1797140 338
1797150 337
1797160 336
1797170 334
1797180 332
1797190 331
1797200 330
1797210 330
1797220 328
1797230 327
1797240 325
1797250 325
1797260 325
1797270 324
1797280 323
1797290 324
1797300 326
1797310 328
1797320 329
1797330 329
1797340 330
1797350 331
1797360 332
1797370 332
1797380 333
1797390 333
1797400 332
1797410 332
1797420 332
1797430 334
1797440 337
1797450 338
1797460 340
1797470 342
1797480 344
1797490 346
1797500 347
1797510 349
1797520 350
1797530 351
1797540 352
1797550 352
1797560 353
1797570 353
1797580 354
1797590 354
1797600 355
1797610 356
1797620 356
1797630 357
1797640 357
1797650 357
1797660 356
1797670 356
1797680 355
1797690 354
1797700 354
1797710 354
1797720 353
1797730 355
1797740 356
1797750 357
1797760 359
1797770 360
1797780 361
1797790 362
1797800 363
1797810 364
1797820 364
1797830 365
1797840 365
1797850 366
1797860 366
1797870 367
1797880 367
1797890 368
1797900 368
1797910 369
1797920 370
1797930 370
1797940 371
1797950 372
1797960 372
1797970 373
1797980 373
1797990 374
1798000 374
1798010 374
1798020 374
1798030 375
1798040 375
1798050 375
1798060 375
1798070 375
1798080 376
1798090 376
1798100 376
1798110 375
1798120 375
1798130 375
1798140 375
1798150 375
1798160 375
1798170 374
1798180 373
1798190 373
1798200 373
1798210 373
1798220 373
1798230 373
1798240 372
1798250 371
1798260 370
1798270 370
1798280 370
1798290 369
1798300 368
1798310 367
1798320 366
1798330 365
1798340 364
1798350 363
1798360 362
1798370 361
1798380 360
1798390 359
1798400 358
1798410 357
1798420 356
1798430 355
1798440 354
1798450 352
1798460 351
1798470 350
1798480 349
1798490 348
1798500 347
1798510 346
1798520 345
1798530 344
1798540 343
1798550 341
1798560 340
1798570 339
1798580 337
1798590 336
1798600 335
1798610 333
1798620 331
1798630 330
1798640 330
1798650 330
1798660 330
1798670 329
1798680 328
1798690 328
1798700 327
1798710 326
1798720 325
1798730 324
1798740 323
1798750 322
1798760 321
1798770 320
1798780 319
1798790 319
1798800 318
1798810 317
1798820 316
1798830 315
1798840 315
1798850 314
1798860 313
1798870 312
1798880 311
1798890 310
1798900 309
1798910 308
1798920 307
1798930 306
1798940 305
1798950 304
1798960 303
1798970 303
1798980 302
1798990 301
1799000 300
1799010 300
1799020 299
1799030 299
1799040 298
1799050 297
1799060 296
1799070 296
1799080 295
1799090 294
1799100 293
1799110 292
1799120 291
1799130 290
1799140 289
1799150 288
1799160 287
1799170 286
1799180 285
1799190 284
1799200 283
1799210 283
1799220 282
1799230 281
1799240 280
1799250 279
1799260 279
1799270 278
1799280 277
1799290 276
1799300 275
1799310 274
1799320 273
1799330 272
1799340 270
1799350 269
1799360 267
1799370 264
1799380 263
1799390 261
1799400 260
1799410 258
1799420 256
1799430 256
1799440 256
1799450 255
1799460 255
1799470 258
1799480 259
1799490 260
1799500 261
1799510 261
1799520 261
1799530 261
1799540 261
1799550 261
1799560 261
1799570 261
1799580 261
1799590 261
1799600 260
1799610 260
1799620 260
1799630 260
1799640 261
1799650 262
1799660 262
1799670 263
1799680 263
1799690 263
1799700 264
1799710 266
1799720 268
1799730 270
1799740 273
1799750 274
1799760 276
1799770 277
1799780 278
1799790 280
1799800 281
1799810 282
1799820 283
1799830 284
1799840 285
1799850 286
1799860 287
1799870 289
1799880 290
1799890 291
1799900 293
1799910 294
1799920 295
1799930 296
1799940 298
1799950 299
1799960 300
1799970 301
1799980 303
1799990 304
