1780000 249
1780010 249
1780020 249
1780030 249
1780040 248
1780050 248
1780060 248
1780070 248
1780080 247
1780090 247
1780100 246
1780110 246
1780120 245
1780130 245
1780140 244
1780150 243
1780160 243
1780170 242
1780180 241
1780190 241
1780200 240
1780210 240
1780220 239
1780230 239
1780240 238
1780250 238
1780260 237
1780270 237
1780280 236
1780290 236
1780300 236
1780310 235
1780320 235
1780330 234
1780340 234
1780350 234
1780360 233
1780370 233
1780380 233
1780390 232
1780400 232
1780410 231
1780420 231
1780430 231
1780440 230
1780450 230
1780460 230
1780470 229
1780480 229
1780490 229
1780500 229
1780510 228
1780520 228
1780530 228
1780540 227
1780550 227
1780560 226
1780570 225
1780580 225
1780590 224
1780600 224
1780610 223
1780620 223
1780630 222
1780640 222
1780650 222
1780660 222
1780670 221
1780680 221
1780690 221
1780700 221
1780710 221
1780720 221
1780730 220
1780740 220
1780750 220
1780760 220
1780770 219
1780780 219
1780790 219
1780800 219
1780810 220
1780820 220
1780830 221
1780840 221
1780850 222
1780860 223
1780870 224
1780880 226
1780890 228
1780900 230
1780910 231
1780920 232
1780930 234
1780940 236
1780950 237
1780960 239
1780970 241
1780980 243
1780990 245
1781000 246
1781010 247
1781020 248
1781030 249
1781040 249
1781050 250
1781060 250
1781070 250
1781080 250
1781090 250
1781100 250
1781110 250
1781120 250
1781130 250
1781140 250
1781150 250
1781160 250
1781170 250
1781180 250
1781190 249
1781200 249
1781210 249
1781220 249
1781230 249
1781240 248
1781250 248
1781260 248
1781270 247
1781280 247
1781290 246
1781300 246
1781310 245
1781320 244
1781330 243
1781340 243
1781350 242
1781360 242
1781370 241
1781380 240
1781390 240
1781400 239
1781410 238
1781420 237
1781430 236
1781440 235
1781450 235
1781460 234
1781470 234
1781480 233
1781490 232
1781500 232
1781510 231
1781520 230
1781530 229
1781540 229
1781550 228
1781560 227
1781570 226
1781580 225
1781590 224
1781600 223
1781610 223
1781620 222
1781630 221
1781640 220
1781650 218
1781660 217
1781670 216
1781680 215
1781690 214
1781700 212
1781710 211
1781720 210
1781730 210
1781740 209
1781750 208
1781760 208
1781770 207
1781780 206
1781790 206
1781800 206
1781810 205
1781820 205
1781830 205
1781840 205
1781850 204
1781860 203
1781870 202
1781880 204
1781890 204
1781900 205
1781910 205
1781920 205
1781930 205
1781940 205
1781950 205
1781960 205
1781970 205
1781980 205
1781990 205
1782000 205
1782010 204
1782020 204
1782030 204
1782040 204
1782050 204
1782060 204
1782070 204
1782080 204
1782090 204
1782100 204
1782110 204
1782120 204
1782130 205
1782140 205
1782150 205
1782160 205
1782170 206
1782180 206
1782190 206
1782200 207
1782210 207
1782220 208
1782230 208
1782240 209
1782250 209
1782260 209
1782270 210
1782280 210
1782290 210
1782300 211
1782310 211
1782320 211
1782330 211
1782340 211
1782350 211
1782360 211
1782370 211
1782380 211
1782390 211
1782400 211
1782410 210
1782420 210
1782430 210
1782440 210
1782450 209
1782460 209
1782470 209
1782480 208
1782490 208
1782500 208
1782510 208
1782520 207
1782530 207
1782540 207
1782550 207
1782560 207
1782570 207
1782580 207
1782590 207
1782600 206
1782610 206
1782620 206
1782630 205
1782640 205
1782650 205
1782660 205
1782670 205
1782680 205
1782690 205
1782700 205
1782710 206
1782720 206
1782730 206
1782740 206
1782750 206
1782760 207
1782770 207
1782780 207
1782790 208
1782800 209
1782810 210
1782820 211
1782830 213
1782840 215
1782850 218
1782860 220
1782870 221
1782880 223
1782890 224
1782900 225
1782910 226
1782920 228
1782930 230
1782940 232
1782950 233
1782960 235
1782970 237
1782980 238
1782990 240
1783000 242
1783010 243
1783020 245
1783030 246
1783040 248
1783050 249
1783060 251
1783070 253
1783080 254
1783090 255
1783100 257
1783110 259
1783120 260
1783130 261
1783140 263
1783150 264
1783160 265
1783170 266
1783180 267
1783190 268
1783200 269
1783210 270
1783220 271
1783230 271
1783240 272
1783250 273
1783260 273
1783270 273
1783280 273
1783290 273
1783300 273
1783310 273
1783320 273
1783330 273
1783340 272
1783350 272
1783360 271
1783370 271
1783380 271
1783390 270
1783400 270
1783410 270
1783420 270
1783430 269
1783440 269
1783450 269
1783460 269
1783470 269
1783480 269
1783490 270
1783500 271
1783510 272
1783520 274
1783530 275
1783540 276
1783550 277
1783560 278
1783570 279
1783580 280
1783590 281
1783600 281
1783610 282
1783620 283
1783630 285
1783640 286
1783650 287
1783660 288
1783670 289
1783680 289
1783690 290
1783700 291
1783710 291
1783720 292
1783730 293
1783740 294
1783750 294
1783760 295
1783770 296
1783780 297
1783790 298
1783800 298
1783810 299
1783820 300
1783830 301
1783840 302
1783850 303
1783860 304
1783870 304
1783880 305
1783890 306
1783900 307
1783910 308
1783920 309
1783930 309
1783940 310
1783950 311
1783960 312
1783970 312
1783980 313
1783990 314
1784000 314
1784010 315
1784020 315
1784030 315
1784040 316
1784050 316
1784060 316
1784070 316
1784080 316
1784090 315
1784100 315
1784110 315
1784120 314
1784130 314
1784140 314
1784150 314
1784160 314
1784170 313
1784180 313
1784190 313
1784200 313
1784210 314
1784220 314
1784230 314
1784240 314
1784250 314
1784260 314
1784270 315
1784280 315
1784290 315
1784300 316
1784310 316
1784320 316
1784330 317
1784340 317
1784350 318
1784360 318
1784370 319
1784380 319
1784390 319
1784400 320
1784410 320
1784420 321
1784430 321
1784440 321
1784450 321
1784460 321
1784470 322
1784480 323
1784490 324
1784500 325
1784510 325
1784520 326
1784530 327
1784540 327
1784550 328
1784560 329
1784570 329
1784580 330
1784590 331
1784600 331
1784610 332
1784620 333
1784630 334
1784640 334
1784650 335
1784660 336
1784670 337
1784680 337
1784690 338
1784700 338
1784710 339
1784720 339
1784730 340
1784740 340
1784750 340
1784760 340
1784770 341
1784780 341
1784790 342
1784800 343
1784810 344
1784820 344
1784830 345
1784840 345
1784850 345
1784860 345
1784870 345
1784880 345
1784890 345
1784900 345
1784910 345
1784920 344
1784930 344
1784940 344
1784950 344
1784960 344
1784970 344
1784980 344
1784990 344
1785000 344
1785010 343
1785020 343
1785030 343
1785040 343
1785050 342
1785060 341
1785070 340
1785080 339
1785090 338
1785100 338
1785110 338
1785120 339
1785130 339
1785140 338
1785150 338
1785160 338
1785170 337
1785180 337
1785190 337
1785200 338
1785210 338
1785220 339
1785230 339
1785240 340
1785250 341
1785260 342
1785270 342
1785280 342
1785290 342
1785300 343
1785310 343
1785320 343
1785330 344
1785340 345
1785350 346
1785360 347
1785370 348
1785380 349
1785390 351
1785400 353
1785410 354
1785420 356
1785430 358
1785440 360
1785450 362
1785460 364
1785470 365
1785480 366
1785490 367
1785500 368
1785510 369
1785520 370
1785530 372
1785540 373
1785550 374
1785560 376
1785570 378
1785580 379
1785590 381
1785600 382
1785610 384
1785620 385
1785630 387
1785640 388
1785650 390
1785660 390
1785670 391
1785680 391
1785690 391
1785700 391
1785710 391
1785720 391
1785730 391
1785740 390
1785750 390
1785760 390
1785770 389
1785780 389
1785790 389
1785800 388
1785810 387
1785820 387
1785830 386
1785840 386
1785850 385
1785860 384
1785870 383
1785880 383
1785890 382
1785900 381
1785910 379
1785920 378
1785930 376
1785940 375
1785950 373
1785960 372
1785970 371
1785980 370
1785990 369
1786000 368
1786010 367
1786020 366
1786030 365
1786040 363
1786050 362
1786060 360
1786070 359
1786080 357
1786090 356
1786100 355
1786110 354
1786120 353
1786130 352
1786140 351
1786150 350
1786160 348
1786170 347
1786180 346
1786190 346
1786200 345
1786210 344
1786220 343
1786230 342
1786240 341
1786250 340
1786260 339
1786270 338
1786280 338
1786290 337
1786300 336
1786310 335
1786320 335
1786330 334
1786340 333
1786350 332
1786360 332
1786370 331
1786380 330
1786390 330
1786400 329
1786410 329
1786420 328
1786430 327
1786440 327
1786450 326
1786460 325
1786470 324
1786480 323
1786490 322
1786500 321
1786510 320
1786520 319
1786530 318
1786540 317
1786550 316
1786560 314
1786570 313
1786580 312
1786590 311
1786600 310
1786610 308
1786620 307
1786630 305
1786640 304
1786650 302
1786660 300
1786670 298
1786680 296
1786690 295
1786700 293
1786710 292
1786720 291
1786730 290
1786740 289
1786750 289
1786760 288
1786770 288
1786780 287
1786790 287
1786800 286
1786810 285
1786820 285
1786830 284
1786840 283
1786850 282
1786860 281
1786870 280
1786880 279
1786890 278
1786900 277
1786910 276
1786920 275
1786930 274
1786940 273
1786950 272
1786960 271
1786970 271
1786980 270
1786990 269
1787000 268
1787010 267
1787020 266
1787030 265
1787040 264
1787050 263
1787060 261
1787070 259
1787080 257
1787090 254
1787100 252
1787110 251
1787120 249
1787130 248
1787140 247
1787150 246
1787160 245
1787170 244
1787180 244
1787190 243
1787200 241
1787210 240
1787220 239
1787230 238
1787240 237
1787250 235
1787260 234
1787270 233
1787280 232
1787290 232
1787300 232
1787310 231
1787320 231
1787330 231
1787340 230
1787350 230
1787360 229
1787370 228
1787380 228
1787390 229
1787400 230
1787410 232
1787420 235
1787430 240
1787440 244
1787450 247
1787460 249
1787470 251
1787480 253
1787490 255
1787500 257
1787510 259
1787520 260
1787530 261
1787540 262
1787550 262
1787560 263
1787570 263
1787580 264
1787590 265
1787600 265
1787610 266
1787620 267
1787630 267
1787640 267
1787650 268
1787660 269
1787670 270
1787680 272
1787690 273
1787700 274
1787710 275
1787720 276
1787730 278
1787740 279
1787750 280
1787760 281
1787770 283
1787780 284
1787790 285
1787800 287
1787810 289
1787820 291
1787830 292
1787840 294
1787850 296
1787860 297
1787870 299
1787880 300
1787890 301
1787900 303
1787910 304
1787920 305
1787930 307
1787940 308
1787950 309
1787960 310
1787970 311
1787980 312
1787990 314
1788000 315
1788010 316
1788020 317
1788030 318
1788040 320
1788050 321
1788060 322
1788070 322
1788080 323
1788090 324
1788100 325
1788110 325
1788120 326
1788130 327
1788140 327
1788150 328
1788160 328
1788170 328
1788180 329
1788190 329
1788200 330
1788210 330
1788220 331
1788230 331
1788240 331
1788250 332
1788260 332
1788270 331
1788280 331
1788290 330
1788300 329
1788310 328
1788320 328
1788330 327
1788340 326
1788350 326
1788360 325
1788370 325
1788380 324
1788390 324
1788400 323
1788410 323
1788420 323
1788430 323
1788440 324
1788450 324
1788460 324
1788470 324
1788480 324
1788490 324
1788500 324
1788510 325
1788520 325
1788530 325
1788540 325
1788550 326
1788560 326
1788570 327
1788580 329
1788590 330
1788600 331
1788610 333
1788620 335
1788630 336
1788640 338
1788650 339
1788660 340
1788670 341
1788680 342
1788690 344
1788700 345
1788710 346
1788720 347
1788730 348
1788740 350
1788750 351
1788760 352
1788770 353
1788780 354
1788790 355
1788800 356
1788810 357
1788820 358
1788830 359
1788840 360
1788850 362
1788860 363
1788870 364
1788880 365
1788890 366
1788900 367
1788910 368
1788920 370
1788930 371
1788940 371
1788950 372
1788960 373
1788970 374
1788980 375
1788990 376
1789000 377
1789010 378
1789020 379
1789030 381
1789040 382
1789050 383
1789060 383
1789070 384
1789080 385
1789090 386
1789100 386
