1780000 247
1780010 247
1780020 247
1780030 247
1780040 246
1780050 246
1780060 246
1780070 245
1780080 245
1780090 245
1780100 244
1780110 244
1780120 244
1780130 244
1780140 244
1780150 244
1780160 243
1780170 243
1780180 243
1780190 243
1780200 242
1780210 242
1780220 242
1780230 241
1780240 241
1780250 240
1780260 239
1780270 239
1780280 238
1780290 238
1780300 237
1780310 236
1780320 236
1780330 235
1780340 235
1780350 234
1780360 233
1780370 233
1780380 232
1780390 232
1780400 231
1780410 230
1780420 230
1780430 229
1780440 229
1780450 228
1780460 228
1780470 228
1780480 227
1780490 227
1780500 227
1780510 226
1780520 226
1780530 226
1780540 225
1780550 225
1780560 225
1780570 225
1780580 225
1780590 226
1780600 226
1780610 226
1780620 227
1780630 228
1780640 229
1780650 230
1780660 232
1780670 234
1780680 235
1780690 236
1780700 237
1780710 238
1780720 240
1780730 241
1780740 243
1780750 244
1780760 245
1780770 246
1780780 247
1780790 248
1780800 249
1780810 250
1780820 251
1780830 252
1780840 252
1780850 253
1780860 253
1780870 254
1780880 254
1780890 254
1780900 254
1780910 254
1780920 254
1780930 254
1780940 254
1780950 254
1780960 254
1780970 254
1780980 254
1780990 253
1781000 253
1781010 253
1781020 253
1781030 253
1781040 253
1781050 253
1781060 252
1781070 252
1781080 252
1781090 252
1781100 251
1781110 251
1781120 251
1781130 251
1781140 251
1781150 251
1781160 250
1781170 250
1781180 250
1781190 250
1781200 249
1781210 249
1781220 249
1781230 248
1781240 248
1781250 247
1781260 247
1781270 247
1781280 246
1781290 246
1781300 246
1781310 246
1781320 245
1781330 245
1781340 245
1781350 244
1781360 244
1781370 244
1781380 244
1781390 244
1781400 243
1781410 243
1781420 243
1781430 243
1781440 243
1781450 242
1781460 242
1781470 241
1781480 241
1781490 241
1781500 240
1781510 240
1781520 240
1781530 239
1781540 239
1781550 239
1781560 238
1781570 238
1781580 237
1781590 237
1781600 236
1781610 236
1781620 235
1781630 235
1781640 235
1781650 235
1781660 234
1781670 234
1781680 233
1781690 233
1781700 232
1781710 232
1781720 231
1781730 231
1781740 230
1781750 229
1781760 228
1781770 228
1781780 227
1781790 226
1781800 225
1781810 223
1781820 222
1781830 221
1781840 219
1781850 216
1781860 214
1781870 211
1781880 209
1781890 208
1781900 208
1781910 208
1781920 208
1781930 207
1781940 207
1781950 206
1781960 206
1781970 205
1781980 205
1781990 205
1782000 204
1782010 204
1782020 204
1782030 204
1782040 204
1782050 204
1782060 204
1782070 203
1782080 203
1782090 203
1782100 203
1782110 203
1782120 202
1782130 202
1782140 201
1782150 200
1782160 201
1782170 202
1782180 202
1782190 202
1782200 202
1782210 202
1782220 202
1782230 202
1782240 202
1782250 202
1782260 202
1782270 202
1782280 202
1782290 202
1782300 202
1782310 202
1782320 202
1782330 202
1782340 202
1782350 202
1782360 202
1782370 202
1782380 203
1782390 203
1782400 203
1782410 204
1782420 204
1782430 204
1782440 204
1782450 204
1782460 204
1782470 204
1782480 204
1782490 204
1782500 204
1782510 204
1782520 203
1782530 203
1782540 204
1782550 205
1782560 205
1782570 206
1782580 206
1782590 207
1782600 208
1782610 208
1782620 209
1782630 209
1782640 210
1782650 211
1782660 211
1782670 212
1782680 213
1782690 213
1782700 214
1782710 214
1782720 215
1782730 216
1782740 216
1782750 217
1782760 218
1782770 218
1782780 219
1782790 219
1782800 220
1782810 220
1782820 221
1782830 221
1782840 222
1782850 222
1782860 223
1782870 223
1782880 224
1782890 224
1782900 225
1782910 226
1782920 226
1782930 227
1782940 228
1782950 228
1782960 229
1782970 229
1782980 229
1782990 230
1783000 230
1783010 230
1783020 230
1783030 231
1783040 231
1783050 231
1783060 232
1783070 232
1783080 232
1783090 233
1783100 233
1783110 233
1783120 234
1783130 235
1783140 235
1783150 236
1783160 236
1783170 237
1783180 237
1783190 237
1783200 237
1783210 237
1783220 238
1783230 238
1783240 237
1783250 237
1783260 237
1783270 237
1783280 237
1783290 236
1783300 236
1783310 235
1783320 235
1783330 234
1783340 232
1783350 230
1783360 228
1783370 227
1783380 228
1783390 230
1783400 232
1783410 235
1783420 236
1783430 238
1783440 240
1783450 241
1783460 243
1783470 244
1783480 246
1783490 247
1783500 247
1783510 248
1783520 250
1783530 252
1783540 253
1783550 255
1783560 256
1783570 258
1783580 259
1783590 260
1783600 261
1783610 262
1783620 263
1783630 264
1783640 265
1783650 266
1783660 267
1783670 268
1783680 268
1783690 269
1783700 270
1783710 271
1783720 271
1783730 272
1783740 273
1783750 273
1783760 274
1783770 274
1783780 275
1783790 275
1783800 276
1783810 276
1783820 277
1783830 277
1783840 278
1783850 278
1783860 278
1783870 279
1783880 279
1783890 280
1783900 281
1783910 281
1783920 282
1783930 282
1783940 282
1783950 283
1783960 283
1783970 283
1783980 284
1783990 284
1784000 284
1784010 284
1784020 284
1784030 283
1784040 283
1784050 282
1784060 282
1784070 281
1784080 281
1784090 280
1784100 279
1784110 278
1784120 278
1784130 277
1784140 277
1784150 277
1784160 278
1784170 278
1784180 278
1784190 278
1784200 278
1784210 278
1784220 277
1784230 277
1784240 276
1784250 275
1784260 274
1784270 272
1784280 272
1784290 272
1784300 273
1784310 273
1784320 272
1784330 272
1784340 271
1784350 271
1784360 270
1784370 270
1784380 270
1784390 269
1784400 269
1784410 269
1784420 270
1784430 270
1784440 270
1784450 270
1784460 270
1784470 269
1784480 270
1784490 271
1784500 273
1784510 273
1784520 274
1784530 275
1784540 275
1784550 276
1784560 277
1784570 277
1784580 278
1784590 279
1784600 281
1784610 282
1784620 283
1784630 285
1784640 286
1784650 287
1784660 288
1784670 289
1784680 291
1784690 291
1784700 292
1784710 293
1784720 293
1784730 294
1784740 294
1784750 294
1784760 294
1784770 294
1784780 293
1784790 293
1784800 292
1784810 292
1784820 291
1784830 290
1784840 290
1784850 289
1784860 288
1784870 288
1784880 288
1784890 287
1784900 287
1784910 287
1784920 288
1784930 287
1784940 287
1784950 286
1784960 286
1784970 285
1784980 285
1784990 285
1785000 284
1785010 284
1785020 284
1785030 284
1785040 284
1785050 284
1785060 284
1785070 284
1785080 284
1785090 285
1785100 286
1785110 286
1785120 287
1785130 287
1785140 287
1785150 288
1785160 288
1785170 289
1785180 290
1785190 290
1785200 291
1785210 291
1785220 292
1785230 292
1785240 293
1785250 293
1785260 294
1785270 294
1785280 294
1785290 294
1785300 295
1785310 295
1785320 295
1785330 296
1785340 297
1785350 298
1785360 299
1785370 299
1785380 300
1785390 302
1785400 303
1785410 305
1785420 306
1785430 308
1785440 310
1785450 311
1785460 312
1785470 314
1785480 315
1785490 316
1785500 318
1785510 319
1785520 320
1785530 321
1785540 323
1785550 324
1785560 325
1785570 326
1785580 327
1785590 329
1785600 330
1785610 332
1785620 333
1785630 334
1785640 336
1785650 337
1785660 338
1785670 339
1785680 340
1785690 341
1785700 342
1785710 343
1785720 344
1785730 345
1785740 345
1785750 345
1785760 346
1785770 346
1785780 346
1785790 345
1785800 344
1785810 343
1785820 342
1785830 342
1785840 341
1785850 340
1785860 340
1785870 339
1785880 339
1785890 339
1785900 340
1785910 340
1785920 340
1785930 340
1785940 339
1785950 338
1785960 338
1785970 337
1785980 336
1785990 335
1786000 335
1786010 335
1786020 334
1786030 334
1786040 334
1786050 334
1786060 334
1786070 334
1786080 333
1786090 333
1786100 332
1786110 332
1786120 332
1786130 332
1786140 332
1786150 332
1786160 332
1786170 332
1786180 331
1786190 331
1786200 330
1786210 329
1786220 329
1786230 328
1786240 327
1786250 327
1786260 326
1786270 326
1786280 325
1786290 324
1786300 324
1786310 323
1786320 323
1786330 323
1786340 323
1786350 324
1786360 324
1786370 325
1786380 326
1786390 327
1786400 328
1786410 330
1786420 332
1786430 334
1786440 336
1786450 339
1786460 340
1786470 342
1786480 342
1786490 342
1786500 341
1786510 340
1786520 339
1786530 339
1786540 338
1786550 337
1786560 337
1786570 336
1786580 336
1786590 335
1786600 334
1786610 334
1786620 333
1786630 332
1786640 331
1786650 330
1786660 329
1786670 328
1786680 327
1786690 325
1786700 324
1786710 322
1786720 321
1786730 319
1786740 317
1786750 315
1786760 313
1786770 311
1786780 309
1786790 307
1786800 305
1786810 303
1786820 301
1786830 300
1786840 298
1786850 297
1786860 295
1786870 294
1786880 293
1786890 291
1786900 290
1786910 289
1786920 287
1786930 286
1786940 284
1786950 283
1786960 282
1786970 281
1786980 279
1786990 278
1787000 276
1787010 274
1787020 273
1787030 271
1787040 270
1787050 269
1787060 268
1787070 267
1787080 266
1787090 265
1787100 264
1787110 262
1787120 261
1787130 259
1787140 258
1787150 256
1787160 255
1787170 253
1787180 252
1787190 251
1787200 250
1787210 248
1787220 247
1787230 245
1787240 244
1787250 242
1787260 241
1787270 240
1787280 238
1787290 236
1787300 235
1787310 233
1787320 232
1787330 231
1787340 231
1787350 230
1787360 230
1787370 229
1787380 229
1787390 228
1787400 228
1787410 227
1787420 227
1787430 226
1787440 226
1787450 227
1787460 226
1787470 226
1787480 226
1787490 226
1787500 226
1787510 226
1787520 226
1787530 226
1787540 226
1787550 226
1787560 226
1787570 227
1787580 227
1787590 228
1787600 230
1787610 233
1787620 238
1787630 243
1787640 247
1787650 249
1787660 251
1787670 252
1787680 254
1787690 255
1787700 257
1787710 258
1787720 260
1787730 262
1787740 263
1787750 265
1787760 266
1787770 267
1787780 268
1787790 269
1787800 270
1787810 272
1787820 273
1787830 274
1787840 275
1787850 276
1787860 278
1787870 280
1787880 281
1787890 283
1787900 284
1787910 287
1787920 289
1787930 291
1787940 292
1787950 294
1787960 295
1787970 298
1787980 299
1787990 300
1788000 302
1788010 303
1788020 304
1788030 305
1788040 306
1788050 308
1788060 310
1788070 313
1788080 315
1788090 316
1788100 317
1788110 317
1788120 317
1788130 317
1788140 317
1788150 317
1788160 317
1788170 318
1788180 318
1788190 319
1788200 320
1788210 321
1788220 323
1788230 325
1788240 326
1788250 328
1788260 330
1788270 331
1788280 332
1788290 333
1788300 334
1788460 313
1788470 313
