1788220 246
1788230 247
1788240 248
1788250 250
1788260 252
1788270 253
1788280 255
1788290 257
1788300 258
1788310 260
1788320 261
1788330 263
1788340 264
1788350 265
1788360 266
1788370 267
1788380 269
1788390 270
1788400 271
1788410 273
1788420 275
1788430 276
1788440 278
1788450 279
1788460 281
1788470 282
1788480 283
1788490 284
1788500 285
1788510 286
1788520 287
1788530 288
1788540 289
1788550 290
1788560 292
1788570 293
1788580 294
1788590 295
1788600 297
1788610 298
1788620 298
1788630 299
1788640 299
1788650 299
1788660 299
1788670 300
1788680 300
1788690 300
1788700 300
1788710 300
1788720 300
1788730 299
1788740 299
1788750 299
1788760 299
1788770 298
1788780 297
1788790 295
1788800 292
1788810 291
1788820 293
1788830 295
1788840 297
1788850 298
1788860 299
1788870 300
1788880 302
1788890 304
1788900 306
1788910 308
1788920 310
1788930 312
1788940 314
1788950 315
1788960 317
1788970 318
1788980 319
1788990 319
1789000 320
1789010 321
1789020 321
1789030 321
1789040 322
1789050 321
1789060 321
1789070 321
1789080 320
1789090 320
1789100 319
1789110 319
1789120 319
1789130 319
1789140 319
1789150 318
1789160 318
1789170 318
1789180 318
1789190 318
1789200 318
1789210 318
1789220 318
1789230 318
1789240 318
1789250 317
1789260 317
1789270 315
1789280 314
1790570 346
1790580 346
1790590 350
1790600 353
1790610 356
1790620 359
1790630 361
1790640 363
1790650 365
1790660 366
1790670 367
1790680 369
1790690 370
1790700 371
1790710 372
1790720 373
1790730 373
1790740 374
1790750 374
1790760 375
1790770 375
1790780 375
1790790 375
1790800 374
1790810 374
1790820 374
1790830 373
1790840 373
1790850 373
1790860 373
1790870 373
1790880 373
1790890 373
1790900 374
1790910 374
1790920 374
1790930 375
1790940 375
1790950 375
1790960 376
1790970 377
1790980 378
1790990 379
1791000 380
1791010 382
1791020 383
1791030 384
1791040 385
1791050 386
1791060 387
1791070 388
1791080 389
1791090 389
1791100 390
1791110 390
1791120 391
1791130 391
1791140 391
1791150 392
1791160 392
1791170 392
1791180 392
1791190 392
1791200 392
1791210 392
1791220 391
1791230 391
1791240 391
1791250 390
1794320 308
1794330 309
1794340 309
1794350 310
1794360 311
1794370 312
1794380 313
1794390 314
1794400 315
1794410 317
1794420 318
1794430 320
1794440 322
1794450 323
1794460 325
1794470 327
1794480 328
1794490 330
1794500 331
1794510 332
1794520 332
1794530 333
1794540 334
1794550 334
1794560 335
1794570 335
1794580 336
1794590 336
1794600 337
1794610 337
1794620 337
1794630 338
1794640 338
1794650 338
1794660 339
1794670 339
1794680 339
1794690 340
1794700 340
1794710 340
1794720 340
1794730 340
1794740 340
1794750 340
1794760 340
1794770 340
1794780 341
1794790 341
1794800 341
1794810 341
1794820 341
1794830 341
1794840 341
1794850 341
1794860 341
1794870 340
1794880 340
1794890 338
1794900 337
1794910 336
1794920 337
1794930 338
1794940 338
1794950 338
1794960 337
1794970 336
1794980 335
1794990 334
1795000 334
1795010 333
1795020 334
1795030 336
1795040 338
1795050 341
1795060 342
1795070 344
1795080 346
1795090 348
1795100 349
1795110 351
1795120 353
1795130 354
1795140 356
1795150 357
1795160 358
1795170 359
1795180 360
1795190 361
1795200 362
1795210 363
1795220 364
1795230 365
1795240 365
1795250 366
1795260 367
1795270 368
1795280 368
1795290 369
1795300 370
1795310 371
1795320 371
1795330 372
1795340 372
1795350 373
1795360 373
1795370 374
1795380 374
1795390 374
1795400 375
1795410 375
1795420 375
1795430 376
1795440 376
1795450 376
1795460 376
1795470 376
1795480 376
1795490 376
1795500 377
1795510 376
1795520 376
1795530 376
1795540 376
1795550 376
1795560 376
1795570 376
1795580 375
1795590 375
1795600 374
1795610 374
1795620 373
1795630 372
1795640 371
1795650 371
1795660 370
1795670 369
1795680 368
1795690 367
1795700 367
1795710 366
1795720 365
1795730 364
1795740 363
1795750 362
1795760 361
1795770 361
1795780 360
1795790 359
1795800 358
1795810 357
1795820 356
1795830 355
1795840 354
1795850 353
1795860 352
1795870 351
1795880 350
1795890 348
1795900 347
1795910 345
1795920 344
1795930 342
1795940 339
1795950 337
1795960 334
1795970 332
1795980 330
1795990 330
1796000 331
1796010 332
1796020 331
1796030 330
1796040 329
1796050 328
1796060 329
1796070 330
1796080 330
1796090 331
1796100 331
1796110 331
1796120 331
1796130 331
1796140 331
1796150 331
1796160 331
1796170 331
1796180 330
1796190 330
1796200 329
1796210 329
1796220 328
1796230 327
1796240 326
1796250 326
1796260 325
1796270 324
1796280 323
1796290 323
1796300 322
1796310 321
1796320 321
1796330 320
1796340 320
1796350 319
1796360 319
1796370 319
1796380 318
1796390 318
1796400 318
1796410 318
1796420 317
1796430 317
1796440 317
1796450 317
1796460 316
1796470 316
1796480 316
1796490 315
1796500 315
1796510 314
1796520 313
1796530 312
1796540 311
1796550 310
1796560 309
1796570 307
1796580 305
1796590 304
1796600 304
1796610 305
1796620 306
1796630 308
1796640 311
1796650 314
1796660 317
1796670 319
1796680 321
1796690 323
1796700 325
1796710 328
1796720 330
1796730 332
1796740 333
1796750 335
1796760 337
1796770 338
1796780 340
1796790 341
1796800 343
1796810 343
1796820 344
1796830 345
1796840 346
1796850 347
1796860 347
1796870 348
1796880 349
1796890 350
1796900 350
1796910 351
1796920 351
1796930 352
1796940 352
1796950 352
1796960 353
1796970 353
1796980 354
1796990 354
1797000 355
1797010 356
1797020 356
1797030 357
1797040 358
1797050 358
1797060 359
1797070 360
1797080 361
1797090 361
1797100 362
1797110 363
1797120 363
1797130 364
1797140 364
1797150 365
1797160 365
1797170 365
1797180 365
1797190 366
1797200 366
1797210 366
1797220 366
1797230 366
1797240 366
1797250 366
1797260 366
1797270 366
1797280 366
1797290 365
1797300 365
1797310 365
1797320 364
1797330 364
1797340 364
1797350 363
1797360 363
1797370 362
1797380 362
1797390 361
1797400 361
1797410 360
1797420 360
1797430 359
1797440 359
1797450 358
1797460 358
1797470 358
1797480 357
1797490 356
1797500 356
1797510 355
1797520 355
1797530 354
1797540 354
1797550 353
1797560 352
1797570 351
1797580 351
1797590 350
1797600 350
1797610 349
1797620 349
1797630 348
1797640 347
1797650 347
1797660 346
1797670 345
1797680 345
1797690 344
1797700 344
1797710 344
1797720 343
1797730 343
1797740 342
1797750 342
1797760 341
1797770 341
1797780 340
1797790 340
1797800 339
1797810 339
1797820 338
1797830 338
1797840 337
1797850 337
1797860 336
1797870 335
1797880 335
1797890 334
1797900 334
1797910 333
1797920 332
1797930 332
1797940 331
1797950 331
1797960 330
1797970 329
1797980 329
1797990 328
1798000 327
1798010 327
1798020 326
1798030 326
1798040 325
1798050 324
1798060 324
1798070 323
1798080 322
1798090 321
1798100 320
1798110 319
1798120 319
1798130 318
1798140 317
1798150 316
1798160 315
1798170 315
1798180 314
1798190 313
1798200 312
1798210 311
1798220 310
1798230 309
1798240 308
1798250 306
1798260 305
1798270 305
1798280 307
1798290 309
1798300 309
1798310 310
1798320 310
1798330 310
1798340 310
1798350 309
1798360 309
1798370 309
1798380 309
1798390 308
1798400 308
1798410 308
1798420 307
1798430 307
1798440 306
1798450 305
1798460 305
1798470 305
1798480 305
1798490 304
1798500 303
1798510 303
1798520 304
1798530 305
1798540 305
1798550 305
1798560 306
1798570 306
1798580 306
1798590 306
1798600 307
1798610 307
1798620 307
1798630 307
1798640 307
1798650 307
1798660 307
1798670 306
1798680 306
1798690 306
1798700 306
1798710 306
1798720 306
1798730 306
1798740 305
1798750 305
1798760 305
1798770 304
1798780 304
1798790 304
1798800 304
1798810 303
1798820 303
1798830 302
1798840 302
1798850 302
1798860 302
1798870 302
1798880 301
1798890 301
1798900 301
1798910 301
1798920 301
1798930 301
1798940 301
1798950 301
1798960 301
1798970 301
1798980 301
1798990 301
1799000 301
1799010 301
1799020 300
1799030 300
1799040 300
1799050 300
1799060 300
1799070 300
1799080 300
1799090 300
1799100 299
1799110 299
1799120 299
1799130 299
1799140 299
1799150 299
1799160 299
1799170 299
1799180 299
1799190 298
1799200 298
1799210 298
1799220 297
1799230 297
1799240 297
1799250 296
1799260 296
1799270 295
1799280 295
1799290 294
1799300 294
1799310 293
1799320 292
1799330 292
1799340 291
1799350 291
1799360 290
1799370 289
1799380 288
1799390 287
1799400 286
1799410 285
1799420 285
1799430 284
1799440 284
1799450 284
1799460 283
1799470 283
1799480 283
1799490 283
1799500 283
1799510 282
1799520 282
1799530 282
1799540 282
1799550 281
1799560 281
1799570 281
1799580 282
1799590 281
1799600 280
1799610 280
1799620 280
1799630 280
1799640 280
1799650 279
1799660 279
1799670 278
1799680 278
1799690 278
1799700 278
1799710 278
1799720 278
1799730 279
1799740 279
1799750 280
1799760 280
1799770 280
1799780 280
1799790 280
1799800 280
1799810 279
1799820 280
1799830 280
1799840 281
1799850 281
1799860 281
1799870 282
1799880 282
1799890 282
1799900 283
1799910 284
1799920 286
1799930 288
1799940 290
1799950 291
1799960 293
1799970 294
1799980 296
1799990 297
1788220 246
1788230 247
1788240 248
1788250 250
1788260 252
1788270 253
1788280 255
1788290 257
1788300 258
1788310 260
1788320 261
1788330 263
1788340 264
1788350 265
1788360 266
1788370 267
1788380 269
1788390 270
1788400 271
1788410 273
1788420 275
1788430 276
1788440 278
1788450 279
1788460 281
1788470 282
1788480 283
1788490 284
1788500 285
1788510 286
1788520 287
1788530 288
1788540 289
1788550 290
1788560 292
1788570 293
1788580 294
1788590 295
1788600 297
1788610 298
1788620 298
1788630 299
1788640 299
1788650 299
1788660 299
1788670 300
1788680 300
1788690 300
1788700 300
1788710 300
1788720 300
1788730 299
1788740 299
1788750 299
1788760 299
1788770 298
1788780 297
1788790 295
1788800 292
1788810 291
1788820 293
1788830 295
1788840 297
1788850 298
1788860 299
1788870 300
1788880 302
1788890 304
1788900 306
1788910 308
1788920 310
1788930 312
1788940 314
1788950 315
1788960 317
1788970 318
1788980 319
1788990 319
1789000 320
1789010 321
1789020 321
1789030 321
1789040 322
1789050 321
1789060 321
1789070 321
1789080 320
1789090 320
1789100 319
1789110 319
1789120 319
1789130 319
1789140 319
1789150 318
1789160 318
1789170 318
1789180 318
1789190 318
1789200 318
1789210 318
1789220 318
1789230 318
1789240 318
1789250 317
1789260 317
1789270 315
1789280 314
1790570 346
1790580 346
1790590 350
1790600 353
1790610 356
1790620 359
1790630 361
1790640 363
1790650 365
1790660 366
1790670 367
1790680 369
1790690 370
1790700 371
1790710 372
1790720 373
1790730 373
1790740 374
1790750 374
1790760 375
1790770 375
1790780 375
1790790 375
1790800 374
1790810 374
1790820 374
1790830 373
1790840 373
1790850 373
1790860 373
1790870 373
1790880 373
1790890 373
1790900 374
1790910 374
1790920 374
1790930 375
1790940 375
1790950 375
1790960 376
1790970 377
1790980 378
1790990 379
1791000 380
1791010 382
1791020 383
1791030 384
1791040 385
1791050 386
1791060 387
1791070 388
1791080 389
1791090 389
1791100 390
1791110 390
1791120 391
1791130 391
1791140 391
1791150 392
1791160 392
1791170 392
1791180 392
1791190 392
1791200 392
1791210 392
1791220 391
1791230 391
1791240 391
1791250 390
1794320 308
1794330 309
1794340 309
1794350 310
1794360 311
1794370 312
1794380 313
1794390 314
1794400 315
1794410 317
1794420 318
1794430 320
1794440 322
1794450 323
1794460 325
1794470 327
1794480 328
1794490 330
1794500 331
1794510 332
1794520 332
1794530 333
1794540 334
1794550 334
1794560 335
1794570 335
1794580 336
1794590 336
1794600 337
1794610 337
1794620 337
1794630 338
1794640 338
1794650 338
1794660 339
1794670 339
1794680 339
1794690 340
1794700 340
1794710 340
1794720 340
1794730 340
1794740 340
1794750 340
1794760 340
1794770 340
1794780 341
1794790 341
1794800 341
1794810 341
1794820 341
1794830 341
1794840 341
1794850 341
1794860 341
1794870 340
1794880 340
1794890 338
1794900 337
1794910 336
1794920 337
1794930 338
1794940 338
1794950 338
1794960 337
1794970 336
1794980 335
1794990 334
1795000 334
1795010 333
1795020 334
1795030 336
1795040 338
1795050 341
1795060 342
1795070 344
1795080 346
1795090 348
1795100 349
1795110 351
1795120 353
1795130 354
1795140 356
1795150 357
1795160 358
1795170 359
1795180 360
1795190 361
1795200 362
1795210 363
1795220 364
1795230 365
1795240 365
1795250 366
1795260 367
1795270 368
1795280 368
1795290 369
1795300 370
1795310 371
1795320 371
1795330 372
1795340 372
1795350 373
1795360 373
1795370 374
1795380 374
1795390 374
1795400 375
1795410 375
1795420 375
1795430 376
1795440 376
1795450 376
1795460 376
1795470 376
1795480 376
1795490 376
1795500 377
1795510 376
1795520 376
1795530 376
1795540 376
1795550 376
1795560 376
1795570 376
1795580 375
1795590 375
1795600 374
1795610 374
1795620 373
1795630 372
1795640 371
1795650 371
1795660 370
1795670 369
1795680 368
1795690 367
1795700 367
1795710 366
1795720 365
1795730 364
1795740 363
1795750 362
1795760 361
1795770 361
1795780 360
1795790 359
1795800 358
1795810 357
1795820 356
1795830 355
1795840 354
1795850 353
1795860 352
1795870 351
1795880 350
1795890 348
1795900 347
1795910 345
1795920 344
1795930 342
1795940 339
1795950 337
1795960 334
1795970 332
1795980 330
1795990 330
1796000 331
1796010 332
1796020 331
1796030 330
1796040 329
1796050 328
1796060 329
1796070 330
1796080 330
1796090 331
1796100 331
1796110 331
1796120 331
1796130 331
1796140 331
1796150 331
1796160 331
1796170 331
1796180 330
1796190 330
1796200 329
1796210 329
1796220 328
1796230 327
1796240 326
1796250 326
1796260 325
1796270 324
1796280 323
1796290 323
1796300 322
1796310 321
1796320 321
1796330 320
1796340 320
1796350 319
1796360 319
1796370 319
1796380 318
1796390 318
1796400 318
1796410 318
1796420 317
1796430 317
1796440 317
1796450 317
1796460 316
1796470 316
1796480 316
1796490 315
1796500 315
1796510 314
1796520 313
1796530 312
1796540 311
1796550 310
1796560 309
1796570 307
1796580 305
1796590 304
1796600 304
1796610 305
1796620 306
1796630 308
1796640 311
1796650 314
1796660 317
1796670 319
1796680 321
1796690 323
1796700 325
1796710 328
1796720 330
1796730 332
1796740 333
1796750 335
1796760 337
1796770 338
1796780 340
1796790 341
1796800 343
1796810 343
1796820 344
1796830 345
1796840 346
1796850 347
1796860 347
1796870 348
1796880 349
1796890 350
1796900 350
1796910 351
1796920 351
1796930 352
1796940 352
1796950 352
1796960 353
1796970 353
1796980 354
1796990 354
1797000 355
1797010 356
1797020 356
1797030 357
1797040 358
1797050 358
1797060 359
1797070 360
1797080 361
1797090 361
1797100 362
1797110 363
1797120 363
1797130 364
1797140 364
1797150 365
1797160 365
1797170 365
1797180 365
1797190 366
1797200 366
1797210 366
1797220 366
1797230 366
1797240 366
1797250 366
1797260 366
1797270 366
1797280 366
1797290 365
1797300 365
1797310 365
1797320 364
1797330 364
1797340 364
1797350 363
1797360 363
1797370 362
1797380 362
1797390 361
1797400 361
1797410 360
1797420 360
1797430 359
1797440 359
1797450 358
1797460 358
1797470 358
1797480 357
1797490 356
1797500 356
1797510 355
1797520 355
1797530 354
1797540 354
1797550 353
1797560 352
1797570 351
1797580 351
1797590 350
1797600 350
1797610 349
1797620 349
1797630 348
1797640 347
1797650 347
1797660 346
1797670 345
1797680 345
1797690 344
1797700 344
1797710 344
1797720 343
1797730 343
1797740 342
1797750 342
1797760 341
1797770 341
1797780 340
1797790 340
1797800 339
1797810 339
1797820 338
1797830 338
1797840 337
1797850 337
1797860 336
1797870 335
1797880 335
1797890 334
1797900 334
1797910 333
1797920 332
1797930 332
1797940 331
1797950 331
1797960 330
1797970 329
1797980 329
1797990 328
1798000 327
1798010 327
1798020 326
1798030 326
1798040 325
1798050 324
1798060 324
1798070 323
1798080 322
1798090 321
1798100 320
1798110 319
1798120 319
1798130 318
1798140 317
1798150 316
1798160 315
1798170 315
1798180 314
1798190 313
1798200 312
1798210 311
1798220 310
1798230 309
1798240 308
1798250 306
1798260 305
1798270 305
1798280 307
1798290 309
1798300 309
1798310 310
1798320 310
1798330 310
1798340 310
1798350 309
1798360 309
1798370 309
1798380 309
1798390 308
1798400 308
1798410 308
1798420 307
1798430 307
1798440 306
1798450 305
1798460 305
1798470 305
1798480 305
1798490 304
1798500 303
1798510 303
1798520 304
1798530 305
1798540 305
1798550 305
1798560 306
1798570 306
1798580 306
1798590 306
1798600 307
1798610 307
1798620 307
1798630 307
1798640 307
1798650 307
1798660 307
1798670 306
1798680 306
1798690 306
1798700 306
1798710 306
1798720 306
1798730 306
1798740 305
1798750 305
1798760 305
1798770 304
1798780 304
1798790 304
1798800 304
1798810 303
1798820 303
1798830 302
1798840 302
1798850 302
1798860 302
1798870 302
1798880 301
1798890 301
1798900 301
1798910 301
1798920 301
1798930 301
1798940 301
1798950 301
1798960 301
1798970 301
1798980 301
1798990 301
1799000 301
1799010 301
1799020 300
1799030 300
1799040 300
1799050 300
1799060 300
1799070 300
1799080 300
1799090 300
1799100 299
1799110 299
1799120 299
1799130 299
1799140 299
1799150 299
1799160 299
1799170 299
1799180 299
1799190 298
1799200 298
1799210 298
1799220 297
1799230 297
1799240 297
1799250 296
1799260 296
1799270 295
1799280 295
1799290 294
1799300 294
1799310 293
1799320 292
1799330 292
1799340 291
1799350 291
1799360 290
1799370 289
1799380 288
1799390 287
1799400 286
1799410 285
1799420 285
1799430 284
1799440 284
1799450 284
1799460 283
1799470 283
1799480 283
1799490 283
1799500 283
1799510 282
1799520 282
1799530 282
1799540 282
1799550 281
1799560 281
1799570 281
1799580 282
1799590 281
1799600 280
1799610 280
1799620 280
1799630 280
1799640 280
1799650 279
1799660 279
1799670 278
1799680 278
1799690 278
1799700 278
1799710 278
1799720 278
1799730 279
1799740 279
1799750 280
1799760 280
1799770 280
1799780 280
1799790 280
1799800 280
1799810 279
1799820 280
1799830 280
1799840 281
1799850 281
1799860 281
1799870 282
1799880 282
1799890 282
1799900 283
1799910 284
1799920 286
1799930 288
1799940 290
1799950 291
1799960 293
1799970 294
1799980 296
1799990 297
