1780000 246
1780010 246
1780020 245
1780030 245
1780040 245
1780050 244
1780060 244
1780070 243
1780080 243
1780090 243
1780100 242
1780110 242
1780120 242
1780130 242
1780140 241
1780150 241
1780160 241
1780170 241
1780180 241
1780190 240
1780200 240
1780210 240
1780220 240
1780230 239
1780240 239
1780250 239
1780260 238
1780270 238
1780280 237
1780290 236
1780300 236
1780310 235
1780320 235
1780330 234
1780340 234
1780350 233
1780360 233
1780370 232
1780380 232
1780390 231
1780400 231
1780410 230
1780420 229
1780430 229
1780440 229
1780450 228
1780460 228
1780470 227
1780480 227
1780490 227
1780500 226
1780510 226
1780520 226
1780530 226
1780540 226
1780550 226
1780560 226
1780570 226
1780580 226
1780590 227
1780600 227
1780610 228
1780620 229
1780630 230
1780640 231
1780650 232
1780660 233
1780670 235
1780680 237
1780690 239
1780700 240
1780710 242
1780720 243
1780730 245
1780740 246
1780750 247
1780760 248
1780770 249
1780780 250
1780790 251
1780800 252
1780810 253
1780820 253
1780830 254
1780840 254
1780850 255
1780860 255
1780870 255
1780880 255
1780890 255
1780900 255
1780910 255
1780920 255
1780930 254
1780940 254
1780950 254
1780960 254
1780970 254
1780980 254
1780990 254
1781000 254
1781010 254
1781020 254
1781030 254
1781040 254
1781050 253
1781060 253
1781070 253
1781080 253
1781090 253
1781100 253
1781110 252
1781120 252
1781130 252
1781140 252
1781150 252
1781160 252
1781170 251
1781180 251
1781190 251
1781200 251
1781210 250
1781220 250
1781230 250
1781240 249
1781250 249
1781260 249
1781270 249
1781280 248
1781290 248
1781300 248
1781310 248
1781320 247
1781330 247
1781340 247
1781350 247
1781360 246
1781370 246
1781380 246
1781390 246
1781400 246
1781410 246
1781420 245
1781430 245
1781440 245
1781450 244
1781460 244
1781470 244
1781480 243
1781490 243
1781500 243
1781510 242
1781520 242
1781530 242
1781540 241
1781550 241
1781560 241
1781570 240
1781580 240
1781590 239
1781600 239
1781610 239
1781620 238
1781630 238
1781640 238
1781650 237
1781660 237
1781670 237
1781680 236
1781690 236
1781700 235
1781710 235
1781720 234
1781730 233
1781740 232
1781750 232
1781760 231
1781770 230
1781780 229
1781790 227
1781800 226
1781810 225
1781820 224
1781830 222
1781840 221
1781850 219
1781860 217
1781870 214
1781880 210
1781890 209
1781900 208
1781910 208
1781920 208
1781930 208
1781940 207
1781950 207
1781960 206
1781970 206
1781980 205
1781990 205
1782000 205
1782010 205
1782020 205
1782030 204
1782040 204
1782050 204
1782060 204
1782070 203
1782080 203
1782090 203
1782100 203
1782110 203
1782120 203
1782130 203
1782140 202
1782150 202
1782160 201
1782170 200
1782180 201
1782190 202
1782200 203
1782210 203
1782220 203
1782230 203
1782240 203
1782250 203
1782260 203
1782270 203
1782280 202
1782290 202
1782300 202
1782310 202
1782320 202
1782330 202
1782340 202
1782350 202
1782360 202
1782370 202
1782380 202
1782390 202
1782400 202
1782410 203
1782420 204
1782430 204
1782440 204
1782450 204
1782460 204
1782470 204
1782480 204
1782490 205
1782500 205
1782510 205
1782520 204
1782530 204
1782540 203
1782550 203
1782560 204
1782570 205
1782580 205
1782590 206
1782600 206
1782610 207
1782620 207
1782630 208
1782640 208
1782650 209
1782660 209
1782670 210
1782680 211
1782690 211
1782700 212
1782710 212
1782720 213
1782730 213
1782740 214
1782750 214
1782760 215
1782770 215
1782780 216
1782790 216
1782800 217
1782810 217
1782820 218
1782830 218
1782840 219
1782850 219
1782860 220
1782870 221
1782880 221
1782890 222
1782900 222
1782910 223
1782920 224
1782930 224
1782940 225
1782950 225
1782960 226
1782970 226
1782980 226
1782990 226
1783000 227
1783010 227
1783020 227
1783030 228
1783040 228
1783050 229
1783060 229
1783070 230
1783080 231
1783090 231
1783100 232
1783110 233
1783120 233
1783130 234
1783140 234
1783150 234
1783160 235
1783170 235
1783180 235
1783190 235
1783200 235
1783210 235
1783220 235
1783230 235
1783240 235
1783250 235
1783260 235
1783270 234
1783280 234
1783290 234
1783300 234
1783310 233
1783320 232
1783330 231
1783340 229
1783350 227
1783360 226
1783370 226
1783380 227
1783390 230
1783400 232
1783410 234
1783420 235
1783430 237
1783440 238
1783450 239
1783460 241
1783470 242
1783480 244
1783490 245
1783500 245
1783510 246
1783520 248
1783530 250
1783540 251
1783550 253
1783560 254
1783570 255
1783580 256
1783590 257
1783600 258
1783610 259
1783620 260
1783630 261
1783640 262
1783650 263
1783660 264
1783670 265
1783680 266
1783690 266
1783700 267
1783710 268
1783720 268
1783730 269
1783740 269
1783750 270
1783760 270
1783770 271
1783780 271
1783790 272
1783800 272
1783810 272
1783820 272
1783830 272
1783840 273
1783850 273
1783860 274
1783870 274
1783880 275
1783890 276
1783900 276
1783910 277
1783920 277
1783930 278
1783940 278
1783950 278
1783960 279
1783970 279
1783980 279
1783990 279
1784000 279
1784010 279
1784020 279
1784030 279
1784040 278
1784050 278
1784060 277
1784070 277
1784080 276
1784090 275
1784100 275
1784110 274
1784120 274
1784130 273
1784140 273
1784150 273
1784160 273
1784170 273
1784180 273
1784190 273
1784200 273
1784210 273
1784220 272
1784230 272
1784240 271
1784250 270
1784260 269
1784270 268
1784280 269
1784290 269
1784300 269
1784310 269
1784320 268
1784330 268
1784340 267
1784350 267
1784360 267
1784370 267
1784380 266
1784390 266
1784400 266
1784410 266
1784420 266
1784430 266
1784440 264
1784450 263
1784460 265
1784470 267
1784480 268
1784490 269
1784500 269
1784510 269
1784520 270
1784530 270
1784540 271
1784550 272
1784560 273
1784570 274
1784580 275
1784590 277
1784600 278
1784610 279
1784620 280
1784630 281
1784640 281
1784650 282
1784660 283
1784670 285
1784680 286
1784690 286
1784700 287
1784710 287
1784720 288
1784730 288
1784740 289
1784750 289
1784760 289
1784770 289
1784780 288
1784790 288
1784800 287
1784810 286
1784820 286
1784830 285
1784840 285
1784850 284
1784860 283
1784870 283
1784880 283
1784890 283
1784900 283
1784910 283
1784920 283
1784930 283
1784940 283
1784950 283
1784960 282
1784970 281
1784980 281
1784990 280
1785000 280
1785010 280
1785020 280
1785030 280
1785040 280
1785050 280
1785060 280
1785070 280
1785080 281
1785090 282
1785100 282
1785110 283
1785120 283
1785130 283
1785140 283
1785150 284
1785160 284
1785170 285
1785180 285
1785190 286
1785200 286
1785210 287
1785220 287
1785230 288
1785240 288
1785250 289
1785260 289
1785270 289
1785280 290
1785290 290
1785300 290
1785310 291
1785320 291
1785330 292
1785340 294
1785350 295
1785360 297
1785370 298
1785380 299
1785390 301
1785400 303
1785410 304
1785420 306
1785430 308
1785440 309
1785450 311
1785460 312
1785470 313
1785480 314
1785490 316
1785500 317
1785510 318
1785520 319
1785530 320
1785540 321
1785550 322
1785560 323
1785570 324
1785580 325
1785590 326
1785600 327
1785610 328
1785620 329
1785630 330
1785640 331
1785650 332
1785660 333
1785670 334
1785680 335
1785690 336
1785700 337
1785710 338
1785720 338
1785730 339
1785740 339
1785750 339
1785760 340
1785770 340
1785780 340
1785790 340
1785800 340
1785810 340
1785820 339
1785830 338
1785840 337
1785850 336
1785860 336
1785870 335
1785880 335
1785890 335
1785900 335
1785910 335
1785920 335
1785930 335
1785940 334
1785950 334
1785960 333
1785970 333
1785980 332
1785990 331
1786000 331
1786010 330
1786020 330
1786030 329
1786040 329
1786050 329
1786060 328
1786070 328
1786080 327
1786090 327
1786100 326
1786110 327
1786120 327
1786130 327
1786140 328
1786150 328
1786160 328
1786170 328
1786180 327
1786190 326
1786200 325
1786210 325
1786220 324
1786230 323
1786240 322
1786250 322
1786260 321
1786270 321
1786280 320
1786290 319
1786300 319
1786310 319
1786320 318
1786330 318
1786340 318
1786350 318
1786360 319
1786370 319
1786380 320
1786390 321
1786400 322
1786410 324
1786420 325
1786430 327
1786440 329
1786450 332
1786460 334
1786470 337
1786480 339
1786490 340
1786500 340
1786510 340
1786520 340
1786530 339
1786540 338
1786550 338
1786560 337
1786570 336
1786580 336
1786590 335
1786600 334
1786610 333
1786620 333
1786630 332
1786640 331
1786650 330
1786660 329
1786670 329
1786680 328
1786690 326
1786700 325
1786710 324
1786720 323
1786730 321
1786740 320
1786750 318
1786760 316
1786770 314
1786780 312
1786790 310
1786800 307
1786810 305
1786820 303
1786830 301
1786840 299
1786850 297
1786860 296
1786870 294
1786880 293
1786890 292
1786900 290
1786910 289
1786920 288
1786930 286
1786940 285
1786950 284
1786960 282
1786970 281
1786980 280
1786990 278
1787000 277
1787010 275
1787020 274
1787030 272
1787040 271
1787050 270
1787060 269
1787070 268
1787080 267
1787090 266
1787100 265
1787110 264
1787120 263
1787130 261
1787140 260
1787150 259
1787160 257
1787170 256
1787180 255
1787190 253
1787200 252
1787210 250
1787220 249
1787230 247
1787240 245
1787250 244
1787260 242
1787270 241
1787280 239
1787290 238
1787300 236
1787310 234
1787320 233
1787330 232
1787340 231
1787350 231
1787360 230
1787370 230
1787380 230
1787390 229
1787400 229
1787410 228
1787420 228
1787430 228
1787440 228
1787450 227
1787460 227
1787470 227
1787480 227
1787490 227
1787500 226
1787510 226
1787520 226
1787530 225
1787540 225
1787550 226
1787560 226
1787570 226
1787580 226
1787590 227
1787600 228
1787610 230
1787620 234
1787630 239
1787640 244
1787650 247
1787660 249
1787670 250
1787680 251
1787690 252
1787700 254
1787710 255
1787720 256
1787730 258
1787740 259
1787750 261
1787760 262
1787770 263
1787780 264
1787790 265
1787800 266
1787810 266
1787820 267
1787830 269
1787840 271
1787850 273
1787860 274
1787870 275
1787880 277
1787890 279
1787900 281
1787910 284
1787920 286
1787930 288
1787940 290
1787950 292
1787960 293
1787970 295
1787980 296
1787990 298
1788000 299
1788010 300
1788020 300
1788030 302
1788040 303
1788050 305
1788060 307
1788070 309
1788080 311
1788090 312
1788100 312
1788110 312
1788120 312
1788130 312
1788140 311
1788150 312
1788160 313
1788170 314
1788180 314
1788190 315
1788200 316
1788210 316
1788220 318
1788230 319
1788240 321
1788250 324
1788260 325
1788270 327
1788280 329
1788290 330
1788300 330
1788440 309
1788450 308
1788460 308
1788470 307
1788480 307
1788490 307
