1796730 401
1796740 402
1796750 403
1796760 403
1796770 403
1796780 404
1796790 404
1796800 404
1796810 404
1796820 404
1796830 404
1796840 404
1796850 404
1796860 404
1796870 404
1796880 404
1796890 404
1796900 404
1796910 404
1796920 404
1796930 404
1796940 404
1796950 403
1796960 403
1796970 403
1796980 403
1796990 403
1797000 403
1797010 402
1797020 402
1797030 402
1797040 402
1797050 402
1797060 401
1797070 401
1797080 401
1797090 401
1797100 400
1797110 400
1797120 399
1797130 399
1797140 398
1797150 398
1797160 397
1797170 396
1797180 395
1797190 395
1797200 394
1797210 393
1797220 392
1797230 390
1797240 389
1797250 388
1797260 387
1797270 386
1797280 385
1797290 384
1797300 383
1797310 381
1797320 380
1797330 380
1797340 379
1797350 378
1797360 377
1797370 376
1797380 375
1797390 375
1797400 374
1797410 373
1797420 372
1797430 371
1797440 369
1797450 366
1797460 364
1797470 362
1799570 331
1799580 331
1799590 332
1799600 332
1799610 333
1799620 334
1799630 335
1799640 335
1799650 336
1799660 337
1799670 339
1799680 340
1799690 342
1799700 344
1799710 345
1799720 346
1799730 347
1799740 348
1799750 348
1799760 349
1799770 350
1799780 351
1799790 352
1799800 354
1799810 355
1799820 355
1799830 356
1799840 357
1799850 358
1799860 359
1799870 360
1799880 361
1799890 362
1799900 363
1799910 364
1799920 365
1799930 365
1799940 366
1799950 367
1799960 367
1799970 368
1799980 368
1799990 369
