1780000 181
1780010 181
1780020 181
1780030 181
1780040 181
1780050 181
1780060 181
1780070 181
1780080 181
1780090 181
1780100 181
1780110 181
1780120 181
1780130 181
1780140 181
1780150 181
1780160 181
1780170 181
1780180 181
1780190 181
1780200 181
1780210 181
1780220 181
1780230 181
1780240 181
1780250 181
1780260 181
1780270 181
1780280 181
1780290 181
1780300 181
1780310 181
1780320 181
1780330 181
1780340 181
1780350 181
1780360 181
1780370 181
1780380 181
1780390 181
1780400 181
1780410 181
1780420 181
1780430 181
1780440 181
1780450 181
1780460 181
1780470 181
1780480 182
1780490 182
1780500 182
1780510 182
1780520 182
1780530 182
1780540 182
1780550 182
1780560 182
1780570 182
1780580 182
1780590 182
1780600 182
1780610 182
1780620 182
1780630 182
1780640 182
1780650 182
1780660 182
1780670 182
1780680 182
1780690 182
1780700 182
1780710 182
1780720 182
1780730 182
1780740 183
1780750 183
1780760 183
1780770 183
1780780 183
1780790 183
1780800 182
1780810 182
1780820 182
1780830 182
1780840 182
1780850 182
1780860 182
1780870 182
1780880 182
1780890 182
1780900 183
1780910 183
1780920 183
1780930 183
1780940 183
1780950 183
1780960 183
1780970 183
1780980 182
1780990 182
1781000 182
1781010 181
1781020 181
1781030 181
1781040 181
1781050 181
1781060 181
1781070 182
1781080 182
1781090 182
1781100 182
1781110 182
1781120 182
1781130 182
1781140 182
1781150 182
1781160 182
1781170 182
1781180 183
1781190 183
1781200 183
1781210 183
1781220 183
1781230 183
1781240 183
1781250 183
1781260 183
1781270 183
1781280 183
1781290 183
1781300 183
1781310 183
1781320 183
1781330 183
1781340 183
1781350 183
1781360 183
1781370 183
1781380 183
1781390 183
1781400 183
1781410 183
1781420 183
1781430 183
1781440 184
1781450 184
1781460 183
1781470 181
1781480 180
1781490 179
1781500 180
1781510 182
1781520 184
1781530 185
1781540 187
1781550 190
1781560 191
1781570 192
1781580 191
1781590 188
1781600 186
1781610 184
1781620 183
1781630 183
1781640 183
1781650 183
1781660 183
1781670 183
1781680 183
1781690 183
1781700 183
1781710 183
1781720 183
1781730 183
1781740 183
1781750 183
1781760 183
1781770 183
1781780 183
1781790 183
1781800 183
1781810 183
1781820 183
1781830 183
1781840 183
1781850 183
1781860 183
1781870 183
1781880 183
1781890 183
1781900 183
1781910 183
1781920 183
1781930 183
1781940 183
1781950 183
1781960 183
1781970 183
1781980 183
1781990 183
1782000 183
1782010 183
1782020 183
1782030 183
1782040 183
1782050 183
1782060 183
1782070 183
1782080 183
1782090 183
1782100 183
1782110 183
1782120 183
1782130 183
1782140 183
1782150 183
1782160 183
1782170 183
1782180 183
1782190 183
1782200 183
1782210 183
1782220 183
1782230 184
1782240 184
1782250 184
1782260 184
1782270 184
1782280 183
1782290 183
1782300 183
1782310 183
1782320 183
1782330 183
1782340 183
1782350 183
1782360 183
1782370 183
1782380 183
1782390 183
1782400 183
1782410 183
1782420 183
1782430 183
1782440 183
1782450 183
1782460 182
1782470 182
1782480 182
1782490 182
1782500 182
1782510 182
1782520 183
1782530 183
1782540 183
1782550 183
1782560 183
1782570 183
1782580 183
1782590 183
1782600 183
1782610 183
1782620 183
1782630 184
1782640 184
1782650 184
1782660 184
1782670 184
1782680 184
1782690 184
1782700 184
1782710 184
1782720 184
1782730 184
1782740 184
1782750 184
1782760 184
1782770 184
1782780 184
1782790 184
1782800 184
1782810 184
1782820 184
1782830 184
1782840 184
1782850 184
1782860 184
1782870 184
1782880 184
1782890 184
1782900 184
1782910 184
1782920 184
1782930 184
1782940 185
1782950 185
1782960 185
1782970 185
1782980 184
1782990 184
1783000 184
1783010 184
1783020 184
1783030 184
1783040 184
1783050 184
1783060 184
1783070 184
1783080 184
1783090 184
1783100 184
1783110 184
1783120 184
1783130 184
1783140 184
1783150 184
1783160 184
1783170 184
1783180 184
1783190 184
1783200 184
1783210 184
1783220 184
1783230 184
1783240 184
1783250 184
1783260 184
1783270 184
1783280 184
1783290 184
1783300 184
1783310 184
1783320 184
1783330 184
1783340 184
1783350 184
1783360 184
1783370 184
1783380 184
1783390 184
1783400 184
1783410 184
1783420 184
1783430 184
1783440 184
1783450 184
1783460 184
1783470 184
1783480 184
1783490 184
1783500 184
1783510 184
1783520 184
1783530 184
1783540 184
1783550 184
1783560 184
1783570 184
1783580 184
1783590 184
1783600 184
1783610 184
1783620 184
1783630 184
1783640 184
1783650 184
1783660 184
1783670 184
1783680 184
1783690 184
1783700 184
1783710 184
1783720 184
1783730 184
1783740 184
1783750 184
1783760 184
1783770 184
1783780 184
1783790 183
1783800 183
1783810 183
1783820 183
1783830 183
1783840 183
1783850 183
1783860 183
1783870 183
1783880 183
1783890 183
1783900 183
1783910 183
1783920 183
1783930 183
1783940 183
1783950 183
1783960 183
1783970 183
1783980 183
1783990 183
1784000 183
1784010 183
1784020 183
1784030 183
1784040 183
1784050 183
1784060 183
1784070 183
1784080 183
1784090 183
1784100 183
1784110 183
1784120 183
1784130 183
1784140 183
1784150 183
1784160 183
1784170 183
1784180 183
1784190 183
1784200 183
1784210 183
1784220 183
1784230 183
1784240 183
1784250 183
1784260 183
1784270 183
1784280 183
1784290 183
1784300 183
1784310 183
1784320 183
1784330 183
1784340 183
1784350 183
1784360 183
1784370 183
1784380 183
1784390 183
1784400 183
1784410 183
1784420 183
1784430 183
1784440 183
1784450 183
1784460 183
1784470 183
1784480 183
1784490 183
1784500 183
1784510 183
1784520 183
1784530 183
1784540 183
1784550 183
1784560 183
1784570 183
1784580 183
1784590 183
1784600 183
1784610 183
1784620 182
1784630 182
1784640 182
1784650 182
1784660 182
1784670 182
1784680 182
1784690 182
1784700 182
1784710 182
1784720 182
1784730 182
1784740 182
1784750 182
1784760 182
1784770 182
1784780 182
1784790 182
1784800 182
1784810 182
1784820 182
1784830 182
1784840 182
1784850 182
1784860 182
1784870 182
1784880 182
1784890 182
1784900 182
1784910 182
1784920 182
1784930 182
1784940 182
1784950 182
1784960 182
1784970 182
1784980 182
1784990 182
1785000 182
1785010 182
1785020 182
1785030 182
1785040 182
1785050 182
1785060 182
1785070 182
1785080 182
1785090 182
1785100 182
1785110 182
1785120 182
1785130 182
1785140 182
1785150 182
1785160 182
1785170 182
1785180 182
1785190 182
1785200 182
1785210 182
1785220 182
1785230 182
1785240 182
1785250 182
1785260 182
1785270 182
1785280 182
1785290 182
1785300 182
1785310 182
1785320 182
1785330 182
1785340 182
1785350 182
1785360 182
1785370 182
1785380 182
1785390 182
1785400 182
1785410 182
1785420 182
1785430 182
1785440 182
1785450 182
1785460 182
1785470 182
1785480 182
1785490 182
1785500 182
1785510 182
1785520 182
1785530 182
1785540 182
1785550 182
1785560 182
1785570 182
1785580 182
1785590 182
1785600 182
1785610 182
1785620 182
1785630 182
1785640 182
1785650 182
1785660 182
1785670 182
1785680 182
1785690 182
1785700 182
1785710 182
1785720 182
1785730 182
1785740 182
1785750 182
1785760 182
1785770 182
1785780 182
1785790 182
1785800 182
1785810 182
1785820 182
1785830 182
1785840 182
1785850 182
1785860 182
1785870 182
1785880 182
1785890 182
1785900 182
1785910 182
1785920 182
1785930 182
1785940 182
1785950 182
1785960 182
1785970 182
1785980 182
1785990 182
1786000 182
1786010 182
1786020 182
1786030 183
1786040 183
1786050 183
1786060 183
1786070 183
1786080 183
1786090 183
1786100 183
1786110 184
1786120 184
1786130 184
1786140 183
1786150 182
1786160 180
1786170 181
1786180 181
1786190 183
1786200 183
1786210 184
1786220 183
1786230 183
1786240 182
1786250 182
1786260 182
1786270 182
1786280 182
1786290 182
1786300 182
1786310 182
1786320 182
1786330 182
1786340 182
1786350 182
1786360 182
1786370 182
1786380 182
1786390 182
1786400 181
1786410 181
1786420 181
1786430 181
1786440 181
1786450 181
1786460 181
1786470 181
1786480 181
1786490 181
1786500 181
1786510 181
1786520 181
1786530 181
1786540 181
1786550 181
1786560 181
1786570 181
1786580 181
1786590 181
1786600 181
1786610 181
1786620 181
1786630 181
1786640 181
1786650 181
1786660 181
1786670 181
1786680 181
1786690 181
1786700 181
1786710 181
1786720 181
1786730 181
1786740 181
1786750 181
1786760 181
1786770 181
1786780 181
1786790 181
1786800 181
1786810 181
1786820 181
1786830 181
1786840 181
1786850 181
1786860 181
1786870 181
1786880 181
1786890 181
1786900 181
1786910 181
1786920 181
1786930 181
1786940 181
1786950 181
1786960 181
1786970 181
1786980 181
1786990 181
1787000 181
1787010 181
1787020 181
1787030 181
1787040 181
1787050 182
1787060 182
1787070 181
1787080 181
1787090 181
1787100 181
1787110 180
1787120 180
1787130 180
1787140 180
1787150 180
1787160 181
1787170 181
1787180 181
1787190 180
1787200 181
1787210 181
1787220 180
1787230 180
1787240 180
1787250 180
1787260 180
1787270 180
1787280 180
1787290 180
1787300 180
1787310 180
1787320 180
1787330 180
1787340 180
1787350 180
1787360 180
1787370 180
1787380 181
1787390 181
1787400 181
1787410 181
1787420 181
1787430 181
1787440 181
1787450 180
1787460 180
1787470 180
1787480 180
1787490 180
1787500 180
1787510 180
1787520 180
1787530 180
1787540 180
1787550 180
1787560 180
1787570 180
1787580 180
1787590 180
1787600 180
1787610 180
1787620 180
1787630 180
1787640 180
1787650 180
1787660 180
1787670 180
1787680 180
1787690 180
1787700 180
1787710 180
1787720 180
1787730 180
1787740 180
1787750 180
1787760 180
1787770 180
1787780 180
1787790 180
1787800 180
1787810 180
1787820 180
1787830 180
1787840 180
1787850 180
1787860 180
1787870 180
1787880 180
1787890 180
1787900 180
1787910 180
1787920 180
1787930 180
1787940 180
1787950 180
1787960 180
1787970 180
1787980 180
1787990 180
1788000 180
1788010 180
1788020 180
1788030 180
1788040 179
1788050 179
1788060 179
1788070 179
1788080 179
1788090 179
1788100 179
1788110 179
1788120 179
1788130 179
1788140 179
1788150 179
1788160 179
1788170 179
1788180 179
1788190 179
1788200 179
1788210 179
1788220 179
1788230 179
1788240 180
1788250 180
1788260 181
1788270 182
1788280 182
1788290 183
1788300 184
1788310 183
1788320 182
1788330 181
1788340 181
1788350 180
1788360 180
1788370 180
1788380 181
1788390 181
1788400 181
1788410 181
1788420 181
1788430 181
1788440 181
1788450 181
1788460 181
1788470 180
1788480 178
1788490 176
1788500 177
1788510 178
1788520 179
1788530 179
1788540 179
1788550 179
1788560 179
1788570 178
1788580 178
1788590 178
1788600 178
1788610 178
1788620 178
1788630 178
1788640 178
1788650 178
1788660 178
1788670 178
1788680 179
1788690 179
1788700 179
1788710 178
1788720 178
1788730 178
1788740 178
1788750 179
1788760 180
1788770 180
1788780 182
1788790 183
1788800 183
1788810 182
1788820 180
1788830 179
1788840 178
1788850 178
1788860 178
1788870 178
1788880 178
1788890 180
1788900 182
1788910 183
1788920 182
1788930 181
1788940 180
1788950 180
1788960 180
1788970 180
1788980 179
1788990 179
1789000 178
1789010 178
1789020 177
1789030 177
1789040 177
1789050 177
1789060 177
1789070 177
1789080 178
1789090 178
1789100 178
1789110 178
1789120 177
1789130 177
1789140 177
1789150 177
1789160 177
1789170 177
1789180 177
1789190 177
1789200 177
1789210 177
1789220 177
1789230 177
1789240 177
1789250 177
1789260 177
1789270 177
1789280 177
1789290 177
1789300 177
1789310 177
1789320 177
1789330 177
1789340 177
1789350 177
1789360 177
1789370 177
1789380 177
1789390 177
1789400 177
1789410 177
1789420 177
1789430 177
1789440 177
1789450 177
1789460 177
1789470 177
1789480 177
1789490 177
1789500 177
1789510 177
1789520 177
1789530 177
1789540 177
1789550 177
1789560 177
1789570 177
1789580 177
1789590 177
1789600 177
1789610 177
1789620 177
1789630 177
1789640 177
1789650 177
1789660 177
1789670 177
1789680 176
1789690 176
1789700 176
1789710 176
1789720 176
1789730 176
1789740 176
1789750 176
1789760 176
1789770 176
1789780 176
1789790 176
1789800 176
1789810 176
1789820 176
1789830 176
1789840 176
1789850 176
1789860 176
1789870 176
1789880 176
1789890 176
1789900 176
1789910 177
1789920 177
1789930 177
1789940 177
1789950 177
1789960 176
1789970 176
1789980 176
1789990 176
1790000 176
1790010 176
1790020 176
1790030 176
1790040 176
1790050 176
1790060 176
1790070 176
1790080 176
1790090 176
1790100 176
1790110 176
1790120 176
1790130 176
1790140 176
1790150 176
1790160 176
1790170 176
1790180 176
1790190 176
1790200 176
1790210 176
1790220 176
1790230 176
1790240 176
1790250 176
1790260 176
1790270 176
1790280 176
1790290 176
1790300 176
1790310 177
1790320 177
1790330 177
1790340 177
1790350 177
1790360 177
1790370 177
1790380 177
1790390 176
1790400 176
1790410 176
1790420 176
1790430 176
1790440 176
1790450 176
1790460 176
1790470 176
1790480 176
1790490 177
1790500 177
1790510 177
1790520 177
1790530 177
1790540 177
1790550 177
1790560 177
1790570 177
1790580 177
1790590 177
1790600 177
1790610 178
1790620 178
1790630 178
1790640 178
1790650 179
1790660 178
1790670 178
1790680 178
1790690 177
1790700 177
1790710 177
1790720 177
1790730 176
1790740 176
1790750 176
1790760 176
1790770 176
1790780 176
1790790 176
1790800 176
1790810 176
1790820 176
1790830 176
1790840 176
1790850 176
1790860 176
1790870 176
1790880 176
1790890 176
1790900 176
1790910 176
1790920 176
1790930 176
1790940 176
1790950 176
1790960 176
1790970 176
1790980 176
1790990 176
1791000 176
1791010 176
1791020 176
1791030 176
1791040 176
1791050 176
1791060 176
1791070 176
1791080 176
1791090 176
1791100 176
1791110 176
1791120 176
1791130 176
1791140 176
1791150 176
1791160 176
1791170 176
1791180 176
1791190 176
1791200 176
1791210 176
1791220 176
1791230 176
1791240 176
1791250 176
1791260 176
1791270 176
1791280 176
1791290 176
1791300 176
1791310 176
1791320 176
1791330 176
1791340 176
1791350 176
1791360 176
1791370 176
1791380 176
1791390 176
1791400 176
1791410 176
1791420 176
1791430 176
1791440 176
1791450 176
1791460 176
1791470 176
1791480 176
1791490 176
1791500 176
1791510 176
1791520 176
1791530 176
1791540 176
1791550 176
1791560 176
1791570 176
1791580 176
1791590 176
1791600 176
1791610 176
1791620 176
1791630 176
1791640 176
1791650 176
1791660 176
1791670 176
1791680 176
1791690 176
1791700 176
1791710 176
1791720 176
1791730 176
1791740 176
1791750 176
1791760 176
1791770 176
1791780 176
1791790 176
1791800 176
1791810 176
1791820 176
1791830 176
1791840 176
1791850 176
1791860 176
1791870 176
1791880 176
1791890 176
1791900 176
1791910 176
1791920 176
1791930 176
1791940 176
1791950 176
1791960 176
1791970 176
1791980 176
1791990 176
1792000 176
1792010 176
1792020 177
1792030 177
1792040 176
1792050 176
1792060 176
1792070 176
1792080 176
1792090 176
1792100 176
1792110 176
1792120 176
1792130 176
1792140 176
1792150 176
1792160 176
1792170 176
1792180 176
1792190 176
1792200 176
1792210 176
1792220 176
1792230 176
1792240 176
1792250 176
1792260 176
1792270 176
1792280 176
1792290 176
1792300 176
1792310 176
1792320 176
1792330 176
1792340 176
1792350 176
1792360 176
1792370 176
1792380 176
1792390 176
1792400 176
1792410 176
1792420 176
1792430 176
1792440 176
1792450 176
1792460 176
1792470 176
1792480 176
1792490 176
1792500 176
1792510 176
1792520 176
1792530 176
1792540 176
1792550 176
1792560 176
1792570 176
1792580 176
1792590 176
1792600 176
1792610 176
1792620 176
1792630 176
1792640 176
1792650 176
1792660 176
1792670 176
1792680 176
1792690 176
1792700 176
1792710 176
1792720 176
1792730 176
1792740 176
1792750 176
1792760 176
1792770 176
1792780 176
1792790 176
1792800 176
1792810 176
1792820 176
1792830 176
1792840 176
1792850 176
1792860 176
1792870 176
1792880 176
1792890 176
1792900 176
1792910 176
1792920 176
1792930 176
1792940 176
1792950 176
1792960 176
1792970 176
1792980 176
1792990 176
1793000 176
1793010 176
1793020 176
1793030 176
1793040 176
1793050 177
1793060 177
1793070 177
1793080 177
1793090 177
1793100 177
1793110 177
1793120 177
1793130 177
1793140 177
1793150 177
1793160 177
1793170 177
1793180 177
1793190 177
1793200 177
1793210 177
1793220 177
1793230 177
1793240 177
1793250 177
1793260 177
1793270 177
1793280 177
1793290 177
1793300 177
1793310 178
1793320 178
1793330 178
1793340 178
1793350 178
1793360 178
1793370 178
1793380 178
1793390 178
1793400 179
1793410 179
1793420 179
1793430 179
1793440 179
1793450 179
1793460 179
1793470 179
1793480 180
1793490 180
1793500 181
1793510 181
1793520 182
1793530 182
1793540 182
1793550 182
1793560 182
1793570 182
1793580 182
1793590 183
1793600 184
1793610 185
1793620 186
1793630 187
1793640 188
1793650 189
1793660 191
1793670 192
1793680 193
1793690 194
1793700 195
1793710 196
1793720 196
1793730 196
1793740 197
1793750 197
1793760 197
1793770 197
1793780 197
1793790 197
1793800 197
1793810 197
1793820 197
1793830 197
1793840 196
1793850 196
1793860 196
1793870 196
1793880 196
1793890 196
1793900 195
1793910 195
1793920 195
1793930 195
1793940 195
1793950 195
1793960 195
1793970 196
1793980 196
1793990 196
1794000 196
1794010 196
1794020 195
1794030 195
1794040 195
1794050 195
1794060 195
1794070 195
1794080 195
1794090 195
1794100 195
1794110 196
1794120 196
1794130 196
1794140 196
1794150 197
1794160 197
1794170 197
1794180 197
1794190 198
1794200 198
1794210 198
1794220 198
1794230 198
1794240 199
1794250 199
1794260 199
1794270 199
1794280 199
1794290 199
1794300 199
1794310 199
1794320 199
1794330 199
1794340 199
1794350 199
1794360 199
1794370 199
1794380 199
1794390 199
1794400 199
1794410 199
1794420 199
1794430 199
1794440 199
1794450 199
1794460 199
1794470 199
1794480 199
1794490 199
1794500 199
1794510 199
1794520 196
1794530 193
1794540 190
1794550 189
1794560 189
1794570 189
1794580 189
1794590 189
1794600 188
1794610 189
1794620 189
1794630 189
1794640 189
1794650 189
1794660 190
1794670 190
1794680 191
1794690 191
1794700 191
1794710 191
1794720 191
1794730 192
1794740 192
1794750 192
1794760 192
1794770 193
1794780 193
1794790 194
1794800 194
1794810 195
1794820 195
1794830 195
1794840 196
1794850 196
1794860 196
1794870 196
1794880 196
1794890 196
1794900 196
1794910 196
1794920 196
1794930 195
1794940 196
1794950 196
1794960 196
1794970 197
1794980 197
1794990 198
1795000 199
1795010 199
1795020 200
1795030 200
1795040 200
1795050 200
1795060 201
1795070 204
1795080 209
1795090 213
1795100 214
1795110 214
1795120 215
1795130 215
1795140 215
1795150 216
1795160 216
1795170 216
1795180 216
1795190 216
1795200 217
1795210 217
1795220 217
1795230 218
1795240 218
1795250 218
1795260 218
1795270 218
1795280 219
1795290 219
1795300 219
1795310 219
1795320 219
1795330 219
1795340 220
1795350 220
1795360 220
1795370 220
1795380 220
1795390 220
1795400 220
1795410 220
1795420 220
1795430 220
1795440 220
1795450 220
1795460 220
1795470 220
1795480 220
1795490 220
1795500 220
1795510 221
1795520 221
1795530 221
1795540 221
1795550 221
1795560 222
1795570 222
1795580 222
1795590 223
1795600 223
1795610 223
1795620 224
1795630 224
1795640 225
1795650 225
1795660 226
1795670 226
1795680 227
1795690 227
1795700 228
1795710 230
1795720 231
1795730 232
1795740 233
1795750 234
1795760 235
1795770 236
1795780 236
1795790 237
1795800 238
1795810 239
1795820 240
1795830 241
1795840 242
1795850 244
1795860 244
1795870 245
1795880 245
1795890 246
1795900 247
1795910 247
1795920 248
1795930 248
1795940 249
1795950 250
1795960 250
1795970 251
1795980 252
1795990 252
1796000 253
1796010 254
1796020 255
1796030 256
1796040 257
1796050 257
1796060 258
1796070 259
1796080 260
1796090 260
1796100 261
1796110 261
1796120 262
1796130 263
1796140 263
1796150 264
1796160 264
1796170 264
1796180 265
1796190 265
1796200 265
1796210 265
1796220 265
1796230 266
1796240 267
1796250 268
1796260 269
1796270 270
1796280 271
1796290 271
1796300 271
1796310 271
1796320 271
1796330 271
1796340 271
1796350 271
1796360 272
1796370 272
1796380 272
1796390 273
1796400 273
1796410 273
1796420 274
1796430 274
1796440 274
1796450 274
1796460 274
1796470 274
1796480 275
1796490 275
1796500 276
1796510 276
1796520 277
1796530 277
1796540 278
1796550 279
1796560 280
1796570 280
1796580 281
1796590 282
1796600 282
1796610 283
1796620 283
1796630 284
1796640 284
1796650 284
1796660 283
1796670 283
1796680 283
1796690 282
1796700 280
1796710 276
1796720 272
1796730 269
1796740 267
1796750 267
1796760 269
1796770 271
1796780 273
1796790 275
1796800 276
1796810 277
1796820 277
1796830 278
1796840 278
1796850 278
1796860 277
1796870 277
1796880 277
1796890 278
1796900 279
1796910 281
1796920 281
1796930 282
1796940 283
1796950 283
1796960 283
1796970 284
1796980 285
1796990 287
1797000 289
1797010 293
1797020 296
1797030 298
1797040 299
1797050 300
1797060 300
1797070 301
1797080 302
1797090 303
1797100 304
1797110 306
1797120 307
1797130 307
1797140 306
1797150 305
1797160 304
1797170 303
1797180 302
1797190 302
1797200 301
1797210 300
1797220 300
1797230 300
1797240 301
1797250 302
1797260 303
1797270 305
1797280 305
1797290 306
1797300 307
1797310 309
1797320 310
1797330 312
1797340 314
1797350 315
1797360 317
1797370 319
1797380 321
1797390 322
1797400 324
1797410 326
1797420 328
1797430 329
1797440 331
1797450 332
1797460 333
1797470 335
1797480 336
1797490 337
1797500 338
1797510 339
1797520 340
1797530 341
1797540 343
1797550 344
1797560 344
1797570 345
1797580 345
1797590 345
1797600 345
1797610 345
1797620 344
1797630 344
1797640 343
1797650 342
1797660 342
1797670 341
1797680 341
1797690 340
1797700 339
1797710 338
1797720 337
1797730 336
1797740 335
1797750 334
1797760 332
1797770 331
1797780 329
1797790 328
1797800 326
1797810 325
1797820 324
1797830 322
1797840 321
1797850 320
1797860 319
1797870 318
1797880 317
1797890 315
1797900 314
1797910 314
1797920 313
1797930 313
1797940 313
1797950 313
1797960 313
1797970 313
1797980 313
1797990 313
1798000 313
1798010 313
1798020 313
1798030 313
1798040 313
1798050 313
1798060 313
1798070 313
1798080 313
1798090 313
1798100 313
1798110 314
1798120 315
1798130 315
1798140 316
1798150 317
1798160 318
1798170 319
1798180 320
1798190 321
1798200 322
1798210 323
1798220 323
1798230 324
1798240 323
1798250 322
1798260 322
1798270 321
1798280 320
1798290 318
1798300 315
1798310 313
1798320 309
1798330 305
1798340 301
1798350 297
1798360 295
1798370 292
1798380 289
1798390 287
1798400 286
1798410 284
1798420 282
1798430 280
1798440 279
1798450 277
1798460 277
1798470 276
1798480 276
1798490 276
1798500 275
1798510 273
1798520 271
1798530 269
1798540 266
1798550 263
1798560 259
1798570 254
1798580 251
1798590 249
1798600 249
1798610 249
1798620 251
1798630 253
1798640 255
1798650 257
1798660 260
1798670 263
1798680 266
1798690 269
1798700 272
1798710 275
1798720 278
1798730 282
1798740 285
1798750 289
1798760 292
1798770 294
1798780 297
1798790 301
1798800 304
1798810 306
1798820 308
1798830 310
1798840 311
1798850 312
1798860 314
1798870 316
1798880 318
1798890 320
1798900 322
1798910 324
1798920 326
1798930 328
1798940 331
1798950 335
1798960 338
1798970 341
1798980 342
1798990 344
1799000 345
1799010 345
1799020 346
1799030 346
1799040 346
1799050 347
1799060 348
1799070 349
1799080 350
1799090 350
1799100 352
1799110 353
1799120 355
1799130 357
1799140 359
1799150 362
1799160 363
1799170 365
1799180 367
1799190 369
1799200 371
1799210 373
1799220 375
1799230 377
1799240 378
1799250 379
1799260 380
1799270 380
1799280 381
1799290 381
1799300 380
1799310 380
1799320 380
1799330 380
1799340 380
1799350 380
1799360 380
1799370 380
1799380 380
1799390 379
1799400 379
1799410 379
1799420 378
1799430 377
1799440 376
1799450 374
1799460 374
1799470 373
1799480 372
1799490 371
1799500 370
1799510 370
1799520 369
1799530 368
1799540 368
1799550 368
1799560 368
1799570 368
1799580 368
1799590 368
1799600 368
1799610 368
1799620 368
1799630 367
1799640 367
1799650 367
1799660 366
1799670 365
1799680 365
1799690 364
1799700 363
1799710 362
1799720 361
1799730 361
1799740 360
1799750 359
1799760 359
1799770 359
1799780 359
1799790 359
1799800 359
1799810 359
1799820 359
1799830 359
1799840 359
1799850 359
1799860 359
1799870 359
1799880 359
1799890 359
1799900 360
1799910 360
1799920 359
1799930 359
1799940 359
1799950 359
1799960 359
1799970 358
1799980 358
1799990 358
