1780000 180
1780010 180
1780020 180
1780030 180
1780040 180
1780050 180
1780060 180
1780070 180
1780080 180
1780090 180
1780100 180
1780110 180
1780120 180
1780130 180
1780140 180
1780150 180
1780160 180
1780170 180
1780180 180
1780190 180
1780200 180
1780210 180
1780220 180
1780230 180
1780240 180
1780250 180
1780260 180
1780270 180
1780280 180
1780290 180
1780300 180
1780310 180
1780320 180
1780330 180
1780340 180
1780350 180
1780360 180
1780370 180
1780380 180
1780390 180
1780400 180
1780410 180
1780420 180
1780430 180
1780440 180
1780450 180
1780460 179
1780470 180
1780480 180
1780490 180
1780500 180
1780510 180
1780520 180
1780530 180
1780540 180
1780550 180
1780560 180
1780570 180
1780580 180
1780590 180
1780600 180
1780610 180
1780620 180
1780630 180
1780640 180
1780650 180
1780660 180
1780670 180
1780680 180
1780690 180
1780700 180
1780710 180
1780720 180
1780730 180
1780740 180
1780750 180
1780760 180
1780770 180
1780780 180
1780790 180
1780800 180
1780810 180
1780820 180
1780830 180
1780840 180
1780850 180
1780860 180
1780870 180
1780880 180
1780890 180
1780900 180
1780910 180
1780920 180
1780930 180
1780940 180
1780950 180
1780960 180
1780970 180
1780980 180
1780990 180
1781000 180
1781010 180
1781020 180
1781030 180
1781040 180
1781050 180
1781060 180
1781070 180
1781080 180
1781090 180
1781100 180
1781110 180
1781120 180
1781130 180
1781140 180
1781150 180
1781160 180
1781170 180
1781180 181
1781190 181
1781200 181
1781210 181
1781220 181
1781230 181
1781240 181
1781250 181
1781260 181
1781270 181
1781280 181
1781290 181
1781300 181
1781310 181
1781320 182
1781330 182
1781340 182
1781350 181
1781360 179
1781370 178
1781380 178
1781390 178
1781400 180
1781410 182
1781420 183
1781430 182
1781440 182
1781450 181
1781460 181
1781470 181
1781480 181
1781490 181
1781500 181
1781510 181
1781520 181
1781530 181
1781540 181
1781550 181
1781560 181
1781570 181
1781580 181
1781590 181
1781600 181
1781610 181
1781620 181
1781630 181
1781640 181
1781650 181
1781660 181
1781670 181
1781680 181
1781690 181
1781700 181
1781710 181
1781720 181
1781730 181
1781740 181
1781750 181
1781760 181
1781770 181
1781780 182
1781790 181
1781800 180
1781810 180
1781820 180
1781830 180
1781840 180
1781850 180
1781860 180
1781870 180
1781880 180
1781890 180
1781900 180
1781910 180
1781920 180
1781930 181
1781940 181
1781950 181
1781960 181
1781970 181
1781980 181
1781990 181
1782000 181
1782010 181
1782020 181
1782030 180
1782040 180
1782050 180
1782060 180
1782070 180
1782080 180
1782090 180
1782100 180
1782110 180
1782120 180
1782130 181
1782140 181
1782150 180
1782160 180
1782170 180
1782180 180
1782190 180
1782200 181
1782210 181
1782220 181
1782230 181
1782240 181
1782250 181
1782260 181
1782270 181
1782280 181
1782290 181
1782300 181
1782310 181
1782320 181
1782330 181
1782340 181
1782350 181
1782360 181
1782370 181
1782380 181
1782390 181
1782400 181
1782410 181
1782420 181
1782430 181
1782440 181
1782450 181
1782460 181
1782470 181
1782480 181
1782490 181
1782500 181
1782510 181
1782520 181
1782530 181
1782540 181
1782550 181
1782560 181
1782570 181
1782580 181
1782590 181
1782600 182
1782610 183
1782620 182
1782630 182
1782640 181
1782650 181
1782660 181
1782670 181
1782680 181
1782690 181
1782700 181
1782710 181
1782720 181
1782730 181
1782740 181
1782750 181
1782760 182
1782770 182
1782780 182
1782790 182
1782800 182
1782810 182
1782820 182
1782830 182
1782840 182
1782850 181
1782860 181
1782870 181
1782880 181
1782890 181
1782900 181
1782910 181
1782920 181
1782930 181
1782940 181
1782950 181
1782960 181
1782970 181
1782980 181
1782990 181
1783000 181
1783010 181
1783020 181
1783030 180
1783040 180
1783050 180
1783060 180
1783070 180
1783080 180
1783090 180
1783100 180
1783110 180
1783120 180
1783130 180
1783140 180
1783150 180
1783160 180
1783170 180
1783180 180
1783190 180
1783200 180
1783210 180
1783220 180
1783230 180
1783240 180
1783250 180
1783260 180
1783270 180
1783280 180
1783290 180
1783300 180
1783310 180
1783320 180
1783330 180
1783340 180
1783350 180
1783360 180
1783370 180
1783380 180
1783390 180
1783400 180
1783410 180
1783420 180
1783430 180
1783440 180
1783450 180
1783460 180
1783470 180
1783480 180
1783490 180
1783500 180
1783510 180
1783520 179
1783530 179
1783540 179
1783550 179
1783560 179
1783570 179
1783580 179
1783590 179
1783600 179
1783610 179
1783620 179
1783630 179
1783640 179
1783650 179
1783660 179
1783670 179
1783680 180
1783690 179
1783700 179
1783710 179
1783720 179
1783730 179
1783740 179
1783750 179
1783760 179
1783770 179
1783780 179
1783790 179
1783800 179
1783810 179
1783820 180
1783830 180
1783840 180
1783850 180
1783860 180
1783870 180
1783880 180
1783890 180
1783900 180
1783910 180
1783920 180
1783930 180
1783940 180
1783950 180
1783960 180
1783970 180
1783980 180
1783990 180
1784000 180
1784010 180
1784020 180
1784030 180
1784040 180
1784050 180
1784060 180
1784070 180
1784080 180
1784090 180
1784100 180
1784110 180
1784120 179
1784130 179
1784140 179
1784150 179
1784160 179
1784170 179
1784180 179
1784190 179
1784200 179
1784210 179
1784220 179
1784230 179
1784240 179
1784250 179
1784260 179
1784270 179
1784280 179
1784290 179
1784300 179
1784310 179
1784320 179
1784330 179
1784340 179
1784350 179
1784360 179
1784370 179
1784380 179
1784390 179
1784400 179
1784410 179
1784420 179
1784430 179
1784440 179
1784450 179
1784460 179
1784470 179
1784480 179
1784490 179
1784500 179
1784510 179
1784520 179
1784530 179
1784540 179
1784550 179
1784560 179
1784570 179
1784580 179
1784590 179
1784600 179
1784610 179
1784620 179
1784630 179
1784640 179
1784650 179
1784660 179
1784670 179
1784680 179
1784690 179
1784700 179
1784710 179
1784720 179
1784730 179
1784740 179
1784750 179
1784760 179
1784770 179
1784780 179
1784790 179
1784800 179
1784810 179
1784820 179
1784830 179
1784840 179
1784850 179
1784860 179
1784870 179
1784880 179
1784890 178
1784900 178
1784910 178
1784920 178
1784930 178
1784940 178
1784950 178
1784960 178
1784970 178
1784980 178
1784990 178
1785000 178
1785010 178
1785020 178
1785030 178
1785040 178
1785050 178
1785060 178
1785070 178
1785080 178
1785090 178
1785100 178
1785110 178
1785120 178
1785130 178
1785140 178
1785150 178
1785160 178
1785170 178
1785180 178
1785190 178
1785200 178
1785210 178
1785220 178
1785230 178
1785240 178
1785250 178
1785260 178
1785270 178
1785280 178
1785290 178
1785300 178
1785310 178
1785320 178
1785330 178
1785340 178
1785350 178
1785360 178
1785370 178
1785380 178
1785390 178
1785400 178
1785410 178
1785420 178
1785430 178
1785440 178
1785450 178
1785460 178
1785470 178
1785480 178
1785490 178
1785500 178
1785510 178
1785520 178
1785530 178
1785540 178
1785550 178
1785560 178
1785570 178
1785580 178
1785590 178
1785600 178
1785610 178
1785620 178
1785630 178
1785640 178
1785650 178
1785660 178
1785670 178
1785680 178
1785690 178
1785700 178
1785710 178
1785720 178
1785730 178
1785740 178
1785750 178
1785760 178
1785770 178
1785780 178
1785790 178
1785800 178
1785810 178
1785820 178
1785830 178
1785840 178
1785850 178
1785860 178
1785870 178
1785880 178
1785890 178
1785900 178
1785910 178
1785920 178
1785930 178
1785940 178
1785950 178
1785960 178
1785970 178
1785980 178
1785990 178
1786000 178
1786010 178
1786020 178
1786030 178
1786040 178
1786050 178
1786060 178
1786070 178
1786080 178
1786090 178
1786100 178
1786110 178
1786120 178
1786130 178
1786140 178
1786150 178
1786160 178
1786170 178
1786180 178
1786190 178
1786200 178
1786210 178
1786220 178
1786230 178
1786240 178
1786250 178
1786260 178
1786270 178
1786280 178
1786290 178
1786300 178
1786310 178
1786320 178
1786330 178
1786340 178
1786350 178
1786360 178
1786370 178
1786380 178
1786390 178
1786400 178
1786410 178
1786420 178
1786430 178
1786440 178
1786450 178
1786460 178
1786470 178
1786480 178
1786490 178
1786500 178
1786510 178
1786520 178
1786530 178
1786540 178
1786550 178
1786560 178
1786570 178
1786580 178
1786590 178
1786600 178
1786610 178
1786620 178
1786630 178
1786640 178
1786650 178
1786660 178
1786670 178
1786680 178
1786690 178
1786700 178
1786710 178
1786720 178
1786730 178
1786740 178
1786750 178
1786760 178
1786770 178
1786780 178
1786790 178
1786800 178
1786810 178
1786820 178
1786830 178
1786840 178
1786850 178
1786860 178
1786870 178
1786880 178
1786890 178
1786900 178
1786910 178
1786920 178
1786930 178
1786940 178
1786950 178
1786960 178
1786970 178
1786980 178
1786990 178
1787000 178
1787010 179
1787020 179
1787030 179
1787040 179
1787050 179
1787060 179
1787070 178
1787080 178
1787090 178
1787100 178
1787110 178
1787120 178
1787130 178
1787140 178
1787150 178
1787160 178
1787170 178
1787180 178
1787190 178
1787200 178
1787210 178
1787220 178
1787230 178
1787240 178
1787250 178
1787260 178
1787270 178
1787280 178
1787290 179
1787300 179
1787310 179
1787320 179
1787330 179
1787340 179
1787350 179
1787360 179
1787370 179
1787380 178
1787390 178
1787400 178
1787410 179
1787420 179
1787430 179
1787440 179
1787450 179
1787460 179
1787470 179
1787480 179
1787490 179
1787500 179
1787510 179
1787520 179
1787530 179
1787540 179
1787550 179
1787560 179
1787570 179
1787580 179
1787590 179
1787600 179
1787610 179
1787620 179
1787630 179
1787640 179
1787650 179
1787660 180
1787670 180
1787680 180
1787690 180
1787700 180
1787710 179
1787720 179
1787730 179
1787740 179
1787750 179
1787760 179
1787770 179
1787780 179
1787790 179
1787800 179
1787810 179
1787820 179
1787830 179
1787840 179
1787850 179
1787860 179
1787870 179
1787880 178
1787890 177
1787900 177
1787910 178
1787920 179
1787930 179
1787940 179
1787950 179
1787960 179
1787970 179
1787980 179
1787990 179
1788000 179
1788010 179
1788020 179
1788030 179
1788040 179
1788050 179
1788060 179
1788070 179
1788080 179
1788090 179
1788100 179
1788110 179
1788120 179
1788130 179
1788140 179
1788150 179
1788160 179
1788170 179
1788180 179
1788190 179
1788200 179
1788210 179
1788220 179
1788230 179
1788240 179
1788250 179
1788260 179
1788270 179
1788280 179
1788290 179
1788300 179
1788310 179
1788320 179
1788330 179
1788340 179
1788350 179
1788360 179
1788370 179
1788380 179
1788390 179
1788400 179
1788410 179
1788420 179
1788430 179
1788440 179
1788450 179
1788460 179
1788470 179
1788480 179
1788490 179
1788500 179
1788510 179
1788520 179
1788530 179
1788540 179
1788550 179
1788560 179
1788570 179
1788580 179
1788590 179
1788600 179
1788610 179
1788620 179
1788630 179
1788640 179
1788650 179
1788660 179
1788670 179
1788680 179
1788690 179
1788700 179
1788710 179
1788720 179
1788730 179
1788740 179
1788750 179
1788760 179
1788770 179
1788780 179
1788790 179
1788800 179
1788810 179
1788820 178
1788830 178
1788840 178
1788850 177
1788860 177
1788870 177
1788880 177
1788890 177
1788900 178
1788910 178
1788920 178
1788930 178
1788940 178
1788950 178
1788960 178
1788970 178
1788980 178
1788990 178
1789000 178
1789010 178
1789020 179
1789030 179
1789040 179
1789050 179
1789060 179
1789070 179
1789080 179
1789090 179
1789100 179
1789110 179
1789120 179
1789130 178
1789140 178
1789150 178
1789160 178
1789170 178
1789180 178
1789190 178
1789200 178
1789210 178
1789220 178
1789230 178
1789240 178
1789250 178
1789260 178
1789270 178
1789280 178
1789290 178
1789300 178
1789310 178
1789320 178
1789330 178
1789340 178
1789350 178
1789360 178
1789370 178
1789380 178
1789390 177
1789400 177
1789410 177
1789420 177
1789430 177
1789440 177
1789450 177
1789460 177
1789470 177
1789480 177
1789490 177
1789500 177
1789510 177
1789520 177
1789530 177
1789540 177
1789550 177
1789560 177
1789570 177
1789580 177
1789590 177
1789600 177
1789610 177
1789620 177
1789630 177
1789640 177
1789650 177
1789660 177
1789670 177
1789680 177
1789690 177
1789700 177
1789710 177
1789720 177
1789730 177
1789740 177
1789750 177
1789760 177
1789770 177
1789780 177
1789790 177
1789800 177
1789810 177
1789820 177
1789830 177
1789840 177
1789850 177
1789860 177
1789870 177
1789880 177
1789890 177
1789900 177
1789910 177
1789920 177
1789930 177
1789940 177
1789950 177
1789960 177
1789970 177
1789980 177
1789990 177
1790000 177
1790010 177
1790020 177
1790030 177
1790040 177
1790050 177
1790060 177
1790070 177
1790080 177
1790090 177
1790100 177
1790110 176
1790120 176
1790130 176
1790140 176
1790150 176
1790160 176
1790170 176
1790180 176
1790190 176
1790200 176
1790210 176
1790220 176
1790230 176
1790240 176
1790250 176
1790260 176
1790270 176
1790280 176
1790290 176
1790300 176
1790310 176
1790320 176
1790330 176
1790340 176
1790350 176
1790360 176
1790370 176
1790380 176
1790390 176
1790400 176
1790410 176
1790420 176
1790430 176
1790440 176
1790450 176
1790460 176
1790470 176
1790480 176
1790490 176
1790500 176
1790510 176
1790520 176
1790530 176
1790540 176
1790550 177
1790560 177
1790570 177
1790580 176
1790590 176
1790600 176
1790610 176
1790620 176
1790630 176
1790640 176
1790650 176
1790660 176
1790670 176
1790680 176
1790690 175
1790700 175
1790710 176
1790720 176
1790730 176
1790740 176
1790750 175
1790760 175
1790770 175
1790780 175
1790790 175
1790800 175
1790810 175
1790820 175
1790830 175
1790840 175
1790850 175
1790860 175
1790870 176
1790880 176
1790890 176
1790900 175
1790910 175
1790920 175
1790930 175
1790940 175
1790950 175
1790960 176
1790970 176
1790980 176
1790990 176
1791000 176
1791010 176
1791020 176
1791030 176
1791040 176
1791050 176
1791060 176
1791070 176
1791080 176
1791090 176
1791100 176
1791110 176
1791120 176
1791130 175
1791140 175
1791150 175
1791160 175
1791170 175
1791180 176
1791190 175
1791200 175
1791210 175
1791220 175
1791230 175
1791240 175
1791250 176
1791260 176
1791270 176
1791280 176
1791290 176
1791300 176
1791310 176
1791320 175
1791330 175
1791340 175
1791350 175
1791360 175
1791370 175
1791380 175
1791390 175
1791400 175
1791410 175
1791420 175
1791430 176
1791440 176
1791450 176
1791460 175
1791470 175
1791480 175
1791490 175
1791500 175
1791510 175
1791520 175
1791530 175
1791540 175
1791550 175
1791560 175
1791570 175
1791580 175
1791590 175
1791600 175
1791610 175
1791620 175
1791630 175
1791640 175
1791650 175
1791660 175
1791670 175
1791680 175
1791690 175
1791700 175
1791710 175
1791720 175
1791730 175
1791740 175
1791750 175
1791760 175
1791770 175
1791780 175
1791790 175
1791800 175
1791810 175
1791820 175
1791830 175
1791840 175
1791850 175
1791860 175
1791870 175
1791880 175
1791890 175
1791900 175
1791910 175
1791920 175
1791930 175
1791940 175
1791950 175
1791960 175
1791970 175
1791980 175
1791990 175
1792000 175
1792010 175
1792020 175
1792030 175
1792040 175
1792050 175
1792060 175
1792070 175
1792080 175
1792090 175
1792100 175
1792110 175
1792120 175
1792130 175
1792140 175
1792150 175
1792160 175
1792170 175
1792180 175
1792190 175
1792200 175
1792210 175
1792220 175
1792230 175
1792240 175
1792250 175
1792260 175
1792270 175
1792280 175
1792290 175
1792300 175
1792310 175
1792320 175
1792330 175
1792340 175
1792350 175
1792360 175
1792370 175
1792380 175
1792390 175
1792400 175
1792410 175
1792420 175
1792430 175
1792440 175
1792450 175
1792460 175
1792470 174
1792480 174
1792490 175
1792500 175
1792510 175
1792520 175
1792530 175
1792540 175
1792550 175
1792560 175
1792570 175
1792580 175
1792590 175
1792600 175
1792610 175
1792620 175
1792630 175
1792640 175
1792650 175
1792660 175
1792670 175
1792680 175
1792690 175
1792700 175
1792710 175
1792720 175
1792730 175
1792740 175
1792750 175
1792760 175
1792770 175
1792780 175
1792790 175
1792800 175
1792810 175
1792820 175
1792830 175
1792840 175
1792850 175
1792860 175
1792870 175
1792880 175
1792890 175
1792900 175
1792910 175
1792920 175
1792930 175
1792940 175
1792950 175
1792960 175
1792970 175
1792980 175
1792990 175
1793000 175
1793010 175
1793020 175
1793030 175
1793040 175
1793050 175
1793060 175
1793070 175
1793080 175
1793090 175
1793100 175
1793110 175
1793120 175
1793130 175
1793140 175
1793150 175
1793160 175
1793170 175
1793180 175
1793190 175
1793200 175
1793210 175
1793220 175
1793230 175
1793240 175
1793250 175
1793260 175
1793270 175
1793280 175
1793290 175
1793300 175
1793310 175
1793320 175
1793330 175
1793340 175
1793350 175
1793360 175
1793370 175
1793380 175
1793390 175
1793400 175
1793410 175
1793420 175
1793430 175
1793440 175
1793450 175
1793460 175
1793470 175
1793480 175
1793490 175
1793500 175
1793510 175
1793520 175
1793530 175
1793540 175
1793550 175
1793560 175
1793570 175
1793580 175
1793590 175
1793600 175
1793610 175
1793620 175
1793630 175
1793640 175
1793650 175
1793660 175
1793670 175
1793680 175
1793690 175
1793700 175
1793710 175
1793720 175
1793730 175
1793740 175
1793750 175
1793760 175
1793770 175
1793780 175
1793790 175
1793800 175
1793810 175
1793820 175
1793830 175
1793840 175
1793850 175
1793860 175
1793870 175
1793880 175
1793890 175
1793900 175
1793910 175
1793920 175
1793930 175
1793940 175
1793950 175
1793960 175
1793970 175
1793980 175
1793990 175
1794000 175
1794010 175
1794020 176
1794030 176
1794040 175
1794050 175
1794060 175
1794070 175
1794080 175
1794090 175
1794100 175
1794110 175
1794120 175
1794130 175
1794140 175
1794150 175
1794160 175
1794170 175
1794180 175
1794190 175
1794200 175
1794210 175
1794220 175
1794230 175
1794240 175
1794250 175
1794260 175
1794270 175
1794280 175
1794290 175
1794300 175
1794310 175
1794320 175
1794330 175
1794340 175
1794350 175
1794360 175
1794370 175
1794380 175
1794390 175
1794400 175
1794410 175
1794420 175
1794430 175
1794440 175
1794450 175
1794460 175
1794470 175
1794480 175
1794490 175
1794500 175
1794510 175
1794520 175
1794530 175
1794540 175
1794550 175
1794560 175
1794570 175
1794580 175
1794590 175
1794600 175
1794610 175
1794620 175
1794630 175
1794640 175
1794650 175
1794660 175
1794670 175
1794680 175
1794690 175
1794700 175
1794710 175
1794720 175
1794730 175
1794740 175
1794750 175
1794760 175
1794770 175
1794780 175
1794790 175
1794800 175
1794810 175
1794820 175
1794830 175
1794840 175
1794850 175
1794860 175
1794870 175
1794880 175
1794890 176
1794900 176
1794910 176
1794920 176
1794930 176
1794940 176
1794950 176
1794960 177
1794970 177
1794980 177
1794990 177
1795000 177
1795010 176
1795020 176
1795030 176
1795040 176
1795050 176
1795060 176
1795070 176
1795080 176
1795090 175
1795100 175
1795110 175
1795120 175
1795130 175
1795140 175
1795150 175
1795160 176
1795170 176
1795180 176
1795190 176
1795200 175
1795210 175
1795220 175
1795230 175
1795240 175
1795250 175
1795260 175
1795270 175
1795280 175
1795290 175
1795300 175
1795310 175
1795320 175
1795330 175
1795340 175
1795350 175
1795360 175
1795370 175
1795380 175
1795390 175
1795400 175
1795410 175
1795420 175
1795430 175
1795440 175
1795450 175
1795460 175
1795470 175
1795480 175
1795490 175
1795500 175
1795510 175
1795520 175
1795530 175
1795540 175
1795550 175
1795560 175
1795570 175
1795580 175
1795590 175
1795600 175
1795610 175
1795620 175
1795630 175
1795640 175
1795650 175
1795660 175
1795670 175
1795680 175
1795690 175
1795700 175
1795710 175
1795720 175
1795730 176
1795740 176
1795750 176
1795760 176
1795770 176
1795780 176
1795790 177
1795800 177
1795810 177
1795820 177
1795830 178
1795840 178
1795850 178
1795860 178
1795870 178
1795880 177
1795890 177
1795900 177
1795910 177
1795920 177
1795930 176
1795940 176
1795950 176
1795960 176
1795970 176
1795980 176
1795990 176
1796000 175
1796010 175
1796020 175
1796030 175
1796040 175
1796050 175
1796060 175
1796070 174
1796080 174
1796090 174
1796100 174
1796110 174
1796120 174
1796130 174
1796140 174
1796150 174
1796160 174
1796170 174
1796180 174
1796190 174
1796200 174
1796210 174
1796220 175
1796230 175
1796240 176
1796250 177
1796260 177
1796270 176
1796280 175
1796290 175
1796300 175
1796310 175
1796320 174
1796330 174
1796340 174
1796350 174
1796360 174
1796370 174
1796380 174
1796390 174
1796400 174
1796410 174
1796420 174
1796430 174
1796440 174
1796450 174
1796460 174
1796470 174
1796480 174
1796490 174
1796500 174
1796510 174
1796520 174
1796530 174
1796540 174
1796550 174
1796560 174
1796570 174
1796580 174
1796590 174
1796600 174
1796610 174
1796620 174
1796630 174
1796640 174
1796650 174
1796660 174
1796670 174
1796680 174
1796690 174
1796700 174
1796710 174
1796720 174
1796730 174
1796740 174
1796750 174
1796760 175
1796770 175
1796780 175
1796790 175
1796800 175
1796810 175
1796820 175
1796830 174
1796840 174
1796850 175
1796860 175
1796870 175
1796880 175
1796890 175
1796900 175
1796910 175
1796920 174
1796930 174
1796940 174
1796950 174
1796960 175
1796970 175
1796980 175
1796990 175
1797000 175
1797010 175
1797020 176
1797030 176
1797040 176
1797050 175
1797060 175
1797070 174
1797080 174
1797090 174
1797100 174
1797110 174
1797120 174
1797130 174
1797140 174
1797150 174
1797160 174
1797170 174
1797180 174
1797190 175
1797200 175
1797210 175
1797220 175
1797230 175
1797240 175
1797250 175
1797260 175
1797270 175
1797280 175
1797290 175
1797300 175
1797310 175
1797320 175
1797330 175
1797340 175
1797350 175
1797360 175
1797370 175
1797380 175
1797390 175
1797400 176
1797410 176
1797420 176
1797430 176
1797440 175
1797450 175
1797460 174
1797470 174
1797480 174
1797490 174
1797500 174
1797510 175
1797520 175
1797530 175
1797540 175
1797550 175
1797560 174
1797570 174
1797580 174
1797590 174
1797600 175
1797610 175
1797620 175
1797630 175
1797640 175
1797650 175
1797660 175
1797670 175
1797680 175
1797690 175
1797700 175
1797710 175
1797720 175
1797730 175
1797740 175
1797750 175
1797760 175
1797770 176
1797780 176
1797790 176
1797800 176
1797810 176
1797820 176
1797830 176
1797840 176
1797850 176
1797860 176
1797870 176
1797880 176
1797890 176
1797900 177
1797910 177
1797920 177
1797930 177
1797940 177
1797950 177
1797960 177
1797970 178
1797980 178
1797990 178
1798000 178
1798010 178
1798020 178
1798030 179
1798040 179
1798050 179
1798060 179
1798070 179
1798080 179
1798090 179
1798100 180
1798110 180
1798120 180
1798130 180
1798140 181
1798150 181
1798160 181
1798170 181
1798180 181
1798190 181
1798200 181
1798210 182
1798220 182
1798230 182
1798240 182
1798250 182
1798260 182
1798270 182
1798280 182
1798290 183
1798300 183
1798310 183
1798320 183
1798330 183
1798340 184
1798350 184
1798360 184
1798370 184
1798380 184
1798390 185
1798400 185
1798410 185
1798420 185
1798430 185
1798440 185
1798450 185
1798460 186
1798470 186
1798480 186
1798490 186
1798500 187
1798510 187
1798520 187
1798530 187
1798540 187
1798550 187
1798560 187
1798570 187
1798580 188
1798590 188
1798600 188
1798610 188
1798620 188
1798630 188
1798640 188
1798650 189
1798660 189
1798670 189
1798680 189
1798690 189
1798700 189
1798710 189
1798720 189
1798730 189
1798740 189
1798750 189
1798760 189
1798770 188
1798780 188
1798790 188
1798800 188
1798810 189
1798820 189
1798830 189
1798840 189
1798850 189
1798860 189
1798870 189
1798880 189
1798890 189
1798900 189
1798910 190
1798920 190
1798930 190
1798940 191
1798950 191
1798960 191
1798970 192
1798980 192
1798990 192
1799000 193
1799010 193
1799020 193
1799030 193
1799040 194
1799050 194
1799060 194
1799070 194
1799080 194
1799090 195
1799100 195
1799110 196
1799120 196
1799130 195
1799140 195
1799150 195
1799160 194
1799170 194
1799180 194
1799190 194
1799200 193
1799210 193
1799220 193
1799230 193
1799240 193
1799250 193
1799260 193
1799270 192
1799280 192
1799290 192
1799300 192
1799310 192
1799320 192
1799330 192
1799340 192
1799350 191
1799360 191
1799370 191
1799380 191
1799390 191
1799400 191
1799410 191
1799420 191
1799430 191
1799440 191
1799450 192
1799460 192
1799470 192
1799480 192
1799490 192
1799500 193
1799510 193
1799520 194
1799530 194
1799540 195
1799550 196
1799560 197
1799570 198
1799580 199
1799590 200
1799600 202
1799610 204
1799620 205
1799630 206
1799640 207
1799650 208
1799660 210
1799670 211
1799680 213
1799690 214
1799700 216
1799710 217
1799720 219
1799730 221
1799740 222
1799750 223
1799760 225
1799770 226
1799780 227
1799790 228
1799800 230
1799810 232
1799820 234
1799830 236
1799840 238
1799850 240
1799860 242
1799870 244
1799880 246
1799890 248
1799900 250
1799910 252
1799920 254
1799930 255
1799940 256
1799950 257
1799960 258
1799970 259
1799980 260
1799990 261
