1780000 182
1780010 182
1780020 182
1780030 182
1780040 182
1780050 182
1780060 182
1780070 182
1780080 182
1780090 182
1780100 182
1780110 182
1780120 182
1780130 182
1780140 182
1780150 182
1780160 182
1780170 182
1780180 182
1780190 182
1780200 182
1780210 182
1780220 182
1780230 182
1780240 182
1780250 182
1780260 182
1780270 182
1780280 182
1780290 182
1780300 182
1780310 182
1780320 182
1780330 182
1780340 182
1780350 182
1780360 182
1780370 182
1780380 182
1780390 182
1780400 182
1780410 182
1780420 182
1780430 182
1780440 182
1780450 182
1780460 182
1780470 182
1780480 182
1780490 182
1780500 182
1780510 182
1780520 182
1780530 182
1780540 182
1780550 182
1780560 182
1780570 182
1780580 182
1780590 181
1780600 181
1780610 181
1780620 181
1780630 182
1780640 182
1780650 181
1780660 181
1780670 181
1780680 181
1780690 181
1780700 181
1780710 181
1780720 181
1780730 181
1780740 181
1780750 181
1780760 181
1780770 181
1780780 181
1780790 181
1780800 181
1780810 181
1780820 181
1780830 181
1780840 181
1780850 181
1780860 181
1780870 181
1780880 181
1780890 181
1780900 181
1780910 181
1780920 181
1780930 181
1780940 181
1780950 181
1780960 181
1780970 181
1780980 181
1780990 181
1781000 181
1781010 181
1781020 181
1781030 181
1781040 181
1781050 181
1781060 181
1781070 181
1781080 181
1781090 181
1781100 181
1781110 181
1781120 181
1781130 181
1781140 181
1781150 181
1781160 181
1781170 181
1781180 181
1781190 181
1781200 181
1781210 181
1781220 181
1781230 181
1781240 181
1781250 181
1781260 181
1781270 181
1781280 181
1781290 181
1781300 181
1781310 181
1781320 181
1781330 181
1781340 181
1781350 181
1781360 181
1781370 181
1781380 181
1781390 181
1781400 181
1781410 181
1781420 181
1781430 181
1781440 181
1781450 181
1781460 181
1781470 181
1781480 181
1781490 181
1781500 181
1781510 181
1781520 181
1781530 181
1781540 181
1781550 181
1781560 181
1781570 181
1781580 181
1781590 181
1781600 181
1781610 181
1781620 181
1781630 181
1781640 181
1781650 181
1781660 181
1781670 181
1781680 181
1781690 181
1781700 181
1781710 181
1781720 181
1781730 181
1781740 181
1781750 181
1781760 181
1781770 181
1781780 181
1781790 181
1781800 181
1781810 181
1781820 181
1781830 181
1781840 181
1781850 181
1781860 181
1781870 181
1781880 181
1781890 181
1781900 181
1781910 181
1781920 181
1781930 181
1781940 181
1781950 181
1781960 181
1781970 181
1781980 181
1781990 181
1782000 181
1782010 181
1782020 181
1782030 181
1782040 181
1782050 181
1782060 181
1782070 181
1782080 181
1782090 181
1782100 181
1782110 181
1782120 181
1782130 181
1782140 182
1782150 182
1782160 182
1782170 182
1782180 182
1782190 182
1782200 181
1782210 181
1782220 181
1782230 181
1782240 181
1782250 181
1782260 181
1782270 181
1782280 181
1782290 181
1782300 181
1782310 181
1782320 181
1782330 181
1782340 180
1782350 180
1782360 180
1782370 180
1782380 180
1782390 180
1782400 180
1782410 180
1782420 180
1782430 180
1782440 180
1782450 180
1782460 180
1782470 180
1782480 180
1782490 180
1782500 180
1782510 180
1782520 180
1782530 180
1782540 180
1782550 180
1782560 180
1782570 180
1782580 180
1782590 181
1782600 181
1782610 181
1782620 181
1782630 181
1782640 181
1782650 181
1782660 181
1782670 181
1782680 181
1782690 181
1782700 182
1782710 183
1782720 183
1782730 183
1782740 183
1782750 184
1782760 184
1782770 183
1782780 181
1782790 181
1782800 181
1782810 181
1782820 181
1782830 181
1782840 181
1782850 181
1782860 181
1782870 181
1782880 181
1782890 181
1782900 181
1782910 181
1782920 181
1782930 181
1782940 181
1782950 181
1782960 181
1782970 181
1782980 180
1782990 180
1783000 180
1783010 180
1783020 180
1783030 180
1783040 180
1783050 180
1783060 181
1783070 181
1783080 182
1783090 182
1783100 183
1783110 183
1783120 183
1783130 182
1783140 182
1783150 182
1783160 183
1783170 183
1783180 183
1783190 184
1783200 184
1783210 185
1783220 185
1783230 185
1783240 185
1783250 185
1783260 185
1783270 185
1783280 185
1783290 186
1783300 186
1783310 186
1783320 187
1783330 188
1783340 189
1783350 190
1783360 191
1783370 193
1783380 195
1783390 197
1783400 199
1783410 202
1783420 204
1783430 207
1783440 209
1783450 211
1783460 213
1783470 214
1783480 215
1783490 216
1783500 216
1783510 217
1783520 217
1783530 218
1783540 218
1783550 218
1783560 218
1783570 218
1783580 217
1783590 217
1783600 218
1783610 220
1783620 219
1783630 218
1783640 219
1783650 219
1783660 219
1783670 219
1783680 218
1783690 218
1783700 218
1783710 218
1783720 218
1783730 219
1783740 218
1783750 218
1783760 218
1783770 219
1783780 218
1783790 215
1783800 215
1783810 215
1783820 215
1783830 215
1783840 214
1783850 213
1783860 213
1783870 212
1783880 212
1783890 212
1783900 211
1783910 211
1783920 211
1783930 211
1783940 211
1783950 210
1783960 210
1783970 210
1783980 210
1783990 210
1784000 210
1784010 210
1784020 209
1784030 209
1784040 209
1784050 209
1784060 209
1784070 209
1784080 209
1784090 209
1784100 209
1784110 209
1784120 208
1784130 209
1784140 209
1784150 209
1784160 209
1784170 209
1784180 209
1784190 209
1784200 210
1784210 211
1784220 211
1784230 211
1784240 212
1784250 213
1784260 215
1784270 215
1784280 215
1784290 215
1784300 215
1784310 215
1784320 216
1784330 216
1784340 216
1784350 216
1784360 216
1784370 216
1784380 216
1784390 215
1784400 215
1784410 215
1784420 215
1784430 215
1784440 215
1784450 215
1784460 215
1784470 214
1784480 214
1784490 214
1784500 214
1784510 214
1784520 214
1784530 214
1784540 214
1784550 214
1784560 214
1784570 214
1784580 214
1784590 214
1784600 214
1784610 214
1784620 214
1784630 215
1784640 215
1784650 215
1784660 215
1784670 216
1784680 216
1784690 216
1784700 216
1784710 216
1784720 216
1784730 216
1784740 216
1784750 216
1784760 216
1784770 216
1784780 216
1784790 216
1784800 216
1784810 216
1784820 216
1784830 216
1784840 216
1784850 216
1784860 216
1784870 216
1784880 215
1784890 215
1784900 215
1784910 215
1784920 215
1784930 215
1784940 215
1784950 214
1784960 214
1784970 214
1784980 214
1784990 213
1785000 213
1785010 213
1785020 213
1785030 213
1785040 212
1785050 212
1785060 212
1785070 212
1785080 212
1785090 212
1785100 211
1785110 211
1785120 211
1785130 211
1785140 211
1785150 211
1785160 211
1785170 211
1785180 211
1785190 211
1785200 211
1785210 211
1785220 211
1785230 211
1785240 211
1785250 211
1785260 211
1785270 211
1785280 210
1785290 210
1785300 210
1785310 210
1785320 210
1785330 210
1785340 210
1785350 210
1785360 210
1785370 210
1785380 210
1785390 210
1785400 210
1785410 210
1785420 210
1785430 210
1785440 210
1785450 210
1785460 211
1785470 211
1785480 211
1785490 211
1785500 211
1785510 211
1785520 211
1785530 211
1785540 211
1785550 211
1785560 211
1785570 212
1785580 212
1785590 212
1785600 212
1785610 212
1785620 212
1785630 212
1785640 212
1785650 212
1785660 212
1785670 213
1785680 213
1785690 213
1785700 214
1785710 214
1785720 214
1785730 214
1785740 215
1785750 215
1785760 215
1785770 215
1785780 215
1785790 215
1785800 216
1785810 216
1785820 216
1785830 216
1785840 216
1785850 216
1785860 216
1785870 216
1785880 216
1785890 216
1785900 216
1785910 216
1785920 216
1785930 216
1785940 216
1785950 216
1785960 216
1785970 216
1785980 216
1785990 216
1786000 216
1786010 216
1786020 216
1786030 216
1786040 216
1786050 216
1786060 216
1786070 216
1786080 216
1786090 216
1786100 216
1786110 216
1786120 216
1786130 216
1786140 216
1786150 216
1786160 215
1786170 215
1786180 215
1786190 215
1786200 215
1786210 214
1786220 214
1786230 214
1786240 214
1786250 214
1786260 214
1786270 213
1786280 213
1786290 213
1786300 213
1786310 213
1786320 213
1786330 213
1786340 213
1786350 213
1786360 213
1786370 213
1786380 213
1786390 212
1786400 212
1786410 212
1786420 212
1786430 212
1786440 212
1786450 212
1786460 212
1786470 212
1786480 213
1786490 213
1786500 213
1786510 213
1786520 213
1786530 213
1786540 213
1786550 213
1786560 213
1786570 213
1786580 213
1786590 213
1786600 213
1786610 214
1786620 214
1786630 214
1786640 214
1786650 214
1786660 214
1786670 214
1786680 214
1786690 214
1786700 214
1786710 214
1786720 214
1786730 214
1786740 214
1786750 214
1786760 214
1786770 215
1786780 215
1786790 215
1786800 214
1786810 214
1786820 214
1786830 214
1786840 214
1786850 214
1786860 214
1786870 214
1786880 214
1786890 214
1786900 213
1786910 213
1786920 213
1786930 213
1786940 212
1786950 212
1786960 212
1786970 212
1786980 211
1786990 211
1787000 211
1787010 211
1787020 210
1787030 210
1787040 210
1787050 209
1787060 209
1787070 208
1787080 208
1787090 206
1787100 204
1787110 203
1787120 204
1787130 204
1787140 205
1787150 204
1787160 204
1787170 204
1787180 203
1787190 203
1787200 202
1787210 202
1787220 200
1787230 200
1787240 199
1787250 200
1787260 200
1787270 200
1787280 199
1787290 199
1787300 199
1787310 199
1787320 199
1787330 198
1787340 198
1787350 198
1787360 198
1787370 199
1787380 198
1787390 198
1787400 198
1787410 198
1787420 198
1787430 198
1787440 198
1787450 199
1787460 199
1787470 201
1787480 202
1787490 204
1787500 205
1787510 206
1787520 207
1787530 207
1787540 208
1787550 208
1787560 208
1787570 208
1787580 208
1787590 208
1787600 208
1787610 208
1787620 209
1787630 209
1787640 209
1787650 209
1787660 209
1787670 209
1787680 209
1787690 209
1787700 209
1787710 210
1787720 210
1787730 211
1787740 211
1787750 212
1787760 212
1787770 212
1787780 212
1787790 212
1787800 213
1787810 213
1787820 213
1787830 213
1787840 213
1787850 213
1787860 213
1787870 213
1787880 213
1787890 213
1787900 213
1787910 213
1787920 213
1787930 213
1787940 213
1787950 213
1787960 213
1787970 212
1787980 212
1787990 212
1788000 212
1788010 212
1788020 212
1788030 212
1788040 212
1788050 212
1788060 211
1788070 211
1788080 211
1788090 211
1788100 211
1788110 211
1788120 211
1788130 211
1788140 210
1788150 210
1788160 210
1788170 210
1788180 210
1788190 210
1788200 210
1788210 210
1788220 210
1788230 210
1788240 210
1788250 209
1788260 209
1788270 209
1788280 209
1788290 209
1788300 209
1788310 209
1788320 209
1788330 209
1788340 209
1788350 209
1788360 209
1788370 209
1788380 209
1788390 208
1788400 208
1788410 208
1788420 208
1788430 208
1788440 208
1788450 208
1788460 208
1788470 208
1788480 208
1788490 208
1788500 208
1788510 208
1788520 208
1788530 209
1788540 209
1788550 209
1788560 209
1788570 209
1788580 209
1788590 209
1788600 209
1788610 209
1788620 209
1788630 209
1788640 209
1788650 209
1788660 209
1788670 209
1788680 209
1788690 209
1788700 209
1788710 209
1788720 209
1788730 209
1788740 209
1788750 209
1788760 209
1788770 209
1788780 209
1788790 209
1788800 210
1788810 210
1788820 210
1788830 210
1788840 210
1788850 211
1788860 211
1788870 211
1788880 211
1788890 211
1788900 211
1788910 211
1788920 212
1788930 212
1788940 212
1788950 212
1788960 211
1788970 211
1788980 211
1788990 211
1789000 211
1789010 211
1789020 211
1789030 210
1789040 210
1789050 210
1789060 210
1789070 210
1789080 210
1789090 210
1789100 210
1789110 210
1789120 210
1789130 209
1789140 209
1789150 209
1789160 209
1789170 209
1789180 209
1789190 209
1789200 209
1789210 209
1789220 209
1789230 209
1789240 209
1789250 209
1789260 209
1789270 209
1789280 209
1789290 209
1789300 209
1789310 209
1789320 209
1789330 209
1789340 209
1789350 209
1789360 209
1789370 209
1789380 209
1789390 209
1789400 209
1789410 208
1789420 208
1789430 208
1789440 208
1789450 208
1789460 208
1789470 208
1789480 208
1789490 208
1789500 208
1789510 208
1789520 208
1789530 208
1789540 208
1789550 208
1789560 208
1789570 208
1789580 208
1789590 208
1789600 208
1789610 208
1789620 208
1789630 208
1789640 208
1789650 208
1789660 208
1789670 208
1789680 208
1789690 208
1789700 208
1789710 208
1789720 208
1789730 209
1789740 209
1789750 209
1789760 209
1789770 209
1789780 209
1789790 210
1789800 210
1789810 210
1789820 210
1789830 210
1789840 210
1789850 209
1789860 209
1789870 209
1789880 209
1789890 209
1789900 209
1789910 209
1789920 208
1789930 208
1789940 208
1789950 208
1789960 208
1789970 209
1789980 209
1789990 209
1790000 209
1790010 209
1790020 210
1790030 210
1790040 210
1790050 210
1790060 210
1790070 211
1790080 211
1790090 211
1790100 211
1790110 211
1790120 211
1790130 211
1790140 212
1790150 212
1790160 212
1790170 212
1790180 212
1790190 212
1790200 212
1790210 212
1790220 212
1790230 212
1790240 212
1790250 212
1790260 212
1790270 212
1790280 212
1790290 212
1790300 212
1790310 212
1790320 212
1790330 212
1790340 212
1790350 212
1790360 212
1790370 212
1790380 212
1790390 212
1790400 212
1790410 212
1790420 212
1790430 212
1790440 212
1790450 212
1790460 212
1790470 212
1790480 212
1790490 212
1790500 212
1790510 212
1790520 212
1790530 212
1790540 212
1790550 212
1790560 212
1790570 212
1790580 212
1790590 212
1790600 212
1790610 211
1790620 212
1790630 211
1790640 211
1790650 211
1790660 211
1790670 211
1790680 211
1790690 211
1790700 211
1790710 211
1790720 211
1790730 211
1790740 211
1790750 210
1790760 210
1790770 210
1790780 210
1790790 210
1790800 210
1790810 210
1790820 210
1790830 210
1790840 210
1790850 210
1790860 210
1790870 210
1790880 210
1790890 210
1790900 210
1790910 210
1790920 211
1790930 211
1790940 211
1790950 211
1790960 211
1790970 211
1790980 211
1790990 211
1791000 211
1791010 211
1791020 211
1791030 211
1791040 211
1791050 211
1791060 211
1791070 211
1791080 210
1791090 210
1791100 210
1791110 210
1791120 210
1791130 210
1791140 210
1791150 210
1791160 210
1791170 209
1791180 209
1791190 209
1791200 209
1791210 209
1791220 209
1791230 209
1791240 209
1791250 209
1791260 209
1791270 209
1791280 209
1791290 209
1791300 209
1791310 209
1791320 209
1791330 209
1791340 209
1791350 209
1791360 209
1791370 209
1791380 209
1791390 209
1791400 209
1791410 209
1791420 209
1791430 209
1791440 209
1791450 209
1791460 209
1791470 209
1791480 208
1791490 208
1791500 208
1791510 208
1791520 208
1791530 208
1791540 208
1791550 208
1791560 207
1791570 207
1791580 207
1791590 207
1791600 207
1791610 206
1791620 206
1791630 206
1791640 205
1791650 205
1791660 205
1791670 204
1791680 202
1791690 199
1791700 198
1791710 197
1791720 197
1791730 196
1791740 195
1791750 195
1791760 194
1791770 194
1791780 194
1791790 195
1791800 195
1791810 196
1791820 196
1791830 197
1791840 198
1791850 199
1791860 201
1791870 202
1791880 205
1791890 209
1791900 212
1791910 213
1791920 214
1791930 214
1791940 214
1791950 214
1791960 214
1791970 215
1791980 215
1791990 215
1792000 215
1792010 215
1792020 215
1792030 215
1792040 215
1792050 215
1792060 215
1792070 215
1792080 215
1792090 215
1792100 215
1792110 215
1792120 215
1792130 215
1792140 214
1792150 214
1792160 214
1792170 214
1792180 214
1792190 214
1792200 214
1792210 214
1792220 214
1792230 214
1792240 213
1792250 213
1792260 213
1792270 213
1792280 213
1792290 213
1792300 212
1792310 212
1792320 212
1792330 212
1792340 211
1792350 211
1792360 211
1792370 210
1792380 210
1792390 210
1792400 209
1792410 209
1792420 209
1792430 208
1792440 208
1792450 208
1792460 208
1792470 208
1792480 207
1792490 207
1792500 207
1792510 207
1792520 207
1792530 207
1792540 207
1792550 207
1792560 207
1792570 207
1792580 207
1792590 207
1792600 207
1792610 207
1792620 207
1792630 207
1792640 207
1792650 207
1792660 207
1792670 207
1792680 207
1792690 207
1792700 207
1792710 207
1792720 207
1792730 206
1792740 206
1792750 206
1792760 206
1792770 206
1792780 206
1792790 206
1792800 206
1792810 206
1792820 205
1792830 205
1792840 205
1792850 205
1792860 205
1792870 205
1792880 205
1792890 205
1792900 205
1792910 205
1792920 205
1792930 205
1792940 205
1792950 206
1792960 206
1792970 206
1792980 206
1792990 206
1793000 206
1793010 206
1793020 206
1793030 206
1793040 206
1793050 206
1793060 206
1793070 206
1793080 206
1793090 206
1793100 205
1793110 205
1793120 205
1793130 205
1793140 205
1793150 205
1793160 205
1793170 205
1793180 205
1793190 205
1793200 205
1793210 205
1793220 205
1793230 205
1793240 205
1793250 206
1793260 206
1793270 206
1793280 206
1793290 206
1793300 206
1793310 206
1793320 206
1793330 206
1793340 206
1793350 206
1793360 206
1793370 206
1793380 206
1793390 206
1793400 206
1793410 206
1793420 206
1793430 206
1793440 206
1793450 206
1793460 206
1793470 206
1793480 206
1793490 206
1793500 206
1793510 206
1793520 206
1793530 206
1793540 206
1793550 206
1793560 206
1793570 206
1793580 206
1793590 206
1793600 206
1793610 206
1793620 205
1793630 205
1793640 205
1793650 205
1793660 205
1793670 205
1793680 205
1793690 205
1793700 205
1793710 205
1793720 205
1793730 205
1793740 205
1793750 205
1793760 205
1793770 205
1793780 205
1793790 205
1793800 205
1793810 205
1793820 205
1793830 205
1793840 205
1793850 205
1793860 205
1793870 205
1793880 205
1793890 205
1793900 205
1793910 205
1793920 205
1793930 205
1793940 205
1793950 205
1793960 205
1793970 204
1793980 204
1793990 204
1794000 204
1794010 204
1794020 204
1794030 204
1794040 204
1794050 204
1794060 204
1794070 204
1794080 204
1794090 204
1794100 204
1794110 204
1794120 204
1794130 204
1794140 204
1794150 204
1794160 204
1794170 204
1794180 204
1794190 204
1794200 204
1794210 204
1794220 204
1794230 204
1794240 204
1794250 204
1794260 204
1794270 204
1794280 204
1794290 204
1794300 204
1794310 204
1794320 204
1794330 204
1794340 204
1794350 204
1794360 204
1794370 203
1794380 203
1794390 203
1794400 203
1794410 203
1794420 203
1794430 203
1794440 203
1794450 203
1794460 203
1794470 203
1794480 203
1794490 203
1794500 203
1794510 203
1794520 203
1794530 203
1794540 203
1794550 203
1794560 203
1794570 203
1794580 203
1794590 203
1794600 203
1794610 203
1794620 203
1794630 203
1794640 203
1794650 203
1794660 203
1794670 203
1794680 203
1794690 203
1794700 203
1794710 203
1794720 203
1794730 203
1794740 203
1794750 203
1794760 203
1794770 203
1794780 203
1794790 203
1794800 203
1794810 203
1794820 203
1794830 203
1794840 203
1794850 203
1794860 203
1794870 204
1794880 204
1794890 204
1794900 205
1794910 205
1794920 205
1794930 206
1794940 206
1794950 206
1794960 206
1794970 205
1794980 205
1794990 205
1795000 205
1795010 205
1795020 204
1795030 204
1795040 204
1795050 204
1795060 204
1795070 204
1795080 204
1795090 204
1795100 204
1795110 204
1795120 204
1795130 204
1795140 204
1795150 204
1795160 205
1795170 205
1795180 205
1795190 205
1795200 205
1795210 205
1795220 205
1795230 205
1795240 205
1795250 205
1795260 205
1795270 205
1795280 205
1795290 205
1795300 204
1795310 204
1795320 204
1795330 204
1795340 204
1795350 204
1795360 204
1795370 204
1795380 204
1795390 204
1795400 204
1795410 204
1795420 204
1795430 204
1795440 204
1795450 204
1795460 204
1795470 204
1795480 204
1795490 204
1795500 204
1795510 204
1795520 204
1795530 204
1795540 204
1795550 204
1795560 204
1795570 204
1795580 204
1795590 204
1795600 204
1795610 204
1795620 205
1795630 205
1795640 205
1795650 205
1795660 205
1795670 205
1795680 205
1795690 205
1795700 205
1795710 205
1795720 205
1795730 205
1795740 205
1795750 205
1795760 205
1795770 205
1795780 205
1795790 205
1795800 205
1795810 205
1795820 205
1795830 205
1795840 205
1795850 205
1795860 205
1795870 205
1795880 205
1795890 205
1795900 205
1795910 205
1795920 205
1795930 205
1795940 205
1795950 205
1795960 205
1795970 205
1795980 205
1795990 205
1796000 204
1796010 204
1796020 204
1796030 204
1796040 204
1796050 204
1796060 204
1796070 204
1796080 204
1796090 204
1796100 203
1796110 203
1796120 203
1796130 203
1796140 203
1796150 203
1796160 203
1796170 203
1796180 203
1796190 203
1796200 202
1796210 202
1796220 202
1796230 202
1796240 202
1796250 202
1796260 202
1796270 202
1796280 202
1796290 202
1796300 202
1796310 202
1796320 202
1796330 202
1796340 202
1796350 202
1796360 202
1796370 202
1796380 203
1796390 203
1796400 203
1796410 203
1796420 203
1796430 204
1796440 204
1796450 204
1796460 204
1796470 204
1796480 204
1796490 204
1796500 204
1796510 205
1796520 205
1796530 205
1796540 205
1796550 205
1796560 205
1796570 205
1796580 204
1796590 204
1796600 204
1796610 204
1796620 204
1796630 204
1796640 204
1796650 204
1796660 204
1796670 204
1796680 204
1796690 204
1796700 204
1796710 204
1796720 204
1796730 204
1796740 204
1796750 204
1796760 205
1796770 205
1796780 205
1796790 205
1796800 205
1796810 204
1796820 204
1796830 205
1796840 205
1796850 205
1796860 205
1796870 205
1796880 205
1796890 205
1796900 205
1796910 205
1796920 205
1796930 205
1796940 205
1796950 205
1796960 205
1796970 205
1796980 205
1796990 205
1797000 205
1797010 205
1797020 205
1797030 205
1797040 205
1797050 205
1797060 205
1797070 205
1797080 205
1797090 205
1797100 204
1797110 204
1797120 204
1797130 204
1797140 204
1797150 204
1797160 204
1797170 204
1797180 204
1797190 204
1797200 204
1797210 204
1797220 204
1797230 204
1797240 204
1797250 204
1797260 204
1797270 204
1797280 204
1797290 204
1797300 204
1797310 204
1797320 204
1797330 204
1797340 204
1797350 204
1797360 204
1797370 204
1797380 204
1797390 204
1797400 204
1797410 205
1797420 205
1797430 205
1797440 205
1797450 205
1797460 205
1797470 205
1797480 205
1797490 205
1797500 204
1797510 204
1797520 204
1797530 204
1797540 204
1797550 204
1797560 204
1797570 204
1797580 204
1797590 204
1797600 204
1797610 205
1797620 205
1797630 205
1797640 205
1797650 205
1797660 205
1797670 205
1797680 205
1797690 205
1797700 204
1797710 204
1797720 204
1797730 204
1797740 204
1797750 204
1797760 204
1797770 204
1797780 204
1797790 204
1797800 204
1797810 204
1797820 204
1797830 204
1797840 204
1797850 204
1797860 204
1797870 204
1797880 204
1797890 204
1797900 204
1797910 204
1797920 204
1797930 204
1797940 204
1797950 204
1797960 204
1797970 204
1797980 204
1797990 204
1798000 204
1798010 204
1798020 203
1798030 203
1798040 203
1798050 203
1798060 203
1798070 203
1798080 203
1798090 203
1798100 203
1798110 203
1798120 203
1798130 203
1798140 203
1798150 203
1798160 203
1798170 203
1798180 203
1798190 203
1798200 203
1798210 203
1798220 203
1798230 203
1798240 203
1798250 203
1798260 203
1798270 203
1798280 203
1798290 202
1798300 202
1798310 202
1798320 202
1798330 202
1798340 202
1798350 202
1798360 202
1798370 202
1798380 202
1798390 202
1798400 202
1798410 202
1798420 202
1798430 202
1798440 202
1798450 202
1798460 202
1798470 202
1798480 202
1798490 202
1798500 202
1798510 202
1798520 202
1798530 202
1798540 201
1798550 201
1798560 201
1798570 201
1798580 201
1798590 201
1798600 201
1798610 201
1798620 201
1798630 201
1798640 201
1798650 201
1798660 201
1798670 201
1798680 201
1798690 201
1798700 201
1798710 200
1798720 200
1798730 200
1798740 200
1798750 200
1798760 200
1798770 199
1798780 199
1798790 199
1798800 199
1798810 199
1798820 199
1798830 198
1798840 198
1798850 198
1798860 198
1798870 197
1798880 197
1798890 197
1798900 197
1798910 197
1798920 196
1798930 196
1798940 196
1798950 196
1798960 195
1798970 195
1798980 195
1798990 195
1799000 195
1799010 194
1799020 194
1799030 194
1799040 194
1799050 194
1799060 194
1799070 193
1799080 193
1799090 193
1799100 193
1799110 192
1799120 192
1799130 192
1799140 192
1799150 192
1799160 192
1799170 193
1799180 193
1799190 193
1799200 193
1799210 193
1799220 193
1799230 193
1799240 193
1799250 193
1799260 193
1799270 193
1799280 193
1799290 193
1799300 193
1799310 193
1799320 193
1799330 193
1799340 193
1799350 193
1799360 193
1799370 193
1799380 194
1799390 194
1799400 194
1799410 194
1799420 194
1799430 194
1799440 194
1799450 194
1799460 195
1799470 195
1799480 195
1799490 195
1799500 195
1799510 195
1799520 195
1799530 195
1799540 195
1799550 195
1799560 195
1799570 195
1799580 195
1799590 195
1799600 195
1799610 194
1799620 194
1799630 194
1799640 194
1799650 193
1799660 193
1799670 193
1799680 192
1799690 192
1799700 191
1799710 191
1799720 190
1799730 190
1799740 189
1799750 189
1799760 188
1799770 188
1799780 187
1799790 187
1799800 187
1799810 186
1799820 186
1799830 185
1799840 185
1799850 185
1799860 185
1799870 184
1799880 184
1799890 184
1799900 184
1799910 183
1799920 183
1799930 183
1799940 183
1799950 183
1799960 182
1799970 182
1799980 182
1799990 182
