1780000 196
1780010 197
1780020 197
1780030 197
1780040 196
1780050 196
1780060 195
1780070 196
1780080 197
1780090 197
1780100 197
1780110 196
1780120 196
1780130 196
1780140 196
1780150 196
1780160 196
1780170 196
1780180 197
1780190 197
1780200 197
1780210 197
1780220 197
1780230 197
1780240 197
1780250 198
1780260 198
1780270 198
1780280 198
1780290 199
1780300 199
1780310 199
1780320 200
1780330 200
1780340 200
1780350 200
1780360 201
1780370 201
1780380 201
1780390 201
1780400 202
1780410 202
1780420 202
1780430 203
1780440 203
1780450 203
1780460 203
1780470 204
1780480 204
1780490 204
1780500 205
1780510 205
1780520 205
1780530 206
1780540 206
1780550 206
1780560 206
1780570 206
1780580 207
1780590 208
1780600 209
1780610 210
1780620 210
1780630 211
1780640 211
1780650 212
1780660 212
1780670 213
1780680 214
1780690 214
1780700 215
1780710 216
1780720 216
1780730 217
1780740 217
1780750 218
1780760 218
1780770 218
1780780 219
1780790 219
1780800 219
1780810 220
1780820 220
1780830 220
1780840 220
1780850 220
1780860 221
1780870 221
1780880 221
1780890 221
1780900 221
1780910 221
1780920 221
1780930 221
1780940 222
1780950 222
1780960 222
1780970 222
1780980 222
1780990 222
1781000 222
1781010 222
1781020 222
1781030 221
1781040 221
1781050 221
1781060 221
1781070 222
1781080 222
1781090 222
1781100 222
1781110 222
1781120 222
1781130 222
1781140 222
1781150 222
1781160 222
1781170 222
1781180 222
1781190 222
1781200 222
1781210 222
1781220 222
1781230 222
1781240 222
1781250 222
1781260 222
1781270 222
1781280 222
1781290 222
1781300 222
1781310 222
1781320 222
1781330 222
1781340 222
1781350 222
1781360 222
1781370 222
1781380 222
1781390 222
1781400 222
1781410 222
1781420 222
1781430 222
1781440 222
1781450 222
1781460 222
1781470 223
1781480 223
1781490 223
1781500 223
1781510 223
1781520 223
1781530 223
1781540 223
1781550 223
1781560 223
1781570 223
1781580 223
1781590 223
1781600 223
1781610 223
1781620 223
1781630 223
1781640 223
1781650 223
1781660 223
1781670 224
1781680 224
1781690 224
1781700 224
1781710 224
1781720 224
1781730 224
1781740 224
1781750 224
1781760 224
1781770 224
1781780 225
1781790 225
1781800 225
1781810 225
1781820 225
1781830 225
1781840 225
1781850 226
1781860 226
1781870 226
1781880 226
1781890 226
1781900 226
1781910 226
1781920 226
1781930 226
1781940 226
1781950 227
1781960 227
1781970 227
1781980 227
1781990 227
1782000 227
1782010 227
1782020 228
1782030 228
1782040 227
1782050 227
1782060 227
1782070 227
1782080 227
1782090 227
1782100 227
1782110 227
1782120 227
1782130 227
1782140 227
1782150 227
1782160 227
1782170 227
1782180 227
1782190 227
1782200 227
1782210 227
1782220 228
1782230 228
1782240 228
1782250 228
1782260 228
1782270 228
1782280 228
1782290 228
1782300 228
1782310 228
1782320 228
1782330 228
1782340 228
1782350 228
1782360 228
1782370 228
1782380 228
1782390 228
1782400 228
1782410 228
1782420 228
1782430 228
1782440 228
1782450 229
1782460 229
1782470 229
1782480 229
1782490 228
1782500 228
1782510 228
1782520 228
1782530 228
1782540 228
1782550 228
1782560 228
1782570 228
1782580 228
1782590 228
1782600 228
1782610 228
1782620 228
1782630 228
1782640 228
1782650 228
1782660 228
1782670 228
1782680 228
1782690 228
1782700 228
1782710 229
1782720 229
1782730 229
1782740 229
1782750 229
1782760 229
1782770 229
1782780 229
1782790 229
1782800 229
1782810 229
1782820 229
1782830 229
1782840 229
1782850 229
1782860 229
1782870 229
1782880 229
1782890 229
1782900 229
1782910 230
1782920 230
1782930 230
1782940 230
1782950 230
1782960 230
1782970 230
1782980 230
1782990 230
1783000 230
1783010 230
1783020 230
1783030 230
1783040 230
1783050 230
1783060 230
1783070 230
1783080 230
1783090 230
1783100 230
1783110 230
1783120 230
1783130 230
1783140 230
1783150 230
1783160 230
1783170 230
1783180 230
1783190 230
1783200 230
1783210 230
1783220 231
1783230 231
1783240 231
1783250 231
1783260 231
1783270 231
1783280 231
1783290 231
1783300 231
1783310 231
1783320 231
1783330 231
1783340 231
1783350 231
1783360 231
1783370 231
1783380 231
1783390 231
1783400 231
1783410 231
1783420 231
1783430 231
1783440 231
1783450 231
1783460 231
1783470 231
1783480 231
1783490 231
1783500 231
1783510 231
1783520 231
1783530 231
1783540 231
1783550 231
1783560 231
1783570 231
1783580 231
1783590 231
1783600 231
1783610 231
1783620 231
1783630 231
1783640 231
1783650 231
1783660 231
1783670 232
1783680 232
1783690 232
1783700 232
1783710 232
1783720 232
1783730 232
1783740 233
1783750 233
1783760 233
1783770 233
1783780 233
1783790 233
1783800 233
1783810 233
1783820 233
1783830 233
1783840 233
1783850 233
1783860 232
1783870 232
1783880 232
1783890 232
1783900 232
1783910 232
1783920 232
1783930 232
1783940 231
1783950 231
1783960 231
1783970 231
1783980 231
1783990 231
1784000 231
1784010 231
1784020 231
1784030 231
1784040 231
1784050 231
1784060 231
1784070 231
1784080 231
1784090 231
1784100 231
1784110 231
1784120 231
1784130 231
1784140 231
1784150 231
1784160 231
1784170 231
1784180 231
1784190 231
1784200 231
1784210 231
1784220 231
1784230 232
1784240 232
1784250 232
1784260 232
1784270 232
1784280 232
1784290 232
1784300 232
1784310 232
1784320 232
1784330 232
1784340 233
1784350 233
1784360 233
1784370 233
1784380 233
1784390 233
1784400 233
1784410 233
1784420 234
1784430 234
1784440 234
1784450 234
1784460 234
1784470 234
1784480 234
1784490 234
1784500 234
1784510 235
1784520 235
1784530 235
1784540 235
1784550 235
1784560 235
1784570 235
1784580 235
1784590 235
1784600 235
1784610 235
1784620 235
1784630 235
1784640 235
1784650 235
1784660 235
1784670 235
1784680 236
1784690 236
1784700 236
1784710 236
1784720 236
1784730 236
1784740 236
1784750 236
1784760 236
1784770 236
1784780 236
1784790 236
1784800 236
1784810 236
1784820 236
1784830 236
1784840 236
1784850 236
1784860 236
1784870 235
1784880 235
1784890 235
1784900 235
1784910 235
1784920 235
1784930 236
1784940 236
1784950 237
1784960 237
1784970 237
1784980 235
1784990 235
1785000 234
1785010 234
1785020 234
1785030 234
1785040 234
1785050 234
1785060 234
1785070 234
1785080 234
1785090 234
1785100 234
1785110 234
1785120 234
1785130 234
1785140 234
1785150 234
1785160 234
1785170 234
1785180 234
1785190 234
1785200 234
1785210 234
1785220 234
1785230 234
1785240 234
1785250 233
1785260 233
1785270 233
1785280 234
1785290 234
1785300 234
1785310 233
1785320 233
1785330 233
1785340 233
1785350 234
1785360 234
1785370 234
1785380 234
1785390 234
1785400 234
1785410 234
1785420 234
1785430 234
1785440 234
1785450 234
1785460 234
1785470 234
1785480 234
1785490 234
1785500 234
1785510 234
1785520 234
1785530 234
1785540 234
1785550 234
1785560 234
1785570 235
1785580 235
1785590 235
1785600 235
1785610 235
1785620 235
1785630 236
1785640 236
1785650 236
1785660 236
1785670 237
1785680 237
1785690 237
1785700 237
1785710 237
1785720 237
1785730 238
1785740 239
1785750 240
1785760 240
1785770 240
1785780 240
1785790 240
1785800 240
1785810 241
1785820 241
1785830 241
1785840 241
1785850 240
1785860 240
1785870 240
1785880 241
1785890 241
1785900 241
1785910 241
1785920 241
1785930 241
1785940 242
1785950 242
1785960 242
1785970 242
1785980 242
1785990 243
1786000 243
1786010 243
1786020 243
1786030 243
1786040 243
1786050 243
1786060 243
1786070 243
1786080 243
1786090 243
1786100 244
1786110 244
1786120 244
1786130 244
1786140 244
1786150 244
1786160 244
1786170 245
1786180 245
1786190 245
1786200 245
1786210 245
1786220 246
1786230 246
1786240 246
1786250 246
1786260 246
1786270 246
1786280 247
1786290 247
1786300 247
1786310 247
1786320 247
1786330 247
1786340 247
1786350 248
1786360 248
1786370 248
1786380 248
1786390 248
1786400 248
1786410 248
1786420 248
1786430 248
1786440 248
1786450 248
1786460 248
1786470 248
1786480 248
1786490 248
1786500 247
1786510 247
1786520 247
1786530 247
1786540 246
1786550 246
1786560 246
1786570 246
1786580 246
1786590 246
1786600 246
1786610 246
1786620 246
1786630 246
1786640 247
1786650 247
1786660 247
1786670 247
1786680 247
1786690 248
1786700 248
1786710 248
1786720 249
1786730 249
1786740 250
1786750 250
1786760 250
1786770 251
1786780 251
1786790 251
1786800 252
1786810 252
1786820 252
1786830 252
1786840 252
1786850 253
1786860 253
1786870 253
1786880 253
1786890 253
1786900 253
1786910 254
1786920 254
1786930 254
1786940 254
1786950 254
1786960 254
1786970 254
1786980 255
1786990 255
1787000 255
1787010 255
1787020 255
1787030 256
1787040 256
1787050 256
1787060 256
1787070 256
1787080 257
1787090 257
1787100 257
1787110 257
1787120 258
1787130 258
1787140 258
1787150 259
1787160 259
1787170 259
1787180 259
1787190 259
1787200 259
1787210 259
1787220 260
1787230 260
1787240 260
1787250 260
1787260 261
1787270 261
1787280 261
1787290 261
1787300 262
1787310 262
1787320 262
1787330 262
1787340 262
1787350 263
1787360 263
1787370 263
1787380 263
1787390 263
1787400 263
1787410 263
1787420 264
1787430 264
1787440 264
1787450 264
1787460 264
1787470 263
1787480 263
1787490 263
1787500 263
1787510 263
1787520 263
1787530 263
1787540 262
1787550 262
1787560 262
1787570 262
1787580 261
1787590 260
1787600 257
1787610 255
1787620 253
1787630 254
1787640 255
1787650 257
1787660 258
1787670 258
1787680 259
1787690 259
1787700 259
1787710 260
1787720 261
1787730 262
1787740 262
1787750 263
1787760 264
1787770 264
1787780 265
1787790 265
1787800 266
1787810 266
1787820 267
1787830 267
1787840 267
1787850 268
1787860 268
1787870 268
1787880 268
1787890 269
1787900 269
1787910 269
1787920 269
1787930 269
1787940 269
1787950 270
1787960 270
1787970 270
1787980 270
1787990 270
1788000 271
1788010 271
1788020 271
1788030 271
1788040 271
1788050 271
1788060 272
1788070 272
1788080 272
1788090 272
1788100 273
1788110 273
1788120 273
1788130 273
1788140 273
1788150 274
1788160 274
1788170 274
1788180 274
1788190 275
1788200 275
1788210 275
1788220 275
1788230 275
1788240 276
1788250 276
1788260 276
1788270 276
1788280 276
1788290 275
1788300 275
1788310 275
1788320 275
1788330 275
1788340 275
1788350 275
1788360 275
1788370 275
1788380 275
1788390 276
1788400 276
1788410 276
1788420 276
1788430 277
1788440 277
1788450 277
1788460 277
1788470 278
1788480 278
1788490 279
1788500 279
1788510 279
1788520 280
1788530 281
1788540 281
1788550 282
1788560 282
1788570 282
1788580 283
1788590 283
1788600 283
1788610 284
1788620 284
1788630 284
1788640 284
1788650 284
1788660 284
1788670 285
1788680 285
1788690 285
1788700 284
1788710 284
1788720 284
1788730 284
1788740 283
1788750 283
1788760 282
1788770 282
1788780 281
1788790 281
1788800 280
1788810 279
1788820 279
1788830 278
1788840 277
1788850 277
1788860 276
1788870 276
1788880 275
1788890 274
1788900 274
1788910 273
1788920 272
1788930 272
1788940 271
1788950 271
1788960 270
1788970 270
1788980 269
1788990 269
1789000 268
1789010 268
1789020 267
1789030 267
1789040 266
1789050 266
1789060 266
1789070 266
1789080 266
1789090 266
1789100 266
1789110 266
1789120 266
1789130 265
1789140 265
1789150 265
1789160 265
1789170 265
1789180 265
1789190 265
1789200 265
1789210 265
1789220 264
1789230 264
1789240 264
1789250 264
1789260 263
1789270 263
1789280 263
1789290 263
1789300 262
1789310 262
1789320 262
1789330 262
1789340 261
1789350 261
1789360 261
1789370 260
1789380 260
1789390 260
1789400 259
1789410 258
1789420 258
1789430 257
1789440 257
1789450 257
1789460 257
1789470 256
1789480 255
1789490 255
1789500 254
1789510 253
1789520 253
1789530 253
1789540 252
1789550 252
1789560 252
1789570 252
1789580 252
1789590 251
1789600 251
1789610 251
1789620 251
1789630 251
1789640 251
1789650 251
1789660 252
1789670 254
1789680 255
1789690 256
1789700 257
1789710 259
1789720 261
1789730 264
1789740 266
1789750 267
1789760 268
1789770 269
1789780 270
1789790 271
1789800 273
1789810 274
1789820 275
1789830 276
1789840 277
1789850 278
1789860 279
1789870 280
1789880 280
1789890 281
1789900 282
1789910 282
1789920 283
1789930 283
1789940 283
1789950 283
1789960 284
1789970 284
1789980 284
1789990 284
1790000 284
1790010 284
1790020 284
1790030 284
1790040 284
1790050 284
1790060 284
1790070 284
1790080 284
1790090 284
1790100 284
1790110 284
1790120 284
1790130 284
1790140 284
1790150 284
1790160 284
1790170 283
1790180 283
1790190 283
1790200 283
1790210 282
1790220 281
1790230 281
1790240 280
1790250 279
1790260 278
1790270 278
1790280 278
1790290 277
1790300 277
1790310 278
1790320 279
1790330 280
1790340 281
1790350 282
1790360 283
1790370 285
1790380 286
1790390 288
1790400 289
1790410 290
1790420 290
1790430 291
1790440 291
1790450 291
1790460 291
1790470 292
1790480 291
1790490 291
1790500 291
1790510 291
1790520 291
1790530 290
1790540 290
1790550 289
1790560 288
1790570 288
1790580 288
1790590 289
1790600 291
1790610 291
1790620 291
1790630 291
1790640 291
1790650 292
1790660 292
1790670 292
1790680 292
1790690 292
1790700 292
1790710 293
1790720 293
1790730 293
1790740 293
1790750 293
1790760 293
1790770 293
1790780 292
1790790 292
1790800 292
1790810 292
1790820 292
1790830 292
1790840 292
1790850 292
1790860 292
1790870 292
1790880 292
1790890 292
1790900 292
1790910 292
1790920 292
1790930 292
1790940 291
1790950 291
1790960 291
1790970 290
1790980 290
1790990 289
1791000 289
1791010 288
1791020 288
1791030 288
1791040 288
1791050 288
1791060 288
1791070 288
1791080 288
1791090 289
1791100 289
1791110 289
1791120 289
1791130 290
1791140 290
1791150 291
1791160 291
1791170 292
1791180 292
1791190 292
1791200 293
1791210 293
1791220 293
1791230 294
1791240 294
1791250 295
1791260 295
1791270 296
1791280 296
1791290 296
1791300 297
1791310 297
1791320 298
1791330 298
1791340 298
1791350 298
1791360 299
1791370 299
1791380 299
1791390 299
1791400 299
1791410 299
1791420 300
1791430 300
1791440 300
1791450 300
1791460 300
1791470 300
1791480 300
1791490 300
1791500 300
1791510 300
1791520 300
1791530 300
1791540 300
1791550 300
1791560 300
1791570 300
1791580 300
1791590 299
1791600 299
1791610 299
1791620 299
1791630 299
1791640 299
1791650 299
1791660 299
1791670 299
1791680 298
1791690 298
1791700 298
1791710 298
1791720 298
1791730 297
1791740 297
1791750 297
1791760 297
1791770 297
1791780 297
1791790 296
1791800 296
1791810 296
1791820 296
1791830 296
1791840 295
1791850 295
1791860 295
1791870 295
1791880 295
1791890 294
1791900 294
1791910 294
1791920 294
1791930 293
1791940 293
1791950 293
1791960 292
1791970 292
1791980 292
1791990 291
1792000 291
1792010 290
1792020 290
1792030 289
1792040 289
1792050 288
1792060 288
1792070 287
1792080 287
1792090 286
1792100 285
1792110 285
1792120 284
1792130 283
1792140 283
1792150 282
1792160 281
1792170 281
1792180 280
1792190 279
1792200 279
1792210 278
1792220 277
1792230 276
1792240 275
1792250 275
1792260 274
1792270 273
1792280 272
1792290 272
1792300 271
1792310 270
1792320 270
1792330 269
1792340 268
1792350 268
1792360 267
1792370 266
1792380 265
1792390 264
1792400 263
1792410 262
1792420 261
1792430 261
1792440 261
1792450 261
1792460 262
1792470 262
1792480 262
1792490 262
1792500 262
1792510 262
1792520 262
1792530 262
1792540 262
1792550 262
1792560 261
1792570 261
1792580 260
1792590 260
1792600 259
1792610 258
1792620 257
1792630 256
1792640 255
1792650 254
1792660 253
1792670 252
1792680 251
1792690 250
1792700 250
1792710 249
1792720 249
1792730 249
1792740 248
1792750 248
1792760 247
1792770 247
1792780 247
1792790 246
1792800 246
1792810 246
1792820 245
1792830 245
1792840 244
1792850 244
1792860 244
1792870 244
1792880 244
1792890 243
1792900 243
1792910 243
1792920 242
1792930 242
1792940 242
1792950 242
1792960 241
1792970 241
1792980 241
1792990 240
1793000 240
1793010 240
1793020 239
1793030 239
1793040 238
1793050 238
1793060 237
1793070 237
1793080 237
1793090 237
1793100 237
1793110 237
1793120 237
1793130 237
1793140 238
1793150 239
1793160 240
1793170 242
1793180 243
1793190 244
1793200 244
1793210 245
1793220 245
1793230 245
1793240 245
1793250 246
1793260 246
1793270 246
1793280 246
1793290 246
1793300 246
1793310 246
1793320 247
1793330 247
1793340 246
1793350 246
1793360 246
1793370 246
1793380 246
1793390 245
1793400 245
1793410 244
1793420 243
1793430 242
1793440 241
1793450 240
1793460 238
1793470 238
1793480 237
1793490 236
1793500 235
1793510 234
1793520 234
1793530 234
1793540 233
1793550 233
1793560 232
1793570 232
1793580 232
1793590 232
1793600 232
1793610 231
1793620 230
1793630 229
1793640 228
1793650 229
1793660 230
1793670 231
1793680 232
1793690 232
1793700 232
1793710 233
1793720 233
1793730 233
1793740 234
1793750 234
1793760 235
1793770 235
1793780 235
1793790 235
1793800 235
1793810 235
1793820 236
1793830 236
1793840 236
1793850 236
1793860 236
1793870 236
1793880 236
1793890 237
1793900 237
1793910 237
1793920 237
1793930 237
1793940 238
1793950 238
1793960 238
1793970 238
1793980 238
1793990 237
1794000 237
1794010 237
1794020 237
1794030 236
1794040 235
1794050 234
1794060 233
1794070 232
1794080 231
1794090 231
1794100 230
1794110 230
1794120 229
1794130 228
1794140 228
1794150 227
1794160 227
1794170 227
1794180 227
1794190 227
1794200 226
1794210 226
1794220 226
1794230 226
1794240 226
1794250 226
1794260 225
1794270 224
1794280 225
1794290 225
1794300 226
1794310 226
1794320 224
1794330 224
1794340 223
1794350 223
1794360 223
1794370 223
1794380 223
1794390 224
1794400 224
1794410 225
1794420 224
1794430 224
1794440 224
1794450 223
1794460 222
1794470 222
1794480 221
1794490 221
1794500 222
1794510 223
1794520 224
1794530 225
1794540 226
1794550 226
1794560 226
1794570 227
1794580 227
1794590 227
1794600 227
1794610 228
1794620 228
1794630 229
1794640 229
1794650 230
1794660 231
1794670 232
1794680 232
1794690 233
1794700 233
1794710 234
1794720 235
1794730 236
1794740 236
1794750 237
1794760 237
1794770 237
1794780 238
1794790 240
1794800 241
1794810 241
1794820 242
1794830 242
1794840 243
1794850 243
1794860 243
1794870 244
1794880 244
1794890 243
1794900 243
1794910 242
1794920 242
1794930 243
1794940 244
1794950 244
1794960 245
1794970 245
1794980 245
1794990 246
1795000 246
1795010 247
1795020 248
1795030 248
1795040 248
1795050 249
1795060 249
1795070 250
1795080 250
1795090 250
1795100 250
1795110 250
1795120 250
1795130 250
1795140 250
1795150 250
1795160 250
1795170 250
1795180 251
1795190 251
1795200 251
1795210 251
1795220 250
1795230 250
1795240 249
1795250 248
1795260 247
1795270 246
1795280 246
1795290 246
1795300 246
1795310 246
1795320 247
1795330 248
1795340 249
1795350 250
1795360 252
1795370 254
1795380 256
1795390 257
1795400 257
1795410 257
1795420 258
1795430 258
1795440 259
1795450 259
1795460 259
1795470 259
1795480 260
1795490 260
1795500 260
1795510 261
1795520 261
1795530 261
1795540 261
1795550 261
1795560 261
1795570 262
1795580 262
1795590 262
1795600 262
1795610 261
1795620 261
1795630 261
1795640 261
1795650 261
1795660 261
1795670 260
1795680 260
1795690 260
1795700 260
1795710 259
1795720 259
1795730 258
1795740 258
1795750 258
1795760 257
1795770 257
1795780 257
1795790 256
1795800 256
1795810 256
1795820 255
1795830 255
1795840 255
1795850 254
1795860 254
1795870 254
1795880 253
1795890 253
1795900 253
1795910 253
1795920 253
1795930 253
1795940 253
1795950 254
1795960 254
1795970 254
1795980 254
1795990 254
1796000 254
1796010 254
1796020 254
1796030 254
1796040 254
1796050 253
1796060 253
1796070 253
1796080 253
1796090 253
1796100 253
1796110 252
1796120 252
1796130 252
1796140 251
1796150 251
1796160 250
1796170 250
1796180 249
1796190 248
1796200 247
1796210 246
1796220 246
1796230 245
1796240 244
1796250 243
1796260 242
1796270 241
1796280 241
1796290 240
1796300 240
1796310 240
1796320 240
1796330 240
1796340 240
1796350 241
1796360 241
1796370 242
1796380 243
1796390 244
1796400 245
1796410 246
1796420 247
1796430 247
1796440 248
1796450 248
1796460 249
1796470 249
1796480 249
1796490 249
1796500 250
1796510 250
1796520 250
1796530 250
1796540 250
1796550 250
1796560 251
1796570 251
1796580 251
1796590 251
1796600 251
1796610 252
1796620 252
1796630 252
1796640 252
1796650 252
1796660 252
1796670 252
1796680 252
1796690 251
1796700 251
1796710 251
1796720 251
1796730 250
1796740 250
1796750 249
1796760 248
1796770 248
1796780 247
1796790 246
1796800 246
1796810 245
1796820 244
1796830 244
1796840 243
1796850 243
1796860 242
1796870 241
1796880 241
1796890 240
1796900 240
1796910 239
1796920 239
1796930 239
1796940 239
1796950 239
1796960 240
1796970 240
1796980 240
1796990 241
1797000 241
1797010 242
1797020 242
1797030 243
1797040 244
1797050 244
1797060 245
1797070 246
1797080 246
1797090 247
1797100 247
1797110 247
1797120 247
1797130 248
1797140 248
1797150 248
1797160 248
1797170 248
1797180 248
1797190 247
1797200 247
1797210 247
1797220 247
1797230 247
1797240 247
1797250 247
1797260 247
1797270 246
1797280 246
1797290 246
1797300 246
1797310 245
1797320 245
1797330 245
1797340 244
1797350 244
1797360 244
1797370 243
1797380 243
1797390 243
1797400 242
1797410 242
1797420 241
1797430 241
1797440 241
1797450 240
1797460 240
1797470 240
1797480 239
1797490 239
1797500 239
1797510 238
1797520 238
1797530 238
1797540 238
1797550 238
1797560 237
1797570 237
1797580 238
1797590 238
1797600 238
1797610 238
1797620 238
1797630 238
1797640 238
1797650 238
1797660 239
1797670 239
1797680 239
1797690 239
1797700 239
1797710 239
1797720 239
1797730 239
1797740 239
1797750 239
1797760 239
1797770 238
1797780 238
1797790 238
1797800 238
1797810 237
1797820 237
1797830 237
1797840 237
1797850 236
1797860 236
1797870 236
1797880 236
1797890 236
1797900 236
1797910 236
1797920 236
1797930 236
1797940 236
1797950 236
1797960 236
1797970 236
1797980 236
1797990 236
1798000 236
1798010 236
1798020 235
1798030 235
1798040 235
1798050 235
1798060 235
1798070 235
1798080 235
1798090 235
1798100 234
1798110 234
1798120 234
1798130 234
1798140 234
1798150 233
1798160 233
1798170 233
1798180 233
1798190 233
1798200 232
1798210 232
1798220 232
1798230 232
1798240 232
1798250 231
1798260 231
1798270 231
1798280 231
1798290 231
1798300 231
1798310 230
1798320 230
1798330 230
1798340 229
1798350 229
1798360 229
1798370 229
1798380 229
1798390 229
1798400 228
1798410 228
1798420 228
1798430 228
1798440 228
1798450 228
1798460 228
1798470 228
1798480 227
1798490 227
1798500 227
1798510 227
1798520 227
1798530 227
1798540 227
1798550 227
1798560 226
1798570 226
1798580 226
1798590 226
1798600 226
1798610 226
1798620 226
1798630 226
1798640 226
1798650 226
1798660 225
1798670 225
1798680 225
1798690 225
1798700 225
1798710 224
1798720 224
1798730 224
1798740 223
1798750 223
1798760 223
1798770 222
1798780 222
1798790 222
1798800 221
1798810 221
1798820 221
1798830 220
1798840 220
1798850 220
1798860 220
1798870 219
1798880 219
1798890 219
1798900 219
1798910 218
1798920 218
1798930 218
1798940 218
1798950 218
1798960 217
1798970 217
1798980 216
1798990 216
1799000 216
1799010 215
1799020 215
1799030 215
1799040 214
1799050 214
1799060 213
1799070 213
1799080 212
1799090 212
1799100 211
1799110 210
1799120 209
1799130 208
1799140 208
1799150 207
1799160 207
1799170 207
1799180 206
1799190 206
1799200 206
1799210 206
1799220 206
1799230 206
1799240 204
1799250 204
1799260 205
1799270 204
1799280 203
1799290 203
1799300 202
1799310 202
1799320 201
1799330 201
1799340 200
1799350 200
1799360 199
1799370 199
1799380 199
1799390 198
1799400 198
1799410 198
1799420 197
1799430 197
1799440 197
1799450 197
1799460 196
1799470 196
1799480 196
1799490 196
1799500 196
1799510 196
1799520 196
1799530 195
1799540 195
1799550 195
1799560 195
1799570 195
1799580 195
1799590 195
1799600 195
1799610 195
1799620 194
1799630 194
1799640 194
1799650 194
1799660 194
1799670 194
1799680 194
1799690 194
1799700 194
1799710 194
1799720 194
1799730 194
1799740 194
1799750 194
1799760 194
1799770 193
1799780 193
1799790 193
1799800 193
1799810 193
1799820 193
1799830 192
1799840 192
1799850 192
1799860 192
1799870 191
1799880 191
1799890 190
1799900 190
1799910 190
1799920 190
1799930 190
1799940 190
1799950 190
1799960 190
1799970 190
1799980 190
1799990 190
