1780000 196
1780010 198
1780020 198
1780030 198
1780040 198
1780050 198
1780060 198
1780070 198
1780080 198
1780090 198
1780100 198
1780110 198
1780120 198
1780130 198
1780140 198
1780150 199
1780160 199
1780170 200
1780180 200
1780190 201
1780200 201
1780210 201
1780220 202
1780230 202
1780240 202
1780250 203
1780260 203
1780270 203
1780280 202
1780290 202
1780300 202
1780310 202
1780320 202
1780330 203
1780340 204
1780350 204
1780360 203
1780370 203
1780380 203
1780390 204
1780400 205
1780410 207
1780420 208
1780430 209
1780440 209
1780450 210
1780460 210
1780470 210
1780480 211
1780490 211
1780500 212
1780510 212
1780520 213
1780530 213
1780540 213
1780550 214
1780560 214
1780570 215
1780580 215
1780590 216
1780600 216
1780610 216
1780620 217
1780630 217
1780640 217
1780650 217
1780660 217
1780670 218
1780680 218
1780690 218
1780700 218
1780710 218
1780720 218
1780730 218
1780740 218
1780750 219
1780760 219
1780770 219
1780780 219
1780790 218
1780800 217
1780810 216
1780820 217
1780830 218
1780840 219
1780850 219
1780860 219
1780870 219
1780880 219
1780890 220
1780900 220
1780910 220
1780920 221
1780930 221
1780940 221
1780950 222
1780960 222
1780970 222
1780980 222
1780990 222
1781000 222
1781010 223
1781020 223
1781030 223
1781040 223
1781050 223
1781060 223
1781070 223
1781080 223
1781090 224
1781100 224
1781110 224
1781120 224
1781130 224
1781140 224
1781150 224
1781160 224
1781170 224
1781180 225
1781190 225
1781200 225
1781210 225
1781220 225
1781230 225
1781240 225
1781250 225
1781260 225
1781270 225
1781280 225
1781290 225
1781300 225
1781310 225
1781320 225
1781330 226
1781340 226
1781350 226
1781360 226
1781370 226
1781380 226
1781390 226
1781400 226
1781410 226
1781420 226
1781430 226
1781440 226
1781450 226
1781460 226
1781470 226
1781480 226
1781490 227
1781500 227
1781510 227
1781520 227
1781530 227
1781540 227
1781550 227
1781560 227
1781570 227
1781580 227
1781590 227
1781600 227
1781610 227
1781620 227
1781630 227
1781640 227
1781650 228
1781660 228
1781670 228
1781680 228
1781690 228
1781700 228
1781710 228
1781720 228
1781730 228
1781740 228
1781750 228
1781760 228
1781770 228
1781780 229
1781790 229
1781800 229
1781810 229
1781820 229
1781830 229
1781840 229
1781850 229
1781860 229
1781870 229
1781880 229
1781890 230
1781900 230
1781910 230
1781920 230
1781930 230
1781940 230
1781950 230
1781960 230
1781970 231
1781980 231
1781990 231
1782000 231
1782010 231
1782020 231
1782030 232
1782040 232
1782050 232
1782060 232
1782070 232
1782080 232
1782090 233
1782100 233
1782110 233
1782120 233
1782130 233
1782140 233
1782150 233
1782160 233
1782170 233
1782180 233
1782190 233
1782200 233
1782210 233
1782220 233
1782230 233
1782240 233
1782250 233
1782260 233
1782270 233
1782280 233
1782290 233
1782300 233
1782310 233
1782320 233
1782330 233
1782340 233
1782350 233
1782360 233
1782370 233
1782380 233
1782390 232
1782400 232
1782410 233
1782420 233
1782430 233
1782440 233
1782450 233
1782460 233
1782470 232
1782480 232
1782490 232
1782500 232
1782510 232
1782520 232
1782530 232
1782540 231
1782550 231
1782560 231
1782570 231
1782580 231
1782590 231
1782600 231
1782610 231
1782620 231
1782630 231
1782640 231
1782650 231
1782660 232
1782670 232
1782680 232
1782690 232
1782700 232
1782710 232
1782720 232
1782730 232
1782740 232
1782750 232
1782760 232
1782770 232
1782780 232
1782790 232
1782800 233
1782810 233
1782820 233
1782830 233
1782840 233
1782850 233
1782860 233
1782870 233
1782880 233
1782890 233
1782900 233
1782910 234
1782920 234
1782930 234
1782940 234
1782950 234
1782960 234
1782970 234
1782980 234
1782990 234
1783000 234
1783010 234
1783020 234
1783030 234
1783040 235
1783050 235
1783060 235
1783070 235
1783080 235
1783090 235
1783100 235
1783110 235
1783120 235
1783130 236
1783140 236
1783150 236
1783160 236
1783170 236
1783180 236
1783190 236
1783200 236
1783210 236
1783220 236
1783230 236
1783240 236
1783250 237
1783260 237
1783270 237
1783280 237
1783290 237
1783300 237
1783310 237
1783320 237
1783330 237
1783340 237
1783350 237
1783360 237
1783370 237
1783380 237
1783390 237
1783400 237
1783410 238
1783420 238
1783430 238
1783440 238
1783450 238
1783460 238
1783470 238
1783480 238
1783490 238
1783500 238
1783510 238
1783520 239
1783530 239
1783540 239
1783550 239
1783560 239
1783570 239
1783580 239
1783590 239
1783600 239
1783610 240
1783620 240
1783630 240
1783640 240
1783650 240
1783660 240
1783670 240
1783680 240
1783690 240
1783700 240
1783710 241
1783720 241
1783730 241
1783740 241
1783750 241
1783760 241
1783770 241
1783780 242
1783790 242
1783800 242
1783810 242
1783820 242
1783830 243
1783840 243
1783850 243
1783860 243
1783870 243
1783880 244
1783890 244
1783900 244
1783910 244
1783920 244
1783930 245
1783940 245
1783950 245
1783960 245
1783970 245
1783980 246
1783990 246
1784000 246
1784010 246
1784020 246
1784030 246
1784040 246
1784050 246
1784060 246
1784070 246
1784080 246
1784090 246
1784100 246
1784110 246
1784120 246
1784130 246
1784140 246
1784150 246
1784160 246
1784170 246
1784180 246
1784190 246
1784200 245
1784210 244
1784220 244
1784230 243
1784240 243
1784250 244
1784260 245
1784270 246
1784280 246
1784290 246
1784300 246
1784310 246
1784320 245
1784330 245
1784340 245
1784350 245
1784360 245
1784370 245
1784380 245
1784390 245
1784400 245
1784410 245
1784420 245
1784430 245
1784440 245
1784450 245
1784460 245
1784470 245
1784480 245
1784490 245
1784500 245
1784510 245
1784520 245
1784530 245
1784540 245
1784550 245
1784560 245
1784570 245
1784580 245
1784590 245
1784600 245
1784610 245
1784620 245
1784630 245
1784640 245
1784650 245
1784660 244
1784670 244
1784680 244
1784690 244
1784700 244
1784710 244
1784720 244
1784730 244
1784740 244
1784750 244
1784760 244
1784770 244
1784780 244
1784790 244
1784800 244
1784810 244
1784820 244
1784830 244
1784840 244
1784850 244
1784860 244
1784870 244
1784880 244
1784890 244
1784900 244
1784910 244
1784920 244
1784930 244
1784940 243
1784950 243
1784960 243
1784970 243
1784980 243
1784990 243
1785000 243
1785010 243
1785020 243
1785030 243
1785040 242
1785050 242
1785060 242
1785070 242
1785080 242
1785090 242
1785100 242
1785110 242
1785120 242
1785130 242
1785140 242
1785150 242
1785160 241
1785170 241
1785180 241
1785190 241
1785200 241
1785210 241
1785220 241
1785230 241
1785240 241
1785250 241
1785260 241
1785270 241
1785280 241
1785290 240
1785300 240
1785310 240
1785320 239
1785330 239
1785340 239
1785350 239
1785360 239
1785370 239
1785380 239
1785390 239
1785400 239
1785410 239
1785420 239
1785430 239
1785440 239
1785450 239
1785460 239
1785470 239
1785480 239
1785490 239
1785500 239
1785510 239
1785520 239
1785530 239
1785540 239
1785550 239
1785560 239
1785570 239
1785580 239
1785590 240
1785600 240
1785610 240
1785620 240
1785630 240
1785640 240
1785650 239
1785660 239
1785670 239
1785680 239
1785690 240
1785700 240
1785710 240
1785720 241
1785730 241
1785740 241
1785750 241
1785760 241
1785770 241
1785780 241
1785790 241
1785800 241
1785810 241
1785820 241
1785830 242
1785840 243
1785850 244
1785860 245
1785870 245
1785880 245
1785890 246
1785900 246
1785910 246
1785920 247
1785930 247
1785940 248
1785950 250
1785960 252
1785970 253
1785980 254
1785990 254
1786000 255
1786010 256
1786020 257
1786030 258
1786040 259
1786050 260
1786060 260
1786070 261
1786080 261
1786090 262
1786100 263
1786110 263
1786120 263
1786130 263
1786140 264
1786150 265
1786160 267
1786170 269
1786180 270
1786190 271
1786200 272
1786210 273
1786220 274
1786230 274
1786240 275
1786250 276
1786260 277
1786270 278
1786280 279
1786290 280
1786300 281
1786310 282
1786320 283
1786330 284
1786340 285
1786350 286
1786360 287
1786370 287
1786380 288
1786390 289
1786400 290
1786410 291
1786420 291
1786430 292
1786440 293
1786450 293
1786460 294
1786470 295
1786480 295
1786490 296
1786500 296
1786510 297
1786520 297
1786530 298
1786540 298
1786550 298
1786560 298
1786570 299
1786580 299
1786590 299
1786600 299
1786610 300
1786620 300
1786630 301
1786640 301
1786650 302
1786660 302
1786670 303
1786680 303
1786690 303
1786700 304
1786710 304
1786720 304
1786730 305
1786740 305
1786750 304
1786760 304
1786770 304
1786780 304
1786790 304
1786800 303
1786810 301
1786820 299
1786830 300
1786840 302
1786850 302
1786860 302
1786870 301
1786880 301
1786890 300
1786900 300
1786910 299
1786920 299
1786930 298
1786940 298
1786950 298
1786960 297
1786970 297
1786980 298
1786990 298
1787000 298
1787010 299
1787020 299
1787030 300
1787040 301
1787050 301
1787060 302
1787070 302
1787080 303
1787090 304
1787100 304
1787110 304
1787120 304
1787130 305
1787140 305
1787150 305
1787160 305
1787170 306
1787180 306
1787190 306
1787200 306
1787210 307
1787220 307
1787230 307
1787240 307
1787250 307
1787260 307
1787270 307
1787280 308
1787290 308
1787300 308
1787310 308
1787320 308
1787330 307
1787340 307
1787350 307
1787360 307
1787370 307
1787380 307
1787390 308
1787400 308
1787410 308
1787420 308
1787430 307
1787440 307
1787450 307
1787460 306
1787470 306
1787480 306
1787490 305
1787500 305
1787510 304
1787520 303
1787530 303
1787540 302
1787550 301
1787560 301
1787570 300
1787580 300
1787590 299
1787600 298
1787610 297
1787620 296
1787630 294
1787640 292
1787650 291
1787660 290
1787670 289
1787680 288
1787690 286
1787700 285
1787710 283
1787720 283
1787730 282
1787740 281
1787750 280
1787760 281
1787770 282
1787780 284
1787790 286
1787800 288
1787810 291
1787820 293
1787830 296
1787840 298
1787850 299
1787860 300
1787870 302
1787880 303
1787890 304
1787900 305
1787910 306
1787920 307
1787930 308
1787940 308
1787950 309
1787960 309
1787970 310
1787980 310
1787990 311
1788000 311
1788010 312
1788020 312
1788030 313
1788040 313
1788050 313
1788060 314
1788070 314
1788080 315
1788090 316
1788100 316
1788110 317
1788120 317
1788130 317
1788140 318
1788150 319
1788160 319
1788170 320
1788180 320
1788190 321
1788200 321
1788210 322
1788220 322
1788230 323
1788240 323
1788250 324
1788260 324
1788270 325
1788280 326
1788290 326
1788300 327
1788310 327
1788320 328
1788330 328
1788340 329
1788350 329
1788360 329
1788370 330
1788380 330
1788390 330
1788400 331
1788410 331
1788420 331
1788430 331
1788440 331
1788450 331
1788460 331
1788470 331
1788480 331
1788490 331
1788500 331
1788510 331
1788520 331
1788530 330
1788540 330
1788550 330
1788560 330
1788570 330
1788580 330
1788590 330
1788600 330
1788610 329
1788620 329
1788630 329
1788640 329
1788650 329
1788660 328
1788670 328
1788680 328
1788690 328
1788700 327
1788710 327
1788720 327
1788730 327
1788740 326
1788750 326
1788760 325
1788770 325
1788780 325
1788790 325
1788800 324
1788810 324
1788820 323
1788830 323
1788840 323
1788850 322
1788860 322
1788870 321
1788880 321
1788890 320
1788900 320
1788910 319
1788920 319
1788930 318
1788940 318
1788950 317
1788960 317
1788970 316
1788980 315
1788990 315
1789000 314
1789010 313
1789020 313
1789030 312
1789040 311
1789050 310
1789060 309
1789070 308
1789080 308
1789090 307
1789100 306
1789110 306
1789120 305
1789130 304
1789140 304
1789150 303
1789160 303
1789170 302
1789180 302
1789190 301
1789200 301
1789210 300
1789220 299
1789230 298
1789240 297
1789250 297
1789260 296
1789270 295
1789280 294
1789290 293
1789300 293
1789310 292
1789320 291
1789330 290
1789340 289
1789350 288
1789360 287
1789370 286
1789380 285
1789390 284
1789400 283
1789410 283
1789420 282
1789430 282
1789440 281
1789450 281
1789460 280
1789470 280
1789480 279
1789490 279
1789500 279
1789510 278
1789520 278
1789530 277
1789540 276
1789550 275
1789560 273
1789570 272
1789580 271
1789590 270
1789600 270
1789610 270
1789620 273
1789630 274
1789640 275
1789650 275
1789660 275
1789670 275
1789680 275
1789690 274
1789700 274
1789710 275
1789720 275
1789730 275
1789740 275
1789750 274
1789760 274
1789770 274
1789780 274
1789790 274
1789800 273
1789810 274
1789820 274
1789830 274
1789840 274
1789850 274
1789860 274
1789870 274
1789880 274
1789890 274
1789900 273
1789910 272
1789920 271
1789930 271
1789940 271
1789950 271
1789960 271
1789970 270
1789980 270
1789990 270
1790000 269
1790010 268
1790020 268
1790030 268
1790040 268
1790050 268
1790060 267
1790070 267
1790080 267
1790090 267
1790100 267
1790110 267
1790120 267
1790130 267
1790140 267
1790150 266
1790160 266
1790170 266
1790180 266
1790190 266
1790200 265
1790210 265
1790220 265
1790230 265
1790240 265
1790250 266
1790260 268
1790270 268
1790280 270
1790290 272
1790300 273
1790310 274
1790320 276
1790330 278
1790340 279
1790350 282
1790360 286
1790370 289
1790380 292
1790390 295
1790400 298
1790410 299
1790420 300
1790430 301
1790440 302
1790450 303
1790460 304
1790470 304
1790480 305
1790490 305
1790500 305
1790510 306
1790520 306
1790530 306
1790540 306
1790550 306
1790560 306
1790570 306
1790580 306
1790590 306
1790600 306
1790610 306
1790620 305
1790630 305
1790640 305
1790650 305
1790660 304
1790670 304
1790680 304
1790690 304
1790700 303
1790710 303
1790720 303
1790730 303
1790740 302
1790750 302
1790760 302
1790770 301
1790780 301
1790790 301
1790800 300
1790810 300
1790820 299
1790830 299
1790840 299
1790850 298
1790860 298
1790870 297
1790880 297
1790890 296
1790900 296
1790910 295
1790920 295
1790930 295
1790940 294
1790950 294
1790960 293
1790970 293
1790980 293
1790990 292
1791000 292
1791010 291
1791020 291
1791030 290
1791040 290
1791050 289
1791060 289
1791070 288
1791080 288
1791090 287
1791100 287
1791110 286
1791120 286
1791130 286
1791140 286
1791150 285
1791160 285
1791170 285
1791180 285
1791190 285
1791200 285
1791210 285
1791220 284
1791230 284
1791240 284
1791250 284
1791260 283
1791270 283
1791280 283
1791290 283
1791300 283
1791310 282
1791320 282
1791330 282
1791340 282
1791350 282
1791360 282
1791370 282
1791380 282
1791390 282
1791400 282
1791410 282
1791420 282
1791430 281
1791440 281
1791450 281
1791460 280
1791470 280
1791480 280
1791490 279
1791500 279
1791510 279
1791520 279
1791530 278
1791540 277
1791550 277
1791560 276
1791570 276
1791580 275
1791590 275
1791600 275
1791610 275
1791620 274
1791630 274
1791640 274
1791650 274
1791660 273
1791670 273
1791680 273
1791690 273
1791700 272
1791710 272
1791720 272
1791730 272
1791740 271
1791750 271
1791760 271
1791770 271
1791780 271
1791790 271
1791800 271
1791810 271
1791820 271
1791830 271
1791840 271
1791850 271
1791860 271
1791870 272
1791880 272
1791890 272
1791900 272
1791910 272
1791920 272
1791930 272
1791940 272
1791950 272
1791960 271
1791970 271
1791980 270
1791990 270
1792000 269
1792010 269
1792020 269
1792030 269
1792040 268
1792050 268
1792060 268
1792070 268
1792080 268
1792090 268
1792100 268
1792110 267
1792120 267
1792130 267
1792140 266
1792150 266
1792160 265
1792170 265
1792180 264
1792190 263
1792200 263
1792210 262
1792220 262
1792230 261
1792240 261
1792250 260
1792260 260
1792270 259
1792280 259
1792290 258
1792300 258
1792310 257
1792320 257
1792330 257
1792340 256
1792350 256
1792360 256
1792370 255
1792380 255
1792390 255
1792400 255
1792410 255
1792420 255
1792430 255
1792440 255
1792450 254
1792460 254
1792470 254
1792480 254
1792490 253
1792500 253
1792510 253
1792520 253
1792530 253
1792540 252
1792550 252
1792560 252
1792570 252
1792580 251
1792590 251
1792600 251
1792610 250
1792620 250
1792630 250
1792640 250
1792650 249
1792660 249
1792670 249
1792680 249
1792690 249
1792700 249
1792710 249
1792720 249
1792730 250
1792740 250
1792750 250
1792760 251
1792770 251
1792780 252
1792790 252
1792800 253
1792810 253
1792820 253
1792830 254
1792840 254
1792850 255
1792860 255
1792870 255
1792880 256
1792890 256
1792900 256
1792910 256
1792920 256
1792930 256
1792940 257
1792950 257
1792960 256
1792970 256
1792980 256
1792990 255
1793000 255
1793010 254
1793020 254
1793030 253
1793040 253
1793050 252
1793060 252
1793070 251
1793080 251
1793090 251
1793100 250
1793110 250
1793120 250
1793130 249
1793140 249
1793150 249
1793160 248
1793170 248
1793180 247
1793190 247
1793200 246
1793210 246
1793220 245
1793230 244
1793240 243
1793250 242
1793260 242
1793270 241
1793280 240
1793290 239
1793300 239
1793310 238
1793320 238
1793330 238
1793340 237
1793350 237
1793360 237
1793370 237
1793380 237
1793390 237
1793400 237
1793410 237
1793420 237
1793430 237
1793440 237
1793450 237
1793460 236
1793470 236
1793480 236
1793490 236
1793500 236
1793510 236
1793520 236
1793530 236
1793540 236
1793550 235
1793560 235
1793570 236
1793580 236
1793590 236
1793600 236
1793610 236
1793620 236
1793630 236
1793640 237
1793650 237
1793660 238
1793670 238
1793680 239
1793690 240
1793700 241
1793710 242
1793720 243
1793730 244
1793740 246
1793750 247
1793760 248
1793770 250
1793780 252
1793790 254
1793800 256
1793810 259
1793820 261
1793830 264
1793840 267
1793850 270
1793860 273
1793870 276
1793880 277
1793890 278
1793900 279
1793910 279
1793920 280
1793930 281
1793940 281
1793950 281
1793960 281
1793970 282
1793980 282
1793990 282
1794000 283
1794010 283
1794020 283
1794030 283
1794040 283
1794050 283
1794060 284
1794070 284
1794080 283
1794090 283
1794100 283
1794110 283
1794120 283
1794130 283
1794140 282
1794150 282
1794160 282
1794170 282
1794180 282
1794190 282
1794200 282
1794210 282
1794220 282
1794230 281
1794240 281
1794250 281
1794260 281
1794270 281
1794280 281
1794290 281
1794300 281
1794310 281
1794320 281
1794330 281
1794340 280
1794350 280
1794360 280
1794370 279
1794380 279
1794390 279
1794400 279
1794410 278
1794420 278
1794430 278
1794440 277
1794450 277
1794460 277
1794470 276
1794480 276
1794490 276
1794500 276
1794510 276
1794520 275
1794530 275
1794540 275
1794550 275
1794560 275
1794570 274
1794580 274
1794590 274
1794600 273
1794610 273
1794620 272
1794630 272
1794640 271
1794650 271
1794660 270
1794670 269
1794680 269
1794690 268
1794700 267
1794710 266
1794720 265
1794730 264
1794740 264
1794750 263
1794760 262
1794770 262
1794780 261
1794790 260
1794800 260
1794810 259
1794820 259
1794830 258
1794840 258
1794850 257
1794860 257
1794870 257
1794880 257
1794890 257
1794900 257
1794910 257
1794920 258
1794930 258
1794940 258
1794950 258
1794960 258
1794970 259
1794980 259
1794990 259
1795000 259
1795010 260
1795020 260
1795030 260
1795040 260
1795050 261
1795060 261
1795070 261
1795080 262
1795090 262
1795100 262
1795110 262
1795120 263
1795130 263
1795140 263
1795150 264
1795160 264
1795170 265
1795180 265
1795190 265
1795200 265
1795210 266
1795220 266
1795230 266
1795240 266
1795250 267
1795260 267
1795270 267
1795280 267
1795290 267
1795300 267
1795310 267
1795320 267
1795330 267
1795340 267
1795350 267
1795360 268
1795370 268
1795380 269
1795390 269
1795400 270
1795410 271
1795420 271
1795430 272
1795440 272
1795450 272
1795460 273
1795470 273
1795480 273
1795490 274
1795500 274
1795510 274
1795520 274
1795530 274
1795540 274
1795550 273
1795560 273
1795570 272
1795580 273
1795590 274
1795600 275
1795610 275
1795620 275
1795630 276
1795640 276
1795650 276
1795660 276
1795670 276
1795680 276
1795690 276
1795700 277
1795710 277
1795720 277
1795730 277
1795740 277
1795750 277
1795760 277
1795770 277
1795780 276
1795790 276
1795800 276
1795810 276
1795820 276
1795830 275
1795840 275
1795850 275
1795860 274
1795870 274
1795880 273
1795890 273
1795900 272
1795910 271
1795920 271
1795930 270
1795940 269
1795950 269
1795960 268
1795970 267
1795980 266
1795990 265
1796000 264
1796010 263
1796020 263
1796030 262
1796040 261
1796050 261
1796060 260
1796070 259
1796080 259
1796090 258
1796100 258
1796110 257
1796120 257
1796130 256
1796140 256
1796150 255
1796160 255
1796170 255
1796180 255
1796190 255
1796200 255
1796210 256
1796220 256
1796230 256
1796240 257
1796250 257
1796260 258
1796270 259
1796280 260
1796290 260
1796300 261
1796310 262
1796320 262
1796330 263
1796340 264
1796350 264
1796360 265
1796370 265
1796380 265
1796390 266
1796400 266
1796410 266
1796420 266
1796430 266
1796440 266
1796450 266
1796460 266
1796470 266
1796480 265
1796490 265
1796500 265
1796510 264
1796520 264
1796530 264
1796540 263
1796550 263
1796560 263
1796570 263
1796580 263
1796590 263
1796600 263
1796610 263
1796620 263
1796630 262
1796640 262
1796650 262
1796660 262
1796670 262
1796680 262
1796690 262
1796700 262
1796710 262
1796720 262
1796730 262
1796740 261
1796750 261
1796760 261
1796770 261
1796780 261
1796790 260
1796800 260
1796810 260
1796820 260
1796830 260
1796840 260
1796850 260
1796860 259
1796870 259
1796880 259
1796890 259
1796900 259
1796910 259
1796920 259
1796930 258
1796940 258
1796950 258
1796960 258
1796970 257
1796980 257
1796990 257
1797000 257
1797010 256
1797020 256
1797030 256
1797040 255
1797050 255
1797060 254
1797070 254
1797080 253
1797090 252
1797100 252
1797110 251
1797120 250
1797130 249
1797140 248
1797150 248
1797160 247
1797170 246
1797180 246
1797190 245
1797200 245
1797210 244
1797220 243
1797230 242
1797240 242
1797250 241
1797260 241
1797270 240
1797280 240
1797290 239
1797300 239
1797310 238
1797320 238
1797330 237
1797340 237
1797350 236
1797360 236
1797370 235
1797380 235
1797390 235
1797400 234
1797410 234
1797420 234
1797430 233
1797440 233
1797450 233
1797460 233
1797470 232
1797480 232
1797490 232
1797500 232
1797510 232
1797520 232
1797530 232
1797540 232
1797550 232
1797560 231
1797570 231
1797580 231
1797590 231
1797600 231
1797610 231
1797620 231
1797630 231
1797640 231
1797650 231
1797660 230
1797670 230
1797680 230
1797690 230
1797700 230
1797710 230
1797720 230
1797730 230
1797740 230
1797750 230
1797760 230
1797770 229
1797780 229
1797790 229
1797800 229
1797810 229
1797820 229
1797830 229
1797840 229
1797850 229
1797860 229
1797870 228
1797880 228
1797890 228
1797900 228
1797910 228
1797920 228
1797930 228
1797940 227
1797950 227
1797960 226
1797970 226
1797980 226
1797990 226
1798000 226
1798010 226
1798020 226
1798030 226
1798040 226
1798050 226
1798060 225
1798070 225
1798080 225
1798090 224
1798100 224
1798110 223
1798120 223
1798130 223
1798140 222
1798150 222
1798160 221
1798170 221
1798180 221
1798190 221
1798200 221
1798210 221
1798220 221
1798230 221
1798240 221
1798250 221
1798260 221
1798270 222
1798280 222
1798290 222
1798300 222
1798310 222
1798320 223
1798330 223
1798340 223
1798350 224
1798360 224
1798370 224
1798380 225
1798390 227
1798400 227
1798410 228
1798420 228
1798430 228
1798440 228
1798450 228
1798460 228
1798470 229
1798480 229
1798490 229
1798500 229
1798510 229
1798520 229
1798530 229
1798540 229
1798550 229
1798560 228
1798570 228
1798580 228
1798590 228
1798600 228
1798610 227
1798620 227
1798630 227
1798640 227
1798650 227
1798660 226
1798670 226
1798680 226
1798690 226
1798700 225
1798710 225
1798720 225
1798730 224
1798740 224
1798750 223
1798760 223
1798770 222
1798780 222
1798790 221
1798800 220
1798810 220
1798820 219
1798830 219
1798840 218
1798850 217
1798860 217
1798870 216
1798880 216
1798890 215
1798900 215
1798910 214
1798920 213
1798930 213
1798940 212
1798950 212
1798960 211
1798970 210
1798980 210
1798990 209
1799000 209
1799010 208
1799020 208
1799030 205
1799040 204
1799050 202
1799060 204
1799070 205
1799080 206
1799090 206
1799100 205
1799110 204
1799120 203
1799130 203
1799140 203
1799150 202
1799160 202
1799170 202
1799180 202
1799190 201
1799200 201
1799210 201
1799220 200
1799230 200
1799240 200
1799250 200
1799260 200
1799270 200
1799280 200
1799290 199
1799300 199
1799310 199
1799320 199
1799330 199
1799340 199
1799350 199
1799360 198
1799370 198
1799380 198
1799390 198
1799400 198
1799410 197
1799420 197
1799430 197
1799440 197
1799450 197
1799460 197
1799470 196
1799480 196
1799490 196
1799500 196
1799510 196
1799520 196
1799530 196
1799540 196
1799550 196
1799560 195
1799570 195
1799580 195
1799590 195
1799600 195
1799610 195
1799620 195
1799630 195
1799640 195
1799650 195
1799660 195
1799670 195
1799680 195
1799690 195
1799700 195
1799710 195
1799720 195
1799730 195
1799740 194
1799750 194
1799760 194
1799770 194
1799780 194
1799790 194
1799800 193
1799810 193
1799820 193
1799830 192
1799840 192
1799850 192
1799860 191
1799870 191
1799880 191
1799890 190
1799900 190
1799910 190
1799920 190
1799930 190
1799940 190
1799950 189
1799960 189
1799970 189
1799980 189
1799990 189
