1780000 201
1780010 201
1780020 201
1780030 201
1780040 201
1780050 201
1780060 202
1780070 202
1780080 202
1780090 202
1780100 202
1780110 202
1780120 203
1780130 203
1780140 204
1780150 204
1780160 204
1780170 204
1780180 204
1780190 204
1780200 204
1780210 204
1780220 204
1780230 205
1780240 205
1780250 205
1780260 205
1780270 206
1780280 206
1780290 206
1780300 207
1780310 207
1780320 207
1780330 208
1780340 208
1780350 209
1780360 209
1780370 210
1780380 210
1780390 210
1780400 211
1780410 211
1780420 212
1780430 213
1780440 214
1780450 214
1780460 215
1780470 215
1780480 216
1780490 216
1780500 216
1780510 217
1780520 217
1780530 218
1780540 218
1780550 219
1780560 219
1780570 220
1780580 220
1780590 221
1780600 221
1780610 222
1780620 222
1780630 222
1780640 222
1780650 223
1780660 223
1780670 223
1780680 223
1780690 224
1780700 224
1780710 224
1780720 224
1780730 224
1780740 225
1780750 225
1780760 225
1780770 225
1780780 225
1780790 225
1780800 225
1780810 226
1780820 226
1780830 226
1780840 226
1780850 226
1780860 226
1780870 226
1780880 227
1780890 227
1780900 227
1780910 227
1780920 227
1780930 227
1780940 227
1780950 228
1780960 228
1780970 228
1780980 228
1780990 228
1781000 228
1781010 228
1781020 228
1781030 228
1781040 229
1781050 229
1781060 229
1781070 229
1781080 229
1781090 229
1781100 229
1781110 229
1781120 229
1781130 230
1781140 230
1781150 230
1781160 230
1781170 230
1781180 230
1781190 230
1781200 231
1781210 231
1781220 231
1781230 231
1781240 231
1781250 231
1781260 231
1781270 232
1781280 232
1781290 232
1781300 232
1781310 232
1781320 232
1781330 232
1781340 232
1781350 233
1781360 233
1781370 233
1781380 233
1781390 234
1781400 234
1781410 234
1781420 235
1781430 235
1781440 235
1781450 236
1781460 236
1781470 237
1781480 237
1781490 237
1781500 237
1781510 237
1781520 238
1781530 238
1781540 238
1781550 238
1781560 238
1781570 239
1781580 239
1781590 239
1781600 239
1781610 239
1781620 239
1781630 239
1781640 239
1781650 240
1781660 240
1781670 240
1781680 240
1781690 240
1781700 240
1781710 240
1781720 240
1781730 240
1781740 240
1781750 240
1781760 240
1781770 240
1781780 240
1781790 240
1781800 240
1781810 240
1781820 240
1781830 240
1781840 240
1781850 241
1781860 241
1781870 241
1781880 241
1781890 241
1781900 241
1781910 242
1781920 242
1781930 242
1781940 242
1781950 242
1781960 242
1781970 243
1781980 243
1781990 243
1782000 243
1782010 243
1782020 243
1782030 244
1782040 244
1782050 244
1782060 244
1782070 244
1782080 244
1782090 244
1782100 244
1782110 244
1782120 244
1782130 243
1782140 243
1782150 243
1782160 243
1782170 243
1782180 244
1782190 244
1782200 244
1782210 245
1782220 245
1782230 246
1782240 246
1782250 246
1782260 246
1782270 246
1782280 246
1782290 247
1782300 247
1782310 247
1782320 247
1782330 247
1782340 247
1782350 247
1782360 247
1782370 248
1782380 248
1782390 248
1782400 248
1782410 248
1782420 248
1782430 248
1782440 248
1782450 248
1782460 248
1782470 249
1782480 249
1782490 249
1782500 249
1782510 249
1782520 249
1782530 249
1782540 249
1782550 249
1782560 249
1782570 250
1782580 250
1782590 250
1782600 250
1782610 250
1782620 250
1782630 250
1782640 250
1782650 251
1782660 251
1782670 251
1782680 251
1782690 251
1782700 251
1782710 252
1782720 252
1782730 252
1782740 252
1782750 252
1782760 253
1782770 253
1782780 253
1782790 253
1782800 254
1782810 254
1782820 254
1782830 254
1782840 255
1782850 255
1782860 255
1782870 256
1782880 256
1782890 256
1782900 256
1782910 256
1782920 257
1782930 257
1782940 257
1782950 257
1782960 257
1782970 257
1782980 258
1782990 258
1783000 258
1783010 258
1783020 258
1783030 258
1783040 258
1783050 258
1783060 259
1783070 259
1783080 259
1783090 259
1783100 259
1783110 259
1783120 259
1783130 259
1783140 259
1783150 259
1783160 260
1783170 260
1783180 260
1783190 260
1783200 260
1783210 260
1783220 261
1783230 261
1783240 261
1783250 261
1783260 261
1783270 261
1783280 261
1783290 261
1783300 261
1783310 261
1783320 261
1783330 261
1783340 261
1783350 261
1783360 261
1783370 261
1783380 260
1783390 260
1783400 260
1783410 260
1783420 260
1783430 260
1783440 260
1783450 259
1783460 259
1783470 259
1783480 259
1783490 258
1783500 258
1783510 258
1783520 258
1783530 258
1783540 258
1783550 258
1783560 259
1783570 259
1783580 259
1783590 259
1783600 259
1783610 259
1783620 259
1783630 259
1783640 259
1783650 259
1783660 259
1783670 259
1783680 259
1783690 259
1783700 259
1783710 259
1783720 259
1783730 259
1783740 258
1783750 258
1783760 258
1783770 258
1783780 259
1783790 259
1783800 259
1783810 259
1783820 259
1783830 259
1783840 259
1783850 259
1783860 259
1783870 259
1783880 260
1783890 260
1783900 260
1783910 260
1783920 260
1783930 260
1783940 260
1783950 260
1783960 260
1783970 260
1783980 260
1783990 260
1784000 260
1784010 260
1784020 260
1784030 260
1784040 260
1784050 260
1784060 260
1784070 260
1784080 260
1784090 260
1784100 260
1784110 260
1784120 260
1784130 260
1784140 260
1784150 260
1784160 260
1784170 259
1784180 259
1784190 259
1784200 259
1784210 259
1784220 259
1784230 259
1784240 259
1784250 259
1784260 259
1784270 259
1784280 259
1784290 260
1784300 260
1784310 260
1784320 260
1784330 260
1784340 259
1784350 259
1784360 259
1784370 260
1784380 260
1784390 260
1784400 260
1784410 260
1784420 260
1784430 260
1784440 260
1784450 260
1784460 260
1784470 260
1784480 260
1784490 261
1784500 261
1784510 261
1784520 261
1784530 261
1784540 262
1784550 262
1784560 262
1784570 261
1784580 261
1784590 261
1784600 260
1784610 260
1784620 260
1784630 259
1784640 259
1784650 259
1784660 258
1784670 258
1784680 258
1784690 258
1784700 257
1784710 257
1784720 257
1784730 257
1784740 257
1784750 256
1784760 256
1784770 256
1784780 256
1784790 255
1784800 255
1784810 255
1784820 256
1784830 256
1784840 257
1784850 257
1784860 257
1784870 258
1784880 258
1784890 258
1784900 259
1784910 259
1784920 259
1784930 260
1784940 260
1784950 260
1784960 260
1784970 261
1784980 261
1784990 261
1785000 261
1785010 260
1785020 260
1785030 260
1785040 259
1785050 259
1785060 258
1785070 257
1785080 257
1785090 256
1785100 255
1785110 254
1785120 254
1785130 253
1785140 253
1785150 252
1785160 252
1785170 251
1785180 251
1785190 251
1785200 250
1785210 250
1785220 250
1785230 249
1785240 248
1785250 247
1785260 246
1785270 246
1785280 245
1785290 244
1785300 244
1785310 244
1785320 244
1785330 243
1785340 243
1785350 243
1785360 244
1785370 244
1785380 245
1785390 245
1785400 247
1785410 247
1785420 249
1785430 251
1785440 253
1785450 254
1785460 255
1785470 256
1785480 258
1785490 259
1785500 260
1785510 262
1785520 263
1785530 264
1785540 265
1785550 266
1785560 266
1785570 267
1785580 268
1785590 268
1785600 268
1785610 269
1785620 269
1785630 270
1785640 270
1785650 271
1785660 271
1785670 272
1785680 273
1785690 273
1785700 273
1785710 273
1785720 273
1785730 273
1785740 273
1785750 272
1785760 272
1785770 272
1785780 272
1785790 271
1785800 271
1785810 270
1785820 269
1785830 269
1785840 269
1785850 268
1785860 268
1785870 268
1785880 269
1785890 269
1785900 269
1785910 269
1785920 269
1785930 269
1785940 269
1785950 269
1785960 269
1785970 269
1785980 269
1785990 269
1786000 270
1786010 270
1786020 270
1786030 269
1786040 269
1786050 269
1786060 269
1786070 269
1786080 270
1786090 271
1786100 273
1786110 274
1786120 274
1786130 275
1786140 275
1786150 275
1786160 276
1786170 277
1786180 277
1786190 277
1786200 277
1786210 277
1786220 277
1786230 276
1786240 275
1786250 274
1786260 273
1786270 272
1786280 272
1786290 272
1786300 271
1786310 271
1786320 271
1786330 272
1786340 272
1786350 273
1786360 274
1786370 274
1786380 274
1786390 275
1786400 276
1786410 277
1786420 278
1786430 279
1786440 281
1786450 282
1786460 283
1786470 283
1786480 284
1786490 284
1786500 285
1786510 285
1786520 287
1786530 289
1786540 290
1786550 291
1786560 291
1786570 292
1786580 292
1786590 293
1786600 293
1786610 294
1786620 295
1786630 296
1786640 296
1786650 297
1786660 298
1786670 298
1786680 299
1786690 300
1786700 300
1786710 301
1786720 301
1786730 302
1786740 303
1786750 303
1786760 303
1786770 303
1786780 303
1786790 303
1786800 303
1786810 303
1786820 304
1786830 306
1786840 308
1786850 311
1786860 312
1786870 313
1786880 314
1786890 315
1786900 317
1786910 317
1786920 318
1786930 318
1786940 319
1786950 320
1786960 321
1786970 322
1786980 321
1786990 322
1787000 324
1787010 326
1787020 328
1787030 330
1787040 332
1787050 334
1787060 335
1787070 337
1787080 338
1787090 339
1787100 340
1787110 341
1787120 342
1787130 343
1787140 343
1787150 344
1787160 345
1787170 346
1787180 346
1787190 347
1787200 347
1787210 348
1787220 348
1787230 349
1787240 349
1787250 349
1787260 349
1787270 349
1787280 349
1787290 350
1787300 350
1787310 350
1787320 350
1787330 350
1787340 350
1787350 351
1787360 351
1787370 351
1787380 351
1787390 351
1787400 352
1787410 352
1787420 352
1787430 352
1787440 352
1787450 352
1787460 352
1787470 352
1787480 352
1787490 352
1787500 353
1787510 353
1787520 353
1787530 353
1787540 353
1787550 353
1787560 353
1787570 353
1787580 353
1787590 353
1787600 353
1787610 353
1787620 353
1787630 352
1787640 352
1787650 352
1787660 352
1787670 351
1787680 351
1787690 351
1787700 351
1787710 351
1787720 351
1787730 351
1787740 351
1787750 352
1787760 352
1787770 352
1787780 352
1787790 352
1787800 352
1787810 351
1787820 351
1787830 352
1787840 352
1787850 352
1787860 352
1787870 352
1787880 352
1787890 352
1787900 352
1787910 352
1787920 352
1787930 352
1787940 353
1787950 353
1787960 353
1787970 353
1787980 353
1787990 353
1788000 353
1788010 353
1788020 354
1788030 354
1788040 354
1788050 354
1788060 354
1788070 353
1788080 353
1788090 353
1788100 352
1788110 352
1788120 351
1788130 350
1788140 350
1788150 349
1788160 348
1788170 348
1788180 347
1788190 346
1788200 345
1788210 345
1788220 344
1788230 343
1788240 342
1788250 341
1788260 340
1788270 339
1788280 338
1788290 337
1788300 337
1788310 336
1788320 336
1788330 335
1788340 335
1788350 335
1788360 335
1788370 334
1788380 334
1788390 333
1788400 332
1788410 332
1788420 331
1788430 330
1788440 329
1788450 328
1788460 328
1788470 329
1788480 329
1788490 330
1788500 329
1788510 329
1788520 328
1788530 327
1788540 326
1788550 326
1788560 325
1788570 325
1788580 324
1788590 324
1788600 323
1788610 322
1788620 321
1788630 320
1788640 319
1788650 318
1788660 317
1788670 317
1788680 316
1788690 315
1788700 314
1788710 314
1788720 312
1788730 310
1788740 309
1788750 309
1788760 310
1788770 310
1788780 309
1788790 309
1788800 308
1788810 308
1788820 308
1788830 308
1788840 308
1788850 308
1788860 308
1788870 307
1788880 307
1788890 306
1788900 306
1788910 305
1788920 306
1788930 306
1788940 306
1788950 307
1788960 308
1788970 308
1788980 307
1788990 307
1789000 307
1789010 307
1789020 308
1789030 307
1789040 307
1789050 307
1789060 307
1789070 307
1789080 306
1789090 306
1789100 305
1789110 305
1789120 305
1789130 305
1789140 305
1789150 304
1789160 304
1789170 304
1789180 304
1789190 303
1789200 303
1789210 303
1789220 302
1789230 301
1789240 301
1789250 300
1789260 299
1789270 299
1789280 298
1789290 297
1789300 296
1789310 295
1789320 294
1789330 294
1789340 293
1789350 292
1789360 291
1789370 291
1789380 290
1789390 290
1789400 289
1789410 289
1789420 289
1789430 289
1789440 288
1789450 288
1789460 288
1789470 287
1789480 286
1789490 285
1789500 285
1789510 284
1789520 284
1789530 284
1789540 284
1789550 284
1789560 284
1789570 284
1789580 284
1789590 284
1789600 284
1789610 284
1789620 284
1789630 284
1789640 284
1789650 285
1789660 285
1789670 286
1789680 286
1789690 287
1789700 288
1789710 288
1789720 289
1789730 289
1789740 290
1789750 290
1789760 291
1789770 291
1789780 292
1789790 292
1789800 292
1789810 293
1789820 293
1789830 293
1789840 294
1789850 294
1789860 294
1789870 294
1789880 294
1789890 294
1789900 294
1789910 294
1789920 293
1789930 293
1789940 293
1789950 292
1789960 292
1789970 292
1789980 291
1789990 290
1790000 290
1790010 290
1790020 289
1790030 289
1790040 289
1790050 289
1790060 289
1790070 290
1790080 290
1790090 290
1790100 290
1790110 290
1790120 291
1790130 291
1790140 292
1790150 292
1790160 292
1790170 293
1790180 293
1790190 294
1790200 294
1790210 294
1790220 294
1790230 295
1790240 295
1790250 295
1790260 295
1790270 295
1790280 295
1790290 295
1790300 295
1790310 295
1790320 296
1790330 296
1790340 296
1790350 296
1790360 296
1790370 296
1790380 296
1790390 296
1790400 297
1790410 297
1790420 297
1790430 297
1790440 298
1790450 298
1790460 298
1790470 299
1790480 299
1790490 300
1790500 300
1790510 300
1790520 300
1790530 301
1790540 301
1790550 301
1790560 301
1790570 301
1790580 301
1790590 301
1790600 301
1790610 301
1790620 302
1790630 303
1790640 303
1790650 303
1790660 303
1790670 303
1790680 303
1790690 303
1790700 303
1790710 303
1790720 303
1790730 302
1790740 302
1790750 302
1790760 301
1790770 301
1790780 300
1790790 299
1790800 299
1790810 298
1790820 297
1790830 297
1790840 297
1790850 296
1790860 296
1790870 295
1790880 295
1790890 295
1790900 294
1790910 294
1790920 293
1790930 293
1790940 292
1790950 292
1790960 292
1790970 293
1790980 293
1790990 294
1791000 294
1791010 295
1791020 295
1791030 296
1791040 296
1791050 297
1791060 298
1791070 298
1791080 298
1791090 298
1791100 299
1791110 299
1791120 299
1791130 299
1791140 299
1791150 299
1791160 299
1791170 299
1791180 299
1791190 299
1791200 299
1791210 299
1791220 298
1791230 298
1791240 298
1791250 298
1791260 298
1791270 297
1791280 297
1791290 297
1791300 296
1791310 295
1791320 295
1791330 294
1791340 294
1791350 293
1791360 293
1791370 292
1791380 292
1791390 291
1791400 289
1791410 288
1791420 287
1791430 287
1791440 286
1791450 286
1791460 286
1791470 286
1791480 285
1791490 285
1791500 285
1791510 285
1791520 285
1791530 285
1791540 285
1791550 284
1791560 284
1791570 283
1791580 282
1791590 281
1791600 281
1791610 280
1791620 279
1791630 279
1791640 278
1791650 278
1791660 278
1791670 278
1791680 278
1791690 278
1791700 278
1791710 279
1791720 279
1791730 280
1791740 280
1791750 280
1791760 281
1791770 281
1791780 281
1791790 281
1791800 281
1791810 281
1791820 281
1791830 281
1791840 281
1791850 281
1791860 281
1791870 281
1791880 281
1791890 281
1791900 282
1791910 282
1791920 282
1791930 282
1791940 282
1791950 282
1791960 282
1791970 282
1791980 282
1791990 283
1792000 283
1792010 283
1792020 283
1792030 283
1792040 283
1792050 282
1792060 282
1792070 281
1792080 281
1792090 280
1792100 280
1792110 279
1792120 279
1792130 278
1792140 278
1792150 277
1792160 277
1792170 276
1792180 275
1792190 275
1792200 275
1792210 274
1792220 274
1792230 274
1792240 274
1792250 274
1792260 274
1792270 274
1792280 274
1792290 273
1792300 273
1792310 273
1792320 273
1792330 273
1792340 273
1792350 273
1792360 273
1792370 273
1792380 273
1792390 273
1792400 272
1792410 272
1792420 272
1792430 272
1792440 272
1792450 272
1792460 272
1792470 271
1792480 271
1792490 271
1792500 270
1792510 270
1792520 270
1792530 270
1792540 270
1792550 270
1792560 271
1792570 271
1792580 271
1792590 271
1792600 272
1792610 272
1792620 272
1792630 272
1792640 272
1792650 272
1792660 272
1792670 272
1792680 271
1792690 271
1792700 271
1792710 271
1792720 270
1792730 270
1792740 270
1792750 269
1792760 269
1792770 268
1792780 268
1792790 268
1792800 267
1792810 267
1792820 267
1792830 266
1792840 266
1792850 266
1792860 266
1792870 265
1792880 265
1792890 265
1792900 264
1792910 264
1792920 264
1792930 264
1792940 265
1792950 265
1792960 265
1792970 265
1792980 265
1792990 265
1793000 265
1793010 264
1793020 264
1793030 264
1793040 264
1793050 263
1793060 263
1793070 263
1793080 262
1793090 262
1793100 261
1793110 261
1793120 260
1793130 260
1793140 260
1793150 259
1793160 259
1793170 259
1793180 259
1793190 258
1793200 258
1793210 258
1793220 257
1793230 257
1793240 256
1793250 256
1793260 255
1793270 255
1793280 255
1793290 254
1793300 254
1793310 253
1793320 253
1793330 252
1793340 252
1793350 252
1793360 251
1793370 251
1793380 251
1793390 250
1793400 250
1793410 249
1793420 249
1793430 249
1793440 249
1793450 248
1793460 248
1793470 248
1793480 248
1793490 247
1793500 247
1793510 247
1793520 246
1793530 245
1793540 245
1793550 244
1793560 244
1793570 243
1793580 243
1793590 242
1793600 242
1793610 242
1793620 241
1793630 241
1793640 241
1793650 241
1793660 241
1793670 241
1793680 241
1793690 241
1793700 241
1793710 241
1793720 241
1793730 241
1793740 241
1793750 241
1793760 240
1793770 240
1793780 240
1793790 240
1793800 240
1793810 240
1793820 241
1793830 241
1793840 241
1793850 242
1793860 242
1793870 243
1793880 243
1793890 243
1793900 244
1793910 244
1793920 245
1793930 245
1793940 246
1793950 247
1793960 247
1793970 249
1793980 250
1793990 250
1794000 250
1794010 251
1794020 251
1794030 252
1794040 252
1794050 253
1794060 254
1794070 254
1794080 255
1794090 255
1794100 256
1794110 256
1794120 257
1794130 258
1794140 259
1794150 260
1794160 262
1794170 263
1794180 264
1794190 266
1794200 269
1794210 271
1794220 272
1794230 273
1794240 274
1794250 274
1794260 275
1794270 275
1794280 276
1794290 277
1794300 278
1794310 279
1794320 280
1794330 280
1794340 281
1794350 282
1794360 282
1794370 282
1794380 283
1794390 283
1794400 283
1794410 284
1794420 284
1794430 284
1794440 285
1794450 285
1794460 286
1794470 286
1794480 286
1794490 287
1794500 287
1794510 288
1794520 288
1794530 288
1794540 289
1794550 289
1794560 290
1794570 290
1794580 291
1794590 291
1794600 292
1794610 292
1794620 292
1794630 293
1794640 293
1794650 293
1794660 294
1794670 294
1794680 294
1794690 295
1794700 295
1794710 295
1794720 296
1794730 296
1794740 296
1794750 296
1794760 296
1794770 296
1794780 296
1794790 296
1794800 296
1794810 296
1794820 296
1794830 296
1794840 296
1794850 296
1794860 296
1794870 296
1794880 296
1794890 296
1794900 296
1794910 296
1794920 295
1794930 295
1794940 295
1794950 295
1794960 295
1794970 294
1794980 294
1794990 294
1795000 294
1795010 294
1795020 294
1795030 294
1795040 294
1795050 294
1795060 294
1795070 294
1795080 294
1795090 294
1795100 294
1795110 294
1795120 294
1795130 294
1795140 294
1795150 294
1795160 294
1795170 293
1795180 293
1795190 293
1795200 293
1795210 293
1795220 293
1795230 293
1795240 292
1795250 292
1795260 291
1795270 291
1795280 291
1795290 291
1795300 290
1795310 290
1795320 290
1795330 289
1795340 289
1795350 289
1795360 288
1795370 288
1795380 287
1795390 286
1795400 286
1795410 285
1795420 285
1795430 284
1795440 283
1795450 283
1795460 282
1795470 281
1795480 281
1795490 281
1795500 280
1795510 280
1795520 280
1795530 280
1795540 280
1795550 280
1795560 280
1795570 280
1795580 280
1795590 280
1795600 280
1795610 280
1795620 279
1795630 279
1795640 279
1795650 279
1795660 278
1795670 278
1795680 278
1795690 278
1795700 277
1795710 277
1795720 276
1795730 276
1795740 275
1795750 275
1795760 274
1795770 274
1795780 273
1795790 273
1795800 272
1795810 272
1795820 271
1795830 271
1795840 270
1795850 269
1795860 269
1795870 268
1795880 268
1795890 267
1795900 267
1795910 267
1795920 267
1795930 266
1795940 266
1795950 266
1795960 266
1795970 266
1795980 266
1795990 266
1796000 266
1796010 267
1796020 267
1796030 268
1796040 268
1796050 269
1796060 269
1796070 270
1796080 270
1796090 270
1796100 270
1796110 270
1796120 271
1796130 271
1796140 271
1796150 271
1796160 271
1796170 271
1796180 271
1796190 271
1796200 270
1796210 270
1796220 270
1796230 270
1796240 270
1796250 270
1796260 270
1796270 270
1796280 270
1796290 270
1796300 270
1796310 270
1796320 270
1796330 271
1796340 271
1796350 271
1796360 271
1796370 271
1796380 271
1796390 271
1796400 270
1796410 270
1796420 270
1796430 270
1796440 269
1796450 269
1796460 269
1796470 269
1796480 268
1796490 268
1796500 268
1796510 267
1796520 267
1796530 267
1796540 266
1796550 266
1796560 266
1796570 265
1796580 265
1796590 265
1796600 265
1796610 264
1796620 264
1796630 263
1796640 263
1796650 262
1796660 261
1796670 261
1796680 260
1796690 260
1796700 259
1796710 258
1796720 257
1796730 257
1796740 256
1796750 255
1796760 254
1796770 254
1796780 253
1796790 253
1796800 253
1796810 252
1796820 252
1796830 251
1796840 250
1796850 250
1796860 249
1796870 249
1796880 248
1796890 247
1796900 247
1796910 246
1796920 246
1796930 246
1796940 245
1796950 245
1796960 245
1796970 245
1796980 244
1796990 244
1797000 244
1797010 244
1797020 245
1797030 245
1797040 246
1797050 246
1797060 247
1797070 248
1797080 248
1797090 249
1797100 249
1797110 249
1797120 249
1797130 249
1797140 249
1797150 248
1797160 248
1797170 248
1797180 248
1797190 248
1797200 248
1797210 248
1797220 248
1797230 248
1797240 248
1797250 247
1797260 247
1797270 247
1797280 246
1797290 246
1797300 246
1797310 245
1797320 245
1797330 245
1797340 245
1797350 244
1797360 244
1797370 244
1797380 243
1797390 243
1797400 243
1797410 243
1797420 243
1797430 243
1797440 243
1797450 243
1797460 242
1797470 242
1797480 242
1797490 242
1797500 242
1797510 241
1797520 241
1797530 241
1797540 241
1797550 241
1797560 241
1797570 241
1797580 241
1797590 241
1797600 241
1797610 240
1797620 240
1797630 240
1797640 240
1797650 240
1797660 239
1797670 239
1797680 239
1797690 239
1797700 239
1797710 239
1797720 238
1797730 238
1797740 237
1797750 237
1797760 237
1797770 236
1797780 236
1797790 235
1797800 235
1797810 235
1797820 234
1797830 234
1797840 234
1797850 233
1797860 233
1797870 233
1797880 232
1797890 232
1797900 232
1797910 231
1797920 231
1797930 230
1797940 229
1797950 229
1797960 228
1797970 227
1797980 226
1797990 225
1798000 224
1798010 223
1798020 222
1798030 221
1798040 220
1798050 220
1798060 220
1798070 220
1798080 220
1798090 219
1798100 219
1798110 219
1798120 219
1798130 219
1798140 219
1798150 219
1798160 219
1798170 219
1798180 219
1798190 220
1798200 220
1798210 220
1798220 219
1798230 220
1798240 220
1798250 221
1798260 220
1798270 219
1798280 219
1798290 219
1798300 220
1798310 221
1798320 221
1798330 221
1798340 220
1798350 219
1798360 219
1798370 218
1798380 218
1798390 217
1798400 217
1798410 216
1798420 216
1798430 216
1798440 215
1798450 215
1798460 214
1798470 214
1798480 213
1798490 213
1798500 212
1798510 212
1798520 211
1798530 210
1798540 210
1798550 210
1798560 209
1798570 209
1798580 208
1798590 208
1798600 207
1798610 207
1798620 207
1798630 206
1798640 206
1798650 206
1798660 206
1798670 206
1798680 206
1798690 206
1798700 205
1798710 205
1798720 204
1798730 203
1798740 203
1798750 202
1798760 202
1798770 201
1798780 201
1798790 201
1798800 200
1798810 200
1798820 200
1798830 200
1798840 200
1798850 199
1798860 199
1798870 199
1798880 199
1798890 199
1798900 199
1798910 199
1798920 198
1798930 198
1798940 198
1798950 198
1798960 197
1798970 197
1798980 197
1798990 196
1799000 196
1799010 196
1799020 195
1799030 195
1799040 195
1799050 195
1799060 195
1799070 195
1799080 195
1799090 195
1799100 195
1799110 195
1799120 195
1799130 194
1799140 194
1799150 194
1799160 193
1799170 193
1799180 193
1799190 192
1799200 192
1799210 192
1799220 192
1799230 192
1799240 192
1799250 192
1799260 192
1799270 191
1799280 191
1799290 191
1799300 191
1799310 191
1799320 191
1799330 191
1799340 191
1799350 191
1799360 191
1799370 192
1799380 192
1799390 192
1799400 192
1799410 192
1799420 191
1799430 191
1799440 190
1799450 191
1799460 191
1799470 192
1799480 192
1799490 191
1799500 191
1799510 191
1799520 191
1799530 191
1799540 190
1799550 190
1799560 190
1799570 190
1799580 190
1799590 190
1799600 190
1799610 190
1799620 190
1799630 190
1799640 190
1799650 190
1799660 190
1799670 190
1799680 190
1799690 190
1799700 190
1799710 190
1799720 190
1799730 190
1799740 190
1799750 190
1799760 190
1799770 191
1799780 191
1799790 191
1799800 191
1799810 191
1799820 192
1799830 192
1799840 192
1799850 192
1799860 191
1799870 191
1799880 191
1799890 191
1799900 191
1799910 191
1799920 191
1799930 191
1799940 191
1799950 190
1799960 190
1799970 190
1799980 190
1799990 190
