1780000 220
1780010 220
1780020 220
1780030 221
1780040 221
1780050 221
1780060 221
1780070 221
1780080 220
1780090 220
1780100 220
1780110 219
1780120 219
1780130 220
1780140 220
1780150 221
1780160 221
1780170 221
1780180 221
1780190 222
1780200 223
1780210 224
1780220 225
1780230 226
1780240 227
1780250 228
1780260 229
1780270 230
1780280 231
1780290 231
1780300 232
1780310 232
1780320 232
1780330 232
1780340 232
1780350 233
1780360 233
1780370 233
1780380 233
1780390 233
1780400 233
1780410 233
1780420 232
1780430 232
1780440 232
1780450 232
1780460 232
1780470 231
1780480 229
1780490 229
1780500 229
1780510 229
1780520 229
1780530 230
1780540 231
1780550 232
1780560 232
1780570 233
1780580 233
1780590 233
1780600 233
1780610 233
1780620 233
1780630 233
1780640 232
1780650 232
1780660 232
1780670 233
1780680 233
1780690 233
1780700 233
1780710 233
1780720 233
1780730 233
1780740 234
1780750 234
1780760 234
1780770 234
1780780 235
1780790 235
1780800 235
1780810 236
1780820 236
1780830 236
1780840 237
1780850 237
1780860 237
1780870 237
1780880 238
1780890 238
1780900 238
1780910 238
1780920 238
1780930 239
1780940 239
1780950 239
1780960 239
1780970 239
1780980 239
1780990 239
1781000 239
1781010 239
1781020 239
1781030 239
1781040 239
1781050 240
1781060 240
1781070 240
1781080 240
1781090 240
1781100 241
1781110 241
1781120 241
1781130 241
1781140 241
1781150 241
1781160 242
1781170 242
1781180 242
1781190 242
1781200 242
1781210 242
1781220 242
1781230 242
1781240 242
1781250 243
1781260 243
1781270 244
1781280 244
1781290 245
1781300 245
1781310 246
1781320 246
1781330 247
1781340 247
1781350 248
1781360 248
1781370 249
1781380 249
1781390 250
1781400 250
1781410 251
1781420 251
1781430 252
1781440 252
1781450 253
1781460 253
1781470 254
1781480 254
1781490 254
1781500 255
1781510 255
1781520 255
1781530 256
1781540 256
1781550 256
1781560 257
1781570 257
1781580 257
1781590 258
1781600 258
1781610 258
1781620 258
1781630 258
1781640 259
1781650 259
1781660 259
1781670 259
1781680 259
1781690 259
1781700 259
1781710 260
1781720 260
1781730 260
1781740 260
1781750 260
1781760 259
1781770 259
1781780 259
1781790 259
1781800 259
1781810 258
1781820 258
1781830 258
1781840 258
1781850 258
1781860 257
1781870 256
1781880 255
1781890 257
1781900 259
1781910 260
1781920 260
1781930 261
1781940 262
1781950 262
1781960 263
1781970 263
1781980 264
1781990 264
1782000 264
1782010 265
1782020 265
1782030 266
1782040 266
1782050 267
1782060 267
1782070 268
1782080 269
1782090 269
1782100 269
1782110 270
1782120 270
1782130 270
1782140 270
1782150 270
1782160 270
1782170 270
1782180 270
1782190 270
1782200 270
1782210 270
1782220 270
1782230 270
1782240 270
1782250 270
1782260 270
1782270 270
1782280 270
1782290 270
1782300 270
1782310 271
1782320 271
1782330 271
1782340 271
1782350 271
1782360 272
1782370 272
1782380 272
1782390 272
1782400 272
1782410 272
1782420 273
1782430 273
1782440 273
1782450 273
1782460 274
1782470 274
1782480 275
1782490 276
1782500 276
1782510 277
1782520 278
1782530 278
1782540 279
1782550 279
1782560 280
1782570 281
1782580 281
1782590 282
1782600 282
1782610 283
1782620 283
1782630 284
1782640 285
1782650 285
1782660 286
1782670 286
1782680 287
1782690 287
1782700 288
1782710 288
1782720 288
1782730 289
1782740 289
1782750 289
1782760 290
1782770 290
1782780 290
1782790 290
1782800 290
1782810 291
1782820 291
1782830 291
1782840 291
1782850 291
1782860 292
1782870 292
1782880 292
1782890 292
1782900 292
1782910 293
1782920 293
1782930 293
1782940 293
1782950 293
1782960 294
1782970 294
1782980 294
1782990 294
1783000 294
1783010 295
1783020 295
1783030 295
1783040 296
1783050 296
1783060 296
1783070 296
1783080 297
1783090 297
1783100 297
1783110 298
1783120 298
1783130 298
1783140 299
1783150 299
1783160 299
1783170 299
1783180 299
1783190 299
1783200 300
1783210 300
1783220 300
1783230 300
1783240 300
1783250 300
1783260 300
1783270 300
1783280 300
1783290 300
1783300 300
1783310 299
1783320 299
1783330 298
1783340 298
1783350 297
1783360 296
1783370 296
1783380 295
1783390 295
1783400 294
1783410 294
1783420 294
1783430 294
1783440 293
1783450 293
1783460 293
1783470 293
1783480 293
1783490 293
1783500 293
1783510 292
1783520 292
1783530 291
1783540 291
1783550 290
1783560 287
1783570 284
1783580 283
1783590 285
1783600 288
1783610 291
1783620 293
1783630 294
1783640 295
1783650 296
1783660 297
1783670 298
1783680 299
1783690 300
1783700 301
1783710 302
1783720 303
1783730 304
1783740 306
1783750 307
1783760 308
1783770 309
1783780 310
1783790 311
1783800 312
1783810 312
1783820 313
1783830 314
1783840 315
1783850 316
1783860 317
1783870 318
1783880 319
1783890 319
1783900 320
1783910 321
1783920 322
1783930 323
1783940 323
1783950 324
1783960 325
1783970 325
1783980 326
1783990 327
1784000 327
1784010 328
1784020 329
1784030 329
1784040 330
1784050 330
1784060 331
1784070 332
1784080 332
1784090 333
1784100 334
1784110 334
1784120 335
1784130 335
1784140 336
1784150 337
1784160 337
1784170 338
1784180 339
1784190 339
1784200 340
1784210 340
1784220 341
1784230 341
1784240 342
1784250 343
1784260 344
1784270 344
1784280 345
1784290 346
1784300 347
1784310 348
1784320 349
1784330 350
1784340 351
1784350 351
1784360 352
1784370 353
1784380 353
1784390 354
1784400 355
1784410 355
1784420 356
1784430 357
1784440 357
1784450 358
1784460 358
1784470 358
1784480 358
1784490 357
1784500 357
1784510 356
1784520 355
1784530 354
1784540 352
1784550 350
1784560 346
1784570 344
1784580 342
1784590 340
1784600 339
1784610 338
1784620 337
1784630 336
1784640 334
1784650 333
1784660 331
1784670 330
1784680 330
1784690 330
1784700 330
1784710 330
1784720 330
1784730 331
1784740 332
1784750 333
1784760 335
1784770 336
1784780 337
1784790 337
1784800 338
1784810 338
1784820 337
1784830 337
1784840 336
1784850 335
1784860 335
1784870 334
1784880 334
1784890 333
1784900 333
1784910 333
1784920 333
1784930 333
1784940 334
1784950 336
1784960 337
1784970 339
1784980 339
1784990 340
1785000 340
1785010 341
1785020 341
1785030 340
1785040 340
1785050 339
1785060 339
1785070 338
1785080 338
1785090 337
1785100 337
1785110 337
1785120 337
1785130 338
1785140 338
1785150 339
1785160 339
1785170 339
1785180 340
1785190 340
1785200 340
1785210 340
1785220 340
1785230 340
1785240 339
1785250 339
1785260 339
1785270 338
1785280 338
1785290 338
1785300 337
1785310 337
1785320 336
1785330 336
1785340 335
1785350 335
1785360 334
1785370 334
1785380 333
1785390 332
1785400 332
1785410 331
1785420 330
1785430 330
1785440 329
1785450 328
1785460 328
1785470 327
1785480 327
1785490 326
1785500 325
1785510 325
1785520 324
1785530 324
1785540 324
1785550 323
1785560 323
1785570 323
1785580 323
1785590 322
1785600 322
1785610 322
1785620 321
1785630 321
1785640 321
1785650 320
1785660 320
1785670 320
1785680 319
1785690 319
1785700 319
1785710 318
1785720 318
1785730 318
1785740 317
1785750 317
1785760 316
1785770 316
1785780 315
1785790 315
1785800 315
1785810 314
1785820 314
1785830 313
1785840 313
1785850 313
1785860 312
1785870 312
1785880 311
1785890 311
1785900 311
1785910 310
1785920 310
1785930 309
1785940 309
1785950 308
1785960 308
1785970 308
1785980 307
1785990 307
1786000 306
1786010 306
1786020 306
1786030 305
1786040 305
1786050 304
1786060 304
1786070 303
1786080 303
1786090 302
1786100 302
1786110 301
1786120 301
1786130 300
1786140 300
1786150 299
1786160 299
1786170 298
1786180 298
1786190 298
1786200 297
1786210 297
1786220 296
1786230 296
1786240 295
1786250 294
1786260 294
1786270 293
1786280 293
1786290 292
1786300 291
1786310 291
1786320 290
1786330 290
1786340 289
1786350 289
1786360 288
1786370 288
1786380 287
1786390 286
1786400 285
1786410 282
1786420 279
1786430 277
1786440 277
1786450 277
1786460 276
1786470 275
1786480 275
1786490 274
1786500 274
1786510 273
1786520 273
1786530 273
1786540 273
1786550 273
1786560 273
1786570 273
1786580 273
1786590 273
1786600 273
1786610 273
1786620 273
1786630 273
1786640 273
1786650 273
1786660 274
1786670 274
1786680 274
1786690 274
1786700 274
1786710 274
1786720 274
1786730 275
1786740 275
1786750 275
1786760 276
1786770 277
1786780 277
1786790 278
1786800 279
1786810 280
1786820 280
1786830 281
1786840 281
1786850 281
1786860 282
1786870 282
1786880 282
1786890 282
1786900 283
1786910 283
1786920 283
1786930 283
1786940 283
1786950 282
1786960 282
1786970 282
1786980 282
1786990 282
1787000 282
1787010 282
1787020 282
1787030 282
1787040 282
1787050 282
1787060 283
1787070 283
1787080 283
1787090 283
1787100 284
1787110 284
1787120 284
1787130 284
1787140 285
1787150 285
1787160 286
1787170 286
1787180 286
1787190 287
1787200 287
1787210 288
1787220 288
1787230 288
1787240 289
1787250 289
1787260 290
1787270 291
1787280 291
1787290 292
1787300 293
1787310 294
1787320 296
1787330 296
1787340 297
1787350 298
1787360 299
1787370 300
1787380 301
1787390 303
1787400 304
1787410 304
1787420 305
1787430 305
1787440 306
1787450 307
1787460 308
1787470 310
1787480 311
1787490 312
1787500 313
1787510 314
1787520 314
1787530 315
1787540 316
1787550 317
1787560 317
1787570 318
1787580 319
1787590 320
1787600 320
1787610 321
1787620 322
1787630 323
1787640 324
1787650 325
1787660 326
1787670 327
1787680 329
1787690 330
1787700 332
1787710 334
1787720 335
1787730 337
1787740 339
1787750 340
1787760 342
1787770 343
1787780 344
1787790 345
1787800 347
1787810 348
1787820 349
1787830 351
1787840 352
1787850 354
1787860 355
1787870 356
1787880 358
1787890 359
1787900 360
1787910 362
1787920 363
1787930 364
1787940 365
1787950 366
1787960 367
1787970 368
1787980 370
1787990 371
1788000 372
1788010 373
1788020 374
1788030 376
1788040 377
1788050 378
1788060 379
1788070 380
1788080 381
1788090 382
1788100 383
1788110 384
1788120 385
1788130 385
1788140 386
1788150 387
1788160 388
1788170 389
1788180 390
1788190 390
1788200 391
1788210 391
1788220 392
1788230 393
1788240 393
1788250 393
1788260 393
1788270 394
1788280 394
1788290 394
1788300 394
1788310 394
1788320 394
1788330 394
1788340 394
1788350 393
1788360 393
1788370 393
1788380 393
1788390 392
1788400 392
1788410 392
1788420 391
1788430 391
1788440 390
1788450 390
1788460 389
1788470 389
1788480 388
1788490 387
1788500 387
1788510 386
1788520 385
1788530 384
1788540 383
1788550 382
1788560 382
1788570 381
1788580 380
1788590 378
1788600 377
1788610 376
1788620 375
1788630 373
1788640 372
1788650 371
1788660 370
1788670 368
1788680 366
1788690 365
1788700 363
1788710 361
1788720 359
1788730 360
1788740 361
1788750 361
1788760 360
1788770 359
1788780 358
1788790 358
1788800 357
1788810 357
1788820 356
1788830 355
1788840 355
1788850 354
1788860 353
1788870 353
1788880 352
1788890 351
1788900 350
1788910 350
1788920 350
1788930 349
1788940 349
1788950 349
1788960 350
1788970 350
1788980 350
1788990 350
1789000 350
1789010 351
1789020 351
1789030 351
1789040 351
1789050 351
1789060 351
1789070 350
1789080 350
1789090 350
1789100 349
1789110 349
1789120 349
1789130 348
1789140 348
1789150 347
1789160 347
1789170 346
1789180 345
1789190 345
1789200 344
1789210 343
1789220 342
1789230 341
1789240 341
1789250 340
1789260 339
1789270 338
1789280 337
1789290 336
1789300 336
1789310 335
1789320 334
1789330 333
1789340 333
1789350 331
1789360 329
1789370 328
1789380 327
1789390 325
1789400 324
1789410 324
1789420 324
1789430 323
1789440 323
1789450 322
1789460 322
1789470 321
1789480 319
1789490 318
1789500 317
1789510 315
1789520 314
1789530 314
1789540 313
1789550 313
1789560 312
1789570 311
1789580 311
1789590 311
1789600 310
1789610 309
1789620 308
1789630 307
1789640 306
1789650 305
1789660 304
1789670 303
1789680 302
1789690 301
1789700 300
1789710 300
1789720 299
1789730 299
1789740 299
1789750 299
1789760 300
1789770 300
1789780 301
1789790 302
1789800 302
1789810 303
1789820 303
1789830 303
1789840 304
1789850 304
1789860 305
1789870 306
1789880 306
1789890 306
1789900 306
1789910 307
1789920 307
1789930 307
1789940 306
1789950 306
1789960 306
1789970 306
1789980 305
1789990 305
1790000 305
1790010 305
1790020 305
1790030 305
1790040 304
1790050 304
1790060 304
1790070 304
1790080 304
1790090 304
1790100 304
1790110 304
1790120 303
1790130 303
1790140 302
1790150 301
1790160 300
1790170 299
1790180 298
1790190 298
1790200 297
1790210 297
1790220 296
1790230 295
1790240 295
1790250 294
1790260 293
1790270 293
1790280 292
1790290 292
1790300 292
1790310 292
1790320 292
1790330 292
1790340 292
1790350 293
1790360 293
1790370 293
1790380 294
1790390 294
1790400 294
1790410 295
1790420 295
1790430 295
1790440 296
1790450 296
1790460 296
1790470 296
1790480 295
1790490 295
1790500 295
1790510 295
1790520 295
1790530 295
1790540 295
1790550 295
1790560 295
1790570 295
1790580 295
1790590 295
1790600 295
1790610 295
1790620 295
1790630 294
1790640 294
1790650 294
1790660 293
1790670 293
1790680 293
1790690 292
1790700 292
1790710 291
1790720 290
1790730 290
1790740 290
1790750 289
1790760 289
1790770 288
1790780 288
1790790 287
1790800 287
1790810 286
1790820 286
1790830 286
1790840 285
1790850 285
1790860 284
1790870 284
1790880 283
1790890 282
1790900 281
1790910 280
1790920 280
1790930 279
1790940 278
1790950 277
1790960 277
1790970 276
1790980 277
1790990 277
1791000 277
1791010 277
1791020 277
1791030 278
1791040 278
1791050 278
1791060 279
1791070 279
1791080 279
1791090 280
1791100 280
1791110 281
1791120 281
1791130 282
1791140 283
1791150 283
1791160 284
1791170 284
1791180 284
1791190 284
1791200 285
1791210 285
1791220 285
1791230 285
1791240 285
1791250 286
1791260 286
1791270 286
1791280 286
1791290 287
1791300 287
1791310 287
1791320 287
1791330 288
1791340 288
1791350 288
1791360 288
1791370 289
1791380 289
1791390 290
1791400 290
1791410 290
1791420 291
1791430 291
1791440 291
1791450 292
1791460 292
1791470 292
1791480 292
1791490 292
1791500 292
1791510 292
1791520 292
1791530 291
1791540 291
1791550 290
1791560 290
1791570 289
1791580 289
1791590 288
1791600 288
1791610 288
1791620 287
1791630 287
1791640 287
1791650 287
1791660 288
1791670 288
1791680 288
1791690 289
1791700 289
1791710 290
1791720 290
1791730 291
1791740 291
1791750 291
1791760 291
1791770 291
1791780 291
1791790 290
1791800 290
1791810 290
1791820 290
1791830 290
1791840 289
1791850 289
1791860 289
1791870 288
1791880 288
1791890 288
1791900 288
1791910 288
1791920 287
1791930 287
1791940 287
1791950 287
1791960 287
1791970 286
1791980 286
1791990 286
1792000 286
1792010 286
1792020 286
1792030 286
1792040 285
1792050 285
1792060 285
1792070 285
1792080 285
1792090 285
1792100 285
1792110 284
1792120 284
1792130 284
1792140 284
1792150 284
1792160 284
1792170 284
1792180 284
1792190 284
1792200 284
1792210 284
1792220 284
1792230 284
1792240 284
1792250 284
1792260 284
1792270 284
1792280 284
1792290 284
1792300 284
1792310 284
1792320 284
1792330 283
1792340 283
1792350 283
1792360 283
1792370 283
1792380 283
1792390 283
1792400 283
1792410 282
1792420 282
1792430 283
1792440 283
1792450 283
1792460 283
1792470 283
1792480 283
1792490 283
1792500 284
1792510 284
1792520 284
1792530 284
1792540 284
1792550 284
1792560 285
1792570 285
1792580 285
1792590 285
1792600 285
1792610 285
1792620 285
1792630 285
1792640 285
1792650 285
1792660 285
1792670 285
1792680 285
1792690 285
1792700 285
1792710 285
1792720 285
1792730 285
1792740 285
1792750 285
1792760 285
1792770 285
1792780 285
1792790 284
1792800 284
1792810 284
1792820 284
1792830 283
1792840 283
1792850 283
1792860 283
1792870 282
1792880 282
1792890 282
1792900 282
1792910 282
1792920 281
1792930 281
1792940 281
1792950 280
1792960 280
1792970 280
1792980 279
1792990 279
1793000 279
1793010 279
1793020 279
1793030 278
1793040 278
1793050 278
1793060 278
1793070 278
1793080 278
1793090 278
1793100 277
1793110 277
1793120 277
1793130 277
1793140 277
1793150 277
1793160 277
1793170 277
1793180 277
1793190 277
1793200 276
1793210 276
1793220 276
1793230 276
1793240 276
1793250 276
1793260 276
1793270 276
1793280 275
1793290 275
1793300 275
1793310 275
1793320 275
1793330 275
1793340 274
1793350 274
1793360 274
1793370 274
1793380 273
1793390 273
1793400 273
1793410 273
1793420 273
1793430 274
1793440 274
1793450 274
1793460 274
1793470 274
1793480 275
1793490 275
1793500 275
1793510 276
1793520 276
1793530 277
1793540 277
1793550 277
1793560 277
1793570 278
1793580 278
1793590 278
1793600 278
1793610 278
1793620 279
1793630 279
1793640 279
1793650 279
1793660 279
1793670 278
1793680 278
1793690 278
1793700 278
1793710 277
1793720 277
1793730 277
1793740 276
1793750 276
1793760 275
1793770 275
1793780 275
1793790 274
1793800 274
1793810 273
1793820 273
1793830 272
1793840 271
1793850 271
1793860 270
1793870 270
1793880 270
1793890 269
1793900 269
1793910 269
1793920 269
1793930 269
1793940 269
1793950 269
1793960 269
1793970 269
1793980 269
1793990 269
1794000 268
1794010 268
1794020 268
1794030 268
1794040 267
1794050 267
1794060 267
1794070 266
1794080 266
1794090 266
1794100 265
1794110 265
1794120 265
1794130 264
1794140 264
1794150 263
1794160 263
1794170 263
1794180 262
1794190 262
1794200 261
1794210 261
1794220 261
1794230 260
1794240 260
1794250 259
1794260 259
1794270 259
1794280 258
1794290 258
1794300 257
1794310 257
1794320 257
1794330 256
1794340 256
1794350 256
1794360 255
1794370 255
1794380 255
1794390 254
1794400 254
1794410 253
1794420 253
1794430 253
1794440 253
1794450 252
1794460 252
1794470 252
1794480 251
1794490 251
1794500 251
1794510 250
1794520 250
1794530 249
1794540 249
1794550 249
1794560 248
1794570 248
1794580 248
1794590 247
1794600 247
1794610 246
1794620 246
1794630 246
1794640 245
1794650 245
1794660 244
1794670 244
1794680 243
1794690 243
1794700 242
1794710 242
1794720 241
1794730 241
1794740 240
1794750 240
1794760 239
1794770 239
1794780 238
1794790 237
1794800 237
1794810 236
1794820 236
1794830 235
1794840 235
1794850 234
1794860 234
1794870 233
1794880 233
1794890 232
1794900 231
1794910 231
1794920 230
1794930 230
1794940 229
1794950 229
1794960 228
1794970 227
1794980 226
1794990 225
1795000 224
1795010 224
1795020 223
1795030 222
1795040 221
1795050 220
1795060 219
1795070 218
1795080 217
1795090 216
1795100 216
1795110 215
1795120 214
1795130 214
1795140 213
1795150 213
1795160 213
1795170 212
1795180 212
1795190 212
1795200 212
1795210 212
1795220 212
1795230 212
1795240 212
1795250 211
1795260 211
1795270 211
1795280 211
1795290 210
1795300 210
1795310 210
1795320 210
1795330 210
1795340 210
1795350 209
1795360 209
1795370 209
1795380 209
1795390 209
1795400 209
1795410 208
1795420 208
1795430 208
1795440 208
1795450 208
1795460 208
1795470 208
1795480 208
1795490 208
1795500 208
1795510 208
1795520 208
1795530 208
1795540 208
1795550 208
1795560 208
1795570 208
1795580 208
1795590 208
1795600 209
1795610 209
1795620 211
1795630 211
1795640 210
1795650 208
1795660 208
1795670 207
1795680 207
1795690 206
1795700 206
1795710 206
1795720 206
1795730 206
1795740 206
1795750 205
1795760 205
1795770 205
1795780 205
1795790 205
1795800 205
1795810 205
1795820 205
1795830 205
1795840 205
1795850 205
1795860 205
1795870 204
1795880 204
1795890 204
1795900 204
1795910 203
1795920 203
1795930 203
1795940 202
1795950 202
1795960 202
1795970 201
1795980 201
1795990 201
1796000 200
1796010 200
1796020 200
1796030 200
1796040 200
1796050 200
1796060 200
1796070 200
1796080 200
1796090 200
1796100 200
1796110 200
1796120 200
1796130 200
1796140 199
1796150 199
1796160 199
1796170 199
1796180 199
1796190 199
1796200 199
1796210 199
1796220 199
1796230 199
1796240 199
1796250 198
1796260 198
1796270 198
1796280 198
1796290 198
1796300 197
1796310 197
1796320 197
1796330 197
1796340 197
1796350 197
1796360 197
1796370 197
1796380 197
1796390 197
1796400 197
1796410 197
1796420 197
1796430 197
1796440 197
1796450 197
1796460 197
1796470 197
1796480 197
1796490 196
1796500 195
1796510 196
1796520 196
1796530 197
1796540 197
1796550 197
1796560 197
1796570 197
1796580 197
1796590 196
1796600 196
1796610 196
1796620 196
1796630 196
1796640 196
1796650 196
1796660 197
1796670 197
1796680 198
1796690 199
1796700 199
1796710 200
1796720 199
1796730 198
1796740 197
1796750 197
1796760 196
1796770 196
1796780 196
1796790 196
1796800 195
1796810 196
1796820 196
1796830 196
1796840 196
1796850 196
1796860 196
1796870 196
1796880 196
1796890 196
1796900 197
1796910 197
1796920 198
1796930 197
1796940 197
1796950 197
1796960 196
1796970 196
1796980 196
1796990 196
1797000 196
1797010 196
1797020 196
1797030 196
1797040 196
1797050 196
1797060 197
1797070 197
1797080 197
1797090 197
1797100 196
1797110 196
1797120 197
1797130 197
1797140 197
1797150 197
1797160 197
1797170 197
1797180 197
1797190 197
1797200 197
1797210 197
1797220 197
1797230 198
1797240 198
1797250 198
1797260 198
1797270 198
1797280 198
1797290 198
1797300 198
1797310 198
1797320 198
1797330 198
1797340 198
1797350 198
1797360 198
1797370 198
1797380 198
1797390 198
1797400 198
1797410 198
1797420 198
1797430 199
1797440 199
1797450 199
1797460 199
1797470 199
1797480 198
1797490 199
1797500 199
1797510 199
1797520 199
1797530 199
1797540 199
1797550 199
1797560 199
1797570 199
1797580 199
1797590 199
1797600 199
1797610 199
1797620 200
1797630 200
1797640 200
1797650 200
1797660 200
1797670 200
1797680 200
1797690 201
1797700 201
1797710 201
1797720 201
1797730 201
1797740 201
1797750 201
1797760 201
1797770 201
1797780 201
1797790 201
1797800 201
1797810 201
1797820 201
1797830 201
1797840 201
1797850 202
1797860 202
1797870 202
1797880 202
1797890 202
1797900 202
1797910 202
1797920 202
1797930 202
1797940 201
1797950 202
1797960 203
1797970 204
1797980 204
1797990 204
1798000 205
1798010 205
1798020 205
1798030 205
1798040 206
1798050 206
1798060 206
1798070 206
1798080 207
1798090 207
1798100 208
1798110 208
1798120 208
1798130 209
1798140 209
1798150 209
1798160 209
1798170 209
1798180 210
1798190 210
1798200 210
1798210 210
1798220 210
1798230 210
1798240 210
1798250 210
1798260 211
1798270 211
1798280 211
1798290 210
1798300 210
1798310 210
1798320 210
1798330 210
1798340 210
1798350 210
1798360 210
1798370 210
1798380 210
1798390 210
1798400 211
1798410 211
1798420 211
1798430 211
1798440 212
1798450 212
1798460 212
1798470 212
1798480 212
1798490 212
1798500 212
1798510 213
1798520 213
1798530 213
1798540 213
1798550 213
1798560 213
1798570 213
1798580 213
1798590 213
1798600 213
1798610 213
1798620 213
1798630 212
1798640 212
1798650 212
1798660 212
1798670 212
1798680 213
1798690 213
1798700 213
1798710 213
1798720 213
1798730 213
1798740 213
1798750 213
1798760 213
1798770 213
1798780 213
1798790 213
1798800 213
1798810 213
1798820 213
1798830 213
1798840 213
1798850 213
1798860 213
1798870 213
1798880 213
1798890 212
1798900 212
1798910 212
1798920 212
1798930 212
1798940 212
1798950 212
1798960 211
1798970 211
1798980 211
1798990 211
1799000 211
1799010 211
1799020 210
1799030 210
1799040 210
1799050 210
1799060 210
1799070 210
1799080 209
1799090 209
1799100 209
1799110 209
1799120 209
1799130 208
1799140 208
1799150 208
1799160 208
1799170 208
1799180 208
1799190 208
1799200 208
1799210 208
1799220 208
1799230 207
1799240 207
1799250 206
1799260 206
1799270 206
1799280 206
1799290 206
1799300 206
1799310 206
1799320 206
1799330 207
1799340 207
1799350 207
1799360 207
1799370 207
1799380 207
1799390 208
1799400 209
1799410 210
1799420 211
1799430 212
1799440 213
1799450 213
1799460 214
1799470 215
1799480 215
1799490 215
1799500 215
1799510 215
1799520 215
1799530 215
1799540 215
1799550 215
1799560 215
1799570 215
1799580 215
1799590 215
1799600 215
1799610 215
1799620 215
1799630 215
1799640 215
1799650 215
1799660 215
1799670 215
1799680 215
1799690 215
1799700 215
1799710 215
1799720 215
1799730 215
1799740 215
1799750 215
1799760 215
1799770 215
1799780 215
1799790 215
1799800 215
1799810 216
1799820 216
1799830 217
1799840 217
1799850 218
1799860 218
1799870 218
1799880 219
1799890 219
1799900 220
1799910 220
1799920 220
1799930 221
1799940 221
1799950 221
1799960 221
1799970 222
1799980 222
1799990 222
