1780000 249
1780010 250
1780020 250
1780030 250
1780040 250
1780050 250
1780060 250
1780070 251
1780080 251
1780090 251
1780100 251
1780110 252
1780120 252
1780130 252
1780140 252
1780150 253
1780160 253
1780170 253
1780180 254
1780190 254
1780200 254
1780210 254
1780220 255
1780230 255
1780240 255
1780250 255
1780260 255
1780270 255
1780280 255
1780290 255
1780300 255
1780310 255
1780320 255
1780330 255
1780340 256
1780350 256
1780360 256
1780370 256
1780380 256
1780390 257
1780400 257
1780410 257
1780420 258
1780430 258
1780440 258
1780450 259
1780460 259
1780470 259
1780480 259
1780490 260
1780500 260
1780510 260
1780520 260
1780530 261
1780540 261
1780550 261
1780560 261
1780570 262
1780580 262
1780590 262
1780600 262
1780610 263
1780620 263
1780630 263
1780640 263
1780650 263
1780660 263
1780670 263
1780680 263
1780690 263
1780700 263
1780710 263
1780720 262
1780730 262
1780740 262
1780750 262
1780760 261
1780770 261
1780780 260
1780790 260
1780800 259
1780810 259
1780820 258
1780830 257
1780840 257
1780850 256
1780860 256
1780870 255
1780880 253
1780890 252
1780900 251
1780910 250
1780920 249
1780930 248
1780940 248
1780950 246
1780960 245
1780970 244
1780980 243
1780990 243
1781000 243
1781010 243
1781020 244
1781030 244
1781040 245
1781050 246
1781060 247
1781070 248
1781080 249
1781090 249
1781100 250
1781110 250
1781120 250
1781130 250
1781140 250
1781150 250
1781160 250
1781170 250
1781180 250
1781190 250
1781200 250
1781210 250
1781220 250
1781230 250
1781240 250
1781250 250
1781260 250
1781270 250
1781280 249
1781290 249
1781300 249
1781310 249
1781320 248
1781330 248
1781340 247
1781350 247
1781360 246
1781370 246
1781380 245
1781390 245
1781400 244
1781410 244
1781420 243
1781430 243
1781440 242
1781450 241
1781460 241
1781470 240
1781480 239
1781490 239
1781500 239
1781510 239
1781520 238
1781530 238
1781540 238
1781550 238
1781560 238
1781570 239
1781580 239
1781590 239
1781600 240
1781610 241
1781620 241
1781630 242
1781640 243
1781650 244
1781660 245
1781670 247
1781680 248
1781690 249
1781700 250
1781710 251
1781720 252
1781730 253
1781740 254
1781750 255
1781760 256
1781770 256
1781780 257
1781790 258
1781800 258
1781810 258
1781820 259
1781830 259
1781840 260
1781850 260
1781860 261
1781870 263
1781880 264
1781890 265
1781900 265
1781910 265
1781920 266
1781930 267
1781940 268
1781950 269
1781960 270
1781970 271
1781980 272
1781990 273
1782000 274
1782010 274
1782020 275
1782030 276
1782040 276
1782050 277
1782060 277
1782070 278
1782080 278
1782090 278
1782100 278
1782110 278
1782120 278
1782130 278
1782140 277
1782150 277
1782160 277
1782170 277
1782180 276
1782190 275
1782200 275
1782210 274
1782220 274
1782230 273
1782240 273
1782250 272
1782260 272
1782270 272
1782280 271
1782290 271
1782300 272
1782310 272
1782320 272
1782330 272
1782340 272
1782350 272
1782360 273
1782370 274
1782380 275
1782390 276
1782400 276
1782410 278
1782420 279
1782430 280
1782440 281
1782450 282
1782460 283
1782470 284
1782480 285
1782490 285
1782500 286
1782510 287
1782520 288
1782530 288
1782540 289
1782550 290
1782560 291
1782570 292
1782580 293
1782590 293
1782600 294
1782610 295
1782620 296
1782630 297
1782640 297
1782650 298
1782660 299
1782670 299
1782680 300
1782690 301
1782700 302
1782710 302
1782720 303
1782730 303
1782740 304
1782750 304
1782760 305
1782770 306
1782780 306
1782790 307
1782800 307
1782810 308
1782820 309
1782830 309
1782840 310
1782850 311
1782860 311
1782870 312
1782880 313
1782890 313
1782900 313
1782910 314
1782920 314
1782930 314
1782940 315
1782950 315
1782960 315
1782970 316
1782980 316
1782990 316
1783000 317
1783010 317
1783020 317
1783030 317
1783040 317
1783050 318
1783060 318
1783070 318
1783080 318
1783090 318
1783100 318
1783110 319
1783120 319
1783130 319
1783140 319
1783150 319
1783160 319
1783170 318
1783180 318
1783190 318
1783200 318
1783210 318
1783220 318
1783230 318
1783240 317
1783250 317
1783260 317
1783270 317
1783280 316
1783290 315
1783300 315
1783310 314
1783320 313
1783330 312
1783340 312
1783350 311
1783360 311
1783370 311
1783380 311
1783390 310
1783400 310
1783410 310
1783420 310
1783430 310
1783440 310
1783450 310
1783460 311
1783470 311
1783480 311
1783490 312
1783500 312
1783510 313
1783520 313
1783530 314
1783540 314
1783550 315
1783560 315
1783570 316
1783580 316
1783590 317
1783600 317
1783610 318
1783620 318
1783630 318
1783640 319
1783650 319
1783660 319
1783670 320
1783680 320
1783690 320
1783700 321
1783710 321
1783720 321
1783730 322
1783740 322
1783750 323
1783760 323
1783770 323
1783780 324
1783790 324
1783800 325
1783810 325
1783820 326
1783830 327
1783840 327
1783850 328
1783860 329
1783870 330
1783880 331
1783890 332
1783900 333
1783910 334
1783920 335
1783930 336
1783940 337
1783950 338
1783960 339
1783970 340
1783980 341
1783990 342
1784000 343
1784010 344
1784020 345
1784030 346
1784040 347
1784050 348
1784060 348
1784070 349
1784080 350
1784090 350
1784100 351
1784110 352
1784120 352
1784130 352
1784140 353
1784150 353
1784160 353
1784170 354
1784180 354
1784190 354
1784200 354
1784210 355
1784220 355
1784230 355
1784240 355
1784250 356
1784260 356
1784270 356
1784280 356
1784290 356
1784300 356
1784310 356
1784320 356
1784330 355
1784340 355
1784350 355
1784360 355
1784370 354
1784380 354
1784390 354
1784400 354
1784410 354
1784420 354
1784430 354
1784440 354
1784450 353
1784460 353
1784470 353
1784480 353
1784490 353
1784500 352
1784510 352
1784520 352
1784530 351
1784540 351
1784550 351
1784560 350
1784570 350
1784580 349
1784590 349
1784600 348
1784610 347
1784620 347
1784630 346
1784640 346
1784650 345
1784660 344
1784670 343
1784680 342
1784690 342
1784700 341
1784710 341
1784720 340
1784730 339
1784740 338
1784750 337
1784760 337
1784770 336
1784780 335
1784790 334
1784800 333
1784810 332
1784820 331
1784830 330
1784840 329
1784850 328
1784860 327
1784870 326
1784880 325
1784890 324
1784900 323
1784910 322
1784920 322
1784930 321
1784940 320
1784950 320
1784960 319
1784970 319
1784980 318
1784990 318
1785000 317
1785010 316
1785020 316
1785030 315
1785040 315
1785050 314
1785060 314
1785070 314
1785080 314
1785090 314
1785100 314
1785110 314
1785120 314
1785130 314
1785140 313
1785150 313
1785160 313
1785170 313
1785180 313
1785190 313
1785200 312
1785210 312
1785220 312
1785230 312
1785240 313
1785250 313
1785260 313
1785270 313
1785280 313
1785290 313
1785300 313
1785310 313
1785320 313
1785330 313
1785340 313
1785350 313
1785360 313
1785370 312
1785380 312
1785390 312
1785400 312
1785410 312
1785420 312
1785430 312
1785440 311
1785450 311
1785460 311
1785470 310
1785480 310
1785490 309
1785500 309
1785510 308
1785520 308
1785530 308
1785540 308
1785550 307
1785560 307
1785570 307
1785580 307
1785590 307
1785600 307
1785610 307
1785620 307
1785630 307
1785640 306
1785650 306
1785660 306
1785670 306
1785680 306
1785690 305
1785700 305
1785710 305
1785720 305
1785730 304
1785740 304
1785750 303
1785760 303
1785770 302
1785780 302
1785790 301
1785800 301
1785810 300
1785820 300
1785830 299
1785840 298
1785850 298
1785860 297
1785870 296
1785880 295
1785890 295
1785900 294
1785910 294
1785920 293
1785930 292
1785940 292
1785950 291
1785960 290
1785970 289
1785980 288
1785990 288
1786000 287
1786010 287
1786020 286
1786030 285
1786040 284
1786050 284
1786060 283
1786070 283
1786080 283
1786090 282
1786100 282
1786110 282
1786120 281
1786130 281
1786140 280
1786150 280
1786160 280
1786170 280
1786180 279
1786190 279
1786200 279
1786210 279
1786220 279
1786230 279
1786240 278
1786250 278
1786260 278
1786270 278
1786280 278
1786290 278
1786300 278
1786310 277
1786320 277
1786330 277
1786340 277
1786350 277
1786360 277
1786370 277
1786380 277
1786390 277
1786400 277
1786410 277
1786420 277
1786430 277
1786440 278
1786450 278
1786460 278
1786470 278
1786480 278
1786490 278
1786500 278
1786510 278
1786520 279
1786530 279
1786540 279
1786550 279
1786560 279
1786570 279
1786580 280
1786590 280
1786600 280
1786610 280
1786620 280
1786630 280
1786640 281
1786650 281
1786660 281
1786670 281
1786680 281
1786690 282
1786700 282
1786710 282
1786720 282
1786730 283
1786740 283
1786750 283
1786760 283
1786770 283
1786780 284
1786790 284
1786800 284
1786810 284
1786820 284
1786830 285
1786840 285
1786850 285
1786860 285
1786870 285
1786880 286
1786890 286
1786900 286
1786910 286
1786920 287
1786930 287
1786940 287
1786950 288
1786960 288
1786970 288
1786980 289
1786990 289
1787000 289
1787010 290
1787020 291
1787030 292
1787040 293
1787050 295
1787060 296
1787070 298
1787080 300
1787090 301
1787100 303
1787110 304
1787120 306
1787130 307
1787140 309
1787150 311
1787160 312
1787170 314
1787180 316
1787190 316
1787200 317
1787210 318
1787220 318
1787230 318
1787240 318
1787250 319
1787260 319
1787270 319
1787280 319
1787290 319
1787300 319
1787310 319
1787320 319
1787330 319
1787340 319
1787350 319
1787360 319
1787370 319
1787380 318
1787390 318
1787400 318
1787410 317
1787420 317
1787430 317
1787440 317
1787450 317
1787460 318
1787470 318
1787480 318
1787490 319
1787500 319
1787510 319
1787520 319
1787530 319
1787540 320
1787550 320
1787560 320
1787570 320
1787580 321
1787590 321
1787600 322
1787610 322
1787620 323
1787630 323
1787640 324
1787650 324
1787660 325
1787670 325
1787680 326
1787690 326
1787700 327
1787710 328
1787720 328
1787730 329
1787740 329
1787750 330
1787760 331
1787770 333
1787780 334
1787790 335
1787800 336
1787810 336
1787820 337
1787830 338
1787840 339
1787850 339
1787860 340
1787870 340
1787880 341
1787890 342
1787900 342
1787910 343
1787920 344
1787930 344
1787940 345
1787950 346
1787960 347
1787970 348
1787980 349
1787990 350
1788000 351
1788010 352
1788020 353
1788030 354
1788040 355
1788050 356
1788060 357
1788070 358
1788080 359
1788090 360
1788100 361
1788110 362
1788120 363
1788130 364
1788140 365
1788150 366
1788160 366
1788170 367
1788180 367
1788190 368
1788200 368
1788210 369
1788220 369
1788230 370
1788240 370
1788250 370
1788260 371
1788270 371
1788280 371
1788290 371
1788300 372
1788310 372
1788320 372
1788330 372
1788340 373
1788350 373
1788360 373
1788370 374
1788380 374
1788390 374
1788400 374
1788410 375
1788420 375
1788430 375
1788440 376
1788450 376
1788460 377
1788470 377
1788480 378
1788490 378
1788500 378
1788510 379
1788520 379
1788530 379
1788540 379
1788550 379
1788560 379
1788570 380
1788580 380
1788590 380
1788600 380
1788610 380
1788620 379
1788630 379
1788640 379
1788650 379
1788660 379
1788670 378
1788680 378
1788690 378
1788700 378
1788710 377
1788720 377
1788730 377
1788740 377
1788750 376
1788760 376
1788770 376
1788780 375
1788790 375
1788800 374
1788810 374
1788820 374
1788830 373
1788840 373
1788850 373
1788860 372
1788870 372
1788880 372
1788890 371
1788900 371
1788910 371
1788920 370
1788930 370
1788940 370
1788950 369
1788960 369
1788970 369
1788980 368
1788990 368
1789000 367
1789010 367
1789020 367
1789030 366
1789040 366
1789050 365
1789060 365
1789070 364
1789080 364
1789090 364
1789100 363
1789110 363
1789120 363
1789130 362
1789140 362
1789150 362
1789160 361
1789170 361
1789180 361
1789190 361
1789200 361
1789210 360
1789220 360
1789230 359
1789240 359
1789250 358
1789260 358
1789270 357
1789280 357
1789290 356
1789300 356
1789310 355
1789320 355
1789330 354
1789340 354
1789350 353
1789360 352
1789370 352
1789380 351
1789390 350
1789400 350
1789410 349
1789420 349
1789430 348
1789440 348
1789450 348
1789460 347
1789470 347
1789480 347
1789490 347
1789500 347
1789510 347
1789520 347
1789530 347
1789540 348
1789550 348
1789560 347
1789570 347
1789580 346
1789590 345
1789600 344
1789610 343
1789620 342
1789630 340
1789640 339
1789650 339
1789660 338
1789670 337
1789680 336
1789690 336
1789700 335
1789710 335
1789720 336
1789730 337
1789740 338
1789750 339
1789760 340
1789770 341
1789780 341
1789790 341
1789800 341
1789810 341
1789820 341
1789830 341
1789840 341
1789850 341
1789860 341
1789870 341
1789880 341
1789890 341
1789900 341
1789910 341
1789920 341
1789930 341
1789940 341
1789950 340
1789960 340
1789970 340
1789980 340
1789990 339
1790000 339
1790010 339
1790020 338
1790030 338
1790040 338
1790050 338
1790060 337
1790070 337
1790080 337
1790090 337
1790100 336
1790110 336
1790120 336
1790130 336
1790140 336
1790150 336
1790160 336
1790170 336
1790180 336
1790190 335
1790200 335
1790210 335
1790220 335
1790230 335
1790240 335
1790250 335
1790260 335
1790270 334
1790280 334
1790290 334
1790300 333
1790310 333
1790320 332
1790330 332
1790340 332
1790350 331
1790360 331
1790370 330
1790380 330
1790390 329
1790400 329
1790410 328
1790420 328
1790430 327
1790440 327
1790450 327
1790460 326
1790470 326
1790480 325
1790490 325
1790500 324
1790510 324
1790520 323
1790530 323
1790540 323
1790550 322
1790560 322
1790570 321
1790580 321
1790590 321
1790600 320
1790610 320
1790620 320
1790630 319
1790640 319
1790650 319
1790660 318
1790670 318
1790680 318
1790690 317
1790700 317
1790710 316
1790720 316
1790730 315
1790740 315
1790750 315
1790760 314
1790770 314
1790780 313
1790790 313
1790800 313
1790810 312
1790820 311
1790830 311
1790840 310
1790850 310
1790860 309
1790870 309
1790880 308
1790890 308
1790900 307
1790910 307
1790920 306
1790930 306
1790940 306
1790950 305
1790960 305
1790970 305
1790980 305
1790990 304
1791000 304
1791010 304
1791020 304
1791030 303
1791040 303
1791050 303
1791060 303
1791070 302
1791080 302
1791090 302
1791100 301
1791110 301
1791120 301
1791130 301
1791140 301
1791150 301
1791160 301
1791170 300
1791180 300
1791190 299
1791200 299
1791210 298
1791220 298
1791230 297
1791240 297
1791250 296
1791260 296
1791270 295
1791280 295
1791290 294
1791300 293
1791310 293
1791320 292
1791330 292
1791340 291
1791350 291
1791360 291
1791370 290
1791380 290
1791390 290
1791400 289
1791410 289
1791420 289
1791430 288
1791440 288
1791450 288
1791460 287
1791470 287
1791480 286
1791490 286
1791500 285
1791510 285
1791520 284
1791530 284
1791540 283
1791550 283
1791560 282
1791570 282
1791580 281
1791590 280
1791600 280
1791610 279
1791620 279
1791630 278
1791640 277
1791650 277
1791660 276
1791670 276
1791680 275
1791690 275
1791700 274
1791710 274
1791720 273
1791730 273
1791740 273
1791750 272
1791760 272
1791770 271
1791780 271
1791790 270
1791800 270
1791810 269
1791820 269
1791830 268
1791840 268
1791850 267
1791860 266
1791870 266
1791880 265
1791890 265
1791900 264
1791910 263
1791920 263
1791930 262
1791940 262
1791950 261
1791960 260
1791970 259
1791980 259
1791990 259
1792000 259
1792010 259
1792020 258
1792030 257
1792040 256
1792050 256
1792060 256
1792070 255
1792080 255
1792090 256
1792100 256
1792110 257
1792120 257
1792130 258
1792140 259
1792150 260
1792160 261
1792170 262
1792180 263
1792190 263
1792200 263
1792210 264
1792220 264
1792230 264
1792240 263
1792250 263
1792260 263
1792270 262
1792280 261
1792290 261
1792300 261
1792310 261
1792320 260
1792330 260
1792340 260
1792350 259
1792360 259
1792370 259
1792380 259
1792390 259
1792400 259
1792410 259
1792420 259
1792430 259
1792440 259
1792450 260
1792460 260
1792470 261
1792480 262
1792490 262
1792500 263
1792510 263
1792520 264
1792530 265
1792540 266
1792550 266
1792560 267
1792570 268
1792580 268
1792590 269
1792600 269
1792610 270
1792620 270
1792630 271
1792640 271
1792650 271
1792660 271
1792670 272
1792680 272
1792690 272
1792700 271
1792710 271
1792720 270
1792730 270
1792740 270
1792750 269
1792760 269
1792770 269
1792780 269
1792790 269
1792800 270
1792810 270
1792820 271
1792830 271
1792840 271
1792850 272
1792860 272
1792870 273
1792880 273
1792890 274
1792900 275
1792910 276
1792920 276
1792930 277
1792940 278
1792950 279
1792960 280
1792970 280
1792980 281
1792990 282
1793000 283
1793010 284
1793020 285
1793030 286
1793040 287
1793050 288
1793060 289
1793070 289
1793080 290
1793090 291
1793100 292
1793110 293
1793120 293
1793130 294
1793140 294
1793150 294
1793160 295
1793170 295
1793180 295
1793190 295
1793200 295
1793210 295
1793220 294
1793230 294
1793240 294
1793250 294
1793260 293
1793270 293
1793280 293
1793290 293
1793300 292
1793310 292
1793320 292
1793330 292
1793340 291
1793350 291
1793360 291
1793370 291
1793380 290
1793390 290
1793400 290
1793410 290
1793420 289
1793430 289
1793440 289
1793450 288
1793460 288
1793470 288
1793480 288
1793490 288
1793500 287
1793510 287
1793520 287
1793530 286
1793540 286
1793550 286
1793560 285
1793570 285
1793580 285
1793590 284
1793600 284
1793610 284
1793620 283
1793630 283
1793640 282
1793650 282
1793660 282
1793670 281
1793680 281
1793690 280
1793700 280
1793710 279
1793720 279
1793730 278
1793740 278
1793750 278
1793760 277
1793770 277
1793780 276
1793790 276
1793800 275
1793810 275
1793820 274
1793830 274
1793840 273
1793850 273
1793860 273
1793870 272
1793880 272
1793890 271
1793900 271
1793910 270
1793920 270
1793930 269
1793940 269
1793950 268
1793960 268
1793970 268
1793980 267
1793990 267
1794000 266
1794010 266
1794020 265
1794030 265
1794040 264
1794050 264
1794060 263
1794070 263
1794080 262
1794090 262
1794100 261
1794110 261
1794120 260
1794130 260
1794140 259
1794150 259
1794160 258
1794170 258
1794180 258
1794190 257
1794200 257
1794210 256
1794220 256
1794230 255
1794240 255
1794250 254
1794260 253
1794270 253
1794280 252
1794290 252
1794300 251
1794310 250
1794320 250
1794330 249
1794340 248
1794350 248
1794360 247
1794370 246
1794380 245
1794390 244
1794400 244
1794410 243
1794420 242
1794430 241
1794440 241
1794450 240
1794460 239
1794470 238
1794480 237
1794490 236
1794500 235
1794510 235
1794520 234
1794530 233
1794540 232
1794550 232
1794560 231
1794570 230
1794580 229
1794590 229
1794600 228
1794610 227
1794620 226
1794630 226
1794640 225
1794650 224
1794660 224
1794670 223
1794680 222
1794690 222
1794700 221
1794710 220
1794720 220
1794730 219
1794740 219
1794750 218
1794760 218
1794770 217
1794780 217
1794790 216
1794800 216
1794810 216
1794820 216
1794830 216
1794840 216
1794850 216
1794860 216
1794870 216
1794880 216
1794890 216
1794900 216
1794910 216
1794920 216
1794930 216
1794940 216
1794950 216
1794960 216
1794970 216
1794980 216
1794990 215
1795000 215
1795010 214
1795020 214
1795030 214
1795040 213
1795050 213
1795060 213
1795070 212
1795080 212
1795090 212
1795100 212
1795110 212
1795120 212
1795130 212
1795140 211
1795150 211
1795160 211
1795170 211
1795180 211
1795190 210
1795200 210
1795210 210
1795220 210
1795230 210
1795240 210
1795250 210
1795260 209
1795270 209
1795280 209
1795290 209
1795300 209
1795310 209
1795320 209
1795330 209
1795340 209
1795350 209
1795360 210
1795370 210
1795380 210
1795390 209
1795400 209
1795410 208
1795420 208
1795430 208
1795440 207
1795450 207
1795460 207
1795470 207
1795480 207
1795490 207
1795500 207
1795510 207
1795520 206
1795530 206
1795540 206
1795550 206
1795560 206
1795570 205
1795580 205
1795590 205
1795600 205
1795610 204
1795620 204
1795630 203
1795640 203
1795650 202
1795660 202
1795670 202
1795680 202
1795690 202
1795700 202
1795710 202
1795720 202
1795730 201
1795740 201
1795750 201
1795760 201
1795770 201
1795780 201
1795790 200
1795800 200
1795810 200
1795820 199
1795830 199
1795840 199
1795850 199
1795860 198
1795870 198
1795880 198
1795890 198
1795900 198
1795910 198
1795920 198
1795930 198
1795940 198
1795950 198
1795960 198
1795970 198
1795980 198
1795990 198
1796000 198
1796010 198
1796020 198
1796030 198
1796040 198
1796050 197
1796060 198
1796070 198
1796080 198
1796090 198
1796100 198
1796110 198
1796120 198
1796130 198
1796140 198
1796150 198
1796160 198
1796170 198
1796180 198
1796190 198
1796200 198
1796210 198
1796220 198
1796230 198
1796240 198
1796250 198
1796260 198
1796270 198
1796280 198
1796290 198
1796300 197
1796310 196
1796320 196
1796330 197
1796340 198
1796350 198
1796360 198
1796370 198
1796380 198
1796390 197
1796400 197
1796410 197
1796420 197
1796430 197
1796440 197
1796450 197
1796460 197
1796470 197
1796480 197
1796490 197
1796500 197
1796510 197
1796520 197
1796530 197
1796540 197
1796550 197
1796560 197
1796570 197
1796580 197
1796590 197
1796600 197
1796610 197
1796620 198
1796630 198
1796640 198
1796650 198
1796660 198
1796670 199
1796680 199
1796690 199
1796700 199
1796710 199
1796720 200
1796730 199
1796740 199
1796750 199
1796760 199
1796770 199
1796780 199
1796790 199
1796800 199
1796810 199
1796820 199
1796830 199
1796840 199
1796850 199
1796860 199
1796870 199
1796880 199
1796890 199
1796900 199
1796910 199
1796920 199
1796930 199
1796940 199
1796950 199
1796960 199
1796970 199
1796980 200
1796990 200
1797000 200
1797010 200
1797020 200
1797030 200
1797040 200
1797050 200
1797060 200
1797070 200
1797080 200
1797090 200
1797100 200
1797110 200
1797120 200
1797130 200
1797140 200
1797150 200
1797160 200
1797170 200
1797180 200
1797190 200
1797200 201
1797210 201
1797220 201
1797230 201
1797240 201
1797250 201
1797260 201
1797270 201
1797280 201
1797290 202
1797300 202
1797310 202
1797320 202
1797330 203
1797340 203
1797350 203
1797360 204
1797370 204
1797380 204
1797390 205
1797400 205
1797410 206
1797420 206
1797430 207
1797440 207
1797450 208
1797460 208
1797470 208
1797480 209
1797490 209
1797500 210
1797510 210
1797520 210
1797530 211
1797540 211
1797550 211
1797560 212
1797570 212
1797580 212
1797590 212
1797600 213
1797610 213
1797620 213
1797630 213
1797640 212
1797650 212
1797660 213
1797670 214
1797680 215
1797690 216
1797700 217
1797710 217
1797720 217
1797730 217
1797740 217
1797750 217
1797760 218
1797770 218
1797780 218
1797790 218
1797800 218
1797810 218
1797820 218
1797830 218
1797840 218
1797850 219
1797860 219
1797870 219
1797880 219
1797890 219
1797900 219
1797910 219
1797920 219
1797930 219
1797940 219
1797950 219
1797960 219
1797970 219
1797980 219
1797990 220
1798000 220
1798010 220
1798020 220
1798030 220
1798040 220
1798050 220
1798060 220
1798070 220
1798080 220
1798090 220
1798100 220
1798110 220
1798120 220
1798130 220
1798140 220
1798150 220
1798160 220
1798170 220
1798180 220
1798190 220
1798200 220
1798210 220
1798220 220
1798230 221
1798240 221
1798250 221
1798260 221
1798270 221
1798280 221
1798290 221
1798300 221
1798310 221
1798320 221
1798330 221
1798340 222
1798350 222
1798360 222
1798370 222
1798380 222
1798390 222
1798400 222
1798410 222
1798420 222
1798430 222
1798440 222
1798450 222
1798460 222
1798470 222
1798480 222
1798490 222
1798500 222
1798510 222
1798520 222
1798530 222
1798540 222
1798550 222
1798560 222
1798570 222
1798580 222
1798590 222
1798600 222
1798610 223
1798620 223
1798630 223
1798640 223
1798650 223
1798660 222
1798670 223
1798680 223
1798690 223
1798700 223
1798710 223
1798720 223
1798730 223
1798740 223
1798750 223
1798760 223
1798770 223
1798780 222
1798790 222
1798800 222
1798810 222
1798820 222
1798830 222
1798840 222
1798850 222
1798860 221
1798870 221
1798880 221
1798890 221
1798900 221
1798910 220
1798920 220
1798930 220
1798940 220
1798950 219
1798960 219
1798970 219
1798980 219
1798990 218
1799000 218
1799010 218
1799020 218
1799030 217
1799040 217
1799050 217
1799060 217
1799070 216
1799080 216
1799090 216
1799100 216
1799110 216
1799120 215
1799130 215
1799140 215
1799150 215
1799160 214
1799170 214
1799180 214
1799190 214
1799200 214
1799210 213
1799220 213
1799230 213
1799240 213
1799250 212
1799260 212
1799270 212
1799280 212
1799290 212
1799300 212
1799310 211
1799320 211
1799330 211
1799340 211
1799350 211
1799360 211
1799370 212
1799380 211
1799390 211
1799400 211
1799410 211
1799420 211
1799430 211
1799440 211
1799450 211
1799460 211
1799470 211
1799480 211
1799490 211
1799500 211
1799510 211
1799520 211
1799530 211
1799540 211
1799550 211
1799560 211
1799570 211
1799580 211
1799590 212
1799600 213
1799610 214
1799620 216
1799630 217
1799640 219
1799650 220
1799660 220
1799670 220
1799680 221
1799690 221
1799700 222
1799710 223
1799720 223
1799730 222
1799740 222
1799750 222
1799760 222
1799770 222
1799780 222
1799790 222
1799800 223
1799810 223
1799820 223
1799830 223
1799840 223
1799850 223
1799860 223
1799870 223
1799880 223
1799890 224
1799900 224
1799910 224
1799920 224
1799930 224
1799940 224
1799950 224
1799960 224
1799970 224
1799980 224
1799990 224
