1780000 284
1780010 285
1780020 286
1780030 287
1780040 287
1780050 288
1780060 288
1780070 289
1780080 290
1780090 290
1780100 291
1780110 292
1780120 292
1780130 293
1780140 293
1780150 294
1780160 294
1780170 294
1780180 295
1780190 295
1780200 295
1780210 295
1780220 295
1780230 295
1780240 295
1780250 295
1780260 295
1780270 295
1780280 294
1780290 294
1780300 294
1780310 294
1780320 294
1780330 294
1780340 294
1780350 294
1780360 294
1780370 294
1780380 294
1780390 294
1780400 294
1780410 294
1780420 294
1780430 293
1780440 293
1780450 293
1780460 293
1780470 293
1780480 293
1780490 292
1780500 292
1780510 292
1780520 292
1780530 292
1780540 292
1780550 291
1780560 291
1780570 291
1780580 291
1780590 291
1780600 290
1780610 290
1780620 290
1780630 290
1780640 289
1780650 289
1780660 289
1780670 289
1780680 289
1780690 288
1780700 288
1780710 287
1780720 287
1780730 286
1780740 286
1780750 285
1780760 285
1780770 284
1780780 284
1780790 284
1780800 283
1780810 283
1780820 282
1780830 282
1780840 281
1780850 281
1780860 281
1780870 280
1780880 280
1780890 280
1780900 279
1780910 278
1780920 277
1780930 276
1780940 276
1780950 276
1780960 275
1780970 275
1780980 275
1780990 273
1781000 271
1781010 270
1781020 270
1781030 269
1781040 269
1781050 269
1781060 268
1781070 267
1781080 266
1781090 264
1781100 264
1781110 263
1781120 262
1781130 261
1781140 261
1781150 260
1781160 259
1781170 258
1781180 258
1781190 257
1781200 256
1781210 255
1781220 254
1781230 254
1781240 253
1781250 252
1781260 251
1781270 251
1781280 250
1781290 249
1781300 249
1781310 248
1781320 248
1781330 247
1781340 247
1781350 247
1781360 246
1781370 246
1781380 246
1781390 246
1781400 246
1781410 246
1781420 245
1781430 245
1781440 245
1781450 245
1781460 245
1781470 245
1781480 244
1781490 244
1781500 243
1781510 242
1781520 242
1781530 242
1781540 242
1781550 242
1781560 243
1781570 244
1781580 245
1781590 246
1781600 246
1781610 247
1781620 248
1781630 248
1781640 249
1781650 250
1781660 251
1781670 253
1781680 255
1781690 256
1781700 257
1781710 258
1781720 259
1781730 261
1781740 262
1781750 264
1781760 266
1781770 268
1781780 269
1781790 270
1781800 270
1781810 270
1781820 270
1781830 270
1781840 270
1781850 271
1781860 271
1781870 272
1781880 273
1781890 273
1781900 274
1781910 275
1781920 276
1781930 277
1781940 279
1781950 280
1781960 281
1781970 283
1781980 284
1781990 286
1782000 288
1782010 290
1782020 292
1782030 293
1782040 293
1782050 294
1782060 295
1782070 296
1782080 297
1782090 298
1782100 298
1782110 299
1782120 300
1782130 300
1782140 301
1782150 301
1782160 302
1782170 302
1782180 303
1782190 303
1782200 303
1782210 303
1782220 303
1782230 302
1782240 302
1782250 302
1782260 302
1782270 302
1782280 302
1782290 302
1782300 302
1782310 302
1782320 302
1782330 302
1782340 302
1782350 302
1782360 302
1782370 302
1782380 302
1782390 302
1782400 303
1782410 303
1782420 303
1782430 303
1782440 303
1782450 303
1782460 304
1782470 304
1782480 304
1782490 304
1782500 305
1782510 305
1782520 305
1782530 305
1782540 305
1782550 305
1782560 304
1782570 304
1782580 303
1782590 302
1782600 301
1782610 300
1782620 299
1782630 298
1782640 297
1782650 297
1782660 297
1782670 297
1782680 298
1782690 299
1782700 300
1782710 302
1782720 302
1782730 303
1782740 303
1782750 303
1782760 303
1782770 303
1782780 303
1782790 303
1782800 303
1782810 303
1782820 303
1782830 304
1782840 304
1782850 305
1782860 305
1782870 305
1782880 305
1782890 305
1782900 305
1782910 305
1782920 305
1782930 306
1782940 307
1782950 308
1782960 309
1782970 311
1782980 313
1782990 315
1783000 318
1783010 320
1783020 322
1783030 324
1783040 325
1783050 327
1783060 328
1783070 329
1783080 330
1783090 332
1783100 333
1783110 334
1783120 335
1783130 335
1783140 336
1783150 337
1783160 338
1783170 339
1783180 339
1783190 340
1783200 341
1783210 342
1783220 343
1783230 344
1783240 345
1783250 347
1783260 347
1783270 348
1783280 348
1783290 348
1783300 347
1783310 346
1783320 344
1783330 342
1783340 341
1783350 339
1783360 339
1783370 338
1783380 338
1783390 336
1783400 335
1783410 333
1783420 332
1783430 331
1783440 331
1783450 331
1783460 330
1783470 329
1783480 330
1783490 332
1783500 334
1783510 336
1783520 338
1783530 340
1783540 341
1783550 343
1783560 344
1783570 344
1783580 344
1783590 344
1783600 344
1783610 344
1783620 343
1783630 343
1783640 342
1783650 341
1783660 341
1783670 340
1783680 340
1783690 340
1783700 341
1783710 342
1783720 342
1783730 343
1783740 343
1783750 343
1783760 344
1783770 345
1783780 346
1783790 346
1783800 347
1783810 347
1783820 348
1783830 348
1783840 349
1783850 349
1783860 349
1783870 349
1783880 350
1783890 350
1783900 351
1783910 351
1783920 352
1783930 353
1783940 353
1783950 354
1783960 355
1783970 356
1783980 356
1783990 357
1784000 357
1784010 357
1784020 357
1784030 358
1784040 358
1784050 358
1784060 358
1784070 358
1784080 358
1784090 358
1784100 358
1784110 358
1784120 358
1784130 358
1784140 357
1784150 357
1784160 357
1784170 356
1784180 356
1784190 356
1784200 356
1784210 355
1784220 355
1784230 355
1784240 355
1784250 355
1784260 354
1784270 354
1784280 354
1784290 354
1784300 354
1784310 354
1784320 353
1784330 353
1784340 353
1784350 353
1784360 352
1784370 352
1784380 352
1784390 352
1784400 352
1784410 351
1784420 351
1784430 351
1784440 351
1784450 350
1784460 350
1784470 350
1784480 349
1784490 349
1784500 348
1784510 348
1784520 347
1784530 346
1784540 346
1784550 345
1784560 345
1784570 344
1784580 344
1784590 343
1784600 343
1784610 342
1784620 341
1784630 341
1784640 340
1784650 340
1784660 339
1784670 339
1784680 338
1784690 338
1784700 338
1784710 338
1784720 338
1784730 337
1784740 337
1784750 337
1784760 336
1784770 336
1784780 336
1784790 335
1784800 335
1784810 335
1784820 334
1784830 334
1784840 333
1784850 332
1784860 332
1784870 331
1784880 331
1784890 330
1784900 330
1784910 329
1784920 329
1784930 328
1784940 327
1784950 327
1784960 326
1784970 326
1784980 325
1784990 324
1785000 323
1785010 322
1785020 322
1785030 321
1785040 320
1785050 319
1785060 319
1785070 318
1785080 318
1785090 317
1785100 317
1785110 316
1785120 316
1785130 315
1785140 314
1785150 314
1785160 313
1785170 313
1785180 312
1785190 311
1785200 311
1785210 310
1785220 309
1785230 308
1785240 308
1785250 307
1785260 307
1785270 307
1785280 306
1785290 306
1785300 305
1785310 305
1785320 304
1785330 304
1785340 303
1785350 302
1785360 302
1785370 302
1785380 301
1785390 301
1785400 301
1785410 300
1785420 300
1785430 299
1785440 298
1785450 298
1785460 297
1785470 297
1785480 296
1785490 296
1785500 295
1785510 295
1785520 294
1785530 294
1785540 293
1785550 293
1785560 292
1785570 292
1785580 291
1785590 291
1785600 291
1785610 290
1785620 290
1785630 290
1785640 290
1785650 289
1785660 289
1785670 289
1785680 289
1785690 289
1785700 288
1785710 288
1785720 288
1785730 288
1785740 287
1785750 287
1785760 287
1785770 286
1785780 286
1785790 286
1785800 286
1785810 286
1785820 286
1785830 286
1785840 286
1785850 286
1785860 286
1785870 287
1785880 287
1785890 287
1785900 287
1785910 288
1785920 288
1785930 289
1785940 289
1785950 290
1785960 290
1785970 290
1785980 291
1785990 291
1786000 292
1786010 292
1786020 292
1786030 293
1786040 293
1786050 293
1786060 293
1786070 293
1786080 293
1786090 293
1786100 293
1786110 293
1786120 293
1786130 293
1786140 293
1786150 293
1786160 293
1786170 293
1786180 293
1786190 292
1786200 292
1786210 292
1786220 291
1786230 291
1786240 291
1786250 290
1786260 290
1786270 289
1786280 289
1786290 288
1786300 288
1786310 287
1786320 287
1786330 286
1786340 286
1786350 286
1786360 286
1786370 286
1786380 286
1786390 285
1786400 285
1786410 286
1786420 286
1786430 287
1786440 288
1786450 288
1786460 289
1786470 290
1786480 291
1786490 292
1786500 293
1786510 294
1786520 295
1786530 296
1786540 297
1786550 298
1786560 299
1786570 300
1786580 300
1786590 301
1786600 301
1786610 302
1786620 302
1786630 303
1786640 303
1786650 303
1786660 304
1786670 304
1786680 304
1786690 305
1786700 305
1786710 305
1786720 306
1786730 306
1786740 306
1786750 306
1786760 306
1786770 307
1786780 307
1786790 307
1786800 308
1786810 308
1786820 308
1786830 308
1786840 308
1786850 308
1786860 308
1786870 308
1786880 308
1786890 308
1786900 307
1786910 307
1786920 306
1786930 306
1786940 305
1786950 304
1786960 303
1786970 302
1786980 302
1786990 301
1787000 301
1787010 300
1787020 300
1787030 299
1787040 299
1787050 299
1787060 299
1787070 300
1787080 301
1787090 302
1787100 303
1787110 303
1787120 304
1787130 304
1787140 305
1787150 305
1787160 305
1787170 306
1787180 306
1787190 306
1787200 307
1787210 307
1787220 307
1787230 307
1787240 308
1787250 308
1787260 308
1787270 308
1787280 308
1787290 309
1787300 309
1787310 309
1787320 309
1787330 309
1787340 310
1787350 310
1787360 311
1787370 311
1787380 312
1787390 313
1787400 314
1787410 314
1787420 315
1787430 316
1787440 317
1787450 318
1787460 319
1787470 320
1787480 320
1787490 321
1787500 322
1787510 323
1787520 323
1787530 324
1787540 325
1787550 326
1787560 328
1787570 329
1787580 330
1787590 331
1787600 332
1787610 332
1787620 333
1787630 333
1787640 334
1787650 334
1787660 335
1787670 335
1787680 336
1787690 337
1787700 338
1787710 338
1787720 339
1787730 339
1787740 340
1787750 341
1787760 342
1787770 343
1787780 344
1787790 345
1787800 346
1787810 347
1787820 348
1787830 349
1787840 351
1787850 352
1787860 353
1787870 354
1787880 355
1787890 356
1787900 356
1787910 357
1787920 358
1787930 359
1787940 360
1787950 361
1787960 362
1787970 363
1787980 363
1787990 364
1788000 365
1788010 366
1788020 367
1788030 369
1788040 370
1788050 371
1788060 372
1788070 373
1788080 374
1788090 375
1788100 376
1788110 377
1788120 378
1788130 378
1788140 379
1788150 379
1788160 380
1788170 381
1788180 381
1788190 382
1788200 382
1788210 382
1788220 383
1788230 383
1788240 384
1788250 384
1788260 385
1788270 385
1788280 385
1788290 385
1788300 385
1788310 385
1788320 386
1788330 386
1788340 386
1788350 387
1788360 387
1788370 388
1788380 388
1788390 388
1788400 387
1788410 387
1788420 387
1788430 388
1788440 388
1788450 389
1788460 389
1788470 389
1788480 389
1788490 389
1788500 389
1788510 389
1788520 389
1788530 390
1788540 390
1788550 390
1788560 391
1788570 391
1788580 392
1788590 393
1788600 393
1788610 394
1788620 394
1788630 394
1788640 395
1788650 395
1788660 395
1788670 395
1788680 396
1788690 396
1788700 396
1788710 396
1788720 396
1788730 395
1788740 395
1788750 395
1788760 395
1788770 395
1788780 394
1788790 394
1788800 393
1788810 393
1788820 392
1788830 392
1788840 391
1788850 391
1788860 390
1788870 389
1788880 389
1788890 388
1788900 387
1788910 386
1788920 385
1788930 384
1788940 384
1788950 383
1788960 382
1788970 382
1788980 381
1788990 380
1789000 379
1789010 378
1789020 377
1789030 376
1789040 375
1789050 374
1789060 374
1789070 373
1789080 372
1789090 371
1789100 370
1789110 369
1789120 368
1789130 367
1789140 366
1789150 365
1789160 364
1789170 363
1789180 362
1789190 361
1789200 359
1789210 358
1789220 357
1789230 355
1789240 354
1789250 353
1789260 353
1789270 353
1789280 353
1789290 353
1789300 351
1789310 350
1789320 348
1789330 348
1789340 348
1789350 347
1789360 346
1789370 345
1789380 344
1789390 343
1789400 342
1789410 341
1789420 340
1789430 339
1789440 339
1789450 337
1789460 337
1789470 336
1789480 335
1789490 334
1789500 333
1789510 332
1789520 331
1789530 330
1789540 329
1789550 328
1789560 328
1789570 327
1789580 326
1789590 325
1789600 324
1789610 324
1789620 323
1789630 321
1789640 320
1789650 319
1789660 318
1789670 317
1789680 316
1789690 315
1789700 314
1789710 313
1789720 312
1789730 311
1789740 310
1789750 309
1789760 308
1789770 307
1789780 307
1789790 306
1789800 305
1789810 303
1789820 301
1789830 299
1789840 297
1789850 296
1789860 296
1789870 295
1789880 295
1789890 294
1789900 293
1789910 293
1789920 292
1789930 292
1789940 292
1789950 291
1789960 290
1789970 290
1789980 290
1789990 289
1790000 289
1790010 289
1790020 289
1790030 288
1790040 286
1790050 286
1790060 286
1790070 286
1790080 287
1790090 288
1790100 288
1790110 289
1790120 289
1790130 290
1790140 289
1790150 289
1790160 289
1790170 290
1790180 290
1790190 291
1790200 292
1790210 293
1790220 293
1790230 295
1790240 297
1790250 299
1790260 301
1790270 301
1790280 302
1790290 302
1790300 302
1790310 303
1790320 303
1790330 303
1790340 303
1790350 304
1790360 304
1790370 305
1790380 305
1790390 305
1790400 306
1790410 307
1790420 308
1790430 309
1790440 309
1790450 309
1790460 309
1790470 309
1790480 309
1790490 309
1790500 309
1790510 309
1790520 310
1790530 310
1790540 311
1790550 311
1790560 311
1790570 311
1790580 311
1790590 311
1790600 311
1790610 310
1790620 310
1790630 310
1790640 310
1790650 310
1790660 310
1790670 310
1790680 310
1790690 310
1790700 310
1790710 310
1790720 309
1790730 309
1790740 309
1790750 309
1790760 309
1790770 308
1790780 308
1790790 308
1790800 307
1790810 307
1790820 307
1790830 307
1790840 306
1790850 306
1790860 305
1790870 305
1790880 304
1790890 304
1790900 304
1790910 303
1790920 303
1790930 302
1790940 300
1790950 299
1790960 300
1790970 300
1790980 300
1790990 299
1791000 299
1791010 299
1791020 298
1791030 298
1791040 298
1791050 298
1791060 297
1791070 297
1791080 297
1791090 297
1791100 296
1791110 296
1791120 296
1791130 296
1791140 295
1791150 295
1791160 294
1791170 294
1791180 293
1791190 293
1791200 292
1791210 292
1791220 292
1791230 291
1791240 291
1791250 290
1791260 290
1791270 289
1791280 289
1791290 288
1791300 288
1791310 287
1791320 287
1791330 287
1791340 286
1791350 286
1791360 285
1791370 284
1791380 284
1791390 283
1791400 283
1791410 282
1791420 281
1791430 281
1791440 280
1791450 280
1791460 279
1791470 278
1791480 277
1791490 276
1791500 275
1791510 275
1791520 274
1791530 273
1791540 272
1791550 271
1791560 270
1791570 270
1791580 269
1791590 268
1791600 268
1791610 267
1791620 266
1791630 266
1791640 265
1791650 264
1791660 264
1791670 263
1791680 262
1791690 262
1791700 261
1791710 260
1791720 260
1791730 259
1791740 259
1791750 258
1791760 258
1791770 257
1791780 257
1791790 256
1791800 255
1791810 255
1791820 254
1791830 254
1791840 253
1791850 253
1791860 252
1791870 252
1791880 252
1791890 251
1791900 251
1791910 251
1791920 251
1791930 251
1791940 250
1791950 249
1791960 249
1791970 248
1791980 248
1791990 248
1792000 248
1792010 248
1792020 248
1792030 248
1792040 247
1792050 247
1792060 247
1792070 247
1792080 247
1792090 247
1792100 247
1792110 247
1792120 247
1792130 247
1792140 246
1792150 246
1792160 246
1792170 246
1792180 245
1792190 245
1792200 245
1792210 245
1792220 245
1792230 244
1792240 244
1792250 244
1792260 244
1792270 244
1792280 244
1792290 245
1792300 245
1792310 246
1792320 247
1792330 248
1792340 249
1792350 250
1792360 250
1792370 251
1792380 252
1792390 253
1792400 254
1792410 255
1792420 256
1792430 256
1792440 257
1792450 258
1792460 259
1792470 259
1792480 260
1792490 260
1792500 261
1792510 261
1792520 261
1792530 262
1792540 262
1792550 263
1792560 264
1792570 264
1792580 265
1792590 266
1792600 267
1792610 269
1792620 270
1792630 271
1792640 272
1792650 273
1792660 275
1792670 276
1792680 278
1792690 279
1792700 281
1792710 282
1792720 283
1792730 284
1792740 285
1792750 286
1792760 286
1792770 287
1792780 287
1792790 287
1792800 287
1792810 287
1792820 287
1792830 287
1792840 287
1792850 287
1792860 287
1792870 286
1792880 286
1792890 286
1792900 286
1792910 286
1792920 286
1792930 286
1792940 286
1792950 286
1792960 286
1792970 286
1792980 286
1792990 286
1793000 286
1793010 286
1793020 286
1793030 285
1793040 285
1793050 285
1793060 285
1793070 285
1793080 285
1793090 285
1793100 284
1793110 284
1793120 284
1793130 284
1793140 284
1793150 284
1793160 283
1793170 283
1793180 283
1793190 283
1793200 282
1793210 282
1793220 282
1793230 282
1793240 282
1793250 282
1793260 281
1793270 281
1793280 280
1793290 280
1793300 280
1793310 279
1793320 279
1793330 279
1793340 278
1793350 278
1793360 278
1793370 277
1793380 277
1793390 277
1793400 276
1793410 276
1793420 276
1793430 275
1793440 275
1793450 274
1793460 274
1793470 274
1793480 273
1793490 273
1793500 272
1793510 272
1793520 271
1793530 270
1793540 270
1793550 269
1793560 268
1793570 268
1793580 267
1793590 266
1793600 266
1793610 265
1793620 264
1793630 264
1793640 263
1793650 262
1793660 261
1793670 261
1793680 260
1793690 259
1793700 259
1793710 259
1793720 258
1793730 257
1793740 257
1793750 256
1793760 255
1793770 255
1793780 254
1793790 253
1793800 253
1793810 252
1793820 251
1793830 250
1793840 249
1793850 249
1793860 248
1793870 247
1793880 246
1793890 246
1793900 245
1793910 245
1793920 244
1793930 244
1793940 244
1793950 243
1793960 243
1793970 242
1793980 242
1793990 241
1794000 241
1794010 241
1794020 241
1794030 240
1794040 240
1794050 240
1794060 239
1794070 239
1794080 238
1794090 238
1794100 237
1794110 237
1794120 236
1794130 236
1794140 235
1794150 235
1794160 234
1794170 234
1794180 233
1794190 233
1794200 232
1794210 232
1794220 231
1794230 231
1794240 230
1794250 230
1794260 230
1794270 229
1794280 229
1794290 228
1794300 228
1794310 228
1794320 228
1794330 228
1794340 228
1794350 227
1794360 227
1794370 226
1794380 226
1794390 225
1794400 225
1794410 225
1794420 225
1794430 224
1794440 224
1794450 224
1794460 224
1794470 224
1794480 223
1794490 223
1794500 223
1794510 223
1794520 222
1794530 222
1794540 222
1794550 221
1794560 221
1794570 221
1794580 220
1794590 220
1794600 219
1794610 219
1794620 218
1794630 218
1794640 217
1794650 217
1794660 216
1794670 216
1794680 216
1794690 215
1794700 215
1794710 215
1794720 215
1794730 214
1794740 214
1794750 214
1794760 214
1794770 213
1794780 213
1794790 213
1794800 213
1794810 212
1794820 212
1794830 212
1794840 212
1794850 211
1794860 211
1794870 211
1794880 211
1794890 211
1794900 211
1794910 211
1794920 210
1794930 210
1794940 210
1794950 210
1794960 210
1794970 210
1794980 210
1794990 210
1795000 209
1795010 209
1795020 209
1795030 209
1795040 209
1795050 209
1795060 209
1795070 209
1795080 209
1795090 209
1795100 209
1795110 209
1795120 209
1795130 209
1795140 209
1795150 209
1795160 209
1795170 209
1795180 209
1795190 208
1795200 208
1795210 208
1795220 208
1795230 208
1795240 207
1795250 207
1795260 207
1795270 207
1795280 206
1795290 206
1795300 205
1795310 205
1795320 204
1795330 204
1795340 204
1795350 204
1795360 204
1795370 203
1795380 203
1795390 203
1795400 203
1795410 203
1795420 203
1795430 203
1795440 203
1795450 203
1795460 203
1795470 203
1795480 203
1795490 203
1795500 203
1795510 203
1795520 202
1795530 202
1795540 202
1795550 201
1795560 201
1795570 201
1795580 200
1795590 200
1795600 200
1795610 199
1795620 199
1795630 199
1795640 199
1795650 199
1795660 199
1795670 199
1795680 199
1795690 199
1795700 199
1795710 199
1795720 199
1795730 199
1795740 199
1795750 199
1795760 199
1795770 199
1795780 199
1795790 199
1795800 199
1795810 199
1795820 199
1795830 199
1795840 198
1795850 198
1795860 198
1795870 198
1795880 198
1795890 198
1795900 198
1795910 198
1795920 198
1795930 198
1795940 198
1795950 198
1795960 198
1795970 198
1795980 198
1795990 198
1796000 198
1796010 199
1796020 198
1796030 197
1796040 196
1796050 197
1796060 198
1796070 198
1796080 198
1796090 198
1796100 198
1796110 198
1796120 198
1796130 198
1796140 198
1796150 198
1796160 197
1796170 197
1796180 197
1796190 197
1796200 197
1796210 197
1796220 197
1796230 198
1796240 198
1796250 198
1796260 199
1796270 199
1796280 199
1796290 199
1796300 198
1796310 198
1796320 198
1796330 198
1796340 198
1796350 198
1796360 198
1796370 199
1796380 199
1796390 199
1796400 198
1796410 198
1796420 198
1796430 198
1796440 198
1796450 198
1796460 198
1796470 198
1796480 198
1796490 198
1796500 198
1796510 198
1796520 198
1796530 198
1796540 198
1796550 198
1796560 198
1796570 199
1796580 199
1796590 199
1796600 199
1796610 199
1796620 199
1796630 199
1796640 200
1796650 200
1796660 200
1796670 200
1796680 201
1796690 201
1796700 201
1796710 201
1796720 202
1796730 202
1796740 202
1796750 202
1796760 202
1796770 202
1796780 202
1796790 202
1796800 202
1796810 202
1796820 202
1796830 202
1796840 202
1796850 202
1796860 202
1796870 202
1796880 202
1796890 202
1796900 202
1796910 202
1796920 202
1796930 202
1796940 202
1796950 202
1796960 202
1796970 202
1796980 202
1796990 202
1797000 202
1797010 202
1797020 202
1797030 202
1797040 202
1797050 202
1797060 202
1797070 202
1797080 202
1797090 202
1797100 202
1797110 202
1797120 202
1797130 202
1797140 202
1797150 202
1797160 202
1797170 202
1797180 202
1797190 202
1797200 202
1797210 202
1797220 202
1797230 202
1797240 202
1797250 202
1797260 202
1797270 202
1797280 202
1797290 202
1797300 202
1797310 202
1797320 202
1797330 202
1797340 203
1797350 203
1797360 202
1797370 202
1797380 202
1797390 203
1797400 203
1797410 203
1797420 203
1797430 203
1797440 204
1797450 204
1797460 204
1797470 205
1797480 205
1797490 205
1797500 206
1797510 207
1797520 207
1797530 208
1797540 208
1797550 209
1797560 210
1797570 210
1797580 211
1797590 212
1797600 212
1797610 213
1797620 214
1797630 214
1797640 215
1797650 216
1797660 217
1797670 217
1797680 218
1797690 218
1797700 219
1797710 219
1797720 219
1797730 219
1797740 220
1797750 219
1797760 219
1797770 219
1797780 219
1797790 219
1797800 220
1797810 220
1797820 220
1797830 221
1797840 221
1797850 221
1797860 221
1797870 221
1797880 221
1797890 221
1797900 221
1797910 222
1797920 222
1797930 222
1797940 222
1797950 222
1797960 222
1797970 222
1797980 222
1797990 223
1798000 223
1798010 223
1798020 223
1798030 223
1798040 223
1798050 223
1798060 223
1798070 223
1798080 224
1798090 224
1798100 224
1798110 224
1798120 224
1798130 224
1798140 224
1798150 224
1798160 224
1798170 224
1798180 224
1798190 224
1798200 224
1798210 224
1798220 224
1798230 224
1798240 224
1798250 224
1798260 224
1798270 224
1798280 224
1798290 224
1798300 224
1798310 224
1798320 225
1798330 225
1798340 225
1798350 225
1798360 225
1798370 225
1798380 225
1798390 225
1798400 225
1798410 225
1798420 225
1798430 225
1798440 225
1798450 225
1798460 225
1798470 225
1798480 225
1798490 225
1798500 225
1798510 225
1798520 225
1798530 225
1798540 225
1798550 225
1798560 225
1798570 225
1798580 225
1798590 226
1798600 226
1798610 226
1798620 226
1798630 226
1798640 226
1798650 226
1798660 226
1798670 226
1798680 226
1798690 226
1798700 225
1798710 225
1798720 225
1798730 225
1798740 225
1798750 225
1798760 224
1798770 224
1798780 224
1798790 224
1798800 224
1798810 224
1798820 224
1798830 223
1798840 223
1798850 223
1798860 223
1798870 223
1798880 222
1798890 222
1798900 222
1798910 222
1798920 221
1798930 221
1798940 221
1798950 221
1798960 221
1798970 220
1798980 220
1798990 220
1799000 220
1799010 220
1799020 221
1799030 221
1799040 221
1799050 221
1799060 221
1799070 221
1799080 221
1799090 221
1799100 221
1799110 221
1799120 221
1799130 221
1799140 221
1799150 221
1799160 221
1799170 221
1799180 221
1799190 221
1799200 221
1799210 221
1799220 220
1799230 220
1799240 220
1799250 220
1799260 220
1799270 220
1799280 220
1799290 220
1799300 220
1799310 219
1799320 219
1799330 219
1799340 219
1799350 219
1799360 219
1799370 218
1799380 218
1799390 218
1799400 218
1799410 218
1799420 218
1799430 217
1799440 217
1799450 217
1799460 217
1799470 217
1799480 216
1799490 216
1799500 216
1799510 216
1799520 216
1799530 215
1799540 215
1799550 215
1799560 215
1799570 215
1799580 215
1799590 215
1799600 215
1799610 215
1799620 214
1799630 214
1799640 214
1799650 214
1799660 214
1799670 214
1799680 214
1799690 214
1799700 214
1799710 214
1799720 214
1799730 214
1799740 215
1799750 215
1799760 215
1799770 215
1799780 215
1799790 215
1799800 215
1799810 215
1799820 215
1799830 215
1799840 215
1799850 215
1799860 215
1799870 215
1799880 216
1799890 216
1799900 216
1799910 216
1799920 217
1799930 218
1799940 219
1799950 220
1799960 222
1799970 223
1799980 223
1799990 224
