1780000 292
1780010 293
1780020 293
1780030 293
1780040 294
1780050 295
1780060 295
1780070 295
1780080 295
1780090 296
1780100 296
1780110 296
1780120 297
1780130 297
1780140 297
1780150 298
1780160 298
1780170 298
1780180 298
1780190 299
1780200 299
1780210 299
1780220 299
1780230 298
1780240 298
1780250 297
1780260 297
1780270 295
1780280 293
1780290 293
1780300 293
1780310 292
1780320 292
1780330 292
1780340 292
1780350 292
1780360 292
1780370 292
1780380 292
1780390 293
1780400 293
1780410 293
1780420 293
1780430 293
1780440 293
1780450 293
1780460 293
1780470 293
1780480 293
1780490 294
1780500 294
1780510 294
1780520 294
1780530 295
1780540 295
1780550 296
1780560 296
1780570 297
1780580 297
1780590 298
1780600 298
1780610 299
1780620 299
1780630 300
1780640 300
1780650 301
1780660 301
1780670 301
1780680 302
1780690 302
1780700 302
1780710 302
1780720 303
1780730 303
1780740 304
1780750 304
1780760 305
1780770 305
1780780 306
1780790 306
1780800 307
1780810 307
1780820 308
1780830 308
1780840 309
1780850 309
1780860 310
1780870 310
1780880 311
1780890 311
1780900 312
1780910 312
1780920 313
1780930 313
1780940 314
1780950 314
1780960 314
1780970 315
1780980 315
1780990 315
1781000 315
1781010 316
1781020 316
1781030 316
1781040 316
1781050 316
1781060 316
1781070 316
1781080 316
1781090 315
1781100 315
1781110 315
1781120 314
1781130 314
1781140 313
1781150 313
1781160 313
1781170 312
1781180 311
1781190 310
1781200 310
1781210 309
1781220 309
1781230 308
1781240 308
1781250 308
1781260 308
1781270 307
1781280 307
1781290 307
1781300 307
1781310 306
1781320 306
1781330 305
1781340 304
1781350 303
1781360 302
1781370 302
1781380 301
1781390 300
1781400 299
1781410 298
1781420 297
1781430 296
1781440 295
1781450 295
1781460 294
1781470 293
1781480 292
1781490 291
1781500 290
1781510 288
1781520 284
1781530 281
1781540 280
1781550 281
1781560 283
1781570 286
1781580 288
1781590 289
1781600 290
1781610 291
1781620 291
1781630 292
1781640 292
1781650 293
1781660 293
1781670 294
1781680 294
1781690 295
1781700 295
1781710 296
1781720 296
1781730 297
1781740 297
1781750 298
1781760 298
1781770 298
1781780 299
1781790 299
1781800 300
1781810 301
1781820 302
1781830 303
1781840 304
1781850 305
1781860 305
1781870 306
1781880 305
1781890 305
1781900 305
1781910 306
1781920 306
1781930 306
1781940 307
1781950 307
1781960 308
1781970 308
1781980 308
1781990 309
1782000 309
1782010 309
1782020 309
1782030 309
1782040 310
1782050 310
1782060 310
1782070 310
1782080 309
1782090 309
1782100 309
1782110 308
1782120 308
1782130 308
1782140 307
1782150 306
1782160 306
1782170 305
1782180 304
1782190 304
1782200 303
1782210 302
1782220 301
1782230 300
1782240 299
1782250 298
1782260 297
1782270 296
1782280 295
1782290 294
1782300 293
1782310 292
1782320 291
1782330 290
1782340 289
1782350 288
1782360 287
1782370 286
1782380 286
1782390 285
1782400 284
1782410 283
1782420 281
1782430 279
1782440 277
1782450 276
1782460 277
1782470 278
1782480 278
1782490 279
1782500 280
1782510 281
1782520 284
1782530 287
1782540 289
1782550 290
1782560 291
1782570 291
1782580 291
1782590 292
1782600 292
1782610 293
1782620 293
1782630 293
1782640 293
1782650 294
1782660 295
1782670 297
1782680 297
1782690 298
1782700 298
1782710 298
1782720 299
1782730 299
1782740 300
1782750 300
1782760 300
1782770 302
1782780 304
1782790 307
1782800 309
1782810 310
1782820 311
1782830 312
1782840 313
1782850 313
1782860 314
1782870 315
1782880 316
1782890 317
1782900 318
1782910 319
1782920 321
1782930 321
1782940 321
1782950 321
1782960 320
1782970 320
1782980 319
1782990 319
1783000 317
1783010 316
1783020 315
1783030 314
1783040 312
1783050 311
1783060 311
1783070 312
1783080 315
1783090 317
1783100 320
1783110 323
1783120 324
1783130 325
1783140 326
1783150 328
1783160 329
1783170 330
1783180 331
1783190 332
1783200 333
1783210 334
1783220 335
1783230 335
1783240 336
1783250 336
1783260 337
1783270 337
1783280 337
1783290 337
1783300 337
1783310 338
1783320 338
1783330 338
1783340 338
1783350 339
1783360 339
1783370 339
1783380 340
1783390 340
1783400 340
1783410 339
1783420 339
1783430 339
1783440 339
1783450 338
1783460 338
1783470 338
1783480 337
1783490 337
1783500 337
1783510 337
1783520 336
1783530 336
1783540 336
1783550 335
1783560 335
1783570 335
1783580 335
1783590 335
1783600 335
1783610 334
1783620 334
1783630 334
1783640 334
1783650 334
1783660 334
1783670 334
1783680 334
1783690 334
1783700 334
1783710 334
1783720 334
1783730 334
1783740 333
1783750 333
1783760 333
1783770 332
1783780 332
1783790 331
1783800 331
1783810 330
1783820 330
1783830 329
1783840 329
1783850 328
1783860 327
1783870 326
1783880 326
1783890 325
1783900 325
1783910 325
1783920 325
1783930 324
1783940 324
1783950 324
1783960 323
1783970 323
1783980 323
1783990 322
1784000 321
1784010 319
1784020 318
1784030 318
1784040 317
1784050 316
1784060 315
1784070 314
1784080 314
1784090 313
1784100 312
1784110 311
1784120 311
1784130 310
1784140 309
1784150 308
1784160 308
1784170 307
1784180 306
1784190 306
1784200 305
1784210 304
1784220 303
1784230 303
1784240 302
1784250 301
1784260 300
1784270 300
1784280 299
1784290 299
1784300 298
1784310 298
1784320 297
1784330 297
1784340 296
1784350 296
1784360 295
1784370 295
1784380 295
1784390 294
1784400 294
1784410 294
1784420 293
1784430 293
1784440 292
1784450 292
1784460 292
1784470 291
1784480 291
1784490 291
1784500 291
1784510 291
1784520 291
1784530 291
1784540 291
1784550 291
1784560 291
1784570 291
1784580 291
1784590 292
1784600 292
1784610 292
1784620 292
1784630 293
1784640 293
1784650 293
1784660 293
1784670 293
1784680 293
1784690 293
1784700 292
1784710 292
1784720 292
1784730 292
1784740 292
1784750 291
1784760 291
1784770 290
1784780 290
1784790 290
1784800 290
1784810 290
1784820 291
1784830 293
1784840 294
1784850 296
1784860 297
1784870 298
1784880 298
1784890 298
1784900 297
1784910 297
1784920 296
1784930 296
1784940 296
1784950 296
1784960 295
1784970 295
1784980 295
1784990 294
1785000 294
1785010 294
1785020 294
1785030 293
1785040 293
1785050 292
1785060 292
1785070 292
1785080 291
1785090 291
1785100 290
1785110 290
1785120 290
1785130 290
1785140 289
1785150 289
1785160 289
1785170 288
1785180 288
1785190 288
1785200 287
1785210 287
1785220 287
1785230 286
1785240 286
1785250 285
1785260 285
1785270 284
1785280 284
1785290 283
1785300 282
1785310 282
1785320 281
1785330 280
1785340 280
1785350 279
1785360 278
1785370 278
1785380 277
1785390 276
1785400 276
1785410 275
1785420 275
1785430 274
1785440 273
1785450 273
1785460 273
1785470 272
1785480 272
1785490 271
1785500 271
1785510 270
1785520 269
1785530 269
1785540 268
1785550 268
1785560 268
1785570 267
1785580 266
1785590 265
1785600 265
1785610 265
1785620 265
1785630 265
1785640 265
1785650 265
1785660 265
1785670 266
1785680 266
1785690 266
1785700 266
1785710 266
1785720 267
1785730 267
1785740 268
1785750 268
1785760 269
1785770 270
1785780 271
1785790 272
1785800 273
1785810 275
1785820 276
1785830 278
1785840 279
1785850 281
1785860 283
1785870 285
1785880 288
1785890 290
1785900 291
1785910 292
1785920 293
1785930 294
1785940 295
1785950 296
1785960 297
1785970 298
1785980 300
1785990 302
1786000 303
1786010 304
1786020 306
1786030 307
1786040 308
1786050 309
1786060 310
1786070 311
1786080 312
1786090 313
1786100 314
1786110 316
1786120 317
1786130 317
1786140 318
1786150 320
1786160 323
1786170 326
1786180 327
1786190 329
1786200 332
1786210 335
1786220 338
1786230 339
1786240 341
1786250 342
1786260 344
1786270 346
1786280 348
1786290 350
1786300 351
1786310 352
1786320 352
1786330 352
1786340 352
1786350 352
1786360 352
1786370 352
1786380 351
1786390 350
1786400 348
1786410 346
1786420 345
1786430 344
1786440 344
1786450 344
1786460 344
1786470 343
1786480 343
1786490 343
1786500 343
1786510 343
1786520 343
1786530 343
1786540 344
1786550 344
1786560 344
1786570 345
1786580 345
1786590 345
1786600 345
1786610 346
1786620 346
1786630 346
1786640 345
1786650 345
1786660 345
1786670 345
1786680 344
1786690 344
1786700 343
1786710 343
1786720 342
1786730 342
1786740 341
1786750 340
1786760 340
1786770 339
1786780 338
1786790 338
1786800 337
1786810 335
1786820 333
1786830 330
1786840 327
1786850 325
1786860 326
1786870 328
1786880 331
1786890 333
1786900 333
1786910 333
1786920 333
1786930 333
1786940 334
1786950 334
1786960 334
1786970 334
1786980 334
1786990 334
1787000 334
1787010 334
1787020 334
1787030 333
1787040 333
1787050 333
1787060 333
1787070 333
1787080 333
1787090 332
1787100 332
1787110 332
1787120 331
1787130 331
1787140 331
1787150 330
1787160 330
1787170 329
1787180 328
1787190 328
1787200 327
1787210 326
1787220 326
1787230 325
1787240 324
1787250 323
1787260 322
1787270 322
1787280 321
1787290 320
1787300 319
1787310 318
1787320 317
1787330 316
1787340 315
1787350 314
1787360 313
1787370 312
1787380 311
1787390 310
1787400 309
1787410 308
1787420 307
1787430 306
1787440 305
1787450 303
1787460 302
1787470 301
1787480 299
1787490 298
1787500 297
1787510 295
1787520 293
1787530 291
1787540 289
1787550 287
1787560 285
1787570 283
1787580 282
1787590 281
1787600 279
1787610 278
1787620 277
1787630 277
1787640 277
1787650 277
1787660 278
1787670 278
1787680 279
1787690 279
1787700 280
1787710 281
1787720 282
1787730 283
1787740 284
1787750 285
1787760 285
1787770 286
1787780 287
1787790 287
1787800 288
1787810 288
1787820 288
1787830 289
1787840 288
1787850 288
1787860 288
1787870 288
1787880 288
1787890 288
1787900 288
1787910 288
1787920 288
1787930 288
1787940 289
1787950 289
1787960 290
1787970 290
1787980 291
1787990 291
1788000 292
1788010 293
1788020 294
1788030 294
1788040 295
1788050 296
1788060 297
1788070 298
1788080 298
1788090 299
1788100 300
1788110 300
1788120 301
1788130 301
1788140 302
1788150 302
1788160 303
1788170 303
1788180 303
1788190 304
1788200 304
1788210 304
1788220 304
1788230 304
1788240 304
1788250 304
1788260 304
1788270 304
1788280 304
1788290 304
1788300 304
1788310 304
1788320 304
1788330 304
1788340 304
1788350 303
1788360 303
1788370 302
1788380 302
1788390 302
1788400 302
1788410 302
1788420 303
1788430 303
1788440 304
1788450 305
1788460 306
1788470 308
1788480 309
1788490 310
1788500 311
1788510 313
1788520 314
1788530 315
1788540 316
1788550 317
1788560 319
1788570 320
1788580 321
1788590 323
1788600 324
1788610 325
1788620 327
1788630 328
1788640 329
1788650 330
1788660 331
1788670 332
1788680 333
1788690 333
1788700 334
1788710 335
1788720 336
1788730 337
1788740 338
1788750 338
1788760 339
1788770 340
1788780 340
1788790 341
1788800 341
1788810 342
1788820 342
1788830 343
1788840 343
1788850 344
1788860 344
1788870 345
1788880 346
1788890 346
1788900 347
1788910 348
1788920 349
1788930 350
1788940 351
1788950 352
1788960 352
1788970 353
1788980 353
1788990 354
1789000 354
1789010 355
1789020 356
1789030 356
1789040 357
1789050 358
1789060 358
1789070 358
1789080 359
1789090 359
1789100 359
1789110 359
1789120 359
1789130 359
1789140 360
1789150 360
1789160 360
1789170 360
1789180 359
1789190 359
1789200 359
1789210 359
1789220 359
1789230 359
1789240 358
1789250 358
1789260 358
1789270 358
1789280 357
1789290 357
1789300 357
1789310 356
1789320 356
1789330 356
1789340 356
1789350 355
1789360 355
1789370 355
1789380 355
1789390 354
1789400 354
1789410 354
1789420 353
1789430 353
1789440 353
1789450 352
1789460 352
1789470 351
1789480 350
1789490 349
1789500 349
1789510 348
1789520 347
1789530 346
1789540 345
1789550 344
1789560 343
1789570 342
1789580 341
1789590 340
1789600 339
1789610 338
1789620 338
1789630 337
1789640 336
1789650 335
1789660 335
1789670 335
1789680 334
1789690 334
1789700 334
1789710 334
1789720 333
1789730 333
1789740 332
1789750 332
1789760 331
1789770 331
1789780 330
1789790 330
1789800 329
1789810 328
1789820 328
1789830 327
1789840 326
1789850 326
1789860 325
1789870 324
1789880 323
1789890 323
1789900 322
1789910 322
1789920 321
1789930 321
1789940 320
1789950 320
1789960 319
1789970 318
1789980 317
1789990 317
1790000 316
1790010 315
1790020 315
1790030 314
1790040 313
1790050 313
1790060 312
1790070 311
1790080 311
1790090 310
1790100 309
1790110 308
1790120 308
1790130 307
1790140 306
1790150 305
1790160 304
1790170 303
1790180 303
1790190 302
1790200 301
1790210 300
1790220 299
1790230 299
1790240 298
1790250 297
1790260 296
1790270 293
1790280 292
1790290 291
1790300 291
1790310 291
1790320 290
1790330 290
1790340 290
1790350 290
1790360 291
1790370 292
1790380 292
1790390 293
1790400 293
1790410 293
1790420 293
1790430 292
1790440 292
1790450 292
1790460 292
1790470 292
1790480 291
1790490 291
1790500 291
1790510 291
1790520 290
1790530 290
1790540 290
1790550 290
1790560 290
1790570 290
1790580 290
1790590 290
1790600 291
1790610 291
1790620 291
1790630 291
1790640 291
1790650 291
1790660 291
1790670 291
1790680 291
1790690 291
1790700 291
1790710 291
1790720 291
1790730 291
1790740 290
1790750 291
1790760 291
1790770 291
1790780 290
1790790 290
1790800 290
1790810 290
1790820 290
1790830 290
1790840 289
1790850 289
1790860 289
1790870 289
1790880 288
1790890 288
1790900 288
1790910 288
1790920 288
1790930 287
1790940 287
1790950 287
1790960 287
1790970 287
1790980 287
1790990 286
1791000 286
1791010 286
1791020 286
1791030 286
1791040 285
1791050 285
1791060 285
1791070 285
1791080 285
1791090 284
1791100 284
1791110 284
1791120 284
1791130 284
1791140 284
1791150 283
1791160 283
1791170 283
1791180 283
1791190 283
1791200 283
1791210 283
1791220 282
1791230 282
1791240 282
1791250 282
1791260 281
1791270 281
1791280 280
1791290 280
1791300 280
1791310 280
1791320 279
1791330 279
1791340 278
1791350 278
1791360 278
1791370 277
1791380 277
1791390 277
1791400 277
1791410 276
1791420 276
1791430 276
1791440 276
1791450 276
1791460 276
1791470 275
1791480 275
1791490 275
1791500 275
1791510 275
1791520 275
1791530 274
1791540 274
1791550 274
1791560 274
1791570 274
1791580 273
1791590 273
1791600 273
1791610 273
1791620 273
1791630 273
1791640 273
1791650 273
1791660 273
1791670 273
1791680 272
1791690 272
1791700 272
1791710 272
1791720 272
1791730 272
1791740 271
1791750 271
1791760 271
1791770 271
1791780 271
1791790 270
1791800 270
1791810 269
1791820 269
1791830 269
1791840 268
1791850 268
1791860 267
1791870 267
1791880 266
1791890 266
1791900 265
1791910 265
1791920 265
1791930 264
1791940 264
1791950 263
1791960 263
1791970 263
1791980 262
1791990 262
1792000 261
1792010 261
1792020 260
1792030 260
1792040 259
1792050 259
1792060 259
1792070 258
1792080 257
1792090 257
1792100 256
1792110 256
1792120 256
1792130 255
1792140 255
1792150 254
1792160 254
1792170 253
1792180 253
1792190 252
1792200 252
1792210 251
1792220 251
1792230 250
1792240 250
1792250 249
1792260 248
1792270 247
1792280 246
1792290 246
1792300 246
1792310 245
1792320 245
1792330 244
1792340 243
1792350 243
1792360 241
1792370 240
1792380 239
1792390 238
1792400 237
1792410 236
1792420 235
1792430 235
1792440 234
1792450 234
1792460 233
1792470 233
1792480 232
1792490 232
1792500 231
1792510 230
1792520 229
1792530 229
1792540 229
1792550 228
1792560 228
1792570 228
1792580 227
1792590 226
1792600 225
1792610 224
1792620 224
1792630 223
1792640 223
1792650 222
1792660 222
1792670 222
1792680 221
1792690 221
1792700 221
1792710 221
1792720 221
1792730 220
1792740 220
1792750 220
1792760 220
1792770 220
1792780 219
1792790 219
1792800 219
1792810 219
1792820 219
1792830 219
1792840 218
1792850 218
1792860 218
1792870 217
1792880 217
1792890 217
1792900 216
1792910 215
1792920 214
1792930 214
1792940 215
1792950 216
1792960 217
1792970 218
1792980 217
1792990 217
1793000 217
1793010 217
1793020 217
1793030 218
1793040 219
1793050 219
1793060 219
1793070 219
1793080 219
1793090 220
1793100 220
1793110 220
1793120 221
1793130 222
1793140 223
1793150 225
1793160 224
1793170 223
1793180 221
1793190 221
1793200 221
1793210 222
1793220 222
1793230 222
1793240 222
1793250 223
1793260 223
1793270 223
1793280 223
1793290 223
1793300 222
1793310 222
1793320 222
1793330 222
1793340 222
1793350 222
1793360 222
1793370 222
1793380 221
1793390 221
1793400 220
1793410 220
1793420 220
1793430 219
1793440 218
1793450 218
1793460 217
1793470 217
1793480 216
1793490 215
1793500 215
1793510 215
1793520 214
1793530 214
1793540 214
1793550 214
1793560 214
1793570 213
1793580 213
1793590 213
1793600 213
1793610 213
1793620 212
1793630 212
1793640 212
1793650 212
1793660 212
1793670 212
1793680 211
1793690 211
1793700 211
1793710 211
1793720 212
1793730 212
1793740 211
1793750 211
1793760 211
1793770 211
1793780 211
1793790 210
1793800 210
1793810 210
1793820 210
1793830 210
1793840 209
1793850 209
1793860 209
1793870 208
1793880 208
1793890 207
1793900 207
1793910 207
1793920 207
1793930 206
1793940 206
1793950 206
1793960 206
1793970 205
1793980 205
1793990 205
1794000 205
1794010 205
1794020 205
1794030 205
1794040 205
1794050 205
1794060 204
1794070 204
1794080 204
1794090 204
1794100 204
1794110 203
1794120 203
1794130 203
1794140 203
1794150 203
1794160 203
1794170 203
1794180 203
1794190 203
1794200 203
1794210 203
1794220 202
1794230 202
1794240 202
1794250 202
1794260 202
1794270 202
1794280 202
1794290 202
1794300 202
1794310 202
1794320 202
1794330 201
1794340 201
1794350 201
1794360 201
1794370 201
1794380 201
1794390 201
1794400 201
1794410 201
1794420 201
1794430 202
1794440 202
1794450 202
1794460 202
1794470 202
1794480 202
1794490 202
1794500 202
1794510 201
1794520 201
1794530 201
1794540 201
1794550 201
1794560 201
1794570 201
1794580 201
1794590 201
1794600 201
1794610 201
1794620 201
1794630 201
1794640 201
1794650 201
1794660 201
1794670 201
1794680 201
1794690 201
1794700 201
1794710 201
1794720 200
1794730 200
1794740 200
1794750 200
1794760 201
1794770 201
1794780 201
1794790 201
1794800 201
1794810 201
1794820 201
1794830 201
1794840 201
1794850 200
1794860 200
1794870 201
1794880 201
1794890 201
1794900 201
1794910 201
1794920 201
1794930 201
1794940 201
1794950 201
1794960 201
1794970 201
1794980 201
1794990 201
1795000 200
1795010 200
1795020 199
1795030 199
1795040 199
1795050 199
1795060 199
1795070 200
1795080 200
1795090 201
1795100 202
1795110 202
1795120 202
1795130 202
1795140 202
1795150 201
1795160 201
1795170 200
1795180 200
1795190 200
1795200 200
1795210 200
1795220 200
1795230 200
1795240 200
1795250 200
1795260 200
1795270 201
1795280 201
1795290 201
1795300 201
1795310 201
1795320 201
1795330 201
1795340 201
1795350 201
1795360 201
1795370 202
1795380 202
1795390 202
1795400 202
1795410 203
1795420 203
1795430 203
1795440 203
1795450 203
1795460 203
1795470 203
1795480 203
1795490 203
1795500 203
1795510 203
1795520 203
1795530 203
1795540 203
1795550 203
1795560 203
1795570 203
1795580 203
1795590 204
1795600 204
1795610 204
1795620 204
1795630 204
1795640 204
1795650 204
1795660 204
1795670 204
1795680 204
1795690 204
1795700 205
1795710 205
1795720 205
1795730 205
1795740 205
1795750 205
1795760 205
1795770 205
1795780 206
1795790 206
1795800 206
1795810 206
1795820 206
1795830 207
1795840 207
1795850 207
1795860 207
1795870 207
1795880 208
1795890 208
1795900 208
1795910 209
1795920 209
1795930 209
1795940 209
1795950 210
1795960 210
1795970 210
1795980 211
1795990 211
1796000 211
1796010 212
1796020 212
1796030 213
1796040 213
1796050 214
1796060 214
1796070 215
1796080 215
1796090 216
1796100 216
1796110 216
1796120 217
1796130 217
1796140 217
1796150 218
1796160 218
1796170 219
1796180 219
1796190 220
1796200 220
1796210 220
1796220 221
1796230 221
1796240 222
1796250 222
1796260 223
1796270 223
1796280 223
1796290 224
1796300 224
1796310 224
1796320 225
1796330 225
1796340 225
1796350 225
1796360 225
1796370 226
1796380 226
1796390 226
1796400 226
1796410 226
1796420 226
1796430 227
1796440 227
1796450 227
1796460 227
1796470 227
1796480 227
1796490 227
1796500 227
1796510 227
1796520 227
1796530 227
1796540 227
1796550 227
1796560 227
1796570 227
1796580 227
1796590 227
1796600 227
1796610 227
1796620 227
1796630 227
1796640 227
1796650 227
1796660 227
1796670 228
1796680 228
1796690 228
1796700 228
1796710 228
1796720 229
1796730 229
1796740 229
1796750 229
1796760 229
1796770 229
1796780 230
1796790 230
1796800 230
1796810 230
1796820 231
1796830 231
1796840 231
1796850 231
1796860 231
1796870 232
1796880 232
1796890 232
1796900 232
1796910 232
1796920 232
1796930 232
1796940 232
1796950 232
1796960 232
1796970 232
1796980 232
1796990 232
1797000 232
1797010 232
1797020 232
1797030 232
1797040 231
1797050 231
1797060 231
1797070 232
1797080 232
1797090 232
1797100 232
1797110 232
1797120 232
1797130 232
1797140 232
1797150 232
1797160 232
1797170 232
1797180 233
1797190 233
1797200 233
1797210 233
1797220 233
1797230 233
1797240 233
1797250 233
1797260 233
1797270 233
1797280 233
1797290 233
1797300 233
1797310 233
1797320 233
1797330 233
1797340 233
1797350 234
1797360 234
1797370 234
1797380 234
1797390 233
1797400 233
1797410 233
1797420 233
1797430 233
1797440 233
1797450 233
1797460 233
1797470 233
1797480 233
1797490 233
1797500 233
1797510 233
1797520 233
1797530 233
1797540 233
1797550 234
1797560 234
1797570 234
1797580 234
1797590 234
1797600 234
1797610 234
1797620 234
1797630 233
1797640 233
1797650 233
1797660 233
1797670 233
1797680 233
1797690 233
1797700 233
1797710 233
1797720 233
1797730 233
1797740 232
1797750 232
1797760 232
1797770 232
1797780 231
1797790 231
1797800 231
1797810 231
1797820 230
1797830 230
1797840 230
1797850 230
1797860 229
1797870 229
1797880 229
1797890 228
1797900 228
1797910 228
1797920 227
1797930 227
1797940 226
1797950 226
1797960 225
1797970 225
1797980 224
1797990 224
1798000 223
1798010 223
1798020 222
1798030 221
1798040 221
1798050 220
1798060 220
1798070 219
1798080 219
1798090 218
1798100 217
1798110 217
1798120 216
1798130 216
1798140 215
1798150 215
1798160 214
1798170 214
1798180 214
1798190 214
1798200 214
1798210 214
1798220 214
1798230 214
1798240 214
1798250 214
1798260 215
1798270 215
1798280 215
1798290 215
1798300 215
1798310 215
1798320 216
1798330 216
1798340 217
1798350 217
1798360 218
1798370 219
1798380 220
1798390 221
1798400 222
1798410 223
1798420 225
1798430 226
1798440 227
1798450 227
1798460 228
1798470 229
1798480 229
1798490 230
1798500 231
1798510 232
1798520 232
1798530 233
1798540 234
1798550 234
1798560 235
1798570 235
1798580 236
1798590 237
1798600 237
1798610 238
1798620 238
1798630 239
1798640 239
1798650 240
1798660 241
1798670 241
1798680 242
1798690 242
1798700 242
1798710 243
1798720 243
1798730 244
1798740 244
1798750 244
1798760 245
1798770 245
1798780 245
1798790 246
1798800 246
1798810 246
1798820 246
1798830 247
1798840 247
1798850 247
1798860 247
1798870 247
1798880 248
1798890 248
1798900 248
1798910 248
1798920 248
1798930 248
1798940 248
1798950 248
1798960 248
1798970 248
1798980 249
1798990 249
1799000 249
1799010 249
1799020 249
1799030 249
1799040 250
1799050 250
1799060 250
1799070 250
1799080 250
1799090 250
1799100 251
1799110 251
1799120 251
1799130 251
1799140 251
1799150 252
1799160 252
1799170 252
1799180 252
1799190 252
1799200 252
1799210 252
1799220 253
1799230 253
1799240 253
1799250 253
1799260 253
1799270 253
1799280 253
1799290 253
1799300 253
1799310 253
1799320 253
1799330 253
1799340 253
1799350 253
1799360 253
1799370 253
1799380 254
1799390 254
1799400 254
1799410 254
1799420 254
1799430 254
1799440 254
1799450 254
1799460 254
1799470 253
1799480 253
1799490 253
1799500 253
1799510 253
1799520 253
1799530 254
1799540 254
1799550 254
1799560 254
1799570 254
1799580 254
1799590 255
1799600 255
1799610 255
1799620 255
1799630 255
1799640 256
1799650 256
1799660 256
1799670 256
1799680 256
1799690 256
1799700 256
1799710 256
1799720 256
1799730 256
1799740 256
1799750 256
1799760 256
1799770 256
1799780 256
1799790 256
1799800 256
1799810 256
1799820 256
1799830 256
1799840 256
1799850 256
1799860 256
1799870 255
1799880 255
1799890 255
1799900 255
1799910 255
1799920 254
1799930 254
1799940 254
1799950 254
1799960 253
1799970 252
1799980 252
1799990 252
