1780000 274
1780010 274
1780020 274
1780030 274
1780040 274
1780050 274
1780060 274
1780070 275
1780080 275
1780090 275
1780100 275
1780110 275
1780120 275
1780130 276
1780140 276
1780150 276
1780160 276
1780170 276
1780180 275
1780190 274
1780200 273
1780210 273
1780220 272
1780230 272
1780240 272
1780250 272
1780260 272
1780270 272
1780280 271
1780290 271
1780300 271
1780310 270
1780320 270
1780330 270
1780340 269
1780350 269
1780360 269
1780370 269
1780380 269
1780390 267
1780400 266
1780410 265
1780420 265
1780430 264
1780440 264
1780450 264
1780460 265
1780470 266
1780480 269
1780490 271
1780500 274
1780510 276
1780520 277
1780530 278
1780540 278
1780550 280
1780560 282
1780570 284
1780580 286
1780590 287
1780600 289
1780610 290
1780620 291
1780630 292
1780640 292
1780650 293
1780660 294
1780670 295
1780680 296
1780690 297
1780700 298
1780710 299
1780720 300
1780730 301
1780740 301
1780750 302
1780760 302
1780770 302
1780780 302
1780790 302
1780800 302
1780810 302
1780820 302
1780830 302
1780840 302
1780850 303
1780860 303
1780870 303
1780880 303
1780890 303
1780900 304
1780910 304
1780920 304
1780930 304
1780940 305
1780950 305
1780960 305
1780970 306
1780980 307
1780990 307
1781000 308
1781010 309
1781020 309
1781030 310
1781040 310
1781050 311
1781060 311
1781070 312
1781080 312
1781090 313
1781100 313
1781110 314
1781120 314
1781130 314
1781140 315
1781150 315
1781160 316
1781170 316
1781180 317
1781190 317
1781200 318
1781210 318
1781220 318
1781230 318
1781240 319
1781250 319
1781260 319
1781270 319
1781280 320
1781290 320
1781300 320
1781310 320
1781320 320
1781330 320
1781340 320
1781350 320
1781360 320
1781370 320
1781380 320
1781390 320
1781400 320
1781410 320
1781420 320
1781430 320
1781440 320
1781450 320
1781460 320
1781470 320
1781480 320
1781490 319
1781500 320
1781510 320
1781520 320
1781530 319
1781540 319
1781550 319
1781560 319
1781570 319
1781580 319
1781590 318
1781600 318
1781610 318
1781620 318
1781630 317
1781640 317
1781650 317
1781660 316
1781670 316
1781680 316
1781690 315
1781700 315
1781710 315
1781720 315
1781730 314
1781740 314
1781750 314
1781760 313
1781770 313
1781780 313
1781790 312
1781800 312
1781810 312
1781820 311
1781830 311
1781840 311
1781850 311
1781860 311
1781870 310
1781880 310
1781890 310
1781900 310
1781910 310
1781920 310
1781930 310
1781940 310
1781950 310
1781960 310
1781970 310
1781980 311
1781990 311
1782000 311
1782010 312
1782020 312
1782030 313
1782040 313
1782050 314
1782060 315
1782070 315
1782080 316
1782090 317
1782100 317
1782110 318
1782120 319
1782130 319
1782140 320
1782150 320
1782160 321
1782170 321
1782180 322
1782190 323
1782200 323
1782210 324
1782220 324
1782230 325
1782240 326
1782250 326
1782260 327
1782270 328
1782280 328
1782290 329
1782300 329
1782310 329
1782320 330
1782330 330
1782340 331
1782350 331
1782360 332
1782370 332
1782380 333
1782390 333
1782400 333
1782410 333
1782420 334
1782430 334
1782440 334
1782450 334
1782460 334
1782470 334
1782480 334
1782490 334
1782500 334
1782510 334
1782520 334
1782530 335
1782540 335
1782550 335
1782560 335
1782570 335
1782580 335
1782590 335
1782600 335
1782610 335
1782620 335
1782630 335
1782640 335
1782650 335
1782660 335
1782670 335
1782680 335
1782690 335
1782700 334
1782710 334
1782720 334
1782730 334
1782740 333
1782750 333
1782760 333
1782770 333
1782780 332
1782790 332
1782800 332
1782810 332
1782820 331
1782830 331
1782840 331
1782850 331
1782860 331
1782870 330
1782880 330
1782890 329
1782900 329
1782910 328
1782920 328
1782930 328
1782940 327
1782950 327
1782960 327
1782970 326
1782980 326
1782990 325
1783000 325
1783010 324
1783020 324
1783030 323
1783040 323
1783050 322
1783060 321
1783070 321
1783080 320
1783090 319
1783100 319
1783110 318
1783120 317
1783130 317
1783140 316
1783150 316
1783160 315
1783170 315
1783180 314
1783190 314
1783200 314
1783210 313
1783220 313
1783230 313
1783240 313
1783250 312
1783260 311
1783270 311
1783280 310
1783290 310
1783300 310
1783310 310
1783320 309
1783330 309
1783340 309
1783350 308
1783360 308
1783370 307
1783380 308
1783390 308
1783400 308
1783410 309
1783420 309
1783430 310
1783440 310
1783450 311
1783460 311
1783470 312
1783480 312
1783490 313
1783500 313
1783510 314
1783520 314
1783530 315
1783540 315
1783550 316
1783560 316
1783570 317
1783580 317
1783590 318
1783600 319
1783610 319
1783620 320
1783630 320
1783640 321
1783650 322
1783660 322
1783670 323
1783680 324
1783690 324
1783700 325
1783710 325
1783720 326
1783730 326
1783740 327
1783750 327
1783760 328
1783770 329
1783780 329
1783790 330
1783800 330
1783810 331
1783820 331
1783830 332
1783840 332
1783850 332
1783860 333
1783870 333
1783880 334
1783890 334
1783900 334
1783910 334
1783920 335
1783930 335
1783940 336
1783950 336
1783960 336
1783970 337
1783980 337
1783990 337
1784000 338
1784010 338
1784020 338
1784030 338
1784040 339
1784050 339
1784060 339
1784070 339
1784080 340
1784090 340
1784100 340
1784110 340
1784120 340
1784130 340
1784140 340
1784150 340
1784160 340
1784170 341
1784180 341
1784190 341
1784200 341
1784210 341
1784220 341
1784230 342
1784240 342
1784250 342
1784260 342
1784270 342
1784280 342
1784290 342
1784300 342
1784310 342
1784320 342
1784330 342
1784340 343
1784350 343
1784360 343
1784370 343
1784380 343
1784390 343
1784400 343
1784410 343
1784420 343
1784430 343
1784440 343
1784450 343
1784460 343
1784470 343
1784480 344
1784490 344
1784500 344
1784510 344
1784520 343
1784530 343
1784540 343
1784550 343
1784560 343
1784570 342
1784580 342
1784590 341
1784600 341
1784610 340
1784620 340
1784630 339
1784640 339
1784650 339
1784660 338
1784670 335
1784680 334
1784690 334
1784700 334
1784710 334
1784720 333
1784730 331
1784740 329
1784750 328
1784760 327
1784770 326
1784780 325
1784790 324
1784800 323
1784810 323
1784820 322
1784830 320
1784840 318
1784850 317
1784860 316
1784870 316
1784880 313
1784890 312
1784900 311
1784910 311
1784920 310
1784930 308
1784940 305
1784950 304
1784960 305
1784970 305
1784980 304
1784990 304
1785000 303
1785010 303
1785020 302
1785030 301
1785040 300
1785050 299
1785060 299
1785070 298
1785080 297
1785090 296
1785100 295
1785110 295
1785120 294
1785130 293
1785140 292
1785150 291
1785160 290
1785170 289
1785180 288
1785190 287
1785200 286
1785210 285
1785220 284
1785230 283
1785240 281
1785250 280
1785260 279
1785270 278
1785280 277
1785290 276
1785300 275
1785310 274
1785320 273
1785330 273
1785340 273
1785350 273
1785360 273
1785370 273
1785380 273
1785390 272
1785400 272
1785410 273
1785420 274
1785430 275
1785440 275
1785450 274
1785460 274
1785470 273
1785480 273
1785490 273
1785500 272
1785510 271
1785520 270
1785530 270
1785540 269
1785550 268
1785560 267
1785570 264
1785580 262
1785590 261
1785600 261
1785610 261
1785620 260
1785630 260
1785640 259
1785650 259
1785660 258
1785670 258
1785680 257
1785690 257
1785700 257
1785710 256
1785720 256
1785730 255
1785740 255
1785750 255
1785760 254
1785770 254
1785780 254
1785790 253
1785800 253
1785810 253
1785820 252
1785830 252
1785840 252
1785850 253
1785860 253
1785870 253
1785880 253
1785890 253
1785900 254
1785910 255
1785920 255
1785930 257
1785940 258
1785950 259
1785960 260
1785970 261
1785980 262
1785990 264
1786000 265
1786010 267
1786020 269
1786030 271
1786040 271
1786050 271
1786060 271
1786070 271
1786080 270
1786090 269
1786100 269
1786110 269
1786120 269
1786130 270
1786140 270
1786150 270
1786160 271
1786170 271
1786180 272
1786190 273
1786200 274
1786210 275
1786220 277
1786230 278
1786240 278
1786250 277
1786260 275
1786270 274
1786280 272
1786290 270
1786300 268
1786310 267
1786320 266
1786330 265
1786340 264
1786350 264
1786360 264
1786370 263
1786380 262
1786390 261
1786400 259
1786410 258
1786420 257
1786430 257
1786440 257
1786450 258
1786460 258
1786470 258
1786480 259
1786490 259
1786500 260
1786510 260
1786520 261
1786530 261
1786540 262
1786550 263
1786560 264
1786570 266
1786580 268
1786590 269
1786600 270
1786610 270
1786620 271
1786630 273
1786640 275
1786650 276
1786660 277
1786670 277
1786680 278
1786690 278
1786700 277
1786710 277
1786720 277
1786730 277
1786740 277
1786750 276
1786760 276
1786770 276
1786780 276
1786790 276
1786800 275
1786810 271
1786820 268
1786830 267
1786840 268
1786850 270
1786860 272
1786870 275
1786880 276
1786890 277
1786900 277
1786910 277
1786920 277
1786930 277
1786940 277
1786950 277
1786960 277
1786970 277
1786980 277
1786990 277
1787000 277
1787010 277
1787020 277
1787030 277
1787040 277
1787050 277
1787060 277
1787070 276
1787080 276
1787090 276
1787100 276
1787110 276
1787120 276
1787130 276
1787140 276
1787150 277
1787160 277
1787170 277
1787180 278
1787190 278
1787200 279
1787210 279
1787220 279
1787230 280
1787240 280
1787250 280
1787260 280
1787270 281
1787280 281
1787290 281
1787300 281
1787310 282
1787320 282
1787330 282
1787340 282
1787350 283
1787360 283
1787370 283
1787380 283
1787390 283
1787400 283
1787410 283
1787420 283
1787430 283
1787440 283
1787450 283
1787460 282
1787470 282
1787480 282
1787490 281
1787500 281
1787510 280
1787520 280
1787530 279
1787540 278
1787550 276
1787560 275
1787570 274
1787580 274
1787590 273
1787600 272
1787610 271
1787620 270
1787630 269
1787640 268
1787650 267
1787660 266
1787670 265
1787680 264
1787690 263
1787700 262
1787710 261
1787720 260
1787730 259
1787740 258
1787750 257
1787760 256
1787770 255
1787780 254
1787790 253
1787800 253
1787810 252
1787820 251
1787830 251
1787840 251
1787850 250
1787860 250
1787870 251
1787880 251
1787890 252
1787900 252
1787910 253
1787920 253
1787930 254
1787940 254
1787950 255
1787960 255
1787970 256
1787980 257
1787990 258
1788000 259
1788010 259
1788020 260
1788030 261
1788040 262
1788050 263
1788060 264
1788070 265
1788080 266
1788090 267
1788100 267
1788110 268
1788120 269
1788130 270
1788140 271
1788150 272
1788160 273
1788170 274
1788180 275
1788190 276
1788200 277
1788210 278
1788220 279
1788230 279
1788240 280
1788250 281
1788260 282
1788270 283
1788280 284
1788290 284
1788300 285
1788310 286
1788320 286
1788330 287
1788340 288
1788350 289
1788360 290
1788370 290
1788380 291
1788390 292
1788400 293
1788410 294
1788420 294
1788430 295
1788440 295
1788450 296
1788460 296
1788470 297
1788480 297
1788490 298
1788500 298
1788510 298
1788520 299
1788530 299
1788540 300
1788550 301
1788560 302
1788570 303
1788580 305
1788590 306
1788600 306
1788610 306
1788620 307
1788630 308
1788640 308
1788650 309
1788660 310
1788670 310
1788680 311
1788690 312
1788700 312
1788710 313
1788720 313
1788730 313
1788740 313
1788750 314
1788760 314
1788770 314
1788780 314
1788790 315
1788800 315
1788810 315
1788820 315
1788830 315
1788840 315
1788850 315
1788860 315
1788870 315
1788880 315
1788890 315
1788900 315
1788910 315
1788920 315
1788930 315
1788940 315
1788950 315
1788960 315
1788970 315
1788980 315
1788990 315
1789000 315
1789010 315
1789020 315
1789030 315
1789040 315
1789050 316
1789060 316
1789070 316
1789080 316
1789090 316
1789100 316
1789110 316
1789120 316
1789130 316
1789140 316
1789150 316
1789160 316
1789170 317
1789180 317
1789190 317
1789200 317
1789210 318
1789220 318
1789230 318
1789240 318
1789250 318
1789260 318
1789270 318
1789280 318
1789290 318
1789300 318
1789310 318
1789320 318
1789330 318
1789340 319
1789350 319
1789360 319
1789370 319
1789380 319
1789390 319
1789400 319
1789410 319
1789420 319
1789430 319
1789440 319
1789450 319
1789460 319
1789470 319
1789480 319
1789490 319
1789500 319
1789510 319
1789520 318
1789530 317
1789540 317
1789550 316
1789560 315
1789570 315
1789580 314
1789590 313
1789600 312
1789610 311
1789620 310
1789630 308
1789640 307
1789650 305
1789660 305
1789670 304
1789680 303
1789690 302
1789700 301
1789710 300
1789720 300
1789730 299
1789740 299
1789750 298
1789760 298
1789770 298
1789780 298
1789790 298
1789800 297
1789810 295
1789820 294
1789830 294
1789840 294
1789850 293
1789860 293
1789870 293
1789880 293
1789890 292
1789900 292
1789910 291
1789920 291
1789930 291
1789940 290
1789950 290
1789960 289
1789970 289
1789980 288
1789990 287
1790000 287
1790010 286
1790020 286
1790030 286
1790040 285
1790050 285
1790060 285
1790070 284
1790080 284
1790090 283
1790100 283
1790110 283
1790120 283
1790130 282
1790140 282
1790150 282
1790160 282
1790170 281
1790180 281
1790190 280
1790200 280
1790210 279
1790220 279
1790230 278
1790240 278
1790250 278
1790260 277
1790270 277
1790280 276
1790290 276
1790300 276
1790310 275
1790320 275
1790330 275
1790340 274
1790350 274
1790360 274
1790370 274
1790380 273
1790390 273
1790400 273
1790410 272
1790420 272
1790430 272
1790440 271
1790450 270
1790460 270
1790470 269
1790480 268
1790490 267
1790500 266
1790510 266
1790520 265
1790530 264
1790540 264
1790550 263
1790560 262
1790570 262
1790580 261
1790590 259
1790600 257
1790610 254
1790620 252
1790630 251
1790640 251
1790650 250
1790660 249
1790670 247
1790680 247
1790690 248
1790700 249
1790710 250
1790720 251
1790730 252
1790740 254
1790750 255
1790760 257
1790770 258
1790780 259
1790790 260
1790800 261
1790810 262
1790820 262
1790830 263
1790840 263
1790850 264
1790860 264
1790870 264
1790880 264
1790890 265
1790900 265
1790910 265
1790920 265
1790930 265
1790940 265
1790950 265
1790960 265
1790970 265
1790980 264
1790990 264
1791000 264
1791010 263
1791020 263
1791030 263
1791040 263
1791050 262
1791060 262
1791070 262
1791080 261
1791090 261
1791100 261
1791110 261
1791120 260
1791130 260
1791140 260
1791150 260
1791160 259
1791170 259
1791180 259
1791190 258
1791200 258
1791210 258
1791220 258
1791230 258
1791240 257
1791250 257
1791260 257
1791270 257
1791280 257
1791290 257
1791300 256
1791310 256
1791320 256
1791330 256
1791340 256
1791350 255
1791360 255
1791370 255
1791380 255
1791390 254
1791400 254
1791410 254
1791420 254
1791430 253
1791440 253
1791450 253
1791460 252
1791470 252
1791480 252
1791490 252
1791500 251
1791510 251
1791520 250
1791530 249
1791540 249
1791550 248
1791560 247
1791570 246
1791580 245
1791590 244
1791600 243
1791610 242
1791620 241
1791630 241
1791640 240
1791650 240
1791660 239
1791670 239
1791680 240
1791690 240
1791700 241
1791710 242
1791720 243
1791730 243
1791740 244
1791750 245
1791760 245
1791770 245
1791780 246
1791790 246
1791800 246
1791810 246
1791820 246
1791830 246
1791840 246
1791850 246
1791860 246
1791870 246
1791880 246
1791890 246
1791900 246
1791910 246
1791920 246
1791930 246
1791940 246
1791950 245
1791960 245
1791970 245
1791980 244
1791990 244
1792000 244
1792010 243
1792020 243
1792030 243
1792040 243
1792050 243
1792060 243
1792070 242
1792080 242
1792090 242
1792100 242
1792110 242
1792120 242
1792130 242
1792140 241
1792150 241
1792160 241
1792170 241
1792180 241
1792190 240
1792200 240
1792210 240
1792220 240
1792230 240
1792240 239
1792250 239
1792260 239
1792270 238
1792280 238
1792290 238
1792300 238
1792310 238
1792320 238
1792330 238
1792340 238
1792350 237
1792360 237
1792370 236
1792380 236
1792390 236
1792400 235
1792410 235
1792420 235
1792430 234
1792440 234
1792450 234
1792460 234
1792470 234
1792480 233
1792490 233
1792500 233
1792510 233
1792520 232
1792530 232
1792540 232
1792550 232
1792560 231
1792570 231
1792580 231
1792590 231
1792600 230
1792610 230
1792620 229
1792630 229
1792640 228
1792650 228
1792660 227
1792670 227
1792680 226
1792690 226
1792700 225
1792710 225
1792720 224
1792730 223
1792740 223
1792750 222
1792760 222
1792770 222
1792780 221
1792790 221
1792800 221
1792810 220
1792820 220
1792830 219
1792840 219
1792850 218
1792860 218
1792870 217
1792880 217
1792890 216
1792900 217
1792910 217
1792920 216
1792930 215
1792940 215
1792950 215
1792960 214
1792970 214
1792980 214
1792990 213
1793000 213
1793010 213
1793020 213
1793030 212
1793040 212
1793050 212
1793060 212
1793070 212
1793080 212
1793090 211
1793100 211
1793110 211
1793120 211
1793130 211
1793140 210
1793150 210
1793160 210
1793170 210
1793180 210
1793190 209
1793200 209
1793210 209
1793220 209
1793230 209
1793240 209
1793250 209
1793260 208
1793270 208
1793280 208
1793290 207
1793300 207
1793310 207
1793320 207
1793330 206
1793340 206
1793350 206
1793360 205
1793370 205
1793380 205
1793390 205
1793400 204
1793410 204
1793420 204
1793430 204
1793440 204
1793450 204
1793460 204
1793470 204
1793480 204
1793490 204
1793500 204
1793510 204
1793520 204
1793530 204
1793540 204
1793550 204
1793560 204
1793570 203
1793580 202
1793590 203
1793600 204
1793610 204
1793620 204
1793630 204
1793640 204
1793650 204
1793660 204
1793670 204
1793680 204
1793690 203
1793700 203
1793710 203
1793720 203
1793730 203
1793740 203
1793750 203
1793760 204
1793770 204
1793780 204
1793790 204
1793800 204
1793810 204
1793820 203
1793830 203
1793840 203
1793850 203
1793860 203
1793870 203
1793880 203
1793890 203
1793900 203
1793910 203
1793920 203
1793930 203
1793940 203
1793950 203
1793960 203
1793970 203
1793980 203
1793990 203
1794000 203
1794010 202
1794020 202
1794030 202
1794040 202
1794050 202
1794060 202
1794070 202
1794080 202
1794090 202
1794100 202
1794110 202
1794120 202
1794130 202
1794140 202
1794150 202
1794160 202
1794170 202
1794180 202
1794190 202
1794200 202
1794210 202
1794220 202
1794230 202
1794240 202
1794250 202
1794260 202
1794270 202
1794280 202
1794290 202
1794300 202
1794310 202
1794320 202
1794330 202
1794340 202
1794350 202
1794360 202
1794370 202
1794380 203
1794390 203
1794400 203
1794410 202
1794420 202
1794430 202
1794440 202
1794450 202
1794460 202
1794470 201
1794480 201
1794490 201
1794500 201
1794510 201
1794520 201
1794530 201
1794540 201
1794550 201
1794560 201
1794570 201
1794580 201
1794590 201
1794600 201
1794610 201
1794620 201
1794630 203
1794640 205
1794650 206
1794660 206
1794670 205
1794680 204
1794690 204
1794700 203
1794710 203
1794720 204
1794730 205
1794740 207
1794750 207
1794760 206
1794770 204
1794780 204
1794790 205
1794800 204
1794810 202
1794820 201
1794830 201
1794840 201
1794850 201
1794860 201
1794870 201
1794880 201
1794890 201
1794900 201
1794910 201
1794920 201
1794930 201
1794940 201
1794950 201
1794960 201
1794970 201
1794980 201
1794990 201
1795000 201
1795010 201
1795020 201
1795030 201
1795040 201
1795050 201
1795060 201
1795070 202
1795080 202
1795090 202
1795100 202
1795110 202
1795120 202
1795130 202
1795140 202
1795150 202
1795160 202
1795170 202
1795180 202
1795190 202
1795200 203
1795210 203
1795220 203
1795230 203
1795240 203
1795250 203
1795260 203
1795270 203
1795280 203
1795290 203
1795300 203
1795310 203
1795320 204
1795330 204
1795340 204
1795350 205
1795360 205
1795370 206
1795380 206
1795390 207
1795400 208
1795410 208
1795420 209
1795430 210
1795440 211
1795450 212
1795460 212
1795470 213
1795480 213
1795490 213
1795500 214
1795510 215
1795520 216
1795530 217
1795540 218
1795550 218
1795560 218
1795570 218
1795580 219
1795590 219
1795600 219
1795610 219
1795620 219
1795630 219
1795640 219
1795650 220
1795660 220
1795670 220
1795680 220
1795690 220
1795700 220
1795710 221
1795720 221
1795730 221
1795740 221
1795750 221
1795760 221
1795770 221
1795780 221
1795790 221
1795800 221
1795810 221
1795820 222
1795830 222
1795840 222
1795850 223
1795860 223
1795870 223
1795880 223
1795890 223
1795900 223
1795910 222
1795920 222
1795930 222
1795940 221
1795950 221
1795960 221
1795970 221
1795980 221
1795990 221
1796000 221
1796010 221
1796020 221
1796030 221
1796040 222
1796050 222
1796060 223
1796070 223
1796080 224
1796090 225
1796100 226
1796110 227
1796120 228
1796130 228
1796140 229
1796150 229
1796160 230
1796170 230
1796180 230
1796190 231
1796200 231
1796210 231
1796220 232
1796230 232
1796240 233
1796250 233
1796260 234
1796270 234
1796280 235
1796290 235
1796300 236
1796310 236
1796320 237
1796330 237
1796340 238
1796350 238
1796360 239
1796370 239
1796380 240
1796390 241
1796400 241
1796410 242
1796420 243
1796430 243
1796440 244
1796450 245
1796460 246
1796470 246
1796480 247
1796490 248
1796500 248
1796510 249
1796520 249
1796530 249
1796540 250
1796550 250
1796560 250
1796570 251
1796580 251
1796590 252
1796600 252
1796610 252
1796620 253
1796630 253
1796640 254
1796650 254
1796660 255
1796670 255
1796680 256
1796690 256
1796700 256
1796710 256
1796720 257
1796730 257
1796740 257
1796750 257
1796760 257
1796770 257
1796780 257
1796790 257
1796800 258
1796810 258
1796820 258
1796830 258
1796840 258
1796850 258
1796860 258
1796870 258
1796880 258
1796890 258
1796900 258
1796910 258
1796920 258
1796930 258
1796940 258
1796950 258
1796960 258
1796970 258
1796980 257
1796990 257
1797000 257
1797010 257
1797020 257
1797030 257
1797040 257
1797050 257
1797060 257
1797070 257
1797080 257
1797090 257
1797100 257
1797110 257
1797120 257
1797130 257
1797140 257
1797150 257
1797160 257
1797170 256
1797180 256
1797190 256
1797200 255
1797210 255
1797220 255
1797230 254
1797240 255
1797250 255
1797260 255
1797270 256
1797280 256
1797290 257
1797300 258
1797310 259
1797320 260
1797330 260
1797340 261
1797350 262
1797360 262
1797370 263
1797380 263
1797390 263
1797400 264
1797410 264
1797420 264
1797430 264
1797440 264
1797450 264
1797460 264
1797470 264
1797480 264
1797490 264
1797500 263
1797510 263
1797520 263
1797530 263
1797540 263
1797550 263
1797560 263
1797570 263
1797580 262
1797590 262
1797600 262
1797610 262
1797620 261
1797630 261
1797640 260
1797650 260
1797660 259
1797670 258
1797680 258
1797690 257
1797700 255
1797710 254
1797720 253
1797730 252
1797740 251
1797750 249
1797760 248
1797770 247
1797780 246
1797790 245
1797800 244
1797810 244
1797820 243
1797830 242
1797840 241
1797850 240
1797860 239
1797870 238
1797880 238
1797890 237
1797900 236
1797910 236
1797920 235
1797930 235
1797940 234
1797950 234
1797960 234
1797970 233
1797980 233
1797990 232
1798000 232
1798010 231
1798020 231
1798030 230
1798040 230
1798050 229
1798060 229
1798070 228
1798080 228
1798090 227
1798100 227
1798110 227
1798120 226
1798130 226
1798140 225
1798150 225
1798160 225
1798170 224
1798180 224
1798190 223
1798200 223
1798210 223
1798220 223
1798230 223
1798240 222
1798250 222
1798260 222
1798270 222
1798280 222
1798290 221
1798300 221
1798310 220
1798320 220
1798330 220
1798340 220
1798350 219
1798360 219
1798370 219
1798380 219
1798390 219
1798400 219
1798410 219
1798420 219
1798430 219
1798440 219
1798450 219
1798460 219
1798470 218
1798480 218
1798490 218
1798500 219
1798510 219
1798520 222
1798530 224
1798540 225
1798550 226
1798560 226
1798570 226
1798580 226
1798590 226
1798600 226
1798610 227
1798620 227
1798630 227
1798640 227
1798650 227
1798660 228
1798670 228
1798680 228
1798690 228
1798700 228
1798710 228
1798720 228
1798730 228
1798740 228
1798750 228
1798760 227
1798770 227
1798780 227
1798790 227
1798800 227
1798810 227
1798820 227
1798830 228
1798840 228
1798850 228
1798860 228
1798870 228
1798880 228
1798890 228
1798900 229
1798910 229
1798920 230
1798930 230
1798940 230
1798950 231
1798960 231
1798970 231
1798980 231
1798990 232
1799000 232
1799010 232
1799020 232
1799030 232
1799040 233
1799050 233
1799060 234
1799070 234
1799080 235
1799090 235
1799100 236
1799110 237
1799120 237
1799130 238
1799140 239
1799150 240
1799160 241
1799170 241
1799180 242
1799190 243
1799200 243
1799210 244
1799220 245
1799230 246
1799240 247
1799250 247
1799260 248
1799270 248
1799280 249
1799290 250
1799300 250
1799310 251
1799320 252
1799330 252
1799340 253
1799350 253
1799360 254
1799370 254
1799380 255
1799390 255
1799400 255
1799410 256
1799420 256
1799430 256
1799440 256
1799450 256
1799460 256
1799470 256
1799480 257
1799490 257
1799500 257
1799510 258
1799520 258
1799530 259
1799540 259
1799550 259
1799560 260
1799570 260
1799580 261
1799590 261
1799600 261
1799610 262
1799620 262
1799630 262
1799640 262
1799650 263
1799660 263
1799670 263
1799680 263
1799690 263
1799700 263
1799710 263
1799720 263
1799730 264
1799740 264
1799750 264
1799760 264
1799770 265
1799780 265
1799790 266
1799800 266
1799810 266
1799820 267
1799830 267
1799840 267
1799850 268
1799860 268
1799870 268
1799880 269
1799890 269
1799900 269
1799910 269
1799920 269
1799930 270
1799940 270
1799950 270
1799960 270
1799970 270
1799980 270
1799990 270
