1780000 240
1780010 240
1780020 240
1780030 240
1780040 240
1780050 240
1780060 240
1780070 241
1780080 241
1780090 241
1780100 241
1780110 241
1780120 241
1780130 242
1780140 243
1780150 245
1780160 247
1780170 248
1780180 248
1780190 249
1780200 251
1780210 252
1780220 253
1780230 253
1780240 253
1780250 254
1780260 254
1780270 254
1780280 255
1780290 255
1780300 256
1780310 256
1780320 257
1780330 257
1780340 257
1780350 257
1780360 257
1780370 257
1780380 255
1780390 254
1780400 254
1780410 256
1780420 257
1780430 258
1780440 259
1780450 259
1780460 259
1780470 259
1780480 259
1780490 259
1780500 259
1780510 259
1780520 259
1780530 258
1780540 258
1780550 257
1780560 257
1780570 256
1780580 256
1780590 256
1780600 256
1780610 255
1780620 255
1780630 255
1780640 255
1780650 255
1780660 255
1780670 255
1780680 255
1780690 255
1780700 256
1780710 256
1780720 258
1780730 260
1780740 262
1780750 263
1780760 264
1780770 265
1780780 266
1780790 267
1780800 268
1780810 269
1780820 269
1780830 270
1780840 270
1780850 271
1780860 272
1780870 272
1780880 273
1780890 274
1780900 275
1780910 275
1780920 276
1780930 277
1780940 277
1780950 278
1780960 278
1780970 279
1780980 279
1780990 280
1781000 280
1781010 280
1781020 281
1781030 281
1781040 281
1781050 282
1781060 282
1781070 282
1781080 282
1781090 282
1781100 283
1781110 283
1781120 283
1781130 283
1781140 283
1781150 283
1781160 283
1781170 283
1781180 283
1781190 283
1781200 284
1781210 284
1781220 285
1781230 285
1781240 285
1781250 285
1781260 285
1781270 286
1781280 286
1781290 286
1781300 286
1781310 287
1781320 287
1781330 287
1781340 287
1781350 288
1781360 288
1781370 288
1781380 289
1781390 289
1781400 290
1781410 290
1781420 290
1781430 290
1781440 290
1781450 291
1781460 291
1781470 291
1781480 291
1781490 291
1781500 292
1781510 292
1781520 292
1781530 292
1781540 292
1781550 292
1781560 292
1781570 292
1781580 293
1781590 293
1781600 293
1781610 293
1781620 293
1781630 293
1781640 293
1781650 292
1781660 292
1781670 292
1781680 292
1781690 292
1781700 292
1781710 292
1781720 292
1781730 292
1781740 292
1781750 292
1781760 291
1781770 291
1781780 291
1781790 291
1781800 290
1781810 290
1781820 290
1781830 289
1781840 289
1781850 288
1781860 287
1781870 286
1781880 285
1781890 285
1781900 284
1781910 283
1781920 283
1781930 282
1781940 281
1781950 280
1781960 278
1781970 277
1781980 275
1781990 276
1782000 278
1782010 279
1782020 279
1782030 280
1782040 281
1782050 282
1782060 284
1782070 285
1782080 287
1782090 289
1782100 290
1782110 292
1782120 293
1782130 295
1782140 296
1782150 297
1782160 298
1782170 298
1782180 299
1782190 300
1782200 300
1782210 301
1782220 302
1782230 302
1782240 303
1782250 304
1782260 304
1782270 305
1782280 306
1782290 306
1782300 307
1782310 307
1782320 308
1782330 308
1782340 308
1782350 308
1782360 309
1782370 309
1782380 309
1782390 309
1782400 309
1782410 309
1782420 309
1782430 308
1782440 308
1782450 308
1782460 308
1782470 308
1782480 307
1782490 307
1782500 307
1782510 307
1782520 306
1782530 306
1782540 306
1782550 305
1782560 305
1782570 304
1782580 304
1782590 304
1782600 304
1782610 303
1782620 303
1782630 303
1782640 302
1782650 302
1782660 301
1782670 301
1782680 300
1782690 300
1782700 299
1782710 299
1782720 298
1782730 298
1782740 297
1782750 297
1782760 296
1782770 296
1782780 295
1782790 295
1782800 294
1782810 294
1782820 294
1782830 294
1782840 294
1782850 294
1782860 294
1782870 293
1782880 293
1782890 293
1782900 293
1782910 293
1782920 292
1782930 292
1782940 292
1782950 292
1782960 291
1782970 291
1782980 291
1782990 291
1783000 290
1783010 290
1783020 290
1783030 290
1783040 290
1783050 289
1783060 288
1783070 288
1783080 287
1783090 287
1783100 286
1783110 286
1783120 286
1783130 286
1783140 286
1783150 286
1783160 286
1783170 285
1783180 284
1783190 283
1783200 282
1783210 283
1783220 284
1783230 287
1783240 288
1783250 288
1783260 289
1783270 290
1783280 291
1783290 291
1783300 292
1783310 293
1783320 294
1783330 294
1783340 295
1783350 295
1783360 295
1783370 295
1783380 295
1783390 294
1783400 293
1783410 292
1783420 292
1783430 292
1783440 293
1783450 294
1783460 295
1783470 296
1783480 297
1783490 298
1783500 299
1783510 299
1783520 300
1783530 302
1783540 303
1783550 305
1783560 306
1783570 307
1783580 308
1783590 309
1783600 310
1783610 310
1783620 310
1783630 311
1783640 311
1783650 311
1783660 312
1783670 312
1783680 312
1783690 312
1783700 311
1783710 311
1783720 311
1783730 313
1783740 315
1783750 317
1783760 319
1783770 319
1783780 320
1783790 321
1783800 323
1783810 324
1783820 325
1783830 326
1783840 327
1783850 329
1783860 330
1783870 332
1783880 333
1783890 333
1783900 333
1783910 333
1783920 333
1783930 334
1783940 335
1783950 336
1783960 337
1783970 338
1783980 340
1783990 341
1784000 343
1784010 343
1784020 344
1784030 344
1784040 345
1784050 345
1784060 346
1784070 346
1784080 347
1784090 347
1784100 348
1784110 348
1784120 348
1784130 349
1784140 349
1784150 349
1784160 349
1784170 349
1784180 349
1784190 349
1784200 350
1784210 350
1784220 350
1784230 350
1784240 350
1784250 350
1784260 350
1784270 350
1784280 350
1784290 350
1784300 351
1784310 351
1784320 351
1784330 351
1784340 351
1784350 352
1784360 352
1784370 353
1784380 353
1784390 353
1784400 354
1784410 354
1784420 354
1784430 355
1784440 355
1784450 355
1784460 355
1784470 356
1784480 356
1784490 356
1784500 356
1784510 357
1784520 357
1784530 357
1784540 357
1784550 357
1784560 357
1784570 358
1784580 358
1784590 358
1784600 358
1784610 358
1784620 358
1784630 357
1784640 357
1784650 357
1784660 356
1784670 356
1784680 356
1784690 355
1784700 355
1784710 355
1784720 354
1784730 354
1784740 354
1784750 353
1784760 353
1784770 352
1784780 351
1784790 351
1784800 350
1784810 349
1784820 348
1784830 348
1784840 347
1784850 346
1784860 345
1784870 344
1784880 344
1784890 343
1784900 342
1784910 341
1784920 340
1784930 340
1784940 339
1784950 337
1784960 335
1784970 333
1784980 331
1784990 329
1785000 327
1785010 327
1785020 326
1785030 325
1785040 324
1785050 324
1785060 324
1785070 325
1785080 325
1785090 324
1785100 323
1785110 322
1785120 321
1785130 320
1785140 320
1785150 319
1785160 318
1785170 317
1785180 317
1785190 316
1785200 315
1785210 315
1785220 314
1785230 313
1785240 312
1785250 312
1785260 311
1785270 310
1785280 309
1785290 308
1785300 307
1785310 306
1785320 305
1785330 304
1785340 303
1785350 302
1785360 301
1785370 300
1785380 299
1785390 298
1785400 297
1785410 296
1785420 294
1785430 293
1785440 292
1785450 291
1785460 290
1785470 289
1785480 288
1785490 287
1785500 286
1785510 286
1785520 285
1785530 284
1785540 283
1785550 282
1785560 281
1785570 280
1785580 279
1785590 278
1785600 276
1785610 276
1785620 275
1785630 274
1785640 273
1785650 272
1785660 271
1785670 270
1785680 269
1785690 268
1785700 267
1785710 266
1785720 266
1785730 265
1785740 264
1785750 263
1785760 262
1785770 262
1785780 261
1785790 260
1785800 259
1785810 259
1785820 258
1785830 258
1785840 257
1785850 257
1785860 256
1785870 256
1785880 256
1785890 255
1785900 255
1785910 255
1785920 254
1785930 254
1785940 254
1785950 254
1785960 254
1785970 254
1785980 254
1785990 253
1786000 253
1786010 253
1786020 253
1786030 253
1786040 252
1786050 252
1786060 252
1786070 252
1786080 251
1786090 251
1786100 250
1786110 250
1786120 250
1786130 249
1786140 249
1786150 249
1786160 248
1786170 248
1786180 248
1786190 248
1786200 247
1786210 247
1786220 247
1786230 246
1786240 246
1786250 246
1786260 245
1786270 245
1786280 245
1786290 244
1786300 244
1786310 244
1786320 244
1786330 244
1786340 243
1786350 243
1786360 243
1786370 243
1786380 242
1786390 242
1786400 242
1786410 242
1786420 242
1786430 241
1786440 241
1786450 241
1786460 241
1786470 240
1786480 240
1786490 240
1786500 240
1786510 240
1786520 239
1786530 239
1786540 239
1786550 239
1786560 238
1786570 238
1786580 238
1786590 238
1786600 237
1786610 237
1786620 237
1786630 237
1786640 237
1786650 237
1786660 237
1786670 236
1786680 236
1786690 236
1786700 236
1786710 236
1786720 236
1786730 236
1786740 236
1786750 235
1786760 235
1786770 235
1786780 235
1786790 235
1786800 235
1786810 235
1786820 235
1786830 234
1786840 234
1786850 234
1786860 234
1786870 234
1786880 234
1786890 234
1786900 234
1786910 234
1786920 234
1786930 234
1786940 234
1786950 234
1786960 234
1786970 234
1786980 234
1786990 235
1787000 235
1787010 235
1787020 235
1787030 235
1787040 235
1787050 235
1787060 236
1787070 236
1787080 236
1787090 236
1787100 236
1787110 236
1787120 236
1787130 236
1787140 236
1787150 236
1787160 235
1787170 235
1787180 235
1787190 235
1787200 235
1787210 235
1787220 234
1787230 234
1787240 234
1787250 234
1787260 234
1787270 234
1787280 234
1787290 234
1787300 234
1787310 234
1787320 234
1787330 234
1787340 234
1787350 234
1787360 234
1787370 234
1787380 234
1787390 234
1787400 234
1787410 234
1787420 234
1787430 234
1787440 234
1787450 234
1787460 234
1787470 234
1787480 234
1787490 234
1787500 234
1787510 233
1787520 233
1787530 233
1787540 233
1787550 233
1787560 234
1787570 234
1787580 234
1787590 234
1787600 234
1787610 234
1787620 234
1787630 234
1787640 234
1787650 234
1787660 234
1787670 234
1787680 233
1787690 233
1787700 233
1787710 233
1787720 233
1787730 233
1787740 233
1787750 232
1787760 232
1787770 232
1787780 232
1787790 232
1787800 232
1787810 232
1787820 232
1787830 232
1787840 233
1787850 233
1787860 233
1787870 233
1787880 233
1787890 233
1787900 233
1787910 234
1787920 234
1787930 234
1787940 235
1787950 235
1787960 235
1787970 236
1787980 236
1787990 237
1788000 238
1788010 239
1788020 240
1788030 241
1788040 242
1788050 243
1788060 244
1788070 245
1788080 245
1788090 246
1788100 247
1788110 247
1788120 248
1788130 248
1788140 248
1788150 249
1788160 249
1788170 249
1788180 250
1788190 250
1788200 250
1788210 251
1788220 251
1788230 251
1788240 250
1788250 250
1788260 250
1788270 250
1788280 250
1788290 250
1788300 250
1788310 249
1788320 249
1788330 249
1788340 249
1788350 249
1788360 249
1788370 248
1788380 248
1788390 248
1788400 248
1788410 248
1788420 247
1788430 247
1788440 247
1788450 247
1788460 246
1788470 246
1788480 246
1788490 246
1788500 246
1788510 246
1788520 245
1788530 245
1788540 245
1788550 245
1788560 245
1788570 244
1788580 244
1788590 244
1788600 244
1788610 244
1788620 244
1788630 244
1788640 244
1788650 244
1788660 244
1788670 244
1788680 244
1788690 244
1788700 244
1788710 244
1788720 245
1788730 245
1788740 245
1788750 246
1788760 246
1788770 247
1788780 247
1788790 248
1788800 248
1788810 249
1788820 250
1788830 250
1788840 250
1788850 251
1788860 251
1788870 252
1788880 252
1788890 253
1788900 253
1788910 253
1788920 254
1788930 254
1788940 254
1788950 254
1788960 254
1788970 255
1788980 255
1788990 255
1789000 255
1789010 255
1789020 255
1789030 255
1789040 255
1789050 255
1789060 255
1789070 255
1789080 255
1789090 255
1789100 255
1789110 254
1789120 254
1789130 254
1789140 253
1789150 253
1789160 253
1789170 253
1789180 252
1789190 252
1789200 252
1789210 251
1789220 251
1789230 251
1789240 251
1789250 250
1789260 250
1789270 250
1789280 250
1789290 249
1789300 249
1789310 249
1789320 249
1789330 249
1789340 248
1789350 248
1789360 248
1789370 248
1789380 247
1789390 247
1789400 247
1789410 246
1789420 246
1789430 245
1789440 245
1789450 244
1789460 244
1789470 243
1789480 243
1789490 242
1789500 242
1789510 241
1789520 241
1789530 241
1789540 240
1789550 240
1789560 239
1789570 239
1789580 239
1789590 238
1789600 238
1789610 238
1789620 237
1789630 237
1789640 237
1789650 237
1789660 237
1789670 237
1789680 237
1789690 237
1789700 237
1789710 237
1789720 237
1789730 237
1789740 237
1789750 236
1789760 236
1789770 236
1789780 236
1789790 236
1789800 235
1789810 235
1789820 235
1789830 234
1789840 234
1789850 234
1789860 233
1789870 233
1789880 233
1789890 233
1789900 232
1789910 232
1789920 232
1789930 232
1789940 232
1789950 232
1789960 232
1789970 232
1789980 232
1789990 232
1790000 231
1790010 231
1790020 231
1790030 231
1790040 231
1790050 231
1790060 231
1790070 231
1790080 231
1790090 231
1790100 231
1790110 231
1790120 231
1790130 230
1790140 230
1790150 230
1790160 230
1790170 229
1790180 229
1790190 229
1790200 229
1790210 229
1790220 229
1790230 228
1790240 228
1790250 228
1790260 228
1790270 227
1790280 227
1790290 227
1790300 227
1790310 226
1790320 226
1790330 226
1790340 226
1790350 225
1790360 225
1790370 225
1790380 224
1790390 223
1790400 223
1790410 222
1790420 221
1790430 221
1790440 221
1790450 221
1790460 222
1790470 222
1790480 222
1790490 222
1790500 222
1790510 222
1790520 222
1790530 222
1790540 222
1790550 221
1790560 221
1790570 221
1790580 221
1790590 220
1790600 220
1790610 220
1790620 219
1790630 219
1790640 219
1790650 219
1790660 219
1790670 219
1790680 219
1790690 219
1790700 219
1790710 219
1790720 219
1790730 219
1790740 219
1790750 219
1790760 219
1790770 219
1790780 219
1790790 219
1790800 219
1790810 219
1790820 219
1790830 219
1790840 219
1790850 219
1790860 218
1790870 218
1790880 218
1790890 218
1790900 218
1790910 218
1790920 218
1790930 218
1790940 219
1790950 219
1790960 219
1790970 219
1790980 219
1790990 219
1791000 219
1791010 218
1791020 218
1791030 218
1791040 217
1791050 217
1791060 217
1791070 217
1791080 217
1791090 216
1791100 216
1791110 215
1791120 215
1791130 215
1791140 215
1791150 214
1791160 214
1791170 214
1791180 213
1791190 213
1791200 213
1791210 213
1791220 213
1791230 212
1791240 212
1791250 211
1791260 211
1791270 211
1791280 211
1791290 210
1791300 210
1791310 210
1791320 210
1791330 210
1791340 210
1791350 210
1791360 210
1791370 210
1791380 210
1791390 210
1791400 210
1791410 210
1791420 211
1791430 211
1791440 210
1791450 210
1791460 210
1791470 210
1791480 210
1791490 210
1791500 211
1791510 211
1791520 210
1791530 210
1791540 210
1791550 210
1791560 210
1791570 209
1791580 209
1791590 209
1791600 208
1791610 208
1791620 208
1791630 207
1791640 207
1791650 207
1791660 207
1791670 207
1791680 207
1791690 207
1791700 207
1791710 207
1791720 207
1791730 206
1791740 206
1791750 206
1791760 207
1791770 207
1791780 207
1791790 207
1791800 206
1791810 206
1791820 206
1791830 206
1791840 206
1791850 206
1791860 206
1791870 206
1791880 206
1791890 206
1791900 206
1791910 206
1791920 206
1791930 206
1791940 206
1791950 206
1791960 206
1791970 206
1791980 206
1791990 206
1792000 206
1792010 206
1792020 206
1792030 206
1792040 206
1792050 206
1792060 206
1792070 206
1792080 207
1792090 207
1792100 207
1792110 207
1792120 206
1792130 206
1792140 206
1792150 206
1792160 206
1792170 206
1792180 206
1792190 207
1792200 206
1792210 206
1792220 206
1792230 206
1792240 206
1792250 206
1792260 207
1792270 207
1792280 207
1792290 206
1792300 206
1792310 206
1792320 205
1792330 205
1792340 204
1792350 204
1792360 204
1792370 205
1792380 206
1792390 207
1792400 207
1792410 207
1792420 207
1792430 207
1792440 206
1792450 206
1792460 206
1792470 206
1792480 206
1792490 206
1792500 206
1792510 206
1792520 206
1792530 206
1792540 206
1792550 206
1792560 206
1792570 206
1792580 206
1792590 206
1792600 206
1792610 206
1792620 206
1792630 206
1792640 206
1792650 206
1792660 206
1792670 206
1792680 206
1792690 206
1792700 206
1792710 206
1792720 205
1792730 205
1792740 205
1792750 205
1792760 206
1792770 206
1792780 206
1792790 206
1792800 206
1792810 206
1792820 206
1792830 206
1792840 206
1792850 206
1792860 206
1792870 207
1792880 207
1792890 207
1792900 207
1792910 207
1792920 207
1792930 207
1792940 207
1792950 206
1792960 206
1792970 206
1792980 206
1792990 206
1793000 206
1793010 206
1793020 206
1793030 206
1793040 206
1793050 206
1793060 206
1793070 206
1793080 206
1793090 206
1793100 206
1793110 206
1793120 206
1793130 206
1793140 206
1793150 207
1793160 207
1793170 207
1793180 207
1793190 207
1793200 208
1793210 207
1793220 207
1793230 207
1793240 207
1793250 208
1793260 208
1793270 208
1793280 208
1793290 209
1793300 209
1793310 209
1793320 209
1793330 209
1793340 209
1793350 209
1793360 209
1793370 209
1793380 209
1793390 209
1793400 209
1793410 209
1793420 210
1793430 210
1793440 210
1793450 210
1793460 210
1793470 211
1793480 211
1793490 211
1793500 211
1793510 211
1793520 211
1793530 212
1793540 212
1793550 212
1793560 212
1793570 212
1793580 213
1793590 213
1793600 213
1793610 213
1793620 213
1793630 213
1793640 214
1793650 214
1793660 214
1793670 214
1793680 215
1793690 215
1793700 216
1793710 216
1793720 216
1793730 216
1793740 217
1793750 217
1793760 217
1793770 217
1793780 216
1793790 216
1793800 216
1793810 216
1793820 216
1793830 216
1793840 216
1793850 216
1793860 216
1793870 216
1793880 216
1793890 216
1793900 216
1793910 216
1793920 216
1793930 217
1793940 217
1793950 217
1793960 217
1793970 217
1793980 218
1793990 218
1794000 218
1794010 218
1794020 218
1794030 218
1794040 218
1794050 218
1794060 218
1794070 218
1794080 217
1794090 217
1794100 217
1794110 217
1794120 217
1794130 218
1794140 218
1794150 218
1794160 218
1794170 219
1794180 219
1794190 219
1794200 220
1794210 220
1794220 221
1794230 222
1794240 223
1794250 225
1794260 226
1794270 227
1794280 228
1794290 229
1794300 229
1794310 230
1794320 231
1794330 231
1794340 232
1794350 233
1794360 233
1794370 234
1794380 234
1794390 234
1794400 235
1794410 235
1794420 235
1794430 235
1794440 236
1794450 238
1794460 238
1794470 238
1794480 239
1794490 239
1794500 240
1794510 240
1794520 241
1794530 241
1794540 242
1794550 242
1794560 243
1794570 244
1794580 244
1794590 245
1794600 245
1794610 246
1794620 246
1794630 247
1794640 247
1794650 248
1794660 248
1794670 248
1794680 249
1794690 249
1794700 249
1794710 249
1794720 250
1794730 250
1794740 250
1794750 249
1794760 249
1794770 249
1794780 249
1794790 249
1794800 250
1794810 249
1794820 250
1794830 250
1794840 250
1794850 251
1794860 252
1794870 253
1794880 254
1794890 256
1794900 257
1794910 258
1794920 260
1794930 262
1794940 263
1794950 265
1794960 266
1794970 267
1794980 268
1794990 269
1795000 270
1795010 271
1795020 272
1795030 272
1795040 273
1795050 274
1795060 274
1795070 275
1795080 275
1795090 275
1795100 275
1795110 274
1795120 273
1795130 272
1795140 274
1795150 276
1795160 279
1795170 281
1795180 282
1795190 282
1795200 282
1795210 282
1795220 282
1795230 282
1795240 283
1795250 283
1795260 284
1795270 284
1795280 285
1795290 286
1795300 287
1795310 287
1795320 288
1795330 289
1795340 290
1795350 291
1795360 291
1795370 292
1795380 293
1795390 293
1795400 294
1795410 295
1795420 295
1795430 296
1795440 296
1795450 297
1795460 297
1795470 298
1795480 298
1795490 298
1795500 298
1795510 298
1795520 298
1795530 298
1795540 299
1795550 299
1795560 298
1795570 298
1795580 298
1795590 298
1795600 298
1795610 298
1795620 297
1795630 297
1795640 297
1795650 296
1795660 296
1795670 294
1795680 293
1795690 292
1795700 292
1795710 292
1795720 292
1795730 291
1795740 290
1795750 290
1795760 289
1795770 288
1795780 287
1795790 286
1795800 285
1795810 285
1795820 284
1795830 283
1795840 283
1795850 282
1795860 282
1795870 281
1795880 280
1795890 279
1795900 278
1795910 277
1795920 276
1795930 276
1795940 276
1795950 275
1795960 275
1795970 275
1795980 274
1795990 274
1796000 274
1796010 273
1796020 273
1796030 272
1796040 272
1796050 272
1796060 271
1796070 271
1796080 272
1796090 274
1796100 276
1796110 277
1796120 277
1796130 277
1796140 277
1796150 277
1796160 278
1796170 278
1796180 279
1796190 280
1796200 281
1796210 282
1796220 284
1796230 285
1796240 287
1796250 288
1796260 290
1796270 291
1796280 293
1796290 295
1796300 296
1796310 298
1796320 299
1796330 301
1796340 303
1796350 305
1796360 307
1796370 309
1796380 313
1796390 314
1796400 314
1796410 314
1796420 315
1796430 316
1796440 316
1796450 317
1796460 317
1796470 318
1796480 319
1796490 319
1796500 320
1796510 320
1796520 320
1796530 320
1796540 321
1796550 321
1796560 321
1796570 321
1796580 321
1796590 321
1796600 321
1796610 321
1796620 321
1796630 321
1796640 321
1796650 320
1796660 320
1796670 320
1796680 321
1796690 321
1796700 320
1796710 320
1796720 320
1796730 320
1796740 319
1796750 319
1796760 319
1796770 318
1796780 318
1796790 317
1796800 317
1796810 316
1796820 315
1796830 315
1796840 314
1796850 314
1796860 313
1796870 312
1796880 312
1796890 311
1796900 311
1796910 310
1796920 309
1796930 308
1796940 307
1796950 306
1796960 305
1796970 305
1796980 304
1796990 303
1797000 302
1797010 301
1797020 300
1797030 299
1797040 298
1797050 297
1797060 297
1797070 296
1797080 295
1797090 295
1797100 294
1797110 293
1797120 292
1797130 290
1797140 288
1797150 287
1797160 288
1797170 287
1797180 286
1797190 284
1797200 284
1797210 284
1797220 283
1797230 282
1797240 282
1797250 282
1797260 281
1797270 280
1797280 280
1797290 279
1797300 278
1797310 277
1797320 277
1797330 276
1797340 276
1797350 275
1797360 274
1797370 273
1797380 272
1797390 272
1797400 271
1797410 270
1797420 269
1797430 269
1797440 268
1797450 267
1797460 267
1797470 266
1797480 265
1797490 264
1797500 263
1797510 263
1797520 262
1797530 262
1797540 261
1797550 260
1797560 260
1797570 259
1797580 259
1797590 258
1797600 257
1797610 257
1797620 256
1797630 256
1797640 255
1797650 255
1797660 255
1797670 254
1797680 254
1797690 254
1797700 253
1797710 253
1797720 252
1797730 252
1797740 251
1797750 251
1797760 251
1797770 250
1797780 250
1797790 250
1797800 249
1797810 249
1797820 249
1797830 248
1797840 248
1797850 247
1797860 247
1797870 246
1797880 246
1797890 245
1797900 245
1797910 244
1797920 244
1797930 244
1797940 243
1797950 243
1797960 243
1797970 243
1797980 242
1797990 242
1798000 242
1798010 242
1798020 243
1798030 243
1798040 243
1798050 244
1798060 245
1798070 245
1798080 246
1798090 246
1798100 246
1798110 247
1798120 247
1798130 247
1798140 247
1798150 247
1798160 247
1798170 247
1798180 247
1798190 247
1798200 247
1798210 247
1798220 247
1798230 247
1798240 246
1798250 246
1798260 246
1798270 245
1798280 245
1798290 245
1798300 244
1798310 244
1798320 243
1798330 243
1798340 243
1798350 242
1798360 242
1798370 241
1798380 241
1798390 241
1798400 240
1798410 240
1798420 239
1798430 239
1798440 238
1798450 238
1798460 238
1798470 238
1798480 237
1798490 237
1798500 236
1798510 236
1798520 235
1798530 234
1798540 233
1798550 233
1798560 232
1798570 232
1798580 231
1798590 231
1798600 230
1798610 230
1798620 230
1798630 229
1798640 229
1798650 228
1798660 228
1798670 228
1798680 227
1798690 227
1798700 226
1798710 226
1798720 226
1798730 226
1798740 225
1798750 225
1798760 225
1798770 225
1798780 225
1798790 225
1798800 225
1798810 225
1798820 224
1798830 224
1798840 224
1798850 224
1798860 224
1798870 224
1798880 224
1798890 223
1798900 223
1798910 223
1798920 224
1798930 224
1798940 224
1798950 224
1798960 224
1798970 224
1798980 224
1798990 225
1799000 225
1799010 225
1799020 225
1799030 226
1799040 227
1799050 227
1799060 228
1799070 230
1799080 231
1799090 232
1799100 233
1799110 235
1799120 236
1799130 237
1799140 239
1799150 240
1799160 241
1799170 242
1799180 243
1799190 244
1799200 245
1799210 246
1799220 247
1799230 249
1799240 251
1799250 253
1799260 254
1799270 255
1799280 256
1799290 257
1799300 258
1799310 260
1799320 261
1799330 263
1799340 266
1799350 269
1799360 270
1799370 270
1799380 272
1799390 273
1799400 275
1799410 276
1799420 279
1799430 282
1799440 285
1799450 287
1799460 289
1799470 291
1799480 292
1799490 294
1799500 296
1799510 297
1799520 297
1799530 298
1799540 299
1799550 299
1799560 300
1799570 301
1799580 302
1799590 303
1799600 303
1799610 304
1799620 305
1799630 305
1799640 306
1799650 306
1799660 307
1799670 307
1799680 308
1799690 308
1799700 309
1799710 309
1799720 310
1799730 310
1799740 310
1799750 311
1799760 311
1799770 312
1799780 312
1799790 312
1799800 313
1799810 313
1799820 313
1799830 313
1799840 314
1799850 314
1799860 314
1799870 314
1799880 314
1799890 314
1799900 314
1799910 313
1799920 313
1799930 313
1799940 313
1799950 313
1799960 313
1799970 313
1799980 313
1799990 313
