1780000 322
1780010 321
1780020 319
1780030 317
1780040 316
1780050 314
1780060 313
1780070 312
1780080 311
1780090 310
1780100 309
1780110 308
1780120 306
1780130 304
1780140 301
1780150 299
1780160 297
1780170 296
1780180 295
1780190 294
1780200 293
1780210 292
1780220 292
1780230 292
1780240 292
1780250 292
1780260 292
1780270 292
1780280 293
1780290 293
1780300 293
1780310 294
1780320 295
1780330 295
1780340 296
1780350 296
1780360 296
1780370 297
1780380 297
1780390 297
1780400 297
1780410 298
1780420 299
1780430 299
1780440 300
1780450 301
1780460 302
1780470 302
1780480 303
1780490 303
1780500 303
1780510 303
1780520 303
1780530 302
1780540 301
1780550 300
1780560 299
1780570 298
1780580 297
1780590 296
1780600 295
1780610 294
1780620 293
1780630 292
1780640 292
1780650 291
1780660 290
1780670 289
1780680 288
1780690 288
1780700 287
1780710 286
1780720 286
1780730 285
1780740 285
1780750 284
1780760 284
1780770 285
1780780 285
1780790 285
1780800 286
1780810 286
1780820 287
1780830 288
1780840 289
1780850 290
1780860 292
1780870 294
1780880 297
1780890 299
1780900 300
1780910 302
1780920 303
1780930 304
1780940 306
1780950 307
1780960 309
1780970 310
1780980 311
1780990 311
1781000 312
1781010 312
1781020 312
1781030 313
1781040 313
1781050 313
1781060 313
1781070 313
1781080 313
1781090 313
1781100 313
1781110 312
1781120 312
1781130 312
1781140 311
1781150 311
1781160 310
1781170 310
1781180 309
1781190 309
1781200 308
1781210 308
1781220 307
1781230 307
1781240 307
1781250 307
1781260 307
1781270 306
1781280 306
1781290 306
1781300 305
1781310 304
1781320 304
1781330 303
1781340 303
1781350 302
1781360 302
1781370 301
1781380 301
1781390 300
1781400 299
1781410 299
1781420 299
1781430 298
1781440 298
1781450 298
1781460 298
1781470 298
1781480 297
1781490 297
1781500 296
1781510 296
1781520 295
1781530 295
1781540 295
1781550 295
1781560 294
1781570 294
1781580 294
1781590 293
1781600 293
1781610 293
1781620 292
1781630 292
1781640 291
1781650 291
1781660 290
1781670 290
1781680 290
1781690 289
1781700 289
1781710 289
1781720 288
1781730 288
1781740 288
1781750 288
1781760 287
1781770 287
1781780 286
1781790 286
1781800 286
1781810 285
1781820 285
1781830 285
1781840 284
1781850 284
1781860 284
1781870 283
1781880 283
1781890 283
1781900 282
1781910 282
1781920 281
1781930 281
1781940 281
1781950 280
1781960 280
1781970 279
1781980 279
1781990 278
1782000 278
1782010 277
1782020 276
1782030 276
1782040 275
1782050 274
1782060 273
1782070 272
1782080 272
1782090 271
1782100 270
1782110 270
1782120 270
1782130 269
1782140 269
1782150 269
1782160 269
1782170 269
1782180 269
1782190 269
1782200 269
1782210 269
1782220 269
1782230 269
1782240 269
1782250 269
1782260 269
1782270 270
1782280 270
1782290 271
1782300 272
1782310 273
1782320 273
1782330 274
1782340 274
1782350 275
1782360 275
1782370 275
1782380 274
1782390 274
1782400 274
1782410 274
1782420 273
1782430 273
1782440 272
1782450 272
1782460 271
1782470 269
1782480 268
1782490 268
1782500 268
1782510 267
1782520 267
1782530 267
1782540 267
1782550 267
1782560 267
1782570 267
1782580 267
1782590 267
1782600 267
1782610 267
1782620 267
1782630 267
1782640 267
1782650 267
1782660 267
1782670 268
1782680 268
1782690 268
1782700 268
1782710 268
1782720 269
1782730 269
1782740 269
1782750 270
1782760 271
1782770 272
1782780 272
1782790 273
1782800 273
1782810 273
1782820 274
1782830 274
1782840 275
1782850 275
1782860 275
1782870 275
1782880 275
1782890 275
1782900 275
1782910 275
1782920 274
1782930 274
1782940 274
1782950 274
1782960 274
1782970 274
1782980 274
1782990 274
1783000 274
1783010 274
1783020 274
1783030 274
1783040 274
1783050 274
1783060 274
1783070 274
1783080 274
1783090 274
1783100 274
1783110 274
1783120 275
1783130 275
1783140 276
1783150 277
1783160 278
1783170 279
1783180 280
1783190 282
1783200 284
1783210 286
1783220 287
1783230 289
1783240 291
1783250 294
1783260 296
1783270 297
1783280 299
1783290 301
1783300 302
1783310 303
1783320 305
1783330 307
1783340 308
1783350 310
1783360 312
1783370 314
1783380 316
1783390 317
1783400 319
1783410 320
1783420 322
1783430 322
1783440 323
1783450 324
1783460 324
1783470 325
1783480 325
1783490 325
1783500 326
1783510 326
1783520 326
1783530 326
1783540 326
1783550 325
1783560 325
1783570 324
1783580 324
1783590 323
1783600 323
1783610 322
1783620 321
1783630 320
1783640 319
1783650 318
1783660 316
1783670 314
1783680 313
1783690 311
1783700 310
1783710 309
1783720 308
1783730 306
1783740 304
1783750 302
1783760 301
1783770 302
1783780 302
1783790 304
1783800 305
1783810 306
1783820 307
1783830 309
1783840 311
1783850 312
1783860 313
1783870 314
1783880 315
1783890 316
1783900 318
1783910 319
1783920 320
1783930 320
1783940 320
1783950 319
1783960 318
1783970 317
1783980 316
1783990 316
1784000 316
1784010 317
1784020 317
1784030 317
1784040 316
1784050 317
1784060 318
1784070 320
1784080 323
1784090 325
1784100 327
1784110 328
1784120 328
1784130 328
1784140 328
1784150 328
1784160 329
1784170 328
1784180 328
1784190 328
1784200 327
1784210 326
1784220 325
1784230 324
1784240 323
1784250 321
1784260 319
1784270 318
1784280 317
1784290 315
1784300 314
1784310 313
1784320 313
1784330 314
1784340 315
1784350 317
1784360 319
1784370 320
1784380 322
1784390 323
1784400 324
1784410 325
1784420 326
1784430 327
1784440 328
1784450 329
1784460 331
1784470 332
1784480 333
1784490 335
1784500 336
1784510 337
1784520 337
1784530 338
1784540 339
1784550 339
1784560 340
1784570 341
1784580 341
1784590 341
1784600 341
1784610 342
1784620 342
1784630 342
1784640 342
1784650 342
1784660 342
1784670 342
1784680 342
1784690 342
1784700 342
1784710 342
1784720 342
1784730 342
1784740 342
1784750 342
1784760 342
1784770 341
1784780 341
1784790 341
1784800 340
1784810 340
1784820 339
1784830 339
1784840 338
1784850 337
1784860 337
1784870 336
1784880 335
1784890 334
1784900 333
1784910 332
1784920 330
1784930 329
1784940 328
1784950 326
1784960 323
1784970 321
1784980 320
1784990 320
1785000 319
1785010 319
1785020 320
1785030 321
1785040 324
1785050 326
1785060 329
1785070 331
1785080 333
1785090 335
1785100 336
1785110 337
1785120 337
1785130 337
1785140 337
1785150 336
1785160 335
1785170 332
1785180 330
1785190 329
1785200 329
1785210 328
1785220 329
1785230 330
1785240 332
1785250 335
1785260 336
1785270 338
1785280 338
1785290 340
1785300 342
1785310 343
1785320 344
1785330 346
1785340 347
1785350 348
1785360 348
1785370 348
1785380 348
1785390 348
1785400 348
1785410 348
1785420 348
1785430 349
1785440 348
1785450 348
1785460 348
1785470 348
1785480 348
1785490 348
1785500 347
1785510 347
1785520 347
1785530 346
1785540 346
1785550 345
1785560 345
1785570 344
1785580 344
1785590 343
1785600 342
1785610 341
1785620 340
1785630 338
1785640 336
1785650 335
1785660 333
1785670 331
1785680 331
1785690 330
1785700 329
1785710 327
1785720 326
1785730 326
1785740 327
1785750 327
1785760 326
1785770 325
1785780 325
1785790 324
1785800 323
1785810 323
1785820 322
1785830 321
1785840 320
1785850 320
1785860 319
1785870 319
1785880 318
1785890 318
1785900 317
1785910 316
1785920 315
1785930 315
1785940 314
1785950 314
1785960 313
1785970 312
1785980 312
1785990 311
1786000 311
1786010 310
1786020 310
1786030 310
1786040 309
1786050 308
1786060 308
1786070 308
1786080 308
1786090 307
1786100 307
1786110 307
1786120 307
1786130 306
1786140 306
1786150 306
1786160 305
1786170 305
1786180 304
1786190 304
1786200 304
1786210 303
1786220 303
1786230 302
1786240 302
1786250 301
1786260 301
1786270 300
1786280 300
1786290 299
1786300 298
1786310 297
1786320 297
1786330 296
1786340 295
1786350 295
1786360 295
1786370 293
1786380 292
1786390 290
1786400 289
1786410 288
1786420 287
1786430 286
1786440 285
1786450 283
1786460 280
1786470 278
1786480 277
1786490 276
1786500 275
1786510 275
1786520 274
1786530 273
1786540 272
1786550 271
1786560 270
1786570 270
1786580 269
1786590 268
1786600 267
1786610 267
1786620 266
1786630 265
1786640 264
1786650 264
1786660 263
1786670 262
1786680 261
1786690 261
1786700 260
1786710 260
1786720 259
1786730 258
1786740 257
1786750 257
1786760 256
1786770 255
1786780 254
1786790 253
1786800 252
1786810 251
1786820 251
1786830 250
1786840 249
1786850 248
1786860 248
1786870 247
1786880 247
1786890 246
1786900 245
1786910 245
1786920 244
1786930 244
1786940 243
1786950 242
1786960 241
1786970 241
1786980 240
1786990 239
1787000 239
1787010 238
1787020 237
1787030 236
1787040 236
1787050 235
1787060 234
1787070 234
1787080 233
1787090 233
1787100 232
1787110 231
1787120 231
1787130 231
1787140 230
1787150 230
1787160 230
1787170 229
1787180 229
1787190 229
1787200 229
1787210 229
1787220 229
1787230 229
1787240 229
1787250 229
1787260 229
1787270 229
1787280 230
1787290 232
1787300 234
1787310 236
1787320 237
1787330 237
1787340 238
1787350 239
1787360 240
1787370 241
1787380 241
1787390 242
1787400 242
1787410 242
1787420 243
1787430 243
1787440 243
1787450 243
1787460 243
1787470 242
1787480 242
1787490 242
1787500 242
1787510 241
1787520 241
1787530 240
1787540 240
1787550 239
1787560 239
1787570 239
1787580 238
1787590 238
1787600 237
1787610 237
1787620 237
1787630 236
1787640 236
1787650 235
1787660 235
1787670 234
1787680 234
1787690 233
1787700 232
1787710 231
1787720 230
1787730 229
1787740 228
1787750 227
1787760 226
1787770 224
1787780 223
1787790 222
1787800 220
1787810 219
1787820 218
1787830 217
1787840 216
1787850 215
1787860 215
1787870 214
1787880 214
1787890 214
1787900 214
1787910 214
1787920 213
1787930 213
1787940 213
1787950 213
1787960 213
1787970 213
1787980 213
1787990 213
1788000 213
1788010 213
1788020 213
1788030 213
1788040 213
1788050 213
1788060 213
1788070 213
1788080 213
1788090 212
1788100 212
1788110 212
1788120 212
1788130 212
1788140 212
1788150 211
1788160 211
1788170 211
1788180 211
1788190 211
1788200 211
1788210 211
1788220 211
1788230 211
1788240 211
1788250 211
1788260 211
1788270 211
1788280 211
1788290 211
1788300 211
1788310 211
1788320 211
1788330 211
1788340 211
1788350 211
1788360 211
1788370 211
1788380 211
1788390 211
1788400 211
1788410 211
1788420 211
1788430 211
1788440 211
1788450 211
1788460 211
1788470 211
1788480 211
1788490 211
1788500 211
1788510 211
1788520 211
1788530 211
1788540 211
1788550 211
1788560 211
1788570 211
1788580 210
1788590 210
1788600 210
1788610 210
1788620 210
1788630 210
1788640 210
1788650 210
1788660 210
1788670 210
1788680 210
1788690 210
1788700 211
1788710 211
1788720 211
1788730 211
1788740 210
1788750 210
1788760 210
1788770 210
1788780 211
1788790 211
1788800 211
1788810 211
1788820 211
1788830 211
1788840 211
1788850 211
1788860 212
1788870 212
1788880 212
1788890 213
1788900 213
1788910 213
1788920 214
1788930 214
1788940 215
1788950 216
1788960 217
1788970 217
1788980 218
1788990 218
1789000 219
1789010 219
1789020 220
1789030 220
1789040 220
1789050 219
1789060 220
1789070 221
1789080 223
1789090 223
1789100 224
1789110 224
1789120 225
1789130 226
1789140 226
1789150 227
1789160 229
1789170 230
1789180 230
1789190 231
1789200 231
1789210 232
1789220 233
1789230 233
1789240 234
1789250 235
1789260 236
1789270 237
1789280 238
1789290 239
1789300 240
1789310 241
1789320 242
1789330 243
1789340 244
1789350 245
1789360 246
1789370 247
1789380 248
1789390 250
1789400 251
1789410 252
1789420 253
1789430 254
1789440 255
1789450 257
1789460 258
1789470 259
1789480 260
1789490 260
1789500 261
1789510 260
1789520 260
1789530 261
1789540 263
1789550 265
1789560 266
1789570 267
1789580 267
1789590 267
1789600 268
1789610 269
1789620 271
1789630 272
1789640 273
1789650 275
1789660 276
1789670 277
1789680 278
1789690 279
1789700 280
1789710 281
1789720 282
1789730 283
1789740 284
1789750 285
1789760 287
1789770 289
1789780 290
1789790 290
1789800 291
1789810 291
1789820 292
1789830 293
1789840 294
1789850 296
1789860 297
1789870 298
1789880 300
1789890 301
1789900 302
1789910 302
1789920 303
1789930 303
1789940 303
1789950 303
1789960 302
1789970 302
1789980 302
1789990 301
1790000 300
1790010 300
1790020 299
1790030 298
1790040 298
1790050 297
1790060 296
1790070 295
1790080 293
1790090 292
1790100 291
1790110 290
1790120 289
1790130 289
1790140 288
1790150 287
1790160 286
1790170 284
1790180 283
1790190 282
1790200 282
1790210 281
1790220 280
1790230 279
1790240 278
1790250 276
1790260 275
1790270 274
1790280 273
1790290 271
1790300 270
1790310 270
1790320 269
1790330 266
1790340 266
1790350 265
1790360 264
1790370 264
1790380 263
1790390 262
1790400 261
1790410 260
1790420 259
1790430 258
1790440 257
1790450 256
1790460 255
1790470 254
1790480 253
1790490 252
1790500 251
1790510 250
1790520 249
1790530 249
1790540 248
1790550 247
1790560 246
1790570 245
1790580 244
1790590 244
1790600 243
1790610 242
1790620 241
1790630 240
1790640 239
1790650 239
1790660 238
1790670 238
1790680 238
1790690 236
1790700 236
1790710 235
1790720 235
1790730 235
1790740 235
1790750 235
1790760 235
1790770 235
1790780 235
1790790 235
1790800 235
1790810 235
1790820 235
1790830 235
1790840 236
1790850 236
1790860 236
1790870 237
1790880 238
1790890 239
1790900 240
1790910 241
1790920 242
1790930 243
1790940 244
1790950 245
1790960 246
1790970 247
1790980 248
1790990 248
1791000 249
1791010 250
1791020 251
1791030 252
1791040 252
1791050 253
1791060 254
1791070 255
1791080 256
1791090 257
1791100 258
1791110 259
1791120 260
1791130 261
1791140 261
1791150 262
1791160 263
1791170 265
1791180 266
1791190 267
1791200 268
1791210 270
1791220 271
1791230 273
1791240 274
1791250 275
1791260 277
1791270 278
1791280 279
1791290 280
1791300 281
1791310 283
1791320 284
1791330 285
1791340 286
1791350 288
1791360 289
1791370 290
1791380 291
1791390 292
1791400 293
1791410 294
1791420 295
1791430 296
1791440 297
1791450 297
1791460 298
1791470 299
1791480 299
1791490 300
1791500 300
1791510 301
1791520 301
1791530 302
1791540 302
1791550 303
1791560 303
1791570 304
1791580 304
1791590 305
1791600 305
1791610 305
1791620 306
1791630 306
1791640 307
1791650 307
1791660 308
1791670 308
1791680 309
1791690 309
1791700 309
1791710 310
1791720 310
1791730 310
1791740 310
1791750 311
1791760 311
1791770 311
1791780 311
1791790 312
1791800 312
1791810 312
1791820 312
1791830 312
1791840 313
1791850 313
1791860 313
1791870 312
1791880 311
1791890 309
1791900 308
1791910 308
1791920 308
1791930 308
1791940 308
1791950 308
1791960 308
1791970 308
1791980 309
1791990 309
1792000 309
1792010 310
1792020 310
1792030 310
1792040 309
1792050 309
1792060 309
1792070 308
1792080 308
1792090 307
1792100 307
1792110 306
1792120 305
1792130 305
1792140 304
1792150 303
1792160 302
1792170 301
1792180 301
1792190 300
1792200 299
1792210 298
1792220 297
1792230 296
1792240 295
1792250 294
1792260 292
1792270 291
1792280 290
1792290 289
1792300 288
1792310 286
1792320 285
1792330 284
1792340 282
1792350 281
1792360 279
1792370 278
1792380 277
1792390 276
1792400 275
1792410 274
1792420 273
1792430 273
1792440 272
1792450 272
1792460 271
1792470 272
1792480 272
1792490 273
1792500 273
1792510 274
1792520 275
1792530 275
1792540 276
1792550 276
1792560 277
1792570 277
1792580 277
1792590 278
1792600 278
1792610 278
1792620 279
1792630 279
1792640 279
1792650 279
1792660 279
1792670 279
1792680 279
1792690 279
1792700 279
1792710 279
1792720 278
1792730 278
1792740 278
1792750 277
1792760 277
1792770 276
1792780 276
1792790 277
1792800 277
1792810 276
1792820 276
1792830 275
1792840 275
1792850 274
1792860 273
1792870 273
1792880 272
1792890 270
1792900 269
1792910 268
1792920 267
1792930 266
1792940 265
1792950 264
1792960 264
1792970 263
1792980 262
1792990 262
1793000 261
1793010 260
1793020 259
1793030 257
1793040 258
1793050 259
1793060 260
1793070 261
1793080 261
1793090 262
1793100 262
1793110 263
1793120 264
1793130 265
1793140 266
1793150 267
1793160 268
1793170 269
1793180 269
1793190 269
1793200 270
1793210 270
1793220 271
1793230 272
1793240 273
1793250 275
1793260 275
1793270 276
1793280 276
1793290 277
1793300 277
1793310 277
1793320 277
1793330 277
1793340 277
1793350 277
1793360 278
1793370 278
1793380 278
1793390 278
1793400 279
1793410 279
1793420 280
1793430 280
1793440 281
1793450 282
1793460 282
1793470 283
1793480 285
1793490 286
1793500 287
1793510 287
1793520 288
1793530 288
1793540 289
1793550 289
1793560 290
1793570 291
1793580 292
1793590 294
1793600 295
1793610 297
1793620 298
1793630 300
1793640 301
1793650 303
1793660 305
1793670 307
1793680 308
1793690 309
1793700 310
1793710 311
1793720 312
1793730 313
1793740 313
1793750 314
1793760 315
1793770 315
1793780 316
1793790 317
1793800 317
1793810 318
1793820 318
1793830 319
1793840 320
1793850 320
1793860 321
1793870 322
1793880 323
1793890 324
1793900 325
1793910 327
1793920 328
1793930 329
1793940 331
1793950 332
1793960 334
1793970 335
1793980 335
1793990 336
1794000 336
1794010 336
1794020 336
1794030 336
1794040 336
1794050 336
1794060 336
1794070 336
1794080 336
1794090 335
1794100 335
1794110 335
1794120 335
1794130 334
1794140 334
1794150 334
1794160 333
1794170 332
1794180 332
1794190 331
1794200 330
1794210 330
1794220 329
1794230 328
1794240 328
1794250 327
1794260 326
1794270 326
1794280 325
1794290 324
1794300 324
1794310 323
1794320 323
1794330 322
1794340 321
1794350 321
1794360 320
1794370 319
1794380 319
1794390 318
1794400 317
1794410 317
1794420 316
1794430 315
1794440 315
1794450 314
1794460 313
1794470 311
1794480 309
1794490 307
1794500 304
1794510 301
1794520 299
1794530 297
1794540 296
1794550 295
1794560 295
1794570 296
1794580 296
1794590 298
1794600 300
1794610 301
1794620 302
1794630 302
1794640 302
1794650 302
1794660 302
1794670 302
1794680 301
1794690 300
1794700 299
1794710 297
1794720 296
1794730 294
1794740 291
1794750 289
1794760 291
1794770 293
1794780 296
1794790 296
1794800 296
1794810 293
1794820 295
1794830 295
1794840 296
1794850 297
1794860 298
1794870 299
1794880 300
1794890 301
1794900 302
1794910 302
1794920 302
1794930 303
1794940 303
1794950 303
1794960 303
1794970 303
1794980 303
1794990 303
1795000 303
1795010 303
1795020 302
1795030 302
1795040 302
1795050 301
1795060 301
1795070 301
1795080 300
1795090 300
1795100 300
1795110 299
1795120 299
1795130 298
1795140 297
1795150 296
1795160 295
1795170 294
1795180 293
1795190 292
1795200 291
1795210 289
1795220 286
1795230 284
1795240 284
1795250 285
1795260 283
1795270 283
1795280 284
1795290 286
1795300 286
1795310 284
1795320 282
1795330 281
1795340 282
1795350 281
1795360 282
1795370 282
1795380 282
1795390 282
1795400 281
1795410 281
1795420 281
1795430 280
1795440 280
1795450 280
1795460 279
1795470 279
1795480 279
1795490 279
1795500 279
1795510 279
1795520 278
1795530 278
1795540 278
1795550 278
1795560 278
1795570 278
1795580 278
1795590 278
1795600 278
1795610 278
1795620 277
1795630 277
1795640 277
1795650 277
1795660 277
1795670 276
1795680 276
1795690 276
1795700 276
1795710 276
1795720 275
1795730 275
1795740 275
1795750 275
1795760 275
1795770 274
1795780 274
1795790 274
1795800 274
1795810 273
1795820 273
1795830 272
1795840 272
1795850 271
1795860 271
1795870 270
1795880 270
1795890 269
1795900 269
1795910 268
1795920 268
1795930 267
1795940 267
1795950 266
1795960 265
1795970 265
1795980 264
1795990 264
1796000 263
1796010 263
1796020 263
1796030 263
1796040 263
1796050 263
1796060 262
1796070 262
1796080 262
1796090 262
1796100 262
1796110 262
1796120 262
1796130 262
1796140 261
1796150 261
1796160 261
1796170 261
1796180 261
1796190 261
1796200 261
1796210 261
1796220 261
1796230 261
1796240 261
1796250 261
1796260 261
1796270 261
1796280 260
1796290 260
1796300 260
1796310 260
1796320 260
1796330 260
1796340 260
1796350 259
1796360 259
1796370 259
1796380 259
1796390 258
1796400 258
1796410 258
1796420 258
1796430 257
1796440 257
1796450 257
1796460 257
1796470 257
1796480 256
1796490 256
1796500 256
1796510 256
1796520 256
1796530 256
1796540 255
1796550 255
1796560 255
1796570 255
1796580 255
1796590 255
1796600 255
1796610 254
1796620 254
1796630 254
1796640 254
1796650 254
1796660 254
1796670 254
1796680 254
1796690 254
1796700 254
1796710 254
1796720 254
1796730 254
1796740 254
1796750 254
1796760 254
1796770 254
1796780 254
1796790 254
1796800 254
1796810 253
1796820 253
1796830 253
1796840 253
1796850 253
1796860 253
1796870 253
1796880 253
1796890 253
1796900 253
1796910 253
1796920 253
1796930 253
1796940 253
1796950 253
1796960 253
1796970 253
1796980 253
1796990 253
1797000 253
1797010 253
1797020 253
1797030 253
1797040 252
1797050 253
1797060 253
1797070 252
1797080 252
1797090 252
1797100 252
1797110 252
1797120 252
1797130 252
1797140 252
1797150 252
1797160 251
1797170 251
1797180 251
1797190 251
1797200 251
1797210 251
1797220 250
1797230 250
1797240 250
1797250 250
1797260 250
1797270 250
1797280 250
1797290 250
1797300 250
1797310 250
1797320 250
1797330 250
1797340 250
1797350 251
1797360 251
1797370 249
1797380 248
1797390 248
1797400 248
1797410 248
1797420 248
1797430 248
1797440 248
1797450 247
1797460 247
1797470 247
1797480 247
1797490 247
1797500 247
1797510 247
1797520 247
1797530 247
1797540 247
1797550 247
1797560 247
1797570 247
1797580 247
1797590 247
1797600 247
1797610 246
1797620 246
1797630 246
1797640 246
1797650 246
1797660 246
1797670 246
1797680 245
1797690 245
1797700 245
1797710 245
1797720 245
1797730 245
1797740 244
1797750 244
1797760 244
1797770 244
1797780 244
1797790 244
1797800 243
1797810 243
1797820 243
1797830 243
1797840 243
1797850 243
1797860 243
1797870 242
1797880 242
1797890 242
1797900 242
1797910 242
1797920 242
1797930 242
1797940 242
1797950 242
1797960 242
1797970 242
1797980 242
1797990 241
1798000 241
1798010 241
1798020 241
1798030 241
1798040 241
1798050 242
1798060 242
1798070 242
1798080 242
1798090 242
1798100 242
1798110 242
1798120 242
1798130 242
1798140 242
1798150 242
1798160 242
1798170 242
1798180 242
1798190 242
1798200 242
1798210 242
1798220 242
1798230 242
1798240 242
1798250 242
1798260 242
1798270 242
1798280 242
1798290 242
1798300 242
1798310 242
1798320 243
1798330 243
1798340 243
1798350 243
1798360 243
1798370 244
1798380 244
1798390 244
1798400 245
1798410 245
1798420 245
1798430 245
1798440 245
1798450 245
1798460 245
1798470 245
1798480 245
1798490 245
1798500 245
1798510 244
1798520 244
1798530 244
1798540 243
1798550 243
1798560 242
1798570 241
1798580 241
1798590 240
1798600 240
1798610 239
1798620 239
1798630 238
1798640 238
1798650 238
1798660 238
1798670 238
1798680 238
1798690 237
1798700 236
1798710 236
1798720 236
1798730 236
1798740 236
1798750 236
1798760 236
1798770 236
1798780 235
1798790 235
1798800 235
1798810 235
1798820 235
1798830 235
1798840 235
1798850 235
1798860 235
1798870 235
1798880 235
1798890 235
1798900 235
1798910 235
1798920 235
1798930 235
1798940 235
1798950 235
1798960 235
1798970 235
1798980 236
1798990 236
1799000 236
1799010 236
1799020 237
1799030 237
1799040 238
1799050 239
1799060 239
1799070 239
1799080 240
1799090 241
1799100 243
1799110 246
1799120 248
1799130 249
1799140 249
1799150 250
1799160 251
1799170 252
1799180 253
1799190 254
1799200 255
1799210 256
1799220 257
1799230 258
1799240 259
1799250 260
1799260 261
1799270 262
1799280 263
1799290 265
1799300 266
1799310 268
1799320 271
1799330 272
1799340 272
1799350 273
1799360 274
1799370 275
1799380 277
1799390 278
1799400 280
1799410 281
1799420 283
1799430 284
1799440 286
1799450 287
1799460 288
1799470 289
1799480 290
1799490 291
1799500 292
1799510 293
1799520 294
1799530 295
1799540 297
1799550 298
1799560 299
1799570 300
1799580 301
1799590 302
1799600 303
1799610 304
1799620 306
1799630 307
1799640 307
1799650 308
1799660 309
1799670 310
1799680 310
1799690 311
1799700 311
1799710 312
1799720 312
1799730 313
1799740 313
1799750 314
1799760 314
1799770 314
1799780 315
1799790 315
1799800 315
1799810 316
1799820 316
1799830 316
1799840 316
1799850 317
1799860 317
1799870 317
1799880 317
1799890 317
1799900 318
1799910 318
1799920 318
1799930 318
1799940 319
1799950 319
1799960 319
1799970 319
1799980 320
1799990 320
