1780000 321
1780010 320
1780020 319
1780030 318
1780040 316
1780050 312
1780060 310
1780070 310
1780080 313
1780090 316
1780100 319
1780110 322
1780120 323
1780130 325
1780140 326
1780150 326
1780160 326
1780170 327
1780180 327
1780190 326
1780200 326
1780210 326
1780220 326
1780230 325
1780240 325
1780250 324
1780260 324
1780270 324
1780280 324
1780290 325
1780300 326
1780310 327
1780320 328
1780330 329
1780340 330
1780350 331
1780360 332
1780370 332
1780380 333
1780390 333
1780400 334
1780410 334
1780420 334
1780430 334
1780440 334
1780450 334
1780460 334
1780470 334
1780480 334
1780490 334
1780500 334
1780510 334
1780520 335
1780530 335
1780540 335
1780550 335
1780560 335
1780570 335
1780580 335
1780590 335
1780600 335
1780610 335
1780620 335
1780630 336
1780640 336
1780650 336
1780660 336
1780670 336
1780680 336
1780690 337
1780700 337
1780710 337
1780720 338
1780730 338
1780740 339
1780750 339
1780760 340
1780770 340
1780780 340
1780790 341
1780800 341
1780810 341
1780820 342
1780830 342
1780840 343
1780850 343
1780860 344
1780870 344
1780880 345
1780890 345
1780900 346
1780910 346
1780920 346
1780930 347
1780940 347
1780950 347
1780960 348
1780970 348
1780980 348
1780990 349
1781000 349
1781010 349
1781020 349
1781030 349
1781040 349
1781050 349
1781060 350
1781070 350
1781080 350
1781090 350
1781100 350
1781110 350
1781120 349
1781130 349
1781140 349
1781150 348
1781160 348
1781170 347
1781180 347
1781190 346
1781200 346
1781210 346
1781220 346
1781230 346
1781240 347
1781250 347
1781260 347
1781270 348
1781280 348
1781290 348
1781300 348
1781310 348
1781320 348
1781330 348
1781340 348
1781350 348
1781360 348
1781370 348
1781380 348
1781390 348
1781400 348
1781410 348
1781420 348
1781430 348
1781440 348
1781450 349
1781460 349
1781470 349
1781480 349
1781490 349
1781500 349
1781510 349
1781520 349
1781530 349
1781540 349
1781550 349
1781560 349
1781570 349
1781580 349
1781590 349
1781600 349
1781610 349
1781620 349
1781630 349
1781640 349
1781650 349
1781660 349
1781670 349
1781680 349
1781690 349
1781700 349
1781710 349
1781720 349
1781730 349
1781740 349
1781750 349
1781760 349
1781770 349
1781780 349
1781790 349
1781800 349
1781810 349
1781820 348
1781830 348
1781840 348
1781850 348
1781860 348
1781870 348
1781880 348
1781890 348
1781900 348
1781910 348
1781920 348
1781930 348
1781940 348
1781950 348
1781960 348
1781970 348
1781980 348
1781990 348
1782000 348
1782010 348
1782020 348
1782030 348
1782040 348
1782050 348
1782060 349
1782070 349
1782080 349
1782090 349
1782100 349
1782110 349
1782120 349
1782130 348
1782140 348
1782150 348
1782160 348
1782170 348
1782180 347
1782190 347
1782200 347
1782210 346
1782220 346
1782230 346
1782240 346
1782250 345
1782260 345
1782270 345
1782280 345
1782290 345
1782300 344
1782310 344
1782320 344
1782330 344
1782340 344
1782350 344
1782360 344
1782370 344
1782380 344
1782390 344
1782400 344
1782410 344
1782420 344
1782430 344
1782440 344
1782450 344
1782460 344
1782470 343
1782480 343
1782490 343
1782500 343
1782510 343
1782520 343
1782530 343
1782540 343
1782550 342
1782560 342
1782570 342
1782580 342
1782590 342
1782600 342
1782610 342
1782620 342
1782630 342
1782640 342
1782650 341
1782660 341
1782670 341
1782680 341
1782690 341
1782700 341
1782710 341
1782720 341
1782730 341
1782740 341
1782750 341
1782760 341
1782770 341
1782780 341
1782790 341
1782800 341
1782810 341
1782820 341
1782830 341
1782840 341
1782850 341
1782860 341
1782870 341
1782880 341
1782890 341
1782900 341
1782910 341
1782920 341
1782930 341
1782940 341
1782950 341
1782960 341
1782970 341
1782980 342
1782990 342
1783000 342
1783010 342
1783020 342
1783030 342
1783040 342
1783050 342
1783060 342
1783070 342
1783080 342
1783090 342
1783100 341
1783110 341
1783120 341
1783130 341
1783140 341
1783150 340
1783160 340
1783170 340
1783180 340
1783190 340
1783200 339
1783210 339
1783220 339
1783230 339
1783240 339
1783250 339
1783260 338
1783270 338
1783280 338
1783290 338
1783300 338
1783310 338
1783320 338
1783330 338
1783340 336
1783350 336
1783360 337
1783370 338
1783380 339
1783390 339
1783400 339
1783410 338
1783420 338
1783430 338
1783440 338
1783450 338
1783460 338
1783470 338
1783480 338
1783490 338
1783500 339
1783510 339
1783520 339
1783530 339
1783540 340
1783550 340
1783560 340
1783570 340
1783580 340
1783590 340
1783600 341
1783610 341
1783620 341
1783630 341
1783640 341
1783650 342
1783660 343
1783670 344
1783680 344
1783690 344
1783700 343
1783710 343
1783720 343
1783730 343
1783740 344
1783750 344
1783760 345
1783770 345
1783780 345
1783790 345
1783800 345
1783810 345
1783820 345
1783830 345
1783840 345
1783850 345
1783860 344
1783870 344
1783880 344
1783890 343
1783900 343
1783910 343
1783920 342
1783930 341
1783940 338
1783950 335
1783960 333
1783970 333
1783980 334
1783990 335
1784000 335
1784010 336
1784020 338
1784030 339
1784040 338
1784050 337
1784060 336
1784070 336
1784080 336
1784090 336
1784100 337
1784110 338
1784120 339
1784130 339
1784140 339
1784150 338
1784160 335
1784170 333
1784180 330
1784190 328
1784200 326
1784210 324
1784220 323
1784230 322
1784240 321
1784250 320
1784260 320
1784270 320
1784280 319
1784290 319
1784300 319
1784310 319
1784320 319
1784330 319
1784340 319
1784350 319
1784360 318
1784370 318
1784380 318
1784390 319
1784400 320
1784410 322
1784420 323
1784430 325
1784440 326
1784450 326
1784460 326
1784470 325
1784480 325
1784490 324
1784500 324
1784510 323
1784520 323
1784530 323
1784540 323
1784550 322
1784560 322
1784570 321
1784580 320
1784590 320
1784600 319
1784610 319
1784620 319
1784630 318
1784640 318
1784650 318
1784660 318
1784670 318
1784680 319
1784690 319
1784700 319
1784710 320
1784720 320
1784730 321
1784740 321
1784750 321
1784760 320
1784770 320
1784780 319
1784790 318
1784800 318
1784810 317
1784820 316
1784830 316
1784840 315
1784850 314
1784860 313
1784870 313
1784880 312
1784890 311
1784900 310
1784910 309
1784920 308
1784930 308
1784940 307
1784950 307
1784960 306
1784970 305
1784980 305
1784990 305
1785000 304
1785010 304
1785020 303
1785030 303
1785040 302
1785050 302
1785060 302
1785070 301
1785080 301
1785090 300
1785100 300
1785110 299
1785120 299
1785130 298
1785140 298
1785150 297
1785160 297
1785170 296
1785180 296
1785190 295
1785200 294
1785210 293
1785220 291
1785230 290
1785240 288
1785250 286
1785260 285
1785270 283
1785280 280
1785290 278
1785300 276
1785310 273
1785320 270
1785330 268
1785340 266
1785350 265
1785360 267
1785370 269
1785380 271
1785390 272
1785400 273
1785410 274
1785420 276
1785430 277
1785440 278
1785450 280
1785460 281
1785470 282
1785480 283
1785490 284
1785500 285
1785510 286
1785520 287
1785530 288
1785540 288
1785550 288
1785560 288
1785570 288
1785580 288
1785590 288
1785600 288
1785610 289
1785620 289
1785630 289
1785640 290
1785650 290
1785660 291
1785670 291
1785680 292
1785690 292
1785700 292
1785710 292
1785720 292
1785730 292
1785740 292
1785750 292
1785760 292
1785770 292
1785780 292
1785790 292
1785800 292
1785810 292
1785820 292
1785830 291
1785840 291
1785850 291
1785860 291
1785870 291
1785880 291
1785890 290
1785900 290
1785910 290
1785920 290
1785930 289
1785940 289
1785950 288
1785960 288
1785970 287
1785980 287
1785990 287
1786000 286
1786010 286
1786020 286
1786030 286
1786040 286
1786050 286
1786060 285
1786070 285
1786080 285
1786090 284
1786100 284
1786110 284
1786120 283
1786130 283
1786140 282
1786150 282
1786160 281
1786170 281
1786180 281
1786190 280
1786200 280
1786210 280
1786220 279
1786230 279
1786240 278
1786250 278
1786260 277
1786270 276
1786280 276
1786290 275
1786300 274
1786310 273
1786320 272
1786330 271
1786340 270
1786350 269
1786360 268
1786370 267
1786380 267
1786390 266
1786400 265
1786410 264
1786420 263
1786430 263
1786440 262
1786450 261
1786460 261
1786470 260
1786480 259
1786490 259
1786500 259
1786510 259
1786520 259
1786530 259
1786540 259
1786550 259
1786560 259
1786570 260
1786580 260
1786590 260
1786600 260
1786610 260
1786620 260
1786630 260
1786640 259
1786650 259
1786660 259
1786670 258
1786680 258
1786690 257
1786700 257
1786710 256
1786720 255
1786730 255
1786740 254
1786750 253
1786760 252
1786770 251
1786780 250
1786790 249
1786800 248
1786810 247
1786820 245
1786830 244
1786840 242
1786850 242
1786860 242
1786870 242
1786880 241
1786890 241
1786900 241
1786910 242
1786920 243
1786930 243
1786940 243
1786950 242
1786960 242
1786970 242
1786980 241
1786990 241
1787000 241
1787010 240
1787020 240
1787030 240
1787040 240
1787050 239
1787060 239
1787070 238
1787080 238
1787090 238
1787100 238
1787110 237
1787120 237
1787130 236
1787140 236
1787150 235
1787160 235
1787170 234
1787180 233
1787190 233
1787200 232
1787210 231
1787220 230
1787230 229
1787240 228
1787250 228
1787260 228
1787270 228
1787280 228
1787290 228
1787300 227
1787310 227
1787320 227
1787330 226
1787340 226
1787350 226
1787360 226
1787370 226
1787380 226
1787390 225
1787400 225
1787410 225
1787420 224
1787430 224
1787440 223
1787450 223
1787460 222
1787470 220
1787480 219
1787490 218
1787500 218
1787510 217
1787520 217
1787530 217
1787540 216
1787550 216
1787560 216
1787570 216
1787580 216
1787590 216
1787600 215
1787610 215
1787620 215
1787630 215
1787640 215
1787650 215
1787660 215
1787670 215
1787680 214
1787690 214
1787700 214
1787710 214
1787720 214
1787730 214
1787740 214
1787750 214
1787760 214
1787770 214
1787780 214
1787790 214
1787800 214
1787810 213
1787820 213
1787830 212
1787840 212
1787850 213
1787860 213
1787870 213
1787880 213
1787890 213
1787900 213
1787910 213
1787920 213
1787930 213
1787940 213
1787950 213
1787960 213
1787970 213
1787980 213
1787990 213
1788000 213
1788010 213
1788020 213
1788030 213
1788040 213
1788050 213
1788060 214
1788070 215
1788080 218
1788090 217
1788100 217
1788110 217
1788120 217
1788130 218
1788140 218
1788150 218
1788160 218
1788170 218
1788180 219
1788190 219
1788200 220
1788210 220
1788220 221
1788230 222
1788240 223
1788250 223
1788260 224
1788270 224
1788280 225
1788290 225
1788300 226
1788310 226
1788320 226
1788330 227
1788340 227
1788350 228
1788360 228
1788370 228
1788380 229
1788390 229
1788400 229
1788410 230
1788420 230
1788430 230
1788440 230
1788450 230
1788460 230
1788470 231
1788480 231
1788490 232
1788500 233
1788510 233
1788520 234
1788530 235
1788540 235
1788550 236
1788560 237
1788570 237
1788580 238
1788590 238
1788600 239
1788610 240
1788620 240
1788630 241
1788640 241
1788650 242
1788660 243
1788670 243
1788680 244
1788690 244
1788700 245
1788710 246
1788720 246
1788730 247
1788740 247
1788750 247
1788760 247
1788770 247
1788780 247
1788790 247
1788800 247
1788810 247
1788820 247
1788830 247
1788840 247
1788850 247
1788860 247
1788870 247
1788880 247
1788890 247
1788900 247
1788910 248
1788920 248
1788930 248
1788940 249
1788950 249
1788960 250
1788970 250
1788980 251
1788990 251
1789000 252
1789010 252
1789020 253
1789030 253
1789040 254
1789050 254
1789060 255
1789070 255
1789080 256
1789090 256
1789100 257
1789110 257
1789120 257
1789130 258
1789140 258
1789150 258
1789160 258
1789170 259
1789180 259
1789190 259
1789200 260
1789210 260
1789220 260
1789230 260
1789240 260
1789250 261
1789260 261
1789270 261
1789280 261
1789290 261
1789300 261
1789310 261
1789320 261
1789330 261
1789340 261
1789350 262
1789360 263
1789370 266
1789380 268
1789390 270
1789400 272
1789410 273
1789420 274
1789430 276
1789440 278
1789450 279
1789460 280
1789470 280
1789480 280
1789490 280
1789500 279
1789510 278
1789520 278
1789530 278
1789540 278
1789550 278
1789560 278
1789570 277
1789580 276
1789590 274
1789600 272
1789610 271
1789620 271
1789630 273
1789640 276
1789650 279
1789660 283
1789670 286
1789680 288
1789690 287
1789700 284
1789710 282
1789720 284
1789730 287
1789740 291
1789750 294
1789760 296
1789770 298
1789780 297
1789790 295
1789800 293
1789810 294
1789820 295
1789830 297
1789840 299
1789850 299
1789860 298
1789870 296
1789880 293
1789890 290
1789900 287
1789910 285
1789920 284
1789930 283
1789940 283
1789950 283
1789960 283
1789970 283
1789980 283
1789990 283
1790000 283
1790010 283
1790020 283
1790030 282
1790040 282
1790050 282
1790060 282
1790070 282
1790080 282
1790090 281
1790100 281
1790110 281
1790120 281
1790130 281
1790140 280
1790150 280
1790160 280
1790170 280
1790180 280
1790190 279
1790200 278
1790210 277
1790220 277
1790230 277
1790240 276
1790250 276
1790260 276
1790270 276
1790280 275
1790290 274
1790300 273
1790310 272
1790320 272
1790330 271
1790340 271
1790350 270
1790360 270
1790370 270
1790380 269
1790390 269
1790400 269
1790410 268
1790420 268
1790430 269
1790440 269
1790450 268
1790460 268
1790470 268
1790480 268
1790490 268
1790500 267
1790510 267
1790520 267
1790530 267
1790540 267
1790550 267
1790560 267
1790570 267
1790580 267
1790590 267
1790600 267
1790610 267
1790620 267
1790630 268
1790640 268
1790650 268
1790660 269
1790670 269
1790680 270
1790690 270
1790700 272
1790710 273
1790720 274
1790730 274
1790740 274
1790750 274
1790760 273
1790770 270
1790780 266
1790790 265
1790800 264
1790810 264
1790820 264
1790830 264
1790840 264
1790850 264
1790860 264
1790870 265
1790880 266
1790890 268
1790900 272
1790910 276
1790920 279
1790930 280
1790940 281
1790950 281
1790960 281
1790970 282
1790980 282
1790990 282
1791000 283
1791010 283
1791020 284
1791030 284
1791040 285
1791050 285
1791060 285
1791070 285
1791080 285
1791090 285
1791100 285
1791110 285
1791120 285
1791130 285
1791140 285
1791150 285
1791160 285
1791170 285
1791180 284
1791190 284
1791200 284
1791210 283
1791220 283
1791230 282
1791240 282
1791250 282
1791260 282
1791270 281
1791280 281
1791290 280
1791300 280
1791310 279
1791320 279
1791330 278
1791340 279
1791350 279
1791360 279
1791370 279
1791380 279
1791390 279
1791400 279
1791410 279
1791420 279
1791430 279
1791440 279
1791450 279
1791460 279
1791470 280
1791480 280
1791490 281
1791500 283
1791510 284
1791520 285
1791530 286
1791540 287
1791550 288
1791560 289
1791570 290
1791580 291
1791590 292
1791600 292
1791610 293
1791620 294
1791630 295
1791640 296
1791650 297
1791660 298
1791670 298
1791680 299
1791690 300
1791700 300
1791710 301
1791720 301
1791730 302
1791740 303
1791750 304
1791760 304
1791770 305
1791780 306
1791790 307
1791800 307
1791810 308
1791820 309
1791830 310
1791840 311
1791850 312
1791860 312
1791870 313
1791880 313
1791890 313
1791900 313
1791910 314
1791920 314
1791930 314
1791940 314
1791950 314
1791960 315
1791970 315
1791980 314
1791990 314
1792000 314
1792010 314
1792020 314
1792030 314
1792040 314
1792050 314
1792060 314
1792070 314
1792080 313
1792090 313
1792100 312
1792110 312
1792120 312
1792130 311
1792140 311
1792150 310
1792160 310
1792170 309
1792180 308
1792190 307
1792200 306
1792210 305
1792220 304
1792230 303
1792240 302
1792250 301
1792260 300
1792270 299
1792280 298
1792290 297
1792300 296
1792310 296
1792320 296
1792330 297
1792340 297
1792350 298
1792360 298
1792370 299
1792380 299
1792390 299
1792400 299
1792410 300
1792420 300
1792430 300
1792440 300
1792450 300
1792460 300
1792470 300
1792480 300
1792490 300
1792500 301
1792510 301
1792520 301
1792530 300
1792540 300
1792550 300
1792560 300
1792570 300
1792580 300
1792590 300
1792600 300
1792610 300
1792620 300
1792630 300
1792640 300
1792650 300
1792660 299
1792670 300
1792680 300
1792690 301
1792700 301
1792710 302
1792720 302
1792730 302
1792740 303
1792750 304
1792760 304
1792770 305
1792780 306
1792790 306
1792800 307
1792810 308
1792820 309
1792830 310
1792840 310
1792850 311
1792860 311
1792870 312
1792880 312
1792890 313
1792900 313
1792910 313
1792920 313
1792930 313
1792940 313
1792950 314
1792960 314
1792970 314
1792980 314
1792990 314
1793000 315
1793010 315
1793020 315
1793030 316
1793040 316
1793050 317
1793060 317
1793070 318
1793080 318
1793090 319
1793100 319
1793110 320
1793120 320
1793130 321
1793140 321
1793150 321
1793160 322
1793170 322
1793180 323
1793190 323
1793200 324
1793210 325
1793220 326
1793230 326
1793240 327
1793250 328
1793260 328
1793270 329
1793280 330
1793290 331
1793300 332
1793310 334
1793320 335
1793330 337
1793340 339
1793350 340
1793360 342
1793370 343
1793380 344
1793390 345
1793400 346
1793410 347
1793420 347
1793430 347
1793440 348
1793450 348
1793460 348
1793470 348
1793480 348
1793490 348
1793500 348
1793510 348
1793520 348
1793530 348
1793540 348
1793550 348
1793560 348
1793570 349
1793580 349
1793590 349
1793600 349
1793610 349
1793620 349
1793630 349
1793640 349
1793650 349
1793660 349
1793670 349
1793680 349
1793690 349
1793700 349
1793710 349
1793720 348
1793730 348
1793740 348
1793750 348
1793760 348
1793770 348
1793780 348
1793790 347
1793800 346
1793810 345
1793820 343
1793830 342
1793840 341
1793850 340
1793860 339
1793870 339
1793880 338
1793890 338
1793900 338
1793910 337
1793920 337
1793930 336
1793940 336
1793950 336
1793960 336
1793970 336
1793980 336
1793990 336
1794000 336
1794010 336
1794020 336
1794030 335
1794040 335
1794050 335
1794060 334
1794070 334
1794080 333
1794090 333
1794100 332
1794110 332
1794120 331
1794130 330
1794140 330
1794150 329
1794160 329
1794170 328
1794180 328
1794190 327
1794200 327
1794210 326
1794220 326
1794230 326
1794240 326
1794250 325
1794260 325
1794270 325
1794280 325
1794290 324
1794300 324
1794310 323
1794320 323
1794330 322
1794340 321
1794350 321
1794360 320
1794370 320
1794380 319
1794390 318
1794400 317
1794410 316
1794420 315
1794430 314
1794440 313
1794450 312
1794460 311
1794470 310
1794480 309
1794490 308
1794500 307
1794510 306
1794520 306
1794530 305
1794540 304
1794550 303
1794560 302
1794570 301
1794580 301
1794590 300
1794600 300
1794610 299
1794620 299
1794630 299
1794640 298
1794650 298
1794660 297
1794670 297
1794680 297
1794690 297
1794700 297
1794710 298
1794720 299
1794730 300
1794740 302
1794750 305
1794760 307
1794770 310
1794780 312
1794790 314
1794800 315
1794810 316
1794820 317
1794830 318
1794840 318
1794850 319
1794860 319
1794870 319
1794880 319
1794890 318
1794900 318
1794910 318
1794920 317
1794930 317
1794940 316
1794950 316
1794960 315
1794970 315
1794980 314
1794990 314
1795000 313
1795010 313
1795020 313
1795030 313
1795040 313
1795050 313
1795060 313
1795070 313
1795080 313
1795090 313
1795100 313
1795110 313
1795120 313
1795130 313
1795140 313
1795150 313
1795160 313
1795170 312
1795180 312
1795190 311
1795200 311
1795210 310
1795220 309
1795230 308
1795240 307
1795250 306
1795260 305
1795270 304
1795280 303
1795290 302
1795300 301
1795310 301
1795320 300
1795330 299
1795340 299
1795350 299
1795360 300
1795370 300
1795380 302
1795390 303
1795400 304
1795410 304
1795420 304
1795430 304
1795440 304
1795450 304
1795460 303
1795470 303
1795480 302
1795490 302
1795500 302
1795510 303
1795520 304
1795530 305
1795540 306
1795550 307
1795560 308
1795570 309
1795580 310
1795590 311
1795600 312
1795610 313
1795620 313
1795630 314
1795640 315
1795650 316
1795660 317
1795670 318
1795680 319
1795690 320
1795700 321
1795710 323
1795720 324
1795730 325
1795740 326
1795750 327
1795760 327
1795770 328
1795780 329
1795790 330
1795800 332
1795810 334
1795820 336
1795830 338
1795840 340
1795850 341
1795860 342
1795870 342
1795880 342
1795890 342
1795900 342
1795910 342
1795920 342
1795930 342
1795940 342
1795950 342
1795960 342
1795970 341
1795980 341
1795990 340
1796000 340
1796010 339
1796020 338
1796030 338
1796040 337
1796050 337
1796060 336
1796070 335
1796080 335
1796090 334
1796100 334
1796110 333
1796120 332
1796130 332
1796140 331
1796150 330
1796160 329
1796170 328
1796180 328
1796190 327
1796200 326
1796210 325
1796220 324
1796230 324
1796240 323
1796250 322
1796260 322
1796270 321
1796280 321
1796290 320
1796300 320
1796310 319
1796320 319
1796330 318
1796340 318
1796350 317
1796360 316
1796370 315
1796380 315
1796390 314
1796400 313
1796410 312
1796420 311
1796430 310
1796440 309
1796450 308
1796460 307
1796470 307
1796480 306
1796490 306
1796500 305
1796510 306
1796520 306
1796530 306
1796540 306
1796550 306
1796560 306
1796570 306
1796580 306
1796590 307
1796600 307
1796610 307
1796620 308
1796630 309
1796640 309
1796650 310
1796660 310
1796670 310
1796680 311
1796690 311
1796700 311
1796710 311
1796720 311
1796730 311
1796740 311
1796750 310
1796760 310
1796770 310
1796780 310
1796790 310
1796800 310
1796810 310
1796820 310
1796830 310
1796840 310
1796850 310
1796860 310
1796870 310
1796880 310
1796890 309
1796900 309
1796910 309
1796920 309
1796930 309
1796940 309
1796950 309
1796960 309
1796970 309
1796980 309
1796990 309
1797000 309
1797010 309
1797020 309
1797030 309
1797040 309
1797050 309
1797060 309
1797070 309
1797080 308
1797090 308
1797100 307
1797110 306
1797120 306
1797130 305
1797140 304
1797150 303
1797160 303
1797170 302
1797180 301
1797190 301
1797200 300
1797210 300
1797220 299
1797230 299
1797240 299
1797250 298
1797260 298
1797270 298
1797280 297
1797290 297
1797300 297
1797310 296
1797320 296
1797330 296
1797340 295
1797350 295
1797360 294
1797370 294
1797380 294
1797390 293
1797400 293
1797410 292
1797420 292
1797430 291
1797440 291
1797450 290
1797460 289
1797470 289
1797480 288
1797490 287
1797500 286
1797510 286
1797520 285
1797530 285
1797540 285
1797550 284
1797560 284
1797570 283
1797580 282
1797590 281
1797600 281
1797610 280
1797620 279
1797630 278
1797640 277
1797650 276
1797660 275
1797670 275
1797680 274
1797690 273
1797700 272
1797710 271
1797720 270
1797730 269
1797740 267
1797750 266
1797760 264
1797770 262
1797780 261
1797790 259
1797800 257
1797810 256
1797820 255
1797830 255
1797840 255
1797850 255
1797860 255
1797870 254
1797880 255
1797890 254
1797900 254
1797910 254
1797920 254
1797930 255
1797940 255
1797950 256
1797960 256
1797970 257
1797980 258
1797990 259
1798000 259
1798010 260
1798020 261
1798030 262
1798040 262
1798050 263
1798060 263
1798070 264
1798080 265
1798090 265
1798100 266
1798110 267
1798120 268
1798130 268
1798140 269
1798150 270
1798160 271
1798170 271
1798180 272
1798190 273
1798200 275
1798210 276
1798220 277
1798230 278
1798240 279
1798250 280
1798260 279
1798270 280
1798280 282
1798290 284
1798300 285
1798310 286
1798320 287
1798330 288
1798340 289
1798350 289
1798360 290
1798370 290
1798380 291
1798390 292
1798400 292
1798410 293
1798420 294
1798430 294
1798440 295
1798450 296
1798460 296
1798470 297
1798480 298
1798490 298
1798500 299
1798510 300
1798520 300
1798530 301
1798540 301
1798550 301
1798560 301
1798570 301
1798580 301
1798590 301
1798600 301
1798610 300
1798620 300
1798630 299
1798640 298
1798650 297
1798660 297
1798670 296
1798680 295
1798690 294
1798700 293
1798710 292
1798720 291
1798730 290
1798740 289
1798750 288
1798760 288
1798770 287
1798780 286
1798790 285
1798800 285
1798810 284
1798820 283
1798830 282
1798840 282
1798850 281
1798860 280
1798870 279
1798880 278
1798890 278
1798900 277
1798910 276
1798920 275
1798930 274
1798940 274
1798950 273
1798960 272
1798970 271
1798980 270
1798990 269
1799000 268
1799010 267
1799020 266
1799030 265
1799040 264
1799050 263
1799060 262
1799070 261
1799080 260
1799090 259
1799100 258
1799110 258
1799120 257
1799130 256
1799140 255
1799150 254
1799160 252
1799170 251
1799180 251
1799190 251
1799200 250
1799210 250
1799220 250
1799230 250
1799240 250
1799250 250
1799260 250
1799270 250
1799280 250
1799290 250
1799300 251
1799310 250
1799320 250
1799330 250
1799340 250
1799350 250
1799360 250
1799370 251
1799380 251
1799390 252
1799400 252
1799410 253
1799420 253
1799430 253
1799440 254
1799450 254
1799460 255
1799470 256
1799480 256
1799490 257
1799500 257
1799510 258
1799520 258
1799530 259
1799540 259
1799550 260
1799560 261
1799570 261
1799580 262
1799590 262
1799600 263
1799610 264
1799620 265
1799630 266
1799640 266
1799650 267
1799660 268
1799670 268
1799680 269
1799690 270
1799700 270
1799710 271
1799720 271
1799730 272
1799740 273
1799750 274
1799760 274
1799770 275
1799780 276
1799790 277
1799800 278
1799810 279
1799820 279
1799830 280
1799840 281
1799850 282
1799860 283
1799870 284
1799880 284
1799890 285
1799900 286
1799910 287
1799920 288
1799930 289
1799940 290
1799950 290
1799960 291
1799970 291
1799980 292
1799990 293
