1780000 289
1780010 289
1780020 289
1780030 289
1780040 290
1780050 290
1780060 291
1780070 291
1780080 292
1780090 293
1780100 294
1780110 295
1780120 296
1780130 297
1780140 298
1780150 299
1780160 300
1780170 301
1780180 301
1780190 302
1780200 302
1780210 303
1780220 303
1780230 303
1780240 303
1780250 303
1780260 303
1780270 303
1780280 304
1780290 304
1780300 304
1780310 304
1780320 304
1780330 304
1780340 303
1780350 303
1780360 303
1780370 303
1780380 303
1780390 303
1780400 302
1780410 302
1780420 302
1780430 302
1780440 302
1780450 302
1780460 302
1780470 303
1780480 303
1780490 304
1780500 304
1780510 305
1780520 306
1780530 306
1780540 307
1780550 308
1780560 309
1780570 309
1780580 310
1780590 311
1780600 311
1780610 312
1780620 313
1780630 313
1780640 315
1780650 315
1780660 316
1780670 317
1780680 317
1780690 318
1780700 318
1780710 319
1780720 319
1780730 320
1780740 320
1780750 321
1780760 321
1780770 322
1780780 322
1780790 323
1780800 323
1780810 323
1780820 324
1780830 324
1780840 325
1780850 325
1780860 326
1780870 326
1780880 327
1780890 327
1780900 328
1780910 328
1780920 329
1780930 329
1780940 330
1780950 330
1780960 330
1780970 331
1780980 332
1780990 332
1781000 333
1781010 334
1781020 335
1781030 335
1781040 336
1781050 336
1781060 337
1781070 338
1781080 338
1781090 339
1781100 339
1781110 340
1781120 341
1781130 341
1781140 342
1781150 343
1781160 343
1781170 344
1781180 344
1781190 344
1781200 345
1781210 345
1781220 345
1781230 344
1781240 343
1781250 341
1781260 339
1781270 338
1781280 336
1781290 336
1781300 336
1781310 336
1781320 337
1781330 338
1781340 339
1781350 340
1781360 341
1781370 342
1781380 343
1781390 343
1781400 344
1781410 344
1781420 344
1781430 344
1781440 344
1781450 343
1781460 343
1781470 344
1781480 344
1781490 344
1781500 345
1781510 345
1781520 345
1781530 345
1781540 345
1781550 344
1781560 344
1781570 344
1781580 344
1781590 344
1781600 343
1781610 343
1781620 343
1781630 343
1781640 343
1781650 343
1781660 343
1781670 342
1781680 342
1781690 342
1781700 342
1781710 341
1781720 341
1781730 340
1781740 340
1781750 340
1781760 339
1781770 339
1781780 338
1781790 338
1781800 337
1781810 337
1781820 336
1781830 336
1781840 335
1781850 334
1781860 333
1781870 332
1781880 331
1781890 330
1781900 329
1781910 329
1781920 329
1781930 328
1781940 328
1781950 327
1781960 327
1781970 326
1781980 325
1781990 325
1782000 324
1782010 324
1782020 323
1782030 322
1782040 322
1782050 321
1782060 320
1782070 319
1782080 318
1782090 318
1782100 316
1782110 315
1782120 314
1782130 313
1782140 311
1782150 309
1782160 308
1782170 307
1782180 306
1782190 306
1782200 306
1782210 308
1782220 309
1782230 312
1782240 314
1782250 316
1782260 319
1782270 320
1782280 322
1782290 323
1782300 324
1782310 324
1782320 325
1782330 325
1782340 325
1782350 325
1782360 325
1782370 325
1782380 325
1782390 325
1782400 325
1782410 325
1782420 325
1782430 324
1782440 324
1782450 324
1782460 324
1782470 323
1782480 323
1782490 323
1782500 322
1782510 322
1782520 322
1782530 321
1782540 321
1782550 320
1782560 319
1782570 318
1782580 317
1782590 315
1782600 313
1782610 312
1782620 310
1782630 309
1782640 308
1782650 308
1782660 308
1782670 308
1782680 308
1782690 308
1782700 308
1782710 309
1782720 308
1782730 308
1782740 308
1782750 307
1782760 307
1782770 307
1782780 307
1782790 307
1782800 304
1782810 303
1782820 304
1782830 304
1782840 303
1782850 302
1782860 300
1782870 300
1782880 302
1782890 305
1782900 308
1782910 310
1782920 310
1782930 309
1782940 308
1782950 310
1782960 311
1782970 312
1782980 312
1782990 310
1783000 308
1783010 308
1783020 309
1783030 309
1783040 309
1783050 308
1783060 307
1783070 305
1783080 302
1783090 300
1783100 301
1783110 303
1783120 304
1783130 304
1783140 303
1783150 303
1783160 303
1783170 301
1783180 300
1783190 300
1783200 300
1783210 301
1783220 300
1783230 298
1783240 297
1783250 297
1783260 297
1783270 297
1783280 298
1783290 298
1783300 299
1783310 301
1783320 302
1783330 302
1783340 302
1783350 302
1783360 303
1783370 305
1783380 306
1783390 305
1783400 306
1783410 306
1783420 307
1783430 308
1783440 309
1783450 308
1783460 309
1783470 309
1783480 309
1783490 309
1783500 309
1783510 308
1783520 308
1783530 308
1783540 308
1783550 309
1783560 310
1783570 311
1783580 314
1783590 316
1783600 319
1783610 320
1783620 321
1783630 322
1783640 323
1783650 323
1783660 324
1783670 325
1783680 325
1783690 326
1783700 326
1783710 326
1783720 327
1783730 327
1783740 327
1783750 328
1783760 328
1783770 329
1783780 329
1783790 329
1783800 329
1783810 330
1783820 330
1783830 330
1783840 330
1783850 330
1783860 330
1783870 330
1783880 330
1783890 330
1783900 330
1783910 329
1783920 329
1783930 329
1783940 329
1783950 328
1783960 328
1783970 328
1783980 327
1783990 327
1784000 327
1784010 327
1784020 326
1784030 326
1784040 326
1784050 325
1784060 325
1784070 325
1784080 325
1784090 325
1784100 324
1784110 324
1784120 324
1784130 324
1784140 324
1784150 324
1784160 324
1784170 324
1784180 324
1784190 324
1784200 324
1784210 324
1784220 323
1784230 323
1784240 323
1784250 322
1784260 322
1784270 321
1784280 321
1784290 321
1784300 321
1784310 320
1784320 320
1784330 319
1784340 319
1784350 319
1784360 319
1784370 318
1784380 318
1784390 318
1784400 318
1784410 317
1784420 317
1784430 317
1784440 316
1784450 316
1784460 315
1784470 314
1784480 314
1784490 314
1784500 314
1784510 314
1784520 314
1784530 314
1784540 314
1784550 314
1784560 315
1784570 315
1784580 315
1784590 315
1784600 316
1784610 316
1784620 316
1784630 316
1784640 316
1784650 316
1784660 315
1784670 315
1784680 315
1784690 314
1784700 314
1784710 313
1784720 313
1784730 313
1784740 312
1784750 312
1784760 311
1784770 311
1784780 310
1784790 310
1784800 309
1784810 309
1784820 308
1784830 307
1784840 307
1784850 306
1784860 305
1784870 304
1784880 304
1784890 303
1784900 302
1784910 301
1784920 300
1784930 299
1784940 299
1784950 298
1784960 298
1784970 298
1784980 298
1784990 298
1785000 297
1785010 297
1785020 297
1785030 297
1785040 297
1785050 296
1785060 296
1785070 295
1785080 295
1785090 294
1785100 293
1785110 293
1785120 292
1785130 291
1785140 290
1785150 289
1785160 288
1785170 287
1785180 286
1785190 285
1785200 285
1785210 284
1785220 283
1785230 282
1785240 281
1785250 280
1785260 279
1785270 279
1785280 278
1785290 278
1785300 278
1785310 278
1785320 278
1785330 278
1785340 278
1785350 278
1785360 278
1785370 278
1785380 278
1785390 278
1785400 277
1785410 278
1785420 277
1785430 277
1785440 276
1785450 275
1785460 274
1785470 273
1785480 272
1785490 271
1785500 270
1785510 269
1785520 268
1785530 266
1785540 265
1785550 264
1785560 263
1785570 262
1785580 261
1785590 260
1785600 259
1785610 258
1785620 257
1785630 259
1785640 260
1785650 261
1785660 261
1785670 261
1785680 261
1785690 261
1785700 261
1785710 261
1785720 261
1785730 261
1785740 260
1785750 260
1785760 260
1785770 259
1785780 259
1785790 259
1785800 259
1785810 260
1785820 260
1785830 260
1785840 261
1785850 261
1785860 261
1785870 262
1785880 262
1785890 263
1785900 263
1785910 263
1785920 264
1785930 264
1785940 264
1785950 264
1785960 264
1785970 264
1785980 264
1785990 264
1786000 264
1786010 265
1786020 265
1786030 265
1786040 266
1786050 266
1786060 266
1786070 267
1786080 268
1786090 269
1786100 269
1786110 269
1786120 270
1786130 270
1786140 270
1786150 270
1786160 270
1786170 270
1786180 270
1786190 270
1786200 270
1786210 270
1786220 270
1786230 269
1786240 269
1786250 269
1786260 269
1786270 268
1786280 268
1786290 267
1786300 267
1786310 267
1786320 266
1786330 266
1786340 266
1786350 265
1786360 264
1786370 264
1786380 263
1786390 262
1786400 262
1786410 261
1786420 260
1786430 260
1786440 259
1786450 259
1786460 258
1786470 257
1786480 257
1786490 256
1786500 255
1786510 254
1786520 254
1786530 253
1786540 252
1786550 252
1786560 251
1786570 250
1786580 250
1786590 249
1786600 248
1786610 248
1786620 247
1786630 247
1786640 247
1786650 246
1786660 246
1786670 246
1786680 245
1786690 245
1786700 244
1786710 244
1786720 244
1786730 243
1786740 243
1786750 242
1786760 242
1786770 241
1786780 241
1786790 240
1786800 240
1786810 239
1786820 238
1786830 238
1786840 237
1786850 237
1786860 236
1786870 236
1786880 235
1786890 235
1786900 234
1786910 234
1786920 234
1786930 233
1786940 233
1786950 233
1786960 232
1786970 232
1786980 232
1786990 231
1787000 231
1787010 231
1787020 230
1787030 230
1787040 230
1787050 229
1787060 229
1787070 229
1787080 228
1787090 228
1787100 228
1787110 227
1787120 227
1787130 227
1787140 226
1787150 226
1787160 225
1787170 225
1787180 224
1787190 224
1787200 224
1787210 224
1787220 223
1787230 223
1787240 223
1787250 223
1787260 222
1787270 222
1787280 222
1787290 221
1787300 221
1787310 221
1787320 221
1787330 221
1787340 221
1787350 220
1787360 220
1787370 220
1787380 220
1787390 220
1787400 220
1787410 220
1787420 220
1787430 220
1787440 220
1787450 219
1787460 219
1787470 218
1787480 218
1787490 217
1787500 217
1787510 217
1787520 217
1787530 216
1787540 216
1787550 217
1787560 217
1787570 217
1787580 217
1787590 216
1787600 216
1787610 216
1787620 216
1787630 215
1787640 215
1787650 215
1787660 215
1787670 215
1787680 215
1787690 215
1787700 215
1787710 215
1787720 215
1787730 215
1787740 215
1787750 215
1787760 215
1787770 214
1787780 214
1787790 214
1787800 214
1787810 214
1787820 213
1787830 213
1787840 212
1787850 213
1787860 214
1787870 214
1787880 214
1787890 214
1787900 214
1787910 214
1787920 214
1787930 214
1787940 214
1787950 213
1787960 213
1787970 213
1787980 213
1787990 213
1788000 213
1788010 214
1788020 214
1788030 214
1788040 214
1788050 214
1788060 214
1788070 214
1788080 214
1788090 215
1788100 215
1788110 216
1788120 216
1788130 216
1788140 216
1788150 217
1788160 218
1788170 218
1788180 218
1788190 217
1788200 217
1788210 217
1788220 217
1788230 217
1788240 218
1788250 218
1788260 218
1788270 218
1788280 218
1788290 218
1788300 218
1788310 219
1788320 219
1788330 219
1788340 220
1788350 220
1788360 221
1788370 221
1788380 222
1788390 223
1788400 223
1788410 224
1788420 225
1788430 225
1788440 226
1788450 227
1788460 227
1788470 228
1788480 229
1788490 229
1788500 230
1788510 230
1788520 230
1788530 231
1788540 231
1788550 231
1788560 232
1788570 232
1788580 233
1788590 234
1788600 234
1788610 235
1788620 236
1788630 236
1788640 237
1788650 238
1788660 238
1788670 239
1788680 240
1788690 241
1788700 241
1788710 242
1788720 243
1788730 243
1788740 244
1788750 245
1788760 245
1788770 246
1788780 247
1788790 247
1788800 248
1788810 248
1788820 247
1788830 244
1788840 243
1788850 242
1788860 243
1788870 243
1788880 244
1788890 244
1788900 244
1788910 244
1788920 244
1788930 245
1788940 245
1788950 245
1788960 246
1788970 249
1788980 249
1788990 249
1789000 248
1789010 248
1789020 248
1789030 248
1789040 248
1789050 249
1789060 249
1789070 250
1789080 250
1789090 251
1789100 254
1789110 258
1789120 259
1789130 259
1789140 259
1789150 260
1789160 260
1789170 260
1789180 260
1789190 260
1789200 261
1789210 262
1789220 262
1789230 262
1789240 263
1789250 263
1789260 264
1789270 264
1789280 264
1789290 265
1789300 266
1789310 266
1789320 267
1789330 267
1789340 267
1789350 268
1789360 268
1789370 268
1789380 268
1789390 269
1789400 269
1789410 269
1789420 270
1789430 270
1789440 270
1789450 270
1789460 271
1789470 271
1789480 271
1789490 272
1789500 272
1789510 272
1789520 273
1789530 273
1789540 274
1789550 274
1789560 274
1789570 275
1789580 275
1789590 275
1789600 276
1789610 276
1789620 276
1789630 276
1789640 277
1789650 277
1789660 277
1789670 278
1789680 278
1789690 278
1789700 278
1789710 279
1789720 279
1789730 279
1789740 279
1789750 279
1789760 280
1789770 280
1789780 280
1789790 281
1789800 281
1789810 281
1789820 281
1789830 281
1789840 282
1789850 282
1789860 282
1789870 282
1789880 282
1789890 282
1789900 282
1789910 282
1789920 282
1789930 282
1789940 283
1789950 283
1789960 283
1789970 283
1789980 283
1789990 283
1790000 283
1790010 283
1790020 283
1790030 283
1790040 283
1790050 283
1790060 283
1790070 283
1790080 283
1790090 283
1790100 283
1790110 283
1790120 283
1790130 283
1790140 283
1790150 283
1790160 282
1790170 282
1790180 282
1790190 282
1790200 283
1790210 283
1790220 283
1790230 283
1790240 283
1790250 283
1790260 283
1790270 283
1790280 283
1790290 283
1790300 283
1790310 283
1790320 283
1790330 283
1790340 283
1790350 283
1790360 283
1790370 283
1790380 283
1790390 282
1790400 282
1790410 282
1790420 282
1790430 282
1790440 282
1790450 282
1790460 282
1790470 282
1790480 282
1790490 282
1790500 282
1790510 282
1790520 282
1790530 282
1790540 282
1790550 282
1790560 282
1790570 282
1790580 282
1790590 281
1790600 281
1790610 281
1790620 281
1790630 281
1790640 281
1790650 281
1790660 281
1790670 281
1790680 281
1790690 281
1790700 281
1790710 281
1790720 281
1790730 281
1790740 281
1790750 281
1790760 281
1790770 281
1790780 281
1790790 282
1790800 282
1790810 282
1790820 282
1790830 282
1790840 282
1790850 283
1790860 283
1790870 283
1790880 283
1790890 284
1790900 284
1790910 284
1790920 284
1790930 285
1790940 285
1790950 285
1790960 286
1790970 286
1790980 286
1790990 287
1791000 287
1791010 288
1791020 288
1791030 288
1791040 289
1791050 289
1791060 289
1791070 290
1791080 290
1791090 291
1791100 291
1791110 292
1791120 292
1791130 293
1791140 293
1791150 294
1791160 294
1791170 295
1791180 295
1791190 295
1791200 296
1791210 296
1791220 296
1791230 296
1791240 297
1791250 297
1791260 297
1791270 298
1791280 298
1791290 299
1791300 299
1791310 299
1791320 300
1791330 300
1791340 301
1791350 301
1791360 302
1791370 303
1791380 303
1791390 304
1791400 305
1791410 306
1791420 307
1791430 307
1791440 308
1791450 308
1791460 309
1791470 309
1791480 309
1791490 309
1791500 309
1791510 310
1791520 310
1791530 311
1791540 311
1791550 312
1791560 312
1791570 312
1791580 312
1791590 312
1791600 312
1791610 312
1791620 312
1791630 312
1791640 312
1791650 312
1791660 312
1791670 313
1791680 313
1791690 314
1791700 315
1791710 316
1791720 316
1791730 317
1791740 318
1791750 318
1791760 319
1791770 320
1791780 321
1791790 321
1791800 322
1791810 323
1791820 324
1791830 324
1791840 325
1791850 325
1791860 326
1791870 327
1791880 327
1791890 328
1791900 329
1791910 330
1791920 330
1791930 331
1791940 332
1791950 332
1791960 332
1791970 332
1791980 332
1791990 332
1792000 332
1792010 333
1792020 333
1792030 333
1792040 333
1792050 333
1792060 334
1792070 334
1792080 334
1792090 335
1792100 335
1792110 335
1792120 336
1792130 336
1792140 336
1792150 337
1792160 337
1792170 337
1792180 338
1792190 338
1792200 339
1792210 339
1792220 340
1792230 340
1792240 341
1792250 341
1792260 341
1792270 341
1792280 342
1792290 342
1792300 343
1792310 343
1792320 343
1792330 343
1792340 344
1792350 344
1792360 344
1792370 344
1792380 345
1792390 345
1792400 345
1792410 345
1792420 346
1792430 346
1792440 346
1792450 346
1792460 346
1792470 346
1792480 346
1792490 346
1792500 346
1792510 346
1792520 345
1792530 345
1792540 345
1792550 345
1792560 345
1792570 345
1792580 345
1792590 345
1792600 345
1792610 345
1792620 345
1792630 345
1792640 344
1792650 344
1792660 343
1792670 343
1792680 342
1792690 341
1792700 340
1792710 340
1792720 340
1792730 339
1792740 338
1792750 338
1792760 338
1792770 337
1792780 337
1792790 337
1792800 337
1792810 337
1792820 336
1792830 335
1792840 334
1792850 333
1792860 332
1792870 331
1792880 330
1792890 330
1792900 330
1792910 331
1792920 331
1792930 332
1792940 332
1792950 332
1792960 332
1792970 331
1792980 331
1792990 331
1793000 331
1793010 331
1793020 331
1793030 332
1793040 331
1793050 331
1793060 330
1793070 330
1793080 329
1793090 329
1793100 329
1793110 329
1793120 330
1793130 331
1793140 333
1793150 335
1793160 337
1793170 340
1793180 343
1793190 346
1793200 348
1793210 349
1793220 349
1793230 349
1793240 349
1793250 349
1793260 349
1793270 349
1793280 350
1793290 350
1793300 350
1793310 350
1793320 350
1793330 350
1793340 350
1793350 350
1793360 350
1793370 349
1793380 348
1793390 347
1793400 346
1793410 345
1793420 344
1793430 344
1793440 343
1793450 342
1793460 341
1793470 340
1793480 340
1793490 339
1793500 339
1793510 338
1793520 338
1793530 337
1793540 336
1793550 336
1793560 335
1793570 335
1793580 334
1793590 333
1793600 332
1793610 332
1793620 331
1793630 330
1793640 329
1793650 329
1793660 328
1793670 327
1793680 327
1793690 326
1793700 326
1793710 325
1793720 325
1793730 324
1793740 324
1793750 323
1793760 323
1793770 323
1793780 323
1793790 322
1793800 322
1793810 323
1793820 323
1793830 323
1793840 324
1793850 324
1793860 325
1793870 325
1793880 325
1793890 326
1793900 326
1793910 326
1793920 326
1793930 326
1793940 326
1793950 327
1793960 328
1793970 328
1793980 329
1793990 330
1794000 330
1794010 331
1794020 332
1794030 333
1794040 333
1794050 334
1794060 335
1794070 336
1794080 337
1794090 339
1794100 340
1794110 341
1794120 342
1794130 343
1794140 344
1794150 344
1794160 344
1794170 344
1794180 344
1794190 344
1794200 344
1794210 344
1794220 343
1794230 343
1794240 342
1794250 341
1794260 340
1794270 339
1794280 339
1794290 338
1794300 338
1794310 337
1794320 337
1794330 337
1794340 336
1794350 335
1794360 335
1794370 334
1794380 333
1794390 332
1794400 332
1794410 331
1794420 331
1794430 330
1794440 330
1794450 329
1794460 329
1794470 328
1794480 327
1794490 327
1794500 326
1794510 325
1794520 324
1794530 323
1794540 322
1794550 321
1794560 320
1794570 319
1794580 319
1794590 318
1794600 317
1794610 316
1794620 315
1794630 315
1794640 314
1794650 313
1794660 313
1794670 313
1794680 312
1794690 312
1794700 312
1794710 312
1794720 312
1794730 313
1794740 314
1794750 315
1794760 316
1794770 317
1794780 318
1794790 319
1794800 320
1794810 321
1794820 322
1794830 324
1794840 325
1794850 327
1794860 329
1794870 331
1794880 334
1794890 337
1794900 339
1794910 341
1794920 342
1794930 342
1794940 341
1794950 341
1794960 340
1794970 339
1794980 339
1794990 338
1795000 337
1795010 337
1795020 336
1795030 335
1795040 335
1795050 334
1795060 333
1795070 333
1795080 332
1795090 331
1795100 331
1795110 330
1795120 329
1795130 328
1795140 328
1795150 327
1795160 326
1795170 325
1795180 325
1795190 324
1795200 323
1795210 322
1795220 321
1795230 320
1795240 319
1795250 318
1795260 317
1795270 317
1795280 316
1795290 316
1795300 315
1795310 314
1795320 313
1795330 312
1795340 312
1795350 312
1795360 312
1795370 313
1795380 313
1795390 314
1795400 316
1795410 317
1795420 318
1795430 319
1795440 320
1795450 321
1795460 322
1795470 323
1795480 324
1795490 326
1795500 327
1795510 328
1795520 330
1795530 331
1795540 332
1795550 333
1795560 334
1795570 336
1795580 338
1795590 340
1795600 342
1795610 343
1795620 344
1795630 343
1795640 342
1795650 339
1795660 336
1795670 334
1795680 332
1795690 330
1795700 329
1795710 329
1795720 328
1795730 328
1795740 329
1795750 330
1795760 331
1795770 332
1795780 333
1795790 334
1795800 336
1795810 337
1795820 338
1795830 338
1795840 338
1795850 339
1795860 339
1795870 339
1795880 339
1795890 339
1795900 339
1795910 338
1795920 338
1795930 338
1795940 338
1795950 338
1795960 337
1795970 337
1795980 336
1795990 335
1796000 335
1796010 334
1796020 333
1796030 333
1796040 332
1796050 331
1796060 330
1796070 330
1796080 329
1796090 328
1796100 327
1796110 326
1796120 325
1796130 324
1796140 324
1796150 323
1796160 322
1796170 321
1796180 321
1796190 320
1796200 320
1796210 319
1796220 318
1796230 318
1796240 317
1796250 317
1796260 316
1796270 315
1796280 315
1796290 315
1796300 314
1796310 314
1796320 313
1796330 313
1796340 312
1796350 311
1796360 311
1796370 310
1796380 310
1796390 309
1796400 309
1796410 308
1796420 308
1796430 307
1796440 307
1796450 307
1796460 306
1796470 306
1796480 306
1796490 305
1796500 305
1796510 305
1796520 305
1796530 305
1796540 304
1796550 304
1796560 304
1796570 304
1796580 304
1796590 304
1796600 304
1796610 303
1796620 303
1796630 302
1796640 301
1796650 301
1796660 300
1796670 300
1796680 299
1796690 298
1796700 298
1796710 297
1796720 296
1796730 296
1796740 295
1796750 294
1796760 293
1796770 292
1796780 291
1796790 290
1796800 289
1796810 289
1796820 288
1796830 287
1796840 286
1796850 285
1796860 284
1796870 283
1796880 283
1796890 282
1796900 284
1796910 285
1796920 287
1796930 289
1796940 291
1796950 293
1796960 294
1796970 294
1796980 295
1796990 296
1797000 296
1797010 297
1797020 297
1797030 298
1797040 298
1797050 299
1797060 300
1797070 301
1797080 301
1797090 302
1797100 302
1797110 303
1797120 303
1797130 303
1797140 303
1797150 303
1797160 303
1797170 303
1797180 303
1797190 302
1797200 302
1797210 302
1797220 302
1797230 302
1797240 301
1797250 301
1797260 301
1797270 300
1797280 300
1797290 300
1797300 299
1797310 299
1797320 298
1797330 298
1797340 297
1797350 297
1797360 296
1797370 295
1797380 295
1797390 294
1797400 294
1797410 293
1797420 293
1797430 292
1797440 291
1797450 291
1797460 290
1797470 289
1797480 288
1797490 288
1797500 287
1797510 286
1797520 285
1797530 284
1797540 283
1797550 282
1797560 282
1797570 281
1797580 280
1797590 279
1797600 278
1797610 277
1797620 276
1797630 275
1797640 273
1797650 272
1797660 271
1797670 270
1797680 268
1797690 267
1797700 266
1797710 264
1797720 263
1797730 262
1797740 262
1797750 261
1797760 261
1797770 261
1797780 261
1797790 261
1797800 261
1797810 262
1797820 262
1797830 263
1797840 263
1797850 264
1797860 264
1797870 265
1797880 266
1797890 268
1797900 269
1797910 271
1797920 272
1797930 273
1797940 275
1797950 276
1797960 277
1797970 279
1797980 280
1797990 282
1798000 283
1798010 285
1798020 286
1798030 287
1798040 289
1798050 290
1798060 291
1798070 292
1798080 293
1798090 294
1798100 295
1798110 296
1798120 297
1798130 298
1798140 299
1798150 300
1798160 301
1798170 302
1798180 303
1798190 304
1798200 305
1798210 306
1798220 307
1798230 310
1798240 310
1798250 310
1798260 308
1798270 307
1798280 306
1798290 306
1798300 305
1798310 305
1798320 304
1798330 304
1798340 303
1798350 302
1798360 301
1798370 300
1798380 300
1798390 299
1798400 298
1798410 297
1798420 296
1798430 295
1798440 294
1798450 293
1798460 291
1798470 290
1798480 290
1798490 289
1798500 288
1798510 287
1798520 287
1798530 286
1798540 285
1798550 284
1798560 283
1798570 282
1798580 281
1798590 280
1798600 279
1798610 279
1798620 278
1798630 277
1798640 276
1798650 276
1798660 275
1798670 275
1798680 274
1798690 274
1798700 273
1798710 273
1798720 272
1798730 272
1798740 271
1798750 270
1798760 270
1798770 269
1798780 269
1798790 268
1798800 268
1798810 267
1798820 266
1798830 266
1798840 266
1798850 265
1798860 265
1798870 265
1798880 264
1798890 264
1798900 264
1798910 264
1798920 264
1798930 264
1798940 264
1798950 264
1798960 264
1798970 263
1798980 263
1798990 263
1799000 263
1799010 263
1799020 263
1799030 262
1799040 262
1799050 261
1799060 261
1799070 260
1799080 260
1799090 257
1799100 256
1799110 256
1799120 256
1799130 255
1799140 255
1799150 255
1799160 255
1799170 255
1799180 255
1799190 255
1799200 255
1799210 255
1799220 255
1799230 255
1799240 255
1799250 255
1799260 255
1799270 255
1799280 255
1799290 255
1799300 255
1799310 255
1799320 254
1799330 254
1799340 254
1799350 254
1799360 254
1799370 254
1799380 253
1799390 253
1799400 253
1799410 253
1799420 253
1799430 253
1799440 253
1799450 253
1799460 253
1799470 253
1799480 253
1799490 254
1799500 254
1799510 254
1799520 254
1799530 254
1799540 254
1799550 254
1799560 254
1799570 254
1799580 254
1799590 254
1799600 254
1799610 254
1799620 254
1799630 254
1799640 254
1799650 255
1799660 255
1799670 255
1799680 257
1799690 259
1799700 261
1799710 262
1799720 262
1799730 262
1799740 263
1799750 263
1799760 263
1799770 263
1799780 264
1799790 264
1799800 265
1799810 265
1799820 266
1799830 266
1799840 267
1799850 268
1799860 269
1799870 269
1799880 270
1799890 271
1799900 272
1799910 272
1799920 273
1799930 274
1799940 275
1799950 277
1799960 278
1799970 279
1799980 282
1799990 283
