1780000 331
1780010 332
1780020 332
1780030 333
1780040 333
1780050 334
1780060 334
1780070 335
1780080 336
1780090 336
1780100 336
1780110 337
1780120 337
1780130 338
1780140 338
1780150 338
1780160 339
1780170 339
1780180 340
1780190 340
1780200 340
1780210 341
1780220 341
1780230 342
1780240 342
1780250 343
1780260 343
1780270 343
1780280 344
1780290 344
1780300 344
1780310 345
1780320 344
1780330 344
1780340 342
1780350 341
1780360 339
1780370 336
1780380 335
1780390 333
1780400 333
1780410 333
1780420 334
1780430 335
1780440 336
1780450 338
1780460 340
1780470 341
1780480 342
1780490 343
1780500 343
1780510 343
1780520 344
1780530 344
1780540 344
1780550 344
1780560 344
1780570 344
1780580 344
1780590 344
1780600 344
1780610 344
1780620 344
1780630 344
1780640 343
1780650 343
1780660 343
1780670 342
1780680 342
1780690 342
1780700 341
1780710 341
1780720 340
1780730 339
1780740 339
1780750 338
1780760 337
1780770 336
1780780 335
1780790 333
1780800 331
1780810 330
1780820 329
1780830 327
1780840 326
1780850 325
1780860 324
1780870 323
1780880 322
1780890 321
1780900 320
1780910 319
1780920 319
1780930 318
1780940 318
1780950 318
1780960 317
1780970 317
1780980 317
1780990 316
1781000 316
1781010 315
1781020 315
1781030 315
1781040 314
1781050 314
1781060 315
1781070 316
1781080 316
1781090 317
1781100 318
1781110 318
1781120 318
1781130 318
1781140 318
1781150 318
1781160 318
1781170 318
1781180 318
1781190 318
1781200 317
1781210 317
1781220 317
1781230 317
1781240 316
1781250 316
1781260 316
1781270 316
1781280 315
1781290 315
1781300 314
1781310 314
1781320 314
1781330 313
1781340 313
1781350 313
1781360 314
1781370 314
1781380 314
1781390 315
1781400 315
1781410 316
1781420 317
1781430 317
1781440 318
1781450 319
1781460 320
1781470 321
1781480 321
1781490 322
1781500 323
1781510 323
1781520 324
1781530 325
1781540 326
1781550 326
1781560 327
1781570 328
1781580 329
1781590 330
1781600 331
1781610 332
1781620 333
1781630 334
1781640 335
1781650 336
1781660 337
1781670 338
1781680 339
1781690 339
1781700 340
1781710 341
1781720 341
1781730 342
1781740 342
1781750 343
1781760 343
1781770 343
1781780 343
1781790 343
1781800 343
1781810 343
1781820 343
1781830 343
1781840 343
1781850 343
1781860 343
1781870 343
1781880 343
1781890 343
1781900 343
1781910 344
1781920 344
1781930 344
1781940 344
1781950 344
1781960 344
1781970 344
1781980 344
1781990 344
1782000 344
1782010 344
1782020 344
1782030 344
1782040 345
1782050 345
1782060 345
1782070 345
1782080 345
1782090 345
1782100 344
1782110 344
1782120 344
1782130 344
1782140 344
1782150 344
1782160 344
1782170 344
1782180 344
1782190 344
1782200 344
1782210 344
1782220 344
1782230 344
1782240 344
1782250 344
1782260 344
1782270 345
1782280 344
1782290 344
1782300 344
1782310 344
1782320 344
1782330 344
1782340 344
1782350 344
1782360 344
1782370 344
1782380 344
1782390 345
1782400 345
1782410 345
1782420 345
1782430 344
1782440 345
1782450 345
1782460 345
1782470 345
1782480 345
1782490 345
1782500 345
1782510 345
1782520 345
1782530 345
1782540 345
1782550 345
1782560 345
1782570 345
1782580 345
1782590 344
1782600 344
1782610 344
1782620 344
1782630 343
1782640 343
1782650 343
1782660 342
1782670 342
1782680 341
1782690 341
1782700 340
1782710 340
1782720 340
1782730 339
1782740 339
1782750 338
1782760 338
1782770 338
1782780 337
1782790 337
1782800 336
1782810 335
1782820 334
1782830 333
1782840 332
1782850 330
1782860 328
1782870 327
1782880 325
1782890 323
1782900 321
1782910 319
1782920 317
1782930 316
1782940 314
1782950 312
1782960 311
1782970 309
1782980 307
1782990 306
1783000 305
1783010 303
1783020 302
1783030 301
1783040 300
1783050 299
1783060 298
1783070 297
1783080 297
1783090 296
1783100 296
1783110 295
1783120 295
1783130 294
1783140 293
1783150 292
1783160 292
1783170 292
1783180 291
1783190 291
1783200 291
1783210 291
1783220 291
1783230 291
1783240 290
1783250 290
1783260 290
1783270 289
1783280 289
1783290 288
1783300 288
1783310 287
1783320 286
1783330 286
1783340 285
1783350 285
1783360 285
1783370 284
1783380 284
1783390 284
1783400 283
1783410 283
1783420 282
1783430 282
1783440 282
1783450 282
1783460 281
1783470 281
1783480 281
1783490 280
1783500 280
1783510 280
1783520 279
1783530 279
1783540 279
1783550 278
1783560 278
1783570 278
1783580 277
1783590 277
1783600 277
1783610 277
1783620 276
1783630 276
1783640 276
1783650 276
1783660 276
1783670 276
1783680 275
1783690 275
1783700 275
1783710 275
1783720 275
1783730 275
1783740 275
1783750 274
1783760 274
1783770 274
1783780 274
1783790 274
1783800 274
1783810 273
1783820 273
1783830 273
1783840 273
1783850 272
1783860 272
1783870 272
1783880 272
1783890 272
1783900 271
1783910 271
1783920 271
1783930 271
1783940 270
1783950 270
1783960 270
1783970 270
1783980 270
1783990 269
1784000 269
1784010 269
1784020 269
1784030 269
1784040 269
1784050 268
1784060 268
1784070 268
1784080 268
1784090 268
1784100 268
1784110 268
1784120 268
1784130 267
1784140 267
1784150 267
1784160 267
1784170 267
1784180 267
1784190 267
1784200 267
1784210 267
1784220 267
1784230 267
1784240 267
1784250 266
1784260 266
1784270 266
1784280 266
1784290 266
1784300 266
1784310 266
1784320 266
1784330 266
1784340 266
1784350 266
1784360 266
1784370 266
1784380 266
1784390 266
1784400 265
1784410 265
1784420 265
1784430 265
1784440 264
1784450 264
1784460 263
1784470 263
1784480 262
1784490 262
1784500 262
1784510 262
1784520 262
1784530 261
1784540 261
1784550 261
1784560 261
1784570 261
1784580 261
1784590 261
1784600 261
1784610 261
1784620 261
1784630 261
1784640 261
1784650 261
1784660 261
1784670 261
1784680 261
1784690 262
1784700 262
1784710 262
1784720 262
1784730 262
1784740 262
1784750 262
1784760 265
1784770 269
1784780 274
1784790 276
1784800 277
1784810 277
1784820 277
1784830 277
1784840 277
1784850 278
1784860 278
1784870 278
1784880 278
1784890 279
1784900 279
1784910 279
1784920 279
1784930 279
1784940 279
1784950 279
1784960 279
1784970 279
1784980 280
1784990 280
1785000 280
1785010 280
1785020 280
1785030 280
1785040 280
1785050 281
1785060 281
1785070 281
1785080 281
1785090 281
1785100 281
1785110 281
1785120 281
1785130 281
1785140 281
1785150 281
1785160 282
1785170 282
1785180 282
1785190 282
1785200 282
1785210 282
1785220 282
1785230 282
1785240 282
1785250 282
1785260 282
1785270 282
1785280 282
1785290 282
1785300 282
1785310 282
1785320 282
1785330 282
1785340 282
1785350 282
1785360 282
1785370 282
1785380 282
1785390 282
1785400 282
1785410 282
1785420 282
1785430 282
1785440 282
1785450 282
1785460 282
1785470 282
1785480 282
1785490 281
1785500 281
1785510 281
1785520 281
1785530 281
1785540 281
1785550 281
1785560 280
1785570 280
1785580 280
1785590 280
1785600 279
1785610 279
1785620 279
1785630 278
1785640 278
1785650 278
1785660 278
1785670 277
1785680 277
1785690 277
1785700 276
1785710 276
1785720 275
1785730 275
1785740 274
1785750 273
1785760 272
1785770 272
1785780 272
1785790 272
1785800 271
1785810 271
1785820 270
1785830 270
1785840 270
1785850 269
1785860 269
1785870 269
1785880 268
1785890 268
1785900 267
1785910 267
1785920 266
1785930 266
1785940 265
1785950 265
1785960 264
1785970 264
1785980 264
1785990 263
1786000 263
1786010 263
1786020 263
1786030 263
1786040 263
1786050 262
1786060 262
1786070 262
1786080 262
1786090 262
1786100 262
1786110 261
1786120 261
1786130 261
1786140 261
1786150 261
1786160 261
1786170 261
1786180 260
1786190 260
1786200 260
1786210 260
1786220 260
1786230 260
1786240 259
1786250 259
1786260 259
1786270 259
1786280 259
1786290 258
1786300 258
1786310 258
1786320 258
1786330 258
1786340 258
1786350 257
1786360 257
1786370 257
1786380 257
1786390 256
1786400 256
1786410 255
1786420 255
1786430 254
1786440 254
1786450 253
1786460 253
1786470 252
1786480 252
1786490 251
1786500 251
1786510 250
1786520 250
1786530 249
1786540 248
1786550 248
1786560 247
1786570 246
1786580 246
1786590 245
1786600 244
1786610 244
1786620 243
1786630 243
1786640 242
1786650 242
1786660 241
1786670 241
1786680 240
1786690 240
1786700 240
1786710 239
1786720 239
1786730 239
1786740 238
1786750 238
1786760 238
1786770 237
1786780 237
1786790 236
1786800 236
1786810 235
1786820 235
1786830 234
1786840 233
1786850 233
1786860 232
1786870 232
1786880 232
1786890 231
1786900 231
1786910 231
1786920 230
1786930 230
1786940 229
1786950 229
1786960 228
1786970 228
1786980 228
1786990 228
1787000 228
1787010 228
1787020 227
1787030 227
1787040 227
1787050 227
1787060 226
1787070 226
1787080 226
1787090 226
1787100 226
1787110 226
1787120 226
1787130 226
1787140 226
1787150 227
1787160 227
1787170 227
1787180 227
1787190 227
1787200 227
1787210 226
1787220 226
1787230 226
1787240 225
1787250 225
1787260 224
1787270 224
1787280 224
1787290 223
1787300 223
1787310 223
1787320 223
1787330 223
1787340 222
1787350 222
1787360 222
1787370 222
1787380 222
1787390 221
1787400 221
1787410 221
1787420 221
1787430 221
1787440 220
1787450 220
1787460 220
1787470 220
1787480 220
1787490 220
1787500 220
1787510 219
1787520 219
1787530 219
1787540 219
1787550 219
1787560 219
1787570 218
1787580 218
1787590 218
1787600 218
1787610 218
1787620 218
1787630 218
1787640 218
1787650 218
1787660 218
1787670 218
1787680 218
1787690 218
1787700 218
1787710 217
1787720 217
1787730 217
1787740 217
1787750 217
1787760 217
1787770 217
1787780 217
1787790 217
1787800 217
1787810 217
1787820 216
1787830 216
1787840 216
1787850 216
1787860 216
1787870 216
1787880 216
1787890 216
1787900 216
1787910 216
1787920 216
1787930 216
1787940 216
1787950 216
1787960 216
1787970 216
1787980 216
1787990 215
1788000 215
1788010 215
1788020 215
1788030 215
1788040 215
1788050 216
1788060 216
1788070 216
1788080 216
1788090 216
1788100 215
1788110 215
1788120 214
1788130 215
1788140 215
1788150 216
1788160 216
1788170 216
1788180 216
1788190 216
1788200 216
1788210 216
1788220 216
1788230 216
1788240 216
1788250 216
1788260 216
1788270 217
1788280 217
1788290 217
1788300 218
1788310 218
1788320 218
1788330 218
1788340 219
1788350 219
1788360 220
1788370 220
1788380 220
1788390 220
1788400 220
1788410 220
1788420 220
1788430 220
1788440 221
1788450 221
1788460 220
1788470 221
1788480 221
1788490 221
1788500 221
1788510 221
1788520 221
1788530 221
1788540 221
1788550 221
1788560 221
1788570 221
1788580 221
1788590 221
1788600 221
1788610 221
1788620 221
1788630 221
1788640 221
1788650 221
1788660 222
1788670 222
1788680 222
1788690 222
1788700 222
1788710 222
1788720 222
1788730 222
1788740 223
1788750 223
1788760 223
1788770 223
1788780 223
1788790 223
1788800 223
1788810 223
1788820 223
1788830 224
1788840 224
1788850 224
1788860 224
1788870 224
1788880 224
1788890 224
1788900 224
1788910 224
1788920 225
1788930 225
1788940 225
1788950 225
1788960 225
1788970 225
1788980 225
1788990 225
1789000 225
1789010 225
1789020 226
1789030 226
1789040 226
1789050 226
1789060 226
1789070 227
1789080 227
1789090 227
1789100 227
1789110 227
1789120 227
1789130 228
1789140 228
1789150 228
1789160 228
1789170 228
1789180 228
1789190 228
1789200 228
1789210 228
1789220 228
1789230 228
1789240 228
1789250 229
1789260 229
1789270 229
1789280 229
1789290 229
1789300 229
1789310 229
1789320 229
1789330 230
1789340 230
1789350 230
1789360 230
1789370 230
1789380 230
1789390 230
1789400 230
1789410 230
1789420 230
1789430 230
1789440 230
1789450 230
1789460 230
1789470 231
1789480 231
1789490 231
1789500 231
1789510 231
1789520 231
1789530 231
1789540 232
1789550 232
1789560 232
1789570 232
1789580 232
1789590 232
1789600 232
1789610 232
1789620 232
1789630 232
1789640 232
1789650 232
1789660 233
1789670 233
1789680 234
1789690 234
1789700 234
1789710 234
1789720 234
1789730 234
1789740 234
1789750 234
1789760 234
1789770 234
1789780 234
1789790 234
1789800 234
1789810 235
1789820 235
1789830 235
1789840 236
1789850 236
1789860 236
1789870 236
1789880 236
1789890 236
1789900 236
1789910 236
1789920 236
1789930 236
1789940 236
1789950 236
1789960 237
1789970 237
1789980 239
1789990 240
1790000 241
1790010 243
1790020 243
1790030 243
1790040 242
1790050 240
1790060 240
1790070 240
1790080 240
1790090 240
1790100 241
1790110 242
1790120 242
1790130 242
1790140 243
1790150 245
1790160 247
1790170 249
1790180 249
1790190 250
1790200 250
1790210 251
1790220 252
1790230 252
1790240 253
1790250 253
1790260 253
1790270 254
1790280 254
1790290 254
1790300 255
1790310 255
1790320 256
1790330 256
1790340 257
1790350 257
1790360 257
1790370 258
1790380 258
1790390 259
1790400 259
1790410 259
1790420 260
1790430 260
1790440 260
1790450 261
1790460 261
1790470 262
1790480 262
1790490 263
1790500 263
1790510 264
1790520 264
1790530 265
1790540 265
1790550 266
1790560 266
1790570 266
1790580 267
1790590 267
1790600 267
1790610 268
1790620 268
1790630 268
1790640 268
1790650 268
1790660 269
1790670 269
1790680 269
1790690 269
1790700 270
1790710 270
1790720 270
1790730 270
1790740 271
1790750 271
1790760 271
1790770 271
1790780 272
1790790 272
1790800 272
1790810 272
1790820 272
1790830 273
1790840 273
1790850 273
1790860 273
1790870 273
1790880 273
1790890 273
1790900 274
1790910 274
1790920 274
1790930 274
1790940 274
1790950 274
1790960 274
1790970 274
1790980 273
1790990 273
1791000 273
1791010 273
1791020 273
1791030 273
1791040 273
1791050 272
1791060 272
1791070 272
1791080 272
1791090 272
1791100 272
1791110 271
1791120 271
1791130 270
1791140 270
1791150 269
1791160 269
1791170 268
1791180 267
1791190 266
1791200 266
1791210 266
1791220 266
1791230 265
1791240 264
1791250 264
1791260 263
1791270 263
1791280 263
1791290 260
1791300 258
1791310 258
1791320 260
1791330 263
1791340 266
1791350 267
1791360 268
1791370 269
1791380 270
1791390 272
1791400 273
1791410 274
1791420 276
1791430 277
1791440 278
1791450 279
1791460 280
1791470 281
1791480 283
1791490 284
1791500 284
1791510 284
1791520 285
1791530 285
1791540 286
1791550 286
1791560 286
1791570 287
1791580 287
1791590 287
1791600 287
1791610 287
1791620 287
1791630 287
1791640 287
1791650 287
1791660 287
1791670 287
1791680 287
1791690 287
1791700 286
1791710 286
1791720 286
1791730 286
1791740 286
1791750 286
1791760 286
1791770 286
1791780 285
1791790 285
1791800 285
1791810 285
1791820 285
1791830 285
1791840 285
1791850 285
1791860 285
1791870 285
1791880 285
1791890 286
1791900 286
1791910 286
1791920 286
1791930 286
1791940 286
1791950 287
1791960 287
1791970 287
1791980 287
1791990 287
1792000 287
1792010 286
1792020 286
1792030 286
1792040 286
1792050 286
1792060 286
1792070 286
1792080 285
1792090 285
1792100 285
1792110 285
1792120 285
1792130 285
1792140 285
1792150 285
1792160 285
1792170 284
1792180 284
1792190 284
1792200 284
1792210 284
1792220 284
1792230 284
1792240 284
1792250 284
1792260 284
1792270 283
1792280 283
1792290 283
1792300 283
1792310 283
1792320 283
1792330 283
1792340 282
1792350 282
1792360 282
1792370 281
1792380 281
1792390 281
1792400 281
1792410 281
1792420 281
1792430 281
1792440 280
1792450 280
1792460 280
1792470 280
1792480 279
1792490 279
1792500 279
1792510 279
1792520 278
1792530 278
1792540 278
1792550 277
1792560 277
1792570 277
1792580 277
1792590 276
1792600 276
1792610 276
1792620 276
1792630 275
1792640 275
1792650 275
1792660 274
1792670 274
1792680 274
1792690 273
1792700 273
1792710 272
1792720 272
1792730 271
1792740 271
1792750 270
1792760 270
1792770 269
1792780 268
1792790 268
1792800 267
1792810 267
1792820 266
1792830 265
1792840 265
1792850 266
1792860 266
1792870 267
1792880 267
1792890 268
1792900 269
1792910 270
1792920 271
1792930 272
1792940 273
1792950 274
1792960 274
1792970 275
1792980 275
1792990 275
1793000 275
1793010 275
1793020 274
1793030 274
1793040 274
1793050 273
1793060 273
1793070 273
1793080 272
1793090 272
1793100 271
1793110 271
1793120 271
1793130 270
1793140 270
1793150 270
1793160 270
1793170 270
1793180 270
1793190 270
1793200 270
1793210 270
1793220 270
1793230 270
1793240 271
1793250 271
1793260 271
1793270 271
1793280 271
1793290 271
1793300 271
1793310 272
1793320 272
1793330 272
1793340 272
1793350 273
1793360 273
1793370 273
1793380 274
1793390 274
1793400 275
1793410 275
1793420 275
1793430 276
1793440 276
1793450 276
1793460 277
1793470 277
1793480 277
1793490 277
1793500 278
1793510 277
1793520 277
1793530 277
1793540 277
1793550 277
1793560 277
1793570 277
1793580 277
1793590 277
1793600 277
1793610 277
1793620 277
1793630 277
1793640 277
1793650 276
1793660 276
1793670 276
1793680 276
1793690 276
1793700 275
1793710 275
1793720 275
1793730 275
1793740 274
1793750 275
1793760 275
1793770 275
1793780 275
1793790 275
1793800 274
1793810 274
1793820 274
1793830 274
1793840 274
1793850 274
1793860 274
1793870 274
1793880 274
1793890 275
1793900 275
1793910 275
1793920 276
1793930 276
1793940 276
1793950 277
1793960 278
1793970 278
1793980 279
1793990 280
1794000 282
1794010 283
1794020 284
1794030 285
1794040 286
1794050 288
1794060 289
1794070 291
1794080 292
1794090 292
1794100 293
1794110 295
1794120 296
1794130 298
1794140 299
1794150 299
1794160 300
1794170 301
1794180 303
1794190 303
1794200 304
1794210 305
1794220 306
1794230 307
1794240 308
1794250 309
1794260 311
1794270 312
1794280 314
1794290 315
1794300 316
1794310 317
1794320 318
1794330 319
1794340 319
1794350 320
1794360 320
1794370 321
1794380 321
1794390 321
1794400 321
1794410 322
1794420 322
1794430 323
1794440 324
1794450 325
1794460 326
1794470 327
1794480 327
1794490 327
1794500 326
1794510 326
1794520 325
1794530 324
1794540 322
1794550 320
1794560 317
1794570 315
1794580 314
1794590 312
1794600 310
1794610 308
1794620 307
1794630 304
1794640 303
1794650 301
1794660 299
1794670 298
1794680 297
1794690 295
1794700 295
1794710 294
1794720 294
1794730 294
1794740 294
1794750 295
1794760 296
1794770 298
1794780 299
1794790 301
1794800 303
1794810 304
1794820 305
1794830 306
1794840 307
1794850 307
1794860 306
1794870 306
1794880 305
1794890 304
1794900 303
1794910 302
1794920 301
1794930 300
1794940 299
1794950 298
1794960 297
1794970 296
1794980 295
1794990 294
1795000 293
1795010 292
1795020 291
1795030 291
1795040 291
1795050 291
1795060 291
1795070 292
1795080 294
1795090 296
1795100 298
1795110 300
1795120 302
1795130 303
1795140 305
1795150 306
1795160 308
1795170 310
1795180 311
1795190 313
1795200 314
1795210 314
1795220 315
1795230 315
1795240 315
1795250 314
1795260 314
1795270 313
1795280 311
1795290 311
1795300 310
1795310 310
1795320 310
1795330 309
1795340 308
1795350 308
1795360 307
1795370 306
1795380 305
1795390 304
1795400 304
1795410 304
1795420 304
1795430 305
1795440 307
1795450 308
1795460 310
1795470 311
1795480 313
1795490 314
1795500 315
1795510 317
1795520 318
1795530 320
1795540 322
1795550 323
1795560 325
1795570 327
1795580 329
1795590 331
1795600 333
1795610 335
1795620 336
1795630 338
1795640 338
1795650 339
1795660 340
1795670 340
1795680 341
1795690 341
1795700 342
1795710 342
1795720 342
1795730 342
1795740 341
1795750 341
1795760 341
1795770 341
1795780 340
1795790 340
1795800 339
1795810 338
1795820 338
1795830 338
1795840 337
1795850 337
1795860 338
1795870 338
1795880 338
1795890 338
1795900 338
1795910 338
1795920 339
1795930 339
1795940 340
1795950 340
1795960 339
1795970 338
1795980 336
1795990 334
1796000 333
1796010 332
1796020 331
1796030 330
1796040 330
1796050 330
1796060 330
1796070 330
1796080 330
1796090 330
1796100 329
1796110 328
1796120 328
1796130 327
1796140 326
1796150 325
1796160 324
1796170 323
1796180 322
1796190 321
1796200 320
1796210 319
1796220 318
1796230 317
1796240 316
1796250 315
1796260 314
1796270 313
1796280 313
1796290 312
1796300 311
1796310 310
1796320 309
1796330 307
1796340 306
1796350 305
1796360 305
1796370 304
1796380 304
1796390 305
1796400 305
1796410 307
1796420 309
1796430 310
1796440 312
1796450 313
1796460 313
1796470 313
1796480 313
1796490 313
1796500 313
1796510 314
1796520 315
1796530 316
1796540 317
1796550 317
1796560 318
1796570 318
1796580 319
1796590 321
1796600 322
1796610 324
1796620 325
1796630 325
1796640 325
1796650 325
1796660 325
1796670 325
1796680 324
1796690 324
1796700 323
1796710 322
1796720 321
1796730 321
1796740 320
1796750 318
1796760 317
1796770 316
1796780 315
1796790 314
1796800 314
1796810 313
1796820 313
1796830 313
1796840 313
1796850 314
1796860 314
1796870 314
1796880 315
1796890 315
1796900 315
1796910 316
1796920 316
1796930 316
1796940 316
1796950 316
1796960 316
1796970 315
1796980 315
1796990 315
1797000 314
1797010 314
1797020 314
1797030 314
1797040 313
1797050 312
1797060 312
1797070 311
1797080 311
1797090 311
1797100 311
1797110 310
1797120 310
1797130 310
1797140 309
1797150 309
1797160 308
1797170 307
1797180 307
1797190 306
1797200 306
1797210 305
1797220 304
1797230 304
1797240 303
1797250 302
1797260 302
1797270 301
1797280 300
1797290 300
1797300 299
1797310 298
1797320 297
1797330 297
1797340 296
1797350 296
1797360 295
1797370 295
1797380 294
1797390 293
1797400 293
1797410 292
1797420 292
1797430 292
1797440 292
1797450 292
1797460 292
1797470 293
1797480 293
1797490 293
1797500 293
1797510 293
1797520 293
1797530 293
1797540 293
1797550 293
1797560 293
1797570 292
1797580 292
1797590 292
1797600 292
1797610 291
1797620 291
1797630 291
1797640 290
1797650 290
1797660 289
1797670 289
1797680 288
1797690 287
1797700 287
1797710 286
1797720 286
1797730 286
1797740 286
1797750 286
1797760 287
1797770 288
1797780 290
1797790 292
1797800 294
1797810 295
1797820 295
1797830 296
1797840 296
1797850 296
1797860 296
1797870 296
1797880 296
1797890 296
1797900 295
1797910 295
1797920 294
1797930 294
1797940 293
1797950 293
1797960 292
1797970 292
1797980 291
1797990 290
1798000 290
1798010 289
1798020 289
1798030 288
1798040 288
1798050 288
1798060 288
1798070 288
1798080 289
1798090 289
1798100 289
1798110 289
1798120 289
1798130 289
1798140 288
1798150 288
1798160 288
1798170 288
1798180 287
1798190 287
1798200 287
1798210 287
1798220 286
1798230 286
1798240 286
1798250 286
1798260 286
1798270 286
1798280 286
1798290 286
1798300 286
1798310 286
1798320 286
1798330 286
1798340 286
1798350 286
1798360 287
1798370 287
1798380 287
1798390 287
1798400 287
1798410 287
1798420 286
1798430 286
1798440 286
1798450 286
1798460 286
1798470 286
1798480 286
1798490 286
1798500 286
1798510 286
1798520 286
1798530 286
1798540 286
1798550 286
1798560 286
1798570 285
1798580 285
1798590 285
1798600 284
1798610 284
1798620 283
1798630 283
1798640 282
1798650 282
1798660 281
1798670 280
1798680 280
1798690 279
1798700 278
1798710 277
1798720 276
1798730 275
1798740 274
1798750 274
1798760 273
1798770 272
1798780 271
1798790 270
1798800 269
1798810 268
1798820 267
1798830 266
1798840 266
1798850 265
1798860 265
1798870 265
1798880 265
1798890 265
1798900 265
1798910 265
1798920 265
1798930 266
1798940 267
1798950 268
1798960 269
1798970 271
1798980 272
1798990 273
1799000 274
1799010 275
1799020 276
1799030 276
1799040 276
1799050 276
1799060 276
1799070 276
1799080 276
1799090 276
1799100 276
1799110 276
1799120 276
1799130 275
1799140 274
1799150 274
1799160 274
1799170 274
1799180 274
1799190 275
1799200 276
1799210 278
1799220 280
1799230 281
1799240 282
1799250 283
1799260 283
1799270 284
1799280 285
1799290 286
1799300 286
1799310 287
1799320 288
1799330 288
1799340 289
1799350 290
1799360 291
1799370 291
1799380 292
1799390 292
1799400 292
1799410 292
1799420 294
1799430 295
1799440 296
1799450 297
1799460 298
1799470 298
1799480 299
1799490 300
1799500 301
1799510 301
1799520 302
1799530 302
1799540 303
1799550 303
1799560 303
1799570 303
1799580 303
1799590 304
1799600 304
1799610 304
1799620 304
1799630 304
1799640 304
1799650 304
1799660 304
1799670 304
1799680 304
1799690 304
1799700 303
1799710 303
1799720 302
1799730 301
1799740 301
1799750 300
1799760 299
1799770 299
1799780 298
1799790 297
1799800 296
1799810 295
1799820 295
1799830 294
1799840 293
1799850 292
1799860 292
1799870 291
1799880 289
1799890 288
1799900 286
1799910 286
1799920 288
1799930 290
1799940 291
1799950 291
1799960 291
1799970 291
1799980 292
1799990 292
