1780000 325
1780010 325
1780020 324
1780030 323
1780040 323
1780050 322
1780060 322
1780070 321
1780080 321
1780090 320
1780100 320
1780110 319
1780120 318
1780130 318
1780140 317
1780150 316
1780160 316
1780170 315
1780180 315
1780190 314
1780200 314
1780210 313
1780220 313
1780230 312
1780240 312
1780250 311
1780260 311
1780270 310
1780280 310
1780290 310
1780300 309
1780310 309
1780320 309
1780330 308
1780340 308
1780350 307
1780360 307
1780370 307
1780380 306
1780390 306
1780400 305
1780410 305
1780420 304
1780430 304
1780440 303
1780450 303
1780460 302
1780470 302
1780480 301
1780490 301
1780500 300
1780510 300
1780520 299
1780530 299
1780540 298
1780550 298
1780560 298
1780570 297
1780580 297
1780590 296
1780600 296
1780610 295
1780620 295
1780630 294
1780640 294
1780650 294
1780660 293
1780670 293
1780680 292
1780690 292
1780700 292
1780710 291
1780720 291
1780730 290
1780740 290
1780750 290
1780760 289
1780770 289
1780780 288
1780790 288
1780800 288
1780810 287
1780820 287
1780830 286
1780840 286
1780850 285
1780860 285
1780870 284
1780880 284
1780890 284
1780900 283
1780910 283
1780920 282
1780930 282
1780940 281
1780950 281
1780960 280
1780970 280
1780980 280
1780990 279
1781000 278
1781010 278
1781020 277
1781030 277
1781040 276
1781050 276
1781060 275
1781070 275
1781080 275
1781090 274
1781100 274
1781110 273
1781120 273
1781130 273
1781140 272
1781150 272
1781160 271
1781170 271
1781180 271
1781190 270
1781200 270
1781210 269
1781220 269
1781230 269
1781240 268
1781250 268
1781260 267
1781270 267
1781280 267
1781290 267
1781300 266
1781310 266
1781320 266
1781330 266
1781340 266
1781350 266
1781360 265
1781370 265
1781380 265
1781390 264
1781400 264
1781410 264
1781420 263
1781430 263
1781440 263
1781450 263
1781460 263
1781470 263
1781480 263
1781490 264
1781500 264
1781510 264
1781520 263
1781530 263
1781540 263
1781550 263
1781560 263
1781570 264
1781580 264
1781590 264
1781600 264
1781610 265
1781620 265
1781630 265
1781640 266
1781650 266
1781660 266
1781670 267
1781680 267
1781690 268
1781700 268
1781710 269
1781720 269
1781730 269
1781740 270
1781750 270
1781760 270
1781770 270
1781780 270
1781790 269
1781800 269
1781810 269
1781820 268
1781830 268
1781840 267
1781850 267
1781860 267
1781870 266
1781880 266
1781890 266
1781900 266
1781910 266
1781920 266
1781930 266
1781940 266
1781950 266
1781960 266
1781970 265
1781980 265
1781990 265
1782000 265
1782010 265
1782020 265
1782030 265
1782040 264
1782050 264
1782060 264
1782070 264
1782080 264
1782090 264
1782100 264
1782110 263
1782120 263
1782130 263
1782140 263
1782150 263
1782160 262
1782170 262
1782180 262
1782190 262
1782200 262
1782210 263
1782220 264
1782230 265
1782240 265
1782250 265
1782260 265
1782270 265
1782280 265
1782290 265
1782300 265
1782310 266
1782320 266
1782330 266
1782340 266
1782350 266
1782360 266
1782370 266
1782380 266
1782390 266
1782400 266
1782410 266
1782420 266
1782430 267
1782440 267
1782450 266
1782460 266
1782470 266
1782480 266
1782490 266
1782500 266
1782510 266
1782520 266
1782530 266
1782540 265
1782550 265
1782560 265
1782570 265
1782580 266
1782590 266
1782600 267
1782610 267
1782620 268
1782630 267
1782640 267
1782650 267
1782660 266
1782670 265
1782680 265
1782690 265
1782700 265
1782710 265
1782720 266
1782730 267
1782740 267
1782750 267
1782760 267
1782770 267
1782780 268
1782790 268
1782800 268
1782810 268
1782820 268
1782830 269
1782840 268
1782850 268
1782860 268
1782870 268
1782880 268
1782890 268
1782900 268
1782910 268
1782920 267
1782930 267
1782940 266
1782950 264
1782960 263
1782970 262
1782980 262
1782990 261
1783000 261
1783010 261
1783020 261
1783030 261
1783040 260
1783050 260
1783060 260
1783070 260
1783080 260
1783090 260
1783100 260
1783110 260
1783120 260
1783130 259
1783140 259
1783150 259
1783160 259
1783170 259
1783180 259
1783190 260
1783200 260
1783210 260
1783220 260
1783230 260
1783240 260
1783250 260
1783260 260
1783270 260
1783280 260
1783290 260
1783300 261
1783310 261
1783320 261
1783330 261
1783340 261
1783350 261
1783360 261
1783370 261
1783380 261
1783390 262
1783400 262
1783410 262
1783420 262
1783430 262
1783440 262
1783450 262
1783460 262
1783470 262
1783480 262
1783490 261
1783500 261
1783510 262
1783520 262
1783530 262
1783540 261
1783550 262
1783560 262
1783570 263
1783580 263
1783590 263
1783600 263
1783610 263
1783620 263
1783630 262
1783640 262
1783650 262
1783660 262
1783670 262
1783680 262
1783690 262
1783700 262
1783710 263
1783720 263
1783730 263
1783740 263
1783750 264
1783760 264
1783770 266
1783780 266
1783790 266
1783800 266
1783810 266
1783820 266
1783830 266
1783840 267
1783850 267
1783860 266
1783870 267
1783880 267
1783890 268
1783900 268
1783910 268
1783920 268
1783930 268
1783940 269
1783950 271
1783960 272
1783970 272
1783980 272
1783990 273
1784000 273
1784010 273
1784020 274
1784030 274
1784040 275
1784050 275
1784060 275
1784070 276
1784080 276
1784090 276
1784100 276
1784110 277
1784120 277
1784130 277
1784140 278
1784150 278
1784160 278
1784170 279
1784180 279
1784190 279
1784200 279
1784210 280
1784220 280
1784230 280
1784240 280
1784250 280
1784260 280
1784270 280
1784280 281
1784290 281
1784300 281
1784310 281
1784320 281
1784330 282
1784340 282
1784350 282
1784360 282
1784370 282
1784380 283
1784390 283
1784400 283
1784410 284
1784420 284
1784430 284
1784440 284
1784450 285
1784460 285
1784470 285
1784480 285
1784490 285
1784500 285
1784510 286
1784520 286
1784530 286
1784540 286
1784550 286
1784560 286
1784570 287
1784580 287
1784590 287
1784600 287
1784610 288
1784620 288
1784630 288
1784640 288
1784650 288
1784660 289
1784670 289
1784680 289
1784690 289
1784700 289
1784710 289
1784720 290
1784730 290
1784740 290
1784750 290
1784760 291
1784770 291
1784780 291
1784790 291
1784800 291
1784810 291
1784820 291
1784830 291
1784840 291
1784850 291
1784860 291
1784870 291
1784880 291
1784890 291
1784900 291
1784910 291
1784920 291
1784930 290
1784940 290
1784950 290
1784960 290
1784970 289
1784980 289
1784990 289
1785000 288
1785010 287
1785020 287
1785030 286
1785040 285
1785050 284
1785060 284
1785070 283
1785080 282
1785090 281
1785100 280
1785110 279
1785120 279
1785130 278
1785140 277
1785150 277
1785160 276
1785170 275
1785180 274
1785190 273
1785200 273
1785210 272
1785220 271
1785230 270
1785240 270
1785250 269
1785260 269
1785270 268
1785280 268
1785290 267
1785300 267
1785310 267
1785320 266
1785330 266
1785340 266
1785350 266
1785360 266
1785370 265
1785380 265
1785390 265
1785400 265
1785410 265
1785420 265
1785430 265
1785440 264
1785450 264
1785460 264
1785470 264
1785480 264
1785490 263
1785500 263
1785510 263
1785520 262
1785530 262
1785540 261
1785550 261
1785560 260
1785570 260
1785580 259
1785590 259
1785600 258
1785610 258
1785620 257
1785630 257
1785640 257
1785650 256
1785660 256
1785670 256
1785680 256
1785690 255
1785700 255
1785710 255
1785720 255
1785730 255
1785740 254
1785750 254
1785760 254
1785770 254
1785780 254
1785790 255
1785800 255
1785810 256
1785820 257
1785830 257
1785840 258
1785850 260
1785860 261
1785870 263
1785880 264
1785890 266
1785900 267
1785910 268
1785920 270
1785930 272
1785940 273
1785950 274
1785960 275
1785970 275
1785980 276
1785990 277
1786000 277
1786010 278
1786020 278
1786030 279
1786040 279
1786050 280
1786060 280
1786070 280
1786080 281
1786090 281
1786100 281
1786110 281
1786120 281
1786130 281
1786140 281
1786150 281
1786160 281
1786170 281
1786180 281
1786190 281
1786200 281
1786210 281
1786220 281
1786230 281
1786240 281
1786250 281
1786260 280
1786270 280
1786280 280
1786290 280
1786300 280
1786310 280
1786320 280
1786330 279
1786340 279
1786350 279
1786360 279
1786370 279
1786380 279
1786390 278
1786400 278
1786410 278
1786420 277
1786430 277
1786440 277
1786450 276
1786460 276
1786470 276
1786480 275
1786490 275
1786500 274
1786510 274
1786520 273
1786530 273
1786540 272
1786550 272
1786560 272
1786570 271
1786580 271
1786590 271
1786600 271
1786610 270
1786620 270
1786630 269
1786640 269
1786650 268
1786660 268
1786670 267
1786680 267
1786690 266
1786700 265
1786710 265
1786720 264
1786730 263
1786740 262
1786750 262
1786760 261
1786770 260
1786780 260
1786790 260
1786800 259
1786810 259
1786820 259
1786830 259
1786840 259
1786850 258
1786860 258
1786870 258
1786880 258
1786890 258
1786900 258
1786910 258
1786920 258
1786930 258
1786940 258
1786950 258
1786960 258
1786970 258
1786980 258
1786990 258
1787000 258
1787010 258
1787020 258
1787030 258
1787040 258
1787050 258
1787060 258
1787070 257
1787080 257
1787090 257
1787100 257
1787110 257
1787120 256
1787130 256
1787140 256
1787150 256
1787160 256
1787170 256
1787180 256
1787190 255
1787200 255
1787210 255
1787220 255
1787230 255
1787240 255
1787250 255
1787260 255
1787270 255
1787280 254
1787290 254
1787300 253
1787310 253
1787320 252
1787330 252
1787340 251
1787350 250
1787360 249
1787370 249
1787380 248
1787390 247
1787400 246
1787410 244
1787420 243
1787430 242
1787440 241
1787450 240
1787460 239
1787470 238
1787480 238
1787490 237
1787500 236
1787510 235
1787520 235
1787530 234
1787540 234
1787550 234
1787560 234
1787570 234
1787580 234
1787590 234
1787600 233
1787610 233
1787620 233
1787630 233
1787640 233
1787650 233
1787660 233
1787670 233
1787680 233
1787690 233
1787700 233
1787710 233
1787720 233
1787730 233
1787740 233
1787750 233
1787760 234
1787770 234
1787780 234
1787790 234
1787800 234
1787810 234
1787820 235
1787830 235
1787840 235
1787850 234
1787860 234
1787870 234
1787880 234
1787890 234
1787900 234
1787910 234
1787920 234
1787930 233
1787940 233
1787950 233
1787960 233
1787970 232
1787980 232
1787990 232
1788000 232
1788010 231
1788020 231
1788030 231
1788040 231
1788050 232
1788060 232
1788070 232
1788080 233
1788090 233
1788100 234
1788110 234
1788120 235
1788130 236
1788140 237
1788150 237
1788160 237
1788170 237
1788180 236
1788190 234
1788200 234
1788210 234
1788220 234
1788230 234
1788240 236
1788250 240
1788260 242
1788270 242
1788280 241
1788290 240
1788300 240
1788310 240
1788320 240
1788330 240
1788340 240
1788350 240
1788360 240
1788370 240
1788380 240
1788390 239
1788400 238
1788410 236
1788420 235
1788430 235
1788440 234
1788450 234
1788460 234
1788470 234
1788480 234
1788490 234
1788500 234
1788510 234
1788520 233
1788530 233
1788540 233
1788550 233
1788560 233
1788570 233
1788580 232
1788590 231
1788600 231
1788610 231
1788620 231
1788630 231
1788640 231
1788650 231
1788660 231
1788670 230
1788680 228
1788690 227
1788700 226
1788710 226
1788720 226
1788730 226
1788740 225
1788750 224
1788760 223
1788770 223
1788780 223
1788790 223
1788800 223
1788810 223
1788820 223
1788830 223
1788840 223
1788850 223
1788860 223
1788870 223
1788880 223
1788890 223
1788900 223
1788910 223
1788920 222
1788930 222
1788940 223
1788950 223
1788960 223
1788970 223
1788980 223
1788990 223
1789000 223
1789010 223
1789020 223
1789030 223
1789040 223
1789050 223
1789060 223
1789070 223
1789080 223
1789090 223
1789100 223
1789110 223
1789120 223
1789130 223
1789140 223
1789150 223
1789160 223
1789170 222
1789180 222
1789190 222
1789200 223
1789210 223
1789220 222
1789230 222
1789240 222
1789250 222
1789260 222
1789270 222
1789280 222
1789290 222
1789300 222
1789310 222
1789320 222
1789330 222
1789340 222
1789350 222
1789360 222
1789370 222
1789380 221
1789390 221
1789400 221
1789410 221
1789420 221
1789430 221
1789440 221
1789450 221
1789460 221
1789470 221
1789480 221
1789490 221
1789500 221
1789510 221
1789520 221
1789530 221
1789540 220
1789550 219
1789560 219
1789570 220
1789580 221
1789590 221
1789600 221
1789610 221
1789620 221
1789630 221
1789640 221
1789650 221
1789660 221
1789670 221
1789680 221
1789690 221
1789700 221
1789710 221
1789720 221
1789730 221
1789740 221
1789750 221
1789760 221
1789770 221
1789780 221
1789790 221
1789800 221
1789810 221
1789820 221
1789830 221
1789840 221
1789850 221
1789860 221
1789870 221
1789880 221
1789890 221
1789900 221
1789910 221
1789920 222
1789930 222
1789940 222
1789950 223
1789960 224
1789970 225
1789980 225
1789990 226
1790000 227
1790010 227
1790020 228
1790030 228
1790040 229
1790050 229
1790060 230
1790070 230
1790080 231
1790090 231
1790100 233
1790110 234
1790120 236
1790130 236
1790140 237
1790150 238
1790160 238
1790170 239
1790180 241
1790190 243
1790200 244
1790210 245
1790220 245
1790230 246
1790240 246
1790250 246
1790260 247
1790270 247
1790280 247
1790290 248
1790300 248
1790310 248
1790320 249
1790330 249
1790340 249
1790350 249
1790360 249
1790370 249
1790380 250
1790390 250
1790400 251
1790410 251
1790420 251
1790430 251
1790440 251
1790450 251
1790460 252
1790470 252
1790480 253
1790490 253
1790500 254
1790510 254
1790520 254
1790530 255
1790540 255
1790550 255
1790560 256
1790570 256
1790580 256
1790590 256
1790600 257
1790610 257
1790620 257
1790630 257
1790640 258
1790650 258
1790660 259
1790670 259
1790680 260
1790690 260
1790700 260
1790710 261
1790720 261
1790730 261
1790740 262
1790750 262
1790760 262
1790770 262
1790780 262
1790790 262
1790800 263
1790810 263
1790820 263
1790830 263
1790840 263
1790850 263
1790860 263
1790870 263
1790880 263
1790890 264
1790900 264
1790910 263
1790920 262
1790930 262
1790940 261
1790950 261
1790960 261
1790970 261
1790980 261
1790990 261
1791000 261
1791010 261
1791020 261
1791030 261
1791040 261
1791050 261
1791060 260
1791070 260
1791080 260
1791090 260
1791100 260
1791110 260
1791120 260
1791130 260
1791140 259
1791150 259
1791160 259
1791170 259
1791180 259
1791190 258
1791200 258
1791210 258
1791220 258
1791230 258
1791240 257
1791250 258
1791260 258
1791270 258
1791280 257
1791290 257
1791300 256
1791310 256
1791320 256
1791330 255
1791340 255
1791350 255
1791360 255
1791370 255
1791380 255
1791390 254
1791400 254
1791410 254
1791420 253
1791430 253
1791440 253
1791450 253
1791460 252
1791470 252
1791480 252
1791490 251
1791500 251
1791510 251
1791520 251
1791530 251
1791540 251
1791550 250
1791560 250
1791570 250
1791580 250
1791590 249
1791600 249
1791610 249
1791620 248
1791630 248
1791640 248
1791650 248
1791660 248
1791670 248
1791680 248
1791690 248
1791700 248
1791710 248
1791720 248
1791730 248
1791740 248
1791750 248
1791760 248
1791770 248
1791780 248
1791790 248
1791800 248
1791810 248
1791820 249
1791830 249
1791840 249
1791850 250
1791860 250
1791870 251
1791880 251
1791890 252
1791900 252
1791910 252
1791920 253
1791930 253
1791940 253
1791950 254
1791960 254
1791970 254
1791980 254
1791990 254
1792000 254
1792010 255
1792020 255
1792030 255
1792040 255
1792050 255
1792060 255
1792070 255
1792080 255
1792090 255
1792100 255
1792110 255
1792120 255
1792130 255
1792140 255
1792150 255
1792160 255
1792170 255
1792180 254
1792190 254
1792200 254
1792210 254
1792220 254
1792230 254
1792240 254
1792250 254
1792260 254
1792270 254
1792280 254
1792290 254
1792300 254
1792310 254
1792320 254
1792330 254
1792340 254
1792350 254
1792360 254
1792370 254
1792380 254
1792390 254
1792400 254
1792410 254
1792420 254
1792430 254
1792440 254
1792450 254
1792460 254
1792470 254
1792480 254
1792490 254
1792500 254
1792510 254
1792520 254
1792530 254
1792540 254
1792550 254
1792560 255
1792570 255
1792580 255
1792590 255
1792600 255
1792610 255
1792620 255
1792630 255
1792640 255
1792650 255
1792660 254
1792670 254
1792680 254
1792690 254
1792700 254
1792710 254
1792720 254
1792730 254
1792740 255
1792750 255
1792760 255
1792770 255
1792780 255
1792790 255
1792800 255
1792810 255
1792820 255
1792830 255
1792840 256
1792850 256
1792860 256
1792870 256
1792880 256
1792890 256
1792900 256
1792910 256
1792920 256
1792930 256
1792940 256
1792950 256
1792960 257
1792970 257
1792980 257
1792990 257
1793000 257
1793010 257
1793020 257
1793030 258
1793040 258
1793050 258
1793060 258
1793070 259
1793080 259
1793090 260
1793100 260
1793110 260
1793120 260
1793130 261
1793140 261
1793150 261
1793160 262
1793170 262
1793180 262
1793190 263
1793200 263
1793210 263
1793220 263
1793230 263
1793240 264
1793250 264
1793260 264
1793270 264
1793280 264
1793290 265
1793300 265
1793310 265
1793320 266
1793330 266
1793340 267
1793350 267
1793360 268
1793370 268
1793380 269
1793390 269
1793400 270
1793410 270
1793420 271
1793430 272
1793440 272
1793450 273
1793460 273
1793470 274
1793480 274
1793490 274
1793500 275
1793510 275
1793520 276
1793530 276
1793540 276
1793550 276
1793560 276
1793570 276
1793580 276
1793590 273
1793600 271
1793610 270
1793620 270
1793630 270
1793640 270
1793650 270
1793660 271
1793670 270
1793680 270
1793690 270
1793700 270
1793710 270
1793720 270
1793730 270
1793740 271
1793750 271
1793760 271
1793770 271
1793780 271
1793790 271
1793800 271
1793810 271
1793820 271
1793830 271
1793840 271
1793850 271
1793860 271
1793870 271
1793880 271
1793890 271
1793900 271
1793910 272
1793920 272
1793930 274
1793940 277
1793950 281
1793960 284
1793970 285
1793980 285
1793990 286
1794000 286
1794010 286
1794020 286
1794030 287
1794040 287
1794050 288
1794060 288
1794070 289
1794080 289
1794090 290
1794100 290
1794110 291
1794120 291
1794130 292
1794140 293
1794150 293
1794160 293
1794170 294
1794180 294
1794190 294
1794200 295
1794210 295
1794220 295
1794230 295
1794240 295
1794250 295
1794260 295
1794270 296
1794280 296
1794290 296
1794300 296
1794310 296
1794320 296
1794330 296
1794340 296
1794350 296
1794360 296
1794370 296
1794380 296
1794390 296
1794400 296
1794410 296
1794420 296
1794430 296
1794440 296
1794450 296
1794460 296
1794470 296
1794480 296
1794490 296
1794500 296
1794510 296
1794520 295
1794530 295
1794540 295
1794550 295
1794560 295
1794570 295
1794580 295
1794590 295
1794600 295
1794610 295
1794620 295
1794630 295
1794640 295
1794650 295
1794660 295
1794670 295
1794680 295
1794690 295
1794700 295
1794710 295
1794720 295
1794730 295
1794740 295
1794750 295
1794760 295
1794770 295
1794780 294
1794790 294
1794800 294
1794810 294
1794820 294
1794830 294
1794840 294
1794850 294
1794860 294
1794870 293
1794880 293
1794890 293
1794900 293
1794910 293
1794920 292
1794930 292
1794940 292
1794950 292
1794960 291
1794970 291
1794980 291
1794990 290
1795000 290
1795010 289
1795020 289
1795030 289
1795040 289
1795050 289
1795060 288
1795070 288
1795080 288
1795090 288
1795100 287
1795110 287
1795120 286
1795130 286
1795140 286
1795150 285
1795160 285
1795170 284
1795180 284
1795190 284
1795200 284
1795210 284
1795220 284
1795230 284
1795240 284
1795250 283
1795260 283
1795270 283
1795280 283
1795290 283
1795300 282
1795310 282
1795320 282
1795330 282
1795340 282
1795350 282
1795360 281
1795370 281
1795380 281
1795390 281
1795400 280
1795410 280
1795420 280
1795430 280
1795440 280
1795450 280
1795460 279
1795470 279
1795480 279
1795490 279
1795500 278
1795510 278
1795520 278
1795530 278
1795540 278
1795550 277
1795560 277
1795570 277
1795580 277
1795590 277
1795600 277
1795610 277
1795620 277
1795630 277
1795640 277
1795650 277
1795660 277
1795670 278
1795680 278
1795690 278
1795700 278
1795710 279
1795720 279
1795730 280
1795740 280
1795750 280
1795760 281
1795770 281
1795780 281
1795790 282
1795800 282
1795810 283
1795820 284
1795830 284
1795840 284
1795850 284
1795860 284
1795870 285
1795880 285
1795890 285
1795900 285
1795910 285
1795920 286
1795930 286
1795940 287
1795950 289
1795960 290
1795970 291
1795980 292
1795990 293
1796000 294
1796010 296
1796020 296
1796030 296
1796040 296
1796050 297
1796060 299
1796070 301
1796080 302
1796090 303
1796100 304
1796110 305
1796120 305
1796130 305
1796140 304
1796150 304
1796160 303
1796170 302
1796180 302
1796190 302
1796200 303
1796210 303
1796220 304
1796230 304
1796240 306
1796250 308
1796260 310
1796270 311
1796280 313
1796290 315
1796300 316
1796310 318
1796320 319
1796330 320
1796340 321
1796350 322
1796360 323
1796370 324
1796380 325
1796390 327
1796400 328
1796410 330
1796420 331
1796430 332
1796440 333
1796450 333
1796460 334
1796470 334
1796480 334
1796490 334
1796500 333
1796510 332
1796520 331
1796530 330
1796540 328
1796550 327
1796560 325
1796570 323
1796580 321
1796590 319
1796600 317
1796610 316
1796620 315
1796630 314
1796640 313
1796650 312
1796660 311
1796670 310
1796680 309
1796690 309
1796700 308
1796710 308
1796720 307
1796730 307
1796740 306
1796750 306
1796760 305
1796770 305
1796780 304
1796790 304
1796800 304
1796810 303
1796820 303
1796830 302
1796840 302
1796850 301
1796860 301
1796870 301
1796880 301
1796890 301
1796900 301
1796910 302
1796920 302
1796930 303
1796940 304
1796950 305
1796960 306
1796970 307
1796980 309
1796990 310
1797000 311
1797010 311
1797020 312
1797030 312
1797040 312
1797050 311
1797060 311
1797070 310
1797080 310
1797090 309
1797100 308
1797110 307
1797120 306
1797130 305
1797140 305
1797150 303
1797160 302
1797170 301
1797180 299
1797190 297
1797200 297
1797210 298
1797220 299
1797230 298
1797240 298
1797250 297
1797260 296
1797270 295
1797280 294
1797290 293
1797300 292
1797310 292
1797320 291
1797330 291
1797340 290
1797350 289
1797360 289
1797370 288
1797380 287
1797390 286
1797400 286
1797410 286
1797420 286
1797430 285
1797440 285
1797450 285
1797460 285
1797470 285
1797480 285
1797490 285
1797500 285
1797510 285
1797520 284
1797530 284
1797540 284
1797550 284
1797560 283
1797570 283
1797580 283
1797590 282
1797600 282
1797610 281
1797620 280
1797630 279
1797640 278
1797650 277
1797660 276
1797670 275
1797680 275
1797690 275
1797700 275
1797710 276
1797720 276
1797730 277
1797740 278
1797750 279
1797760 279
1797770 280
1797780 281
1797790 281
1797800 282
1797810 282
1797820 282
1797830 282
1797840 282
1797850 283
1797860 283
1797870 283
1797880 283
1797890 283
1797900 283
1797910 283
1797920 283
1797930 283
1797940 283
1797950 283
1797960 283
1797970 283
1797980 283
1797990 283
1798000 283
1798010 283
1798020 282
1798030 282
1798040 281
1798050 279
1798060 278
1798070 278
1798080 278
1798090 278
1798100 279
1798110 279
1798120 278
1798130 276
1798140 275
1798150 275
1798160 275
1798170 274
1798180 274
1798190 274
1798200 274
1798210 273
1798220 272
1798230 272
1798240 271
1798250 271
1798260 271
1798270 271
1798280 271
1798290 271
1798300 271
1798310 272
1798320 272
1798330 272
1798340 273
1798350 274
1798360 275
1798370 276
1798380 277
1798390 279
1798400 280
1798410 282
1798420 283
1798430 284
1798440 286
1798450 288
1798460 289
1798470 290
1798480 291
1798490 292
1798500 293
1798510 293
1798520 294
1798530 294
1798540 294
1798550 294
1798560 294
1798570 294
1798580 294
1798590 294
1798600 294
1798610 294
1798620 294
1798630 294
1798640 295
1798650 295
1798660 295
1798670 295
1798680 295
1798690 295
1798700 295
1798710 295
1798720 295
1798730 295
1798740 295
1798750 295
1798760 295
1798770 295
1798780 295
1798790 295
1798800 294
1798810 294
1798820 294
1798830 294
1798840 293
1798850 293
1798860 293
1798870 293
1798880 293
1798890 293
1798900 293
1798910 293
1798920 294
1798930 294
1798940 294
1798950 294
1798960 294
1798970 293
1798980 293
1798990 293
1799000 293
1799010 293
1799020 292
1799030 291
1799040 290
1799050 290
1799060 291
1799070 292
1799080 292
1799090 293
1799100 294
1799110 295
1799120 296
1799130 297
1799140 297
1799150 298
1799160 299
1799170 300
1799180 301
1799190 302
1799200 303
1799210 304
1799220 305
1799230 306
1799240 306
1799250 307
1799260 308
1799270 309
1799280 310
1799290 312
1799300 313
1799310 314
1799320 315
1799330 316
1799340 318
1799350 319
1799360 321
1799370 323
1799380 324
1799390 326
1799400 328
1799410 329
1799420 331
1799430 333
1799440 334
1799450 335
1799460 335
1799470 334
1799480 333
1799490 332
1799500 331
1799510 331
1799520 332
1799530 333
1799540 335
1799550 337
1799560 338
1799570 340
1799580 341
1799590 342
1799600 343
1799610 343
1799620 343
1799630 342
1799640 342
1799650 342
1799660 342
1799670 342
1799680 342
1799690 342
1799700 341
1799710 341
1799720 340
1799730 340
1799740 339
1799750 339
1799760 338
1799770 337
1799780 336
1799790 335
1799800 334
1799810 333
1799820 333
1799830 332
1799840 331
1799850 331
1799860 330
1799870 329
1799880 328
1799890 327
1799900 326
1799910 325
1799920 325
1799930 324
1799940 324
1799950 323
1799960 323
1799970 323
1799980 323
1799990 323
