1780000 318
1780010 318
1780020 317
1780030 317
1780040 316
1780050 315
1780060 315
1780070 314
1780080 314
1780090 313
1780100 313
1780110 312
1780120 312
1780130 311
1780140 311
1780150 310
1780160 310
1780170 309
1780180 308
1780190 308
1780200 307
1780210 307
1780220 306
1780230 306
1780240 305
1780250 305
1780260 304
1780270 304
1780280 303
1780290 303
1780300 303
1780310 302
1780320 302
1780330 302
1780340 301
1780350 301
1780360 300
1780370 300
1780380 299
1780390 299
1780400 298
1780410 298
1780420 297
1780430 297
1780440 296
1780450 295
1780460 295
1780470 294
1780480 294
1780490 293
1780500 293
1780510 292
1780520 292
1780530 292
1780540 291
1780550 291
1780560 290
1780570 290
1780580 290
1780590 290
1780600 290
1780610 289
1780620 289
1780630 289
1780640 289
1780650 289
1780660 288
1780670 288
1780680 288
1780690 287
1780700 287
1780710 287
1780720 286
1780730 286
1780740 286
1780750 285
1780760 285
1780770 285
1780780 284
1780790 284
1780800 283
1780810 283
1780820 283
1780830 282
1780840 282
1780850 281
1780860 281
1780870 280
1780880 280
1780890 279
1780900 279
1780910 279
1780920 278
1780930 278
1780940 277
1780950 277
1780960 277
1780970 276
1780980 276
1780990 275
1781000 275
1781010 274
1781020 274
1781030 273
1781040 273
1781050 272
1781060 272
1781070 271
1781080 271
1781090 271
1781100 270
1781110 270
1781120 269
1781130 269
1781140 269
1781150 268
1781160 268
1781170 268
1781180 268
1781190 267
1781200 267
1781210 267
1781220 267
1781230 267
1781240 267
1781250 267
1781260 266
1781270 266
1781280 266
1781290 266
1781300 266
1781310 265
1781320 265
1781330 265
1781340 265
1781350 265
1781360 265
1781370 265
1781380 265
1781390 265
1781400 265
1781410 265
1781420 265
1781430 265
1781440 265
1781450 266
1781460 266
1781470 266
1781480 267
1781490 268
1781500 268
1781510 269
1781520 269
1781530 270
1781540 271
1781550 271
1781560 272
1781570 273
1781580 273
1781590 274
1781600 274
1781610 275
1781620 275
1781630 275
1781640 275
1781650 276
1781660 276
1781670 276
1781680 276
1781690 277
1781700 277
1781710 277
1781720 277
1781730 278
1781740 278
1781750 278
1781760 277
1781770 277
1781780 277
1781790 277
1781800 277
1781810 277
1781820 276
1781830 276
1781840 276
1781850 276
1781860 276
1781870 276
1781880 276
1781890 276
1781900 276
1781910 276
1781920 276
1781930 275
1781940 275
1781950 275
1781960 275
1781970 275
1781980 275
1781990 275
1782000 275
1782010 275
1782020 275
1782030 275
1782040 275
1782050 275
1782060 274
1782070 274
1782080 273
1782090 273
1782100 274
1782110 274
1782120 274
1782130 273
1782140 273
1782150 273
1782160 273
1782170 273
1782180 274
1782190 274
1782200 274
1782210 274
1782220 275
1782230 275
1782240 275
1782250 276
1782260 276
1782270 276
1782280 276
1782290 276
1782300 277
1782310 277
1782320 277
1782330 278
1782340 278
1782350 278
1782360 278
1782370 278
1782380 279
1782390 279
1782400 278
1782410 278
1782420 278
1782430 278
1782440 278
1782450 278
1782460 278
1782470 278
1782480 278
1782490 278
1782500 278
1782510 279
1782520 279
1782530 279
1782540 279
1782550 279
1782560 279
1782570 279
1782580 279
1782590 279
1782600 279
1782610 279
1782620 280
1782630 280
1782640 280
1782650 280
1782660 280
1782670 280
1782680 280
1782690 281
1782700 283
1782710 284
1782720 284
1782730 284
1782740 285
1782750 285
1782760 285
1782770 286
1782780 286
1782790 286
1782800 286
1782810 286
1782820 285
1782830 285
1782840 285
1782850 284
1782860 284
1782870 284
1782880 283
1782890 282
1782900 281
1782910 279
1782920 278
1782930 277
1782940 276
1782950 275
1782960 273
1782970 272
1782980 270
1782990 270
1783000 269
1783010 269
1783020 269
1783030 269
1783040 269
1783050 270
1783060 270
1783070 271
1783080 271
1783090 271
1783100 271
1783110 271
1783120 271
1783130 270
1783140 269
1783150 269
1783160 268
1783170 267
1783180 266
1783190 266
1783200 265
1783210 264
1783220 264
1783230 263
1783240 263
1783250 263
1783260 263
1783270 264
1783280 264
1783290 264
1783300 265
1783310 265
1783320 264
1783330 264
1783340 264
1783350 264
1783360 265
1783370 266
1783380 267
1783390 269
1783400 271
1783410 272
1783420 273
1783430 274
1783440 275
1783450 276
1783460 277
1783470 277
1783480 278
1783490 279
1783500 279
1783510 279
1783520 280
1783530 280
1783540 280
1783550 280
1783560 280
1783570 280
1783580 281
1783590 281
1783600 282
1783610 282
1783620 282
1783630 282
1783640 282
1783650 281
1783660 281
1783670 281
1783680 281
1783690 282
1783700 282
1783710 282
1783720 282
1783730 283
1783740 283
1783750 283
1783760 284
1783770 284
1783780 284
1783790 284
1783800 284
1783810 284
1783820 284
1783830 284
1783840 284
1783850 283
1783860 284
1783870 284
1783880 284
1783890 283
1783900 283
1783910 283
1783920 284
1783930 285
1783940 285
1783950 285
1783960 286
1783970 286
1783980 286
1783990 286
1784000 287
1784010 287
1784020 287
1784030 288
1784040 288
1784050 288
1784060 288
1784070 288
1784080 288
1784090 288
1784100 288
1784110 289
1784120 289
1784130 289
1784140 289
1784150 289
1784160 289
1784170 289
1784180 289
1784190 289
1784200 289
1784210 290
1784220 290
1784230 290
1784240 290
1784250 290
1784260 291
1784270 291
1784280 291
1784290 291
1784300 292
1784310 292
1784320 292
1784330 293
1784340 293
1784350 293
1784360 294
1784370 294
1784380 294
1784390 295
1784400 295
1784410 295
1784420 296
1784430 296
1784440 296
1784450 297
1784460 297
1784470 298
1784480 298
1784490 298
1784500 299
1784510 299
1784520 299
1784530 299
1784540 300
1784550 300
1784560 300
1784570 300
1784580 300
1784590 300
1784600 300
1784610 300
1784620 300
1784630 300
1784640 300
1784650 300
1784660 300
1784670 300
1784680 300
1784690 300
1784700 300
1784710 300
1784720 300
1784730 300
1784740 301
1784750 301
1784760 301
1784770 301
1784780 301
1784790 301
1784800 300
1784810 300
1784820 300
1784830 300
1784840 300
1784850 299
1784860 299
1784870 299
1784880 298
1784890 298
1784900 297
1784910 297
1784920 297
1784930 296
1784940 296
1784950 295
1784960 294
1784970 294
1784980 293
1784990 293
1785000 292
1785010 292
1785020 291
1785030 290
1785040 290
1785050 289
1785060 288
1785070 288
1785080 287
1785090 287
1785100 286
1785110 285
1785120 285
1785130 285
1785140 284
1785150 284
1785160 283
1785170 283
1785180 283
1785190 282
1785200 282
1785210 281
1785220 281
1785230 281
1785240 280
1785250 280
1785260 279
1785270 278
1785280 278
1785290 277
1785300 276
1785310 275
1785320 275
1785330 274
1785340 273
1785350 273
1785360 272
1785370 271
1785380 270
1785390 270
1785400 269
1785410 268
1785420 267
1785430 267
1785440 266
1785450 265
1785460 264
1785470 264
1785480 263
1785490 262
1785500 262
1785510 261
1785520 261
1785530 261
1785540 260
1785550 260
1785560 260
1785570 259
1785580 259
1785590 259
1785600 259
1785610 259
1785620 259
1785630 259
1785640 259
1785650 259
1785660 259
1785670 259
1785680 258
1785690 258
1785700 258
1785710 258
1785720 258
1785730 257
1785740 257
1785750 257
1785760 257
1785770 257
1785780 257
1785790 257
1785800 257
1785810 257
1785820 257
1785830 257
1785840 257
1785850 258
1785860 258
1785870 259
1785880 260
1785890 260
1785900 261
1785910 262
1785920 264
1785930 265
1785940 266
1785950 268
1785960 270
1785970 271
1785980 271
1785990 274
1786000 275
1786010 276
1786020 277
1786030 278
1786040 279
1786050 280
1786060 281
1786070 282
1786080 282
1786090 283
1786100 284
1786110 284
1786120 285
1786130 285
1786140 286
1786150 286
1786160 287
1786170 287
1786180 287
1786190 288
1786200 288
1786210 288
1786220 288
1786230 289
1786240 289
1786250 289
1786260 290
1786270 290
1786280 290
1786290 291
1786300 291
1786310 291
1786320 292
1786330 292
1786340 292
1786350 292
1786360 292
1786370 293
1786380 293
1786390 293
1786400 293
1786410 292
1786420 292
1786430 292
1786440 291
1786450 291
1786460 290
1786470 290
1786480 290
1786490 290
1786500 289
1786510 289
1786520 289
1786530 288
1786540 288
1786550 288
1786560 287
1786570 287
1786580 287
1786590 286
1786600 285
1786610 284
1786620 283
1786630 283
1786640 282
1786650 281
1786660 281
1786670 280
1786680 279
1786690 278
1786700 277
1786710 276
1786720 275
1786730 275
1786740 274
1786750 274
1786760 274
1786770 275
1786780 275
1786790 275
1786800 275
1786810 275
1786820 275
1786830 276
1786840 276
1786850 276
1786860 276
1786870 277
1786880 277
1786890 277
1786900 277
1786910 277
1786920 277
1786930 277
1786940 277
1786950 277
1786960 277
1786970 278
1786980 278
1786990 278
1787000 278
1787010 278
1787020 278
1787030 278
1787040 277
1787050 277
1787060 277
1787070 277
1787080 277
1787090 277
1787100 276
1787110 276
1787120 276
1787130 276
1787140 276
1787150 276
1787160 277
1787170 277
1787180 276
1787190 276
1787200 275
1787210 275
1787220 275
1787230 274
1787240 274
1787250 273
1787260 273
1787270 273
1787280 272
1787290 272
1787300 271
1787310 271
1787320 270
1787330 269
1787340 268
1787350 267
1787360 265
1787370 264
1787380 263
1787390 262
1787400 260
1787410 259
1787420 258
1787430 257
1787440 257
1787450 256
1787460 256
1787470 256
1787480 255
1787490 255
1787500 255
1787510 256
1787520 256
1787530 257
1787540 259
1787550 260
1787560 260
1787570 260
1787580 260
1787590 260
1787600 260
1787610 260
1787620 260
1787630 260
1787640 260
1787650 260
1787660 260
1787670 259
1787680 259
1787690 259
1787700 259
1787710 259
1787720 259
1787730 259
1787740 258
1787750 258
1787760 258
1787770 258
1787780 258
1787790 258
1787800 258
1787810 257
1787820 257
1787830 255
1787840 254
1787850 253
1787860 253
1787870 253
1787880 253
1787890 252
1787900 252
1787910 251
1787920 251
1787930 250
1787940 250
1787950 250
1787960 250
1787970 250
1787980 251
1787990 251
1788000 251
1788010 251
1788020 251
1788030 250
1788040 250
1788050 250
1788060 250
1788070 250
1788080 250
1788090 250
1788100 250
1788110 250
1788120 249
1788130 249
1788140 249
1788150 248
1788160 248
1788170 246
1788180 243
1788190 240
1788200 238
1788210 235
1788220 235
1788230 235
1788240 235
1788250 238
1788260 242
1788270 243
1788280 243
1788290 243
1788300 243
1788310 242
1788320 241
1788330 241
1788340 240
1788350 240
1788360 239
1788370 239
1788380 239
1788390 238
1788400 238
1788410 238
1788420 237
1788430 237
1788440 237
1788450 236
1788460 236
1788470 235
1788480 235
1788490 234
1788500 234
1788510 234
1788520 233
1788530 233
1788540 233
1788550 233
1788560 232
1788570 230
1788580 229
1788590 228
1788600 227
1788610 227
1788620 227
1788630 227
1788640 227
1788650 227
1788660 227
1788670 227
1788680 227
1788690 226
1788700 226
1788710 226
1788720 226
1788730 226
1788740 226
1788750 226
1788760 225
1788770 225
1788780 225
1788790 225
1788800 225
1788810 225
1788820 225
1788830 223
1788840 223
1788850 223
1788860 223
1788870 224
1788880 224
1788890 224
1788900 224
1788910 224
1788920 224
1788930 224
1788940 224
1788950 224
1788960 224
1788970 224
1788980 224
1788990 224
1789000 224
1789010 224
1789020 224
1789030 224
1789040 223
1789050 223
1789060 223
1789070 223
1789080 223
1789090 223
1789100 223
1789110 223
1789120 223
1789130 223
1789140 223
1789150 223
1789160 223
1789170 223
1789180 223
1789190 223
1789200 223
1789210 223
1789220 223
1789230 223
1789240 223
1789250 223
1789260 223
1789270 222
1789280 222
1789290 222
1789300 222
1789310 222
1789320 222
1789330 222
1789340 222
1789350 222
1789360 222
1789370 222
1789380 222
1789390 222
1789400 222
1789410 222
1789420 222
1789430 222
1789440 222
1789450 222
1789460 222
1789470 222
1789480 222
1789490 222
1789500 222
1789510 221
1789520 220
1789530 220
1789540 222
1789550 222
1789560 222
1789570 222
1789580 222
1789590 222
1789600 222
1789610 222
1789620 222
1789630 222
1789640 222
1789650 221
1789660 221
1789670 221
1789680 221
1789690 221
1789700 221
1789710 222
1789720 222
1789730 222
1789740 222
1789750 222
1789760 222
1789770 222
1789780 222
1789790 222
1789800 222
1789810 222
1789820 222
1789830 222
1789840 222
1789850 222
1789860 222
1789870 223
1789880 223
1789890 224
1789900 224
1789910 225
1789920 225
1789930 225
1789940 226
1789950 226
1789960 227
1789970 228
1789980 229
1789990 229
1790000 231
1790010 233
1790020 235
1790030 235
1790040 235
1790050 236
1790060 236
1790070 235
1790080 235
1790090 235
1790100 235
1790110 235
1790120 235
1790130 235
1790140 236
1790150 236
1790160 236
1790170 236
1790180 237
1790190 238
1790200 239
1790210 239
1790220 240
1790230 240
1790240 240
1790250 240
1790260 240
1790270 240
1790280 240
1790290 241
1790300 242
1790310 243
1790320 243
1790330 244
1790340 244
1790350 245
1790360 246
1790370 246
1790380 246
1790390 246
1790400 247
1790410 247
1790420 248
1790430 248
1790440 248
1790450 249
1790460 249
1790470 250
1790480 251
1790490 251
1790500 251
1790510 251
1790520 251
1790530 251
1790540 251
1790550 251
1790560 251
1790570 252
1790580 252
1790590 253
1790600 253
1790610 253
1790620 254
1790630 254
1790640 254
1790650 254
1790660 254
1790670 255
1790680 255
1790690 255
1790700 256
1790710 256
1790720 256
1790730 256
1790740 256
1790750 256
1790760 256
1790770 256
1790780 256
1790790 256
1790800 256
1790810 256
1790820 256
1790830 256
1790840 256
1790850 256
1790860 256
1790870 256
1790880 256
1790890 256
1790900 256
1790910 256
1790920 256
1790930 256
1790940 256
1790950 256
1790960 256
1790970 256
1790980 256
1790990 255
1791000 255
1791010 254
1791020 254
1791030 254
1791040 254
1791050 254
1791060 253
1791070 253
1791080 253
1791090 253
1791100 252
1791110 252
1791120 252
1791130 252
1791140 252
1791150 252
1791160 251
1791170 251
1791180 251
1791190 251
1791200 251
1791210 251
1791220 251
1791230 251
1791240 251
1791250 250
1791260 250
1791270 250
1791280 249
1791290 249
1791300 249
1791310 249
1791320 248
1791330 248
1791340 248
1791350 248
1791360 248
1791370 247
1791380 247
1791390 247
1791400 247
1791410 247
1791420 247
1791430 246
1791440 246
1791450 246
1791460 246
1791470 246
1791480 246
1791490 246
1791500 246
1791510 246
1791520 245
1791530 245
1791540 245
1791550 245
1791560 245
1791570 245
1791580 245
1791590 245
1791600 245
1791610 245
1791620 245
1791630 245
1791640 245
1791650 245
1791660 245
1791670 246
1791680 246
1791690 246
1791700 246
1791710 246
1791720 246
1791730 246
1791740 246
1791750 246
1791760 246
1791770 246
1791780 246
1791790 246
1791800 246
1791810 246
1791820 246
1791830 246
1791840 246
1791850 246
1791860 246
1791870 246
1791880 246
1791890 246
1791900 246
1791910 246
1791920 247
1791930 247
1791940 247
1791950 247
1791960 247
1791970 247
1791980 248
1791990 248
1792000 248
1792010 248
1792020 248
1792030 248
1792040 249
1792050 249
1792060 249
1792070 249
1792080 249
1792090 249
1792100 249
1792110 249
1792120 249
1792130 249
1792140 249
1792150 249
1792160 249
1792170 249
1792180 249
1792190 249
1792200 249
1792210 249
1792220 249
1792230 249
1792240 249
1792250 249
1792260 249
1792270 250
1792280 250
1792290 250
1792300 250
1792310 250
1792320 251
1792330 251
1792340 251
1792350 251
1792360 252
1792370 252
1792380 252
1792390 252
1792400 252
1792410 252
1792420 252
1792430 253
1792440 253
1792450 254
1792460 254
1792470 254
1792480 254
1792490 255
1792500 255
1792510 255
1792520 256
1792530 255
1792540 256
1792550 256
1792560 257
1792570 257
1792580 258
1792590 258
1792600 258
1792610 258
1792620 258
1792630 259
1792640 259
1792650 259
1792660 259
1792670 260
1792680 260
1792690 261
1792700 261
1792710 262
1792720 262
1792730 262
1792740 263
1792750 263
1792760 263
1792770 263
1792780 264
1792790 264
1792800 264
1792810 264
1792820 265
1792830 265
1792840 265
1792850 265
1792860 265
1792870 265
1792880 266
1792890 266
1792900 266
1792910 266
1792920 266
1792930 266
1792940 267
1792950 267
1792960 267
1792970 267
1792980 267
1792990 267
1793000 267
1793010 268
1793020 268
1793030 268
1793040 268
1793050 268
1793060 268
1793070 268
1793080 269
1793090 269
1793100 269
1793110 269
1793120 270
1793130 270
1793140 270
1793150 271
1793160 271
1793170 272
1793180 272
1793190 273
1793200 273
1793210 274
1793220 274
1793230 274
1793240 274
1793250 275
1793260 275
1793270 275
1793280 276
1793290 276
1793300 276
1793310 276
1793320 276
1793330 276
1793340 277
1793350 277
1793360 277
1793370 278
1793380 278
1793390 278
1793400 278
1793410 279
1793420 279
1793430 279
1793440 279
1793450 280
1793460 280
1793470 280
1793480 281
1793490 281
1793500 281
1793510 281
1793520 281
1793530 281
1793540 282
1793550 282
1793560 282
1793570 282
1793580 282
1793590 282
1793600 282
1793610 283
1793620 282
1793630 282
1793640 280
1793650 277
1793660 273
1793670 271
1793680 270
1793690 270
1793700 270
1793710 270
1793720 270
1793730 270
1793740 269
1793750 270
1793760 270
1793770 270
1793780 271
1793790 272
1793800 273
1793810 273
1793820 274
1793830 274
1793840 274
1793850 274
1793860 274
1793870 273
1793880 273
1793890 273
1793900 273
1793910 273
1793920 273
1793930 274
1793940 274
1793950 275
1793960 277
1793970 280
1793980 283
1793990 285
1794000 286
1794010 288
1794020 288
1794030 289
1794040 289
1794050 289
1794060 289
1794070 289
1794080 289
1794090 289
1794100 289
1794110 289
1794120 289
1794130 289
1794140 289
1794150 289
1794160 289
1794170 290
1794180 290
1794190 290
1794200 290
1794210 290
1794220 290
1794230 291
1794240 291
1794250 291
1794260 291
1794270 291
1794280 291
1794290 291
1794300 291
1794310 291
1794320 292
1794330 292
1794340 292
1794350 292
1794360 292
1794370 292
1794380 292
1794390 292
1794400 292
1794410 292
1794420 292
1794430 292
1794440 292
1794450 291
1794460 291
1794470 291
1794480 291
1794490 291
1794500 291
1794510 291
1794520 291
1794530 291
1794540 290
1794550 290
1794560 290
1794570 290
1794580 290
1794590 290
1794600 290
1794610 289
1794620 289
1794630 289
1794640 289
1794650 289
1794660 289
1794670 289
1794680 289
1794690 289
1794700 289
1794710 289
1794720 289
1794730 289
1794740 289
1794750 289
1794760 289
1794770 289
1794780 289
1794790 289
1794800 288
1794810 288
1794820 288
1794830 288
1794840 288
1794850 288
1794860 288
1794870 288
1794880 287
1794890 287
1794900 287
1794910 287
1794920 287
1794930 287
1794940 286
1794950 286
1794960 286
1794970 285
1794980 285
1794990 285
1795000 285
1795010 284
1795020 284
1795030 284
1795040 284
1795050 283
1795060 283
1795070 283
1795080 283
1795090 283
1795100 282
1795110 282
1795120 282
1795130 282
1795140 282
1795150 281
1795160 281
1795170 281
1795180 281
1795190 281
1795200 280
1795210 280
1795220 280
1795230 280
1795240 280
1795250 280
1795260 279
1795270 279
1795280 279
1795290 279
1795300 278
1795310 278
1795320 278
1795330 278
1795340 277
1795350 277
1795360 276
1795370 276
1795380 276
1795390 275
1795400 275
1795410 275
1795420 275
1795430 275
1795440 275
1795450 275
1795460 275
1795470 275
1795480 275
1795490 275
1795500 275
1795510 276
1795520 276
1795530 276
1795540 277
1795550 277
1795560 277
1795570 278
1795580 278
1795590 279
1795600 279
1795610 280
1795620 280
1795630 281
1795640 281
1795650 282
1795660 282
1795670 283
1795680 283
1795690 284
1795700 284
1795710 285
1795720 285
1795730 286
1795740 286
1795750 287
1795760 287
1795770 287
1795780 288
1795790 289
1795800 290
1795810 291
1795820 291
1795830 292
1795840 294
1795850 295
1795860 295
1795870 296
1795880 297
1795890 298
1795900 299
1795910 299
1795920 300
1795930 301
1795940 302
1795950 303
1795960 303
1795970 304
1795980 304
1795990 305
1796000 305
1796010 306
1796020 306
1796030 307
1796040 307
1796050 307
1796060 308
1796070 308
1796080 308
1796090 308
1796100 309
1796110 310
1796120 311
1796130 311
1796140 312
1796150 313
1796160 313
1796170 314
1796180 314
1796190 315
1796200 316
1796210 317
1796220 317
1796230 318
1796240 319
1796250 321
1796260 322
1796270 323
1796280 325
1796290 326
1796300 327
1796310 328
1796320 328
1796330 329
1796340 329
1796350 329
1796360 328
1796370 328
1796380 327
1796390 327
1796400 326
1796410 326
1796420 325
1796430 325
1796440 324
1796450 324
1796460 323
1796470 323
1796480 322
1796490 322
1796500 321
1796510 321
1796520 320
1796530 320
1796540 319
1796550 318
1796560 318
1796570 317
1796580 317
1796590 316
1796600 315
1796610 315
1796620 314
1796630 314
1796640 313
1796650 313
1796660 312
1796670 311
1796680 310
1796690 309
1796700 308
1796710 308
1796720 307
1796730 307
1796740 306
1796750 305
1796760 305
1796770 304
1796780 304
1796790 303
1796800 302
1796810 300
1796820 299
1796830 298
1796840 298
1796850 297
1796860 296
1796870 295
1796880 294
1796890 295
1796900 296
1796910 298
1796920 300
1796930 301
1796940 302
1796950 303
1796960 304
1796970 304
1796980 305
1796990 305
1797000 306
1797010 306
1797020 306
1797030 307
1797040 307
1797050 308
1797060 308
1797070 309
1797080 309
1797090 310
1797100 311
1797110 311
1797120 312
1797130 312
1797140 313
1797150 313
1797160 313
1797170 313
1797180 313
1797190 312
1797200 312
1797210 311
1797220 311
1797230 310
1797240 310
1797250 309
1797260 308
1797270 308
1797280 307
1797290 307
1797300 307
1797310 307
1797320 306
1797330 306
1797340 306
1797350 306
1797360 306
1797370 306
1797380 306
1797390 306
1797400 306
1797410 306
1797420 306
1797430 306
1797440 306
1797450 306
1797460 305
1797470 305
1797480 305
1797490 304
1797500 304
1797510 303
1797520 302
1797530 302
1797540 301
1797550 300
1797560 300
1797570 299
1797580 298
1797590 297
1797600 296
1797610 296
1797620 295
1797630 295
1797640 294
1797650 294
1797660 293
1797670 293
1797680 292
1797690 291
1797700 290
1797710 288
1797720 287
1797730 285
1797740 284
1797750 283
1797760 281
1797770 279
1797780 278
1797790 277
1797800 276
1797810 275
1797820 275
1797830 274
1797840 273
1797850 273
1797860 273
1797870 272
1797880 272
1797890 272
1797900 271
1797910 271
1797920 271
1797930 271
1797940 271
1797950 271
1797960 271
1797970 271
1797980 271
1797990 271
1798000 271
1798010 271
1798020 271
1798030 271
1798040 270
1798050 270
1798060 270
1798070 270
1798080 270
1798090 270
1798100 270
1798110 270
1798120 270
1798130 270
1798140 270
1798150 270
1798160 270
1798170 270
1798180 271
1798190 271
1798200 271
1798210 272
1798220 273
1798230 274
1798240 275
1798250 276
1798260 277
1798270 278
1798280 279
1798290 280
1798300 281
1798310 281
1798320 282
1798330 282
1798340 282
1798350 283
1798360 283
1798370 283
1798380 283
1798390 283
1798400 283
1798410 283
1798420 283
1798430 283
1798440 283
1798450 283
1798460 283
1798470 283
1798480 283
1798490 282
1798500 282
1798510 282
1798520 281
1798530 281
1798540 280
1798550 280
1798560 279
1798570 279
1798580 279
1798590 279
1798600 279
1798610 279
1798620 279
1798630 279
1798640 279
1798650 280
1798660 280
1798670 281
1798680 282
1798690 282
1798700 283
1798710 284
1798720 285
1798730 285
1798740 286
1798750 286
1798760 287
1798770 288
1798780 288
1798790 289
1798800 289
1798810 290
1798820 291
1798830 291
1798840 292
1798850 293
1798860 293
1798870 294
1798880 295
1798890 295
1798900 295
1798910 295
1798920 296
1798930 296
1798940 296
1798950 296
1798960 296
1798970 296
1798980 296
1798990 295
1799000 297
1799010 297
1799020 297
1799030 296
1799040 295
1799050 296
1799060 296
1799070 297
1799080 298
1799090 299
1799100 300
1799110 301
1799120 302
1799130 303
1799140 304
1799150 306
1799160 307
1799170 309
1799180 310
1799190 311
1799200 313
1799210 314
1799220 315
1799230 317
1799240 318
1799250 320
1799260 321
1799270 323
1799280 325
1799290 326
1799300 327
1799310 329
1799320 330
1799330 331
1799340 332
1799350 333
1799360 333
1799370 334
1799380 334
1799390 334
1799400 334
1799410 334
1799420 334
1799430 335
1799440 335
1799450 337
1799460 338
1799470 339
1799480 341
1799490 342
1799500 343
1799510 343
1799520 343
1799530 343
1799540 343
1799550 343
1799560 343
1799570 343
1799580 342
1799590 342
1799600 341
1799610 341
1799620 340
1799630 339
1799640 338
1799650 337
1799660 335
1799670 333
1799680 332
1799690 331
1799700 330
1799710 329
1799720 328
1799730 328
1799740 327
1799750 326
1799760 325
1799770 325
1799780 324
1799790 324
1799800 323
1799810 323
1799820 322
1799830 322
1799840 321
1799850 321
1799860 321
1799870 321
1799880 322
1799890 323
1799900 323
1799910 324
1799920 325
1799930 326
1799940 326
1799950 325
1799960 325
1799970 324
1799980 323
1799990 321
