1780000 290
1780010 291
1780020 294
1780030 296
1780040 298
1780050 298
1780060 298
1780070 299
1780080 299
1780090 300
1780100 300
1780110 300
1780120 300
1780130 301
1780140 301
1780150 301
1780160 300
1780170 300
1780180 300
1780190 301
1780200 301
1780210 301
1780220 301
1780230 301
1780240 300
1780250 300
1780260 300
1780270 301
1780280 301
1780290 301
1780300 300
1780310 300
1780320 300
1780330 300
1780340 299
1780350 299
1780360 299
1780370 299
1780380 299
1780390 298
1780400 298
1780410 298
1780420 298
1780430 298
1780440 298
1780450 298
1780460 298
1780470 298
1780480 298
1780490 298
1780500 298
1780510 298
1780520 298
1780530 298
1780540 298
1780550 298
1780560 299
1780570 299
1780580 299
1780590 299
1780600 299
1780610 298
1780620 298
1780630 297
1780640 297
1780650 297
1780660 297
1780670 297
1780680 297
1780690 297
1780700 298
1780710 298
1780720 298
1780730 299
1780740 299
1780750 299
1780760 300
1780770 300
1780780 301
1780790 301
1780800 302
1780810 302
1780820 302
1780830 303
1780840 303
1780850 302
1780860 303
1780870 304
1780880 304
1780890 304
1780900 305
1780910 305
1780920 305
1780930 305
1780940 305
1780950 305
1780960 305
1780970 305
1780980 305
1780990 305
1781000 305
1781010 305
1781020 305
1781030 305
1781040 305
1781050 305
1781060 305
1781070 305
1781080 305
1781090 305
1781100 305
1781110 305
1781120 305
1781130 305
1781140 305
1781150 305
1781160 304
1781170 304
1781180 304
1781190 304
1781200 304
1781210 303
1781220 303
1781230 302
1781240 302
1781250 301
1781260 301
1781270 299
1781280 298
1781290 297
1781300 296
1781310 295
1781320 294
1781330 294
1781340 293
1781350 293
1781360 292
1781370 292
1781380 292
1781390 292
1781400 292
1781410 291
1781420 290
1781430 289
1781440 288
1781450 288
1781460 287
1781470 287
1781480 287
1781490 286
1781500 286
1781510 285
1781520 284
1781530 284
1781540 283
1781550 283
1781560 283
1781570 282
1781580 282
1781590 281
1781600 281
1781610 280
1781620 280
1781630 279
1781640 279
1781650 279
1781660 278
1781670 278
1781680 277
1781690 277
1781700 277
1781710 277
1781720 277
1781730 277
1781740 277
1781750 277
1781760 277
1781770 278
1781780 278
1781790 278
1781800 279
1781810 279
1781820 280
1781830 280
1781840 281
1781850 281
1781860 282
1781870 282
1781880 282
1781890 283
1781900 283
1781910 283
1781920 283
1781930 283
1781940 283
1781950 283
1781960 283
1781970 283
1781980 283
1781990 283
1782000 282
1782010 282
1782020 282
1782030 282
1782040 282
1782050 281
1782060 281
1782070 280
1782080 279
1782090 279
1782100 278
1782110 277
1782120 277
1782130 276
1782140 275
1782150 275
1782160 274
1782170 274
1782180 273
1782190 273
1782200 273
1782210 272
1782220 272
1782230 271
1782240 271
1782250 270
1782260 270
1782270 270
1782280 270
1782290 270
1782300 270
1782310 270
1782320 270
1782330 270
1782340 270
1782350 270
1782360 270
1782370 270
1782380 270
1782390 270
1782400 270
1782410 271
1782420 271
1782430 272
1782440 273
1782450 274
1782460 276
1782470 277
1782480 278
1782490 279
1782500 280
1782510 282
1782520 284
1782530 286
1782540 287
1782550 287
1782560 288
1782570 289
1782580 289
1782590 290
1782600 291
1782610 291
1782620 292
1782630 292
1782640 292
1782650 292
1782660 292
1782670 292
1782680 292
1782690 292
1782700 292
1782710 292
1782720 292
1782730 292
1782740 292
1782750 292
1782760 292
1782770 292
1782780 292
1782790 292
1782800 292
1782810 292
1782820 292
1782830 292
1782840 292
1782850 292
1782860 292
1782870 292
1782880 292
1782890 292
1782900 292
1782910 292
1782920 292
1782930 292
1782940 292
1782950 291
1782960 291
1782970 291
1782980 291
1782990 291
1783000 291
1783010 291
1783020 291
1783030 291
1783040 291
1783050 291
1783060 291
1783070 291
1783080 290
1783090 290
1783100 290
1783110 290
1783120 290
1783130 290
1783140 290
1783150 290
1783160 289
1783170 289
1783180 289
1783190 289
1783200 289
1783210 289
1783220 289
1783230 289
1783240 289
1783250 289
1783260 289
1783270 289
1783280 289
1783290 288
1783300 288
1783310 288
1783320 288
1783330 288
1783340 288
1783350 288
1783360 288
1783370 288
1783380 288
1783390 288
1783400 288
1783410 287
1783420 287
1783430 287
1783440 287
1783450 287
1783460 287
1783470 287
1783480 287
1783490 287
1783500 287
1783510 287
1783520 286
1783530 286
1783540 286
1783550 286
1783560 286
1783570 286
1783580 286
1783590 286
1783600 286
1783610 286
1783620 286
1783630 286
1783640 285
1783650 285
1783660 285
1783670 285
1783680 285
1783690 285
1783700 285
1783710 285
1783720 285
1783730 285
1783740 285
1783750 285
1783760 285
1783770 285
1783780 285
1783790 284
1783800 284
1783810 284
1783820 284
1783830 284
1783840 284
1783850 284
1783860 284
1783870 283
1783880 283
1783890 283
1783900 283
1783910 283
1783920 283
1783930 283
1783940 283
1783950 283
1783960 283
1783970 282
1783980 282
1783990 282
1784000 282
1784010 282
1784020 282
1784030 282
1784040 282
1784050 282
1784060 282
1784070 282
1784080 281
1784090 281
1784100 281
1784110 281
1784120 281
1784130 281
1784140 281
1784150 281
1784160 281
1784170 281
1784180 281
1784190 280
1784200 280
1784210 280
1784220 280
1784230 280
1784240 280
1784250 280
1784260 280
1784270 280
1784280 280
1784290 280
1784300 280
1784310 280
1784320 280
1784330 280
1784340 280
1784350 279
1784360 279
1784370 279
1784380 279
1784390 279
1784400 279
1784410 279
1784420 279
1784430 278
1784440 278
1784450 278
1784460 278
1784470 278
1784480 278
1784490 278
1784500 278
1784510 278
1784520 278
1784530 277
1784540 277
1784550 277
1784560 277
1784570 277
1784580 277
1784590 277
1784600 277
1784610 277
1784620 277
1784630 276
1784640 276
1784650 276
1784660 276
1784670 276
1784680 276
1784690 276
1784700 276
1784710 276
1784720 276
1784730 276
1784740 276
1784750 276
1784760 275
1784770 275
1784780 275
1784790 275
1784800 275
1784810 275
1784820 275
1784830 274
1784840 274
1784850 274
1784860 274
1784870 274
1784880 274
1784890 274
1784900 273
1784910 273
1784920 273
1784930 273
1784940 273
1784950 273
1784960 273
1784970 273
1784980 272
1784990 272
1785000 272
1785010 272
1785020 272
1785030 272
1785040 272
1785050 271
1785060 271
1785070 271
1785080 271
1785090 271
1785100 270
1785110 270
1785120 270
1785130 270
1785140 270
1785150 270
1785160 269
1785170 269
1785180 269
1785190 269
1785200 269
1785210 269
1785220 269
1785230 269
1785240 268
1785250 268
1785260 268
1785270 268
1785280 268
1785290 268
1785300 268
1785310 267
1785320 267
1785330 267
1785340 267
1785350 267
1785360 267
1785370 267
1785380 267
1785390 267
1785400 266
1785410 266
1785420 265
1785430 265
1785440 265
1785450 264
1785460 264
1785470 264
1785480 264
1785490 264
1785500 264
1785510 263
1785520 263
1785530 263
1785540 263
1785550 263
1785560 262
1785570 262
1785580 262
1785590 262
1785600 262
1785610 261
1785620 261
1785630 261
1785640 261
1785650 260
1785660 260
1785670 260
1785680 259
1785690 259
1785700 259
1785710 259
1785720 258
1785730 258
1785740 258
1785750 258
1785760 258
1785770 258
1785780 258
1785790 258
1785800 258
1785810 257
1785820 257
1785830 257
1785840 257
1785850 257
1785860 257
1785870 257
1785880 257
1785890 257
1785900 257
1785910 257
1785920 257
1785930 257
1785940 257
1785950 257
1785960 257
1785970 258
1785980 258
1785990 258
1786000 258
1786010 259
1786020 259
1786030 259
1786040 259
1786050 260
1786060 260
1786070 260
1786080 260
1786090 260
1786100 261
1786110 261
1786120 261
1786130 261
1786140 261
1786150 261
1786160 262
1786170 262
1786180 262
1786190 262
1786200 262
1786210 262
1786220 263
1786230 263
1786240 263
1786250 263
1786260 263
1786270 263
1786280 264
1786290 264
1786300 264
1786310 264
1786320 264
1786330 265
1786340 265
1786350 265
1786360 265
1786370 265
1786380 265
1786390 265
1786400 265
1786410 265
1786420 265
1786430 265
1786440 265
1786450 266
1786460 266
1786470 266
1786480 266
1786490 265
1786500 265
1786510 265
1786520 265
1786530 265
1786540 265
1786550 265
1786560 265
1786570 265
1786580 265
1786590 265
1786600 265
1786610 265
1786620 265
1786630 265
1786640 265
1786650 264
1786660 264
1786670 264
1786680 264
1786690 264
1786700 264
1786710 264
1786720 264
1786730 264
1786740 264
1786750 264
1786760 264
1786770 264
1786780 263
1786790 263
1786800 263
1786810 263
1786820 263
1786830 263
1786840 263
1786850 263
1786860 262
1786870 262
1786880 262
1786890 262
1786900 262
1786910 262
1786920 262
1786930 262
1786940 261
1786950 261
1786960 260
1786970 260
1786980 260
1786990 259
1787000 258
1787010 258
1787020 257
1787030 257
1787040 256
1787050 256
1787060 256
1787070 256
1787080 256
1787090 256
1787100 256
1787110 256
1787120 255
1787130 255
1787140 255
1787150 255
1787160 255
1787170 254
1787180 254
1787190 254
1787200 254
1787210 254
1787220 254
1787230 253
1787240 253
1787250 253
1787260 253
1787270 252
1787280 252
1787290 252
1787300 252
1787310 252
1787320 251
1787330 251
1787340 251
1787350 251
1787360 251
1787370 251
1787380 251
1787390 251
1787400 251
1787410 251
1787420 251
1787430 251
1787440 251
1787450 251
1787460 250
1787470 250
1787480 250
1787490 250
1787500 251
1787510 251
1787520 251
1787530 251
1787540 251
1787550 251
1787560 251
1787570 251
1787580 251
1787590 251
1787600 251
1787610 250
1787620 250
1787630 250
1787640 250
1787650 250
1787660 250
1787670 250
1787680 250
1787690 249
1787700 249
1787710 249
1787720 248
1787730 247
1787740 246
1787750 246
1787760 245
1787770 245
1787780 246
1787790 247
1787800 248
1787810 248
1787820 249
1787830 249
1787840 249
1787850 249
1787860 249
1787870 249
1787880 249
1787890 249
1787900 249
1787910 249
1787920 249
1787930 249
1787940 249
1787950 249
1787960 249
1787970 249
1787980 248
1787990 248
1788000 248
1788010 248
1788020 249
1788030 248
1788040 248
1788050 248
1788060 248
1788070 249
1788080 249
1788090 249
1788100 248
1788110 248
1788120 248
1788130 248
1788140 248
1788150 248
1788160 248
1788170 248
1788180 248
1788190 247
1788200 247
1788210 246
1788220 247
1788230 247
1788240 247
1788250 248
1788260 248
1788270 249
1788280 249
1788290 249
1788300 249
1788310 250
1788320 250
1788330 250
1788340 250
1788350 250
1788360 250
1788370 250
1788380 250
1788390 250
1788400 250
1788410 250
1788420 250
1788430 250
1788440 250
1788450 250
1788460 250
1788470 250
1788480 250
1788490 250
1788500 250
1788510 250
1788520 250
1788530 250
1788540 250
1788550 250
1788560 250
1788570 250
1788580 250
1788590 250
1788600 250
1788610 250
1788620 250
1788630 250
1788640 250
1788650 250
1788660 250
1788670 250
1788680 250
1788690 250
1788700 250
1788710 250
1788720 250
1788730 250
1788740 250
1788750 250
1788760 249
1788770 249
1788780 249
1788790 249
1788800 249
1788810 249
1788820 249
1788830 249
1788840 249
1788850 249
1788860 249
1788870 249
1788880 249
1788890 249
1788900 249
1788910 249
1788920 249
1788930 249
1788940 249
1788950 249
1788960 249
1788970 249
1788980 249
1788990 249
1789000 248
1789010 248
1789020 248
1789030 248
1789040 248
1789050 248
1789060 248
1789070 248
1789080 248
1789090 248
1789100 248
1789110 248
1789120 248
1789130 248
1789140 248
1789150 248
1789160 248
1789170 248
1789180 248
1789190 248
1789200 248
1789210 248
1789220 247
1789230 247
1789240 247
1789250 247
1789260 247
1789270 247
1789280 247
1789290 247
1789300 247
1789310 247
1789320 247
1789330 247
1789340 247
1789350 247
1789360 247
1789370 247
1789380 247
1789390 247
1789400 247
1789410 247
1789420 247
1789430 247
1789440 247
1789450 247
1789460 247
1789470 247
1789480 247
1789490 247
1789500 246
1789510 246
1789520 246
1789530 246
1789540 246
1789550 246
1789560 245
1789570 245
1789580 245
1789590 245
1789600 244
1789610 244
1789620 244
1789630 244
1789640 244
1789650 243
1789660 243
1789670 243
1789680 243
1789690 243
1789700 242
1789710 242
1789720 242
1789730 242
1789740 242
1789750 242
1789760 241
1789770 241
1789780 241
1789790 241
1789800 241
1789810 241
1789820 241
1789830 240
1789840 240
1789850 240
1789860 240
1789870 239
1789880 239
1789890 239
1789900 238
1789910 238
1789920 238
1789930 237
1789940 237
1789950 236
1789960 236
1789970 236
1789980 235
1789990 235
1790000 235
1790010 234
1790020 234
1790030 234
1790040 233
1790050 233
1790060 233
1790070 233
1790080 232
1790090 232
1790100 232
1790110 232
1790120 231
1790130 231
1790140 231
1790150 231
1790160 231
1790170 231
1790180 230
1790190 230
1790200 230
1790210 230
1790220 230
1790230 230
1790240 230
1790250 229
1790260 229
1790270 229
1790280 229
1790290 229
1790300 229
1790310 229
1790320 229
1790330 229
1790340 228
1790350 228
1790360 228
1790370 228
1790380 228
1790390 228
1790400 228
1790410 228
1790420 227
1790430 227
1790440 227
1790450 227
1790460 227
1790470 227
1790480 227
1790490 227
1790500 227
1790510 227
1790520 227
1790530 227
1790540 227
1790550 227
1790560 227
1790570 227
1790580 227
1790590 227
1790600 227
1790610 227
1790620 227
1790630 227
1790640 227
1790650 228
1790660 228
1790670 228
1790680 228
1790690 228
1790700 228
1790710 228
1790720 228
1790730 228
1790740 228
1790750 228
1790760 228
1790770 228
1790780 228
1790790 228
1790800 228
1790810 227
1790820 227
1790830 227
1790840 227
1790850 227
1790860 226
1790870 226
1790880 226
1790890 226
1790900 225
1790910 225
1790920 225
1790930 225
1790940 225
1790950 225
1790960 224
1790970 225
1790980 225
1790990 225
1791000 226
1791010 226
1791020 226
1791030 227
1791040 227
1791050 228
1791060 228
1791070 229
1791080 229
1791090 230
1791100 230
1791110 230
1791120 231
1791130 231
1791140 232
1791150 232
1791160 232
1791170 233
1791180 233
1791190 233
1791200 234
1791210 234
1791220 235
1791230 235
1791240 235
1791250 236
1791260 236
1791270 236
1791280 236
1791290 237
1791300 237
1791310 237
1791320 237
1791330 237
1791340 237
1791350 237
1791360 238
1791370 238
1791380 238
1791390 238
1791400 238
1791410 238
1791420 239
1791430 239
1791440 239
1791450 240
1791460 240
1791470 241
1791480 241
1791490 241
1791500 242
1791510 242
1791520 243
1791530 243
1791540 244
1791550 244
1791560 245
1791570 245
1791580 245
1791590 245
1791600 246
1791610 246
1791620 246
1791630 246
1791640 246
1791650 246
1791660 246
1791670 246
1791680 246
1791690 247
1791700 246
1791710 246
1791720 246
1791730 246
1791740 246
1791750 246
1791760 246
1791770 246
1791780 246
1791790 246
1791800 245
1791810 245
1791820 245
1791830 245
1791840 245
1791850 245
1791860 244
1791870 244
1791880 244
1791890 244
1791900 244
1791910 244
1791920 243
1791930 243
1791940 243
1791950 243
1791960 243
1791970 243
1791980 243
1791990 242
1792000 242
1792010 242
1792020 241
1792030 241
1792040 240
1792050 240
1792060 240
1792070 240
1792080 240
1792090 241
1792100 241
1792110 241
1792120 242
1792130 242
1792140 243
1792150 244
1792160 244
1792170 245
1792180 245
1792190 246
1792200 246
1792210 246
1792220 246
1792230 246
1792240 246
1792250 246
1792260 246
1792270 246
1792280 245
1792290 245
1792300 245
1792310 244
1792320 244
1792330 244
1792340 244
1792350 243
1792360 243
1792370 243
1792380 242
1792390 242
1792400 242
1792410 242
1792420 242
1792430 241
1792440 241
1792450 241
1792460 241
1792470 241
1792480 240
1792490 240
1792500 240
1792510 240
1792520 240
1792530 240
1792540 240
1792550 240
1792560 240
1792570 240
1792580 240
1792590 240
1792600 240
1792610 240
1792620 240
1792630 240
1792640 240
1792650 241
1792660 241
1792670 241
1792680 241
1792690 242
1792700 242
1792710 242
1792720 243
1792730 243
1792740 243
1792750 243
1792760 244
1792770 244
1792780 245
1792790 245
1792800 246
1792810 246
1792820 247
1792830 247
1792840 248
1792850 248
1792860 248
1792870 248
1792880 248
1792890 249
1792900 249
1792910 249
1792920 249
1792930 249
1792940 249
1792950 249
1792960 249
1792970 249
1792980 249
1792990 249
1793000 249
1793010 249
1793020 249
1793030 250
1793040 250
1793050 250
1793060 250
1793070 250
1793080 250
1793090 250
1793100 250
1793110 250
1793120 250
1793130 250
1793140 250
1793150 250
1793160 250
1793170 250
1793180 250
1793190 250
1793200 250
1793210 250
1793220 250
1793230 250
1793240 250
1793250 250
1793260 250
1793270 250
1793280 250
1793290 250
1793300 250
1793310 250
1793320 250
1793330 250
1793340 251
1793350 251
1793360 251
1793370 251
1793380 251
1793390 251
1793400 251
1793410 251
1793420 251
1793430 251
1793440 251
1793450 251
1793460 251
1793470 251
1793480 251
1793490 251
1793500 251
1793510 251
1793520 251
1793530 251
1793540 251
1793550 251
1793560 251
1793570 251
1793580 251
1793590 251
1793600 251
1793610 251
1793620 251
1793630 251
1793640 251
1793650 251
1793660 251
1793670 251
1793680 251
1793690 251
1793700 251
1793710 251
1793720 251
1793730 251
1793740 251
1793750 250
1793760 250
1793770 250
1793780 250
1793790 250
1793800 250
1793810 250
1793820 250
1793830 250
1793840 250
1793850 250
1793860 250
1793870 250
1793880 250
1793890 250
1793900 250
1793910 250
1793920 250
1793930 250
1793940 250
1793950 250
1793960 250
1793970 250
1793980 250
1793990 250
1794000 250
1794010 250
1794020 250
1794030 250
1794040 250
1794050 250
1794060 250
1794070 249
1794080 249
1794090 249
1794100 249
1794110 248
1794120 248
1794130 248
1794140 248
1794150 249
1794160 249
1794170 249
1794180 250
1794190 250
1794200 250
1794210 250
1794220 250
1794230 250
1794240 250
1794250 251
1794260 251
1794270 251
1794280 251
1794290 251
1794300 251
1794310 251
1794320 251
1794330 251
1794340 251
1794350 251
1794360 251
1794370 250
1794380 250
1794390 250
1794400 250
1794410 250
1794420 250
1794430 250
1794440 250
1794450 250
1794460 251
1794470 251
1794480 251
1794490 251
1794500 251
1794510 251
1794520 251
1794530 251
1794540 250
1794550 250
1794560 250
1794570 250
1794580 250
1794590 250
1794600 250
1794610 250
1794620 250
1794630 250
1794640 249
1794650 248
1794660 248
1794670 248
1794680 249
1794690 249
1794700 249
1794710 249
1794720 249
1794730 249
1794740 249
1794750 249
1794760 249
1794770 249
1794780 249
1794790 250
1794800 251
1794810 251
1794820 251
1794830 252
1794840 252
1794850 252
1794860 252
1794870 252
1794880 252
1794890 252
1794900 251
1794910 251
1794920 251
1794930 251
1794940 251
1794950 251
1794960 251
1794970 251
1794980 251
1794990 251
1795000 250
1795010 250
1795020 250
1795030 250
1795040 250
1795050 250
1795060 250
1795070 250
1795080 251
1795090 251
1795100 251
1795110 251
1795120 250
1795130 250
1795140 250
1795150 249
1795160 249
1795170 249
1795180 249
1795190 248
1795200 248
1795210 248
1795220 248
1795230 248
1795240 248
1795250 249
1795260 249
1795270 249
1795280 249
1795290 250
1795300 250
1795310 250
1795320 250
1795330 250
1795340 250
1795350 250
1795360 250
1795370 250
1795380 250
1795390 250
1795400 249
1795410 249
1795420 249
1795430 249
1795440 248
1795450 248
1795460 248
1795470 248
1795480 248
1795490 247
1795500 247
1795510 247
1795520 247
1795530 247
1795540 247
1795550 247
1795560 247
1795570 247
1795580 246
1795590 246
1795600 246
1795610 246
1795620 246
1795630 245
1795640 245
1795650 245
1795660 245
1795670 245
1795680 245
1795690 245
1795700 244
1795710 244
1795720 244
1795730 244
1795740 244
1795750 244
1795760 244
1795770 244
1795780 244
1795790 244
1795800 244
1795810 245
1795820 245
1795830 245
1795840 245
1795850 245
1795860 245
1795870 245
1795880 245
1795890 246
1795900 246
1795910 246
1795920 246
1795930 246
1795940 247
1795950 247
1795960 247
1795970 248
1795980 248
1795990 248
1796000 249
1796010 249
1796020 249
1796030 250
1796040 250
1796050 250
1796060 250
1796070 251
1796080 251
1796090 251
1796100 251
1796110 251
1796120 252
1796130 252
1796140 252
1796150 252
1796160 252
1796170 253
1796180 253
1796190 253
1796200 253
1796210 253
1796220 253
1796230 254
1796240 254
1796250 254
1796260 254
1796270 254
1796280 254
1796290 254
1796300 255
1796310 255
1796320 255
1796330 255
1796340 255
1796350 255
1796360 255
1796370 255
1796380 255
1796390 255
1796400 255
1796410 254
1796420 254
1796430 254
1796440 254
1796450 254
1796460 254
1796470 254
1796480 254
1796490 254
1796500 254
1796510 254
1796520 254
1796530 254
1796540 254
1796550 254
1796560 253
1796570 253
1796580 253
1796590 253
1796600 253
1796610 253
1796620 253
1796630 253
1796640 253
1796650 253
1796660 253
1796670 253
1796680 253
1796690 253
1796700 253
1796710 253
1796720 253
1796730 254
1796740 254
1796750 254
1796760 254
1796770 254
1796780 254
1796790 254
1796800 254
1796810 254
1796820 255
1796830 255
1796840 255
1796850 255
1796860 255
1796870 256
1796880 256
1796890 256
1796900 256
1796910 257
1796920 257
1796930 257
1796940 258
1796950 258
1796960 258
1796970 258
1796980 259
1796990 259
1797000 259
1797010 259
1797020 259
1797030 260
1797040 260
1797050 260
1797060 260
1797070 260
1797080 260
1797090 260
1797100 260
1797110 260
1797120 261
1797130 261
1797140 261
1797150 261
1797160 261
1797170 261
1797180 261
1797190 261
1797200 261
1797210 261
1797220 261
1797230 261
1797240 261
1797250 261
1797260 261
1797270 261
1797280 262
1797290 262
1797300 262
1797310 262
1797320 262
1797330 262
1797340 262
1797350 262
1797360 262
1797370 262
1797380 262
1797390 262
1797400 262
1797410 262
1797420 263
1797430 263
1797440 263
1797450 263
1797460 263
1797470 263
1797480 263
1797490 263
1797500 263
1797510 263
1797520 263
1797530 263
1797540 263
1797550 263
1797560 263
1797570 264
1797580 264
1797590 264
1797600 264
1797610 264
1797620 264
1797630 264
1797640 264
1797650 264
1797660 264
1797670 264
1797680 264
1797690 264
1797700 264
1797710 264
1797720 265
1797730 265
1797740 265
1797750 265
1797760 265
1797770 265
1797780 265
1797790 265
1797800 265
1797810 265
1797820 265
1797830 265
1797840 265
1797850 265
1797860 265
1797870 265
1797880 265
1797890 265
1797900 265
1797910 265
1797920 265
1797930 265
1797940 265
1797950 265
1797960 265
1797970 265
1797980 265
1797990 265
1798000 265
1798010 265
1798020 265
1798030 265
1798040 265
1798050 266
1798060 266
1798070 266
1798080 266
1798090 266
1798100 266
1798110 266
1798120 266
1798130 266
1798140 266
1798150 266
1798160 266
1798170 266
1798180 266
1798190 266
1798200 266
1798210 266
1798220 266
1798230 266
1798240 266
1798250 266
1798260 266
1798270 267
1798280 267
1798290 267
1798300 267
1798310 267
1798320 267
1798330 267
1798340 267
1798350 267
1798360 267
1798370 267
1798380 267
1798390 268
1798400 268
1798410 268
1798420 268
1798430 268
1798440 268
1798450 268
1798460 268
1798470 268
1798480 268
1798490 268
1798500 268
1798510 268
1798520 268
1798530 268
1798540 269
1798550 269
1798560 269
1798570 269
1798580 269
1798590 269
1798600 269
1798610 269
1798620 269
1798630 269
1798640 269
1798650 269
1798660 269
1798670 269
1798680 270
1798690 270
1798700 270
1798710 270
1798720 270
1798730 270
1798740 270
1798750 270
1798760 270
1798770 270
1798780 270
1798790 270
1798800 271
1798810 271
1798820 271
1798830 271
1798840 271
1798850 271
1798860 271
1798870 271
1798880 271
1798890 272
1798900 272
1798910 272
1798920 272
1798930 272
1798940 272
1798950 273
1798960 273
1798970 273
1798980 273
1798990 273
1799000 273
1799010 273
1799020 273
1799030 273
1799040 274
1799050 274
1799060 274
1799070 274
1799080 274
1799090 274
1799100 274
1799110 274
1799120 274
1799130 274
1799140 274
1799150 275
1799160 275
1799170 275
1799180 275
1799190 275
1799200 275
1799210 275
1799220 276
1799230 276
1799240 276
1799250 276
1799260 276
1799270 276
1799280 276
1799290 276
1799300 277
1799310 277
1799320 277
1799330 277
1799340 277
1799350 277
1799360 277
1799370 277
1799380 277
1799390 277
1799400 278
1799410 278
1799420 278
1799430 278
1799440 278
1799450 278
1799460 278
1799470 278
1799480 278
1799490 278
1799500 278
1799510 278
1799520 277
1799530 277
1799540 277
1799550 277
1799560 277
1799570 276
1799580 276
1799590 276
1799600 276
1799610 276
1799620 275
1799630 275
1799640 275
1799650 275
1799660 274
1799670 274
1799680 274
1799690 274
1799700 274
1799710 274
1799720 274
1799730 274
1799740 274
1799750 274
1799760 274
1799770 274
1799780 274
1799790 274
1799800 273
1799810 273
1799820 273
1799830 273
1799840 273
1799850 272
1799860 272
1799870 272
1799880 272
1799890 272
1799900 272
1799910 272
1799920 272
1799930 272
1799940 272
1799950 272
1799960 272
1799970 272
1799980 272
1799990 272
