1780000 293
1780010 293
1780020 293
1780030 293
1780040 293
1780050 293
1780060 293
1780070 293
1780080 293
1780090 293
1780100 293
1780110 294
1780120 294
1780130 294
1780140 294
1780150 294
1780160 294
1780170 294
1780180 295
1780190 295
1780200 295
1780210 295
1780220 295
1780230 296
1780240 296
1780250 296
1780260 296
1780270 296
1780280 296
1780290 296
1780300 296
1780310 296
1780320 296
1780330 296
1780340 296
1780350 296
1780360 295
1780370 295
1780380 295
1780390 295
1780400 295
1780410 294
1780420 294
1780430 294
1780440 294
1780450 294
1780460 293
1780470 293
1780480 293
1780490 293
1780500 292
1780510 292
1780520 292
1780530 292
1780540 292
1780550 291
1780560 291
1780570 291
1780580 291
1780590 290
1780600 290
1780610 290
1780620 289
1780630 289
1780640 289
1780650 288
1780660 288
1780670 288
1780680 288
1780690 287
1780700 287
1780710 287
1780720 287
1780730 286
1780740 286
1780750 286
1780760 286
1780770 285
1780780 285
1780790 285
1780800 285
1780810 284
1780820 284
1780830 284
1780840 284
1780850 284
1780860 283
1780870 283
1780880 283
1780890 283
1780900 283
1780910 283
1780920 283
1780930 282
1780940 282
1780950 282
1780960 282
1780970 282
1780980 282
1780990 282
1781000 282
1781010 281
1781020 281
1781030 281
1781040 280
1781050 280
1781060 279
1781070 279
1781080 279
1781090 279
1781100 279
1781110 279
1781120 279
1781130 278
1781140 278
1781150 278
1781160 278
1781170 278
1781180 278
1781190 278
1781200 278
1781210 278
1781220 278
1781230 278
1781240 278
1781250 278
1781260 278
1781270 278
1781280 278
1781290 278
1781300 278
1781310 278
1781320 278
1781330 278
1781340 278
1781350 278
1781360 278
1781370 278
1781380 278
1781390 278
1781400 278
1781410 278
1781420 278
1781430 278
1781440 278
1781450 278
1781460 278
1781470 278
1781480 278
1781490 278
1781500 278
1781510 278
1781520 278
1781530 278
1781540 278
1781550 278
1781560 278
1781570 278
1781580 278
1781590 278
1781600 278
1781610 278
1781620 277
1781630 277
1781640 277
1781650 277
1781660 277
1781670 277
1781680 277
1781690 277
1781700 277
1781710 277
1781720 277
1781730 277
1781740 277
1781750 276
1781760 276
1781770 276
1781780 276
1781790 276
1781800 276
1781810 276
1781820 276
1781830 276
1781840 276
1781850 276
1781860 275
1781870 275
1781880 275
1781890 275
1781900 275
1781910 275
1781920 275
1781930 275
1781940 275
1781950 275
1781960 275
1781970 274
1781980 274
1781990 274
1782000 274
1782010 274
1782020 274
1782030 274
1782040 274
1782050 274
1782060 274
1782070 273
1782080 273
1782090 273
1782100 273
1782110 273
1782120 273
1782130 273
1782140 273
1782150 273
1782160 273
1782170 273
1782180 272
1782190 272
1782200 272
1782210 272
1782220 272
1782230 272
1782240 272
1782250 272
1782260 272
1782270 272
1782280 272
1782290 272
1782300 272
1782310 272
1782320 272
1782330 272
1782340 271
1782350 271
1782360 271
1782370 271
1782380 271
1782390 271
1782400 271
1782410 271
1782420 271
1782430 271
1782440 271
1782450 271
1782460 271
1782470 271
1782480 271
1782490 271
1782500 271
1782510 271
1782520 271
1782530 271
1782540 271
1782550 271
1782560 270
1782570 270
1782580 270
1782590 270
1782600 270
1782610 270
1782620 270
1782630 270
1782640 270
1782650 269
1782660 269
1782670 269
1782680 269
1782690 269
1782700 269
1782710 269
1782720 269
1782730 269
1782740 268
1782750 268
1782760 268
1782770 268
1782780 268
1782790 268
1782800 268
1782810 268
1782820 268
1782830 268
1782840 268
1782850 267
1782860 267
1782870 267
1782880 267
1782890 267
1782900 267
1782910 267
1782920 267
1782930 267
1782940 267
1782950 267
1782960 267
1782970 267
1782980 266
1782990 266
1783000 266
1783010 266
1783020 266
1783030 266
1783040 266
1783050 266
1783060 266
1783070 266
1783080 266
1783090 266
1783100 266
1783110 265
1783120 265
1783130 265
1783140 265
1783150 265
1783160 265
1783170 265
1783180 265
1783190 265
1783200 265
1783210 265
1783220 265
1783230 265
1783240 265
1783250 264
1783260 264
1783270 264
1783280 264
1783290 264
1783300 264
1783310 264
1783320 264
1783330 264
1783340 264
1783350 264
1783360 264
1783370 263
1783380 263
1783390 263
1783400 263
1783410 263
1783420 263
1783430 263
1783440 263
1783450 263
1783460 263
1783470 262
1783480 262
1783490 262
1783500 262
1783510 262
1783520 262
1783530 262
1783540 262
1783550 262
1783560 261
1783570 261
1783580 261
1783590 261
1783600 261
1783610 261
1783620 261
1783630 261
1783640 260
1783650 260
1783660 260
1783670 260
1783680 260
1783690 260
1783700 260
1783710 260
1783720 260
1783730 260
1783740 259
1783750 259
1783760 259
1783770 259
1783780 259
1783790 259
1783800 259
1783810 259
1783820 259
1783830 259
1783840 259
1783850 259
1783860 259
1783870 259
1783880 259
1783890 259
1783900 259
1783910 259
1783920 259
1783930 259
1783940 259
1783950 258
1783960 258
1783970 258
1783980 258
1783990 258
1784000 258
1784010 258
1784020 258
1784030 257
1784040 257
1784050 257
1784060 257
1784070 257
1784080 257
1784090 257
1784100 257
1784110 257
1784120 257
1784130 257
1784140 257
1784150 257
1784160 257
1784170 257
1784180 257
1784190 257
1784200 257
1784210 257
1784220 257
1784230 256
1784240 255
1784250 255
1784260 255
1784270 255
1784280 255
1784290 255
1784300 255
1784310 255
1784320 255
1784330 255
1784340 255
1784350 254
1784360 254
1784370 254
1784380 254
1784390 254
1784400 254
1784410 254
1784420 254
1784430 254
1784440 254
1784450 254
1784460 254
1784470 254
1784480 254
1784490 254
1784500 254
1784510 254
1784520 254
1784530 254
1784540 254
1784550 254
1784560 254
1784570 254
1784580 254
1784590 254
1784600 254
1784610 254
1784620 254
1784630 254
1784640 254
1784650 254
1784660 254
1784670 254
1784680 254
1784690 254
1784700 254
1784710 254
1784720 254
1784730 254
1784740 254
1784750 254
1784760 254
1784770 254
1784780 254
1784790 254
1784800 254
1784810 254
1784820 254
1784830 253
1784840 253
1784850 253
1784860 253
1784870 253
1784880 253
1784890 253
1784900 253
1784910 253
1784920 253
1784930 253
1784940 253
1784950 253
1784960 253
1784970 253
1784980 253
1784990 253
1785000 253
1785010 253
1785020 252
1785030 252
1785040 252
1785050 252
1785060 252
1785070 251
1785080 251
1785090 251
1785100 251
1785110 250
1785120 250
1785130 250
1785140 250
1785150 250
1785160 250
1785170 250
1785180 250
1785190 250
1785200 250
1785210 250
1785220 250
1785230 250
1785240 250
1785250 250
1785260 250
1785270 250
1785280 250
1785290 250
1785300 249
1785310 249
1785320 249
1785330 249
1785340 249
1785350 249
1785360 249
1785370 248
1785380 248
1785390 248
1785400 248
1785410 248
1785420 247
1785430 247
1785440 247
1785450 247
1785460 247
1785470 247
1785480 247
1785490 247
1785500 246
1785510 246
1785520 246
1785530 246
1785540 245
1785550 245
1785560 245
1785570 245
1785580 245
1785590 244
1785600 244
1785610 244
1785620 244
1785630 244
1785640 244
1785650 244
1785660 243
1785670 243
1785680 243
1785690 243
1785700 243
1785710 243
1785720 242
1785730 242
1785740 242
1785750 242
1785760 242
1785770 242
1785780 242
1785790 241
1785800 241
1785810 241
1785820 241
1785830 241
1785840 241
1785850 240
1785860 240
1785870 240
1785880 240
1785890 240
1785900 240
1785910 239
1785920 239
1785930 239
1785940 239
1785950 239
1785960 239
1785970 239
1785980 239
1785990 239
1786000 238
1786010 238
1786020 238
1786030 238
1786040 238
1786050 238
1786060 238
1786070 238
1786080 238
1786090 238
1786100 238
1786110 238
1786120 238
1786130 238
1786140 238
1786150 238
1786160 239
1786170 239
1786180 238
1786190 238
1786200 238
1786210 238
1786220 238
1786230 238
1786240 238
1786250 238
1786260 238
1786270 239
1786280 239
1786290 239
1786300 239
1786310 239
1786320 239
1786330 239
1786340 239
1786350 239
1786360 239
1786370 239
1786380 239
1786390 239
1786400 239
1786410 239
1786420 239
1786430 239
1786440 239
1786450 239
1786460 240
1786470 240
1786480 240
1786490 240
1786500 240
1786510 240
1786520 240
1786530 240
1786540 240
1786550 240
1786560 240
1786570 240
1786580 240
1786590 240
1786600 240
1786610 241
1786620 241
1786630 241
1786640 241
1786650 241
1786660 241
1786670 241
1786680 241
1786690 241
1786700 241
1786710 241
1786720 241
1786730 241
1786740 242
1786750 242
1786760 242
1786770 242
1786780 242
1786790 242
1786800 242
1786810 242
1786820 242
1786830 242
1786840 242
1786850 243
1786860 243
1786870 243
1786880 243
1786890 243
1786900 244
1786910 244
1786920 243
1786930 243
1786940 243
1786950 243
1786960 243
1786970 243
1786980 243
1786990 243
1787000 243
1787010 244
1787020 244
1787030 244
1787040 244
1787050 244
1787060 244
1787070 244
1787080 243
1787090 243
1787100 243
1787110 244
1787120 243
1787130 243
1787140 243
1787150 243
1787160 243
1787170 243
1787180 243
1787190 243
1787200 243
1787210 243
1787220 243
1787230 243
1787240 243
1787250 243
1787260 243
1787270 243
1787280 243
1787290 243
1787300 243
1787310 243
1787320 243
1787330 243
1787340 243
1787350 243
1787360 243
1787370 243
1787380 243
1787390 243
1787400 243
1787410 243
1787420 243
1787430 243
1787440 243
1787450 243
1787460 243
1787470 243
1787480 243
1787490 243
1787500 243
1787510 243
1787520 243
1787530 243
1787540 243
1787550 243
1787560 243
1787570 243
1787580 243
1787590 243
1787600 243
1787610 243
1787620 243
1787630 242
1787640 242
1787650 242
1787660 242
1787670 242
1787680 242
1787690 242
1787700 242
1787710 242
1787720 242
1787730 242
1787740 242
1787750 242
1787760 241
1787770 241
1787780 241
1787790 241
1787800 241
1787810 241
1787820 241
1787830 241
1787840 240
1787850 240
1787860 240
1787870 240
1787880 239
1787890 239
1787900 239
1787910 239
1787920 239
1787930 239
1787940 239
1787950 238
1787960 238
1787970 238
1787980 238
1787990 238
1788000 238
1788010 238
1788020 237
1788030 237
1788040 237
1788050 237
1788060 237
1788070 237
1788080 237
1788090 237
1788100 237
1788110 237
1788120 236
1788130 236
1788140 236
1788150 236
1788160 236
1788170 236
1788180 236
1788190 236
1788200 236
1788210 236
1788220 236
1788230 236
1788240 236
1788250 236
1788260 236
1788270 236
1788280 236
1788290 236
1788300 236
1788310 236
1788320 236
1788330 236
1788340 236
1788350 235
1788360 235
1788370 235
1788380 235
1788390 235
1788400 235
1788410 235
1788420 235
1788430 235
1788440 235
1788450 234
1788460 234
1788470 234
1788480 234
1788490 234
1788500 234
1788510 234
1788520 234
1788530 234
1788540 234
1788550 234
1788560 234
1788570 234
1788580 234
1788590 234
1788600 234
1788610 234
1788620 234
1788630 234
1788640 234
1788650 234
1788660 233
1788670 233
1788680 233
1788690 233
1788700 233
1788710 233
1788720 233
1788730 233
1788740 233
1788750 233
1788760 233
1788770 233
1788780 233
1788790 233
1788800 233
1788810 233
1788820 233
1788830 233
1788840 233
1788850 233
1788860 232
1788870 232
1788880 232
1788890 232
1788900 232
1788910 232
1788920 232
1788930 232
1788940 232
1788950 232
1788960 232
1788970 232
1788980 232
1788990 232
1789000 232
1789010 232
1789020 232
1789030 232
1789040 232
1789050 232
1789060 232
1789070 232
1789080 232
1789090 232
1789100 232
1789110 232
1789120 232
1789130 232
1789140 232
1789150 232
1789160 232
1789170 232
1789180 232
1789190 232
1789200 232
1789210 232
1789220 232
1789230 232
1789240 232
1789250 231
1789260 231
1789270 231
1789280 231
1789290 231
1789300 231
1789310 231
1789320 231
1789330 231
1789340 231
1789350 231
1789360 231
1789370 231
1789380 231
1789390 230
1789400 230
1789410 230
1789420 230
1789430 230
1789440 230
1789450 230
1789460 230
1789470 230
1789480 230
1789490 230
1789500 230
1789510 230
1789520 230
1789530 230
1789540 230
1789550 230
1789560 229
1789570 229
1789580 229
1789590 229
1789600 229
1789610 229
1789620 229
1789630 229
1789640 229
1789650 229
1789660 229
1789670 229
1789680 229
1789690 229
1789700 229
1789710 230
1789720 229
1789730 229
1789740 228
1789750 228
1789760 228
1789770 228
1789780 228
1789790 228
1789800 228
1789810 228
1789820 228
1789830 228
1789840 228
1789850 228
1789860 228
1789870 228
1789880 228
1789890 228
1789900 229
1789910 229
1789920 229
1789930 229
1789940 229
1789950 229
1789960 229
1789970 229
1789980 230
1789990 230
1790000 230
1790010 230
1790020 230
1790030 230
1790040 230
1790050 230
1790060 230
1790070 230
1790080 230
1790090 230
1790100 231
1790110 231
1790120 231
1790130 231
1790140 231
1790150 231
1790160 231
1790170 231
1790180 231
1790190 231
1790200 231
1790210 231
1790220 231
1790230 231
1790240 231
1790250 231
1790260 231
1790270 231
1790280 231
1790290 231
1790300 231
1790310 231
1790320 232
1790330 232
1790340 232
1790350 232
1790360 232
1790370 232
1790380 232
1790390 232
1790400 232
1790410 232
1790420 232
1790430 232
1790440 232
1790450 232
1790460 233
1790470 233
1790480 233
1790490 233
1790500 233
1790510 233
1790520 233
1790530 233
1790540 233
1790550 233
1790560 233
1790570 233
1790580 233
1790590 233
1790600 233
1790610 233
1790620 233
1790630 233
1790640 233
1790650 233
1790660 233
1790670 233
1790680 233
1790690 233
1790700 233
1790710 233
1790720 233
1790730 233
1790740 233
1790750 233
1790760 233
1790770 233
1790780 233
1790790 233
1790800 234
1790810 234
1790820 234
1790830 234
1790840 234
1790850 234
1790860 234
1790870 234
1790880 234
1790890 234
1790900 234
1790910 234
1790920 234
1790930 235
1790940 235
1790950 235
1790960 235
1790970 235
1790980 235
1790990 235
1791000 235
1791010 235
1791020 235
1791030 235
1791040 235
1791050 235
1791060 235
1791070 235
1791080 235
1791090 235
1791100 235
1791110 235
1791120 235
1791130 235
1791140 235
1791150 235
1791160 235
1791170 235
1791180 235
1791190 235
1791200 236
1791210 236
1791220 236
1791230 236
1791240 236
1791250 235
1791260 235
1791270 235
1791280 235
1791290 235
1791300 235
1791310 235
1791320 235
1791330 235
1791340 235
1791350 234
1791360 234
1791370 234
1791380 234
1791390 234
1791400 234
1791410 234
1791420 234
1791430 234
1791440 234
1791450 234
1791460 234
1791470 234
1791480 234
1791490 234
1791500 234
1791510 234
1791520 234
1791530 234
1791540 234
1791550 234
1791560 234
1791570 234
1791580 234
1791590 234
1791600 234
1791610 234
1791620 234
1791630 234
1791640 234
1791650 234
1791660 234
1791670 234
1791680 234
1791690 233
1791700 233
1791710 233
1791720 233
1791730 233
1791740 233
1791750 233
1791760 232
1791770 232
1791780 232
1791790 232
1791800 232
1791810 232
1791820 232
1791830 232
1791840 232
1791850 232
1791860 232
1791870 232
1791880 232
1791890 231
1791900 231
1791910 231
1791920 231
1791930 231
1791940 231
1791950 231
1791960 231
1791970 230
1791980 230
1791990 230
1792000 231
1792010 231
1792020 231
1792030 231
1792040 231
1792050 231
1792060 231
1792070 230
1792080 231
1792090 231
1792100 231
1792110 230
1792120 230
1792130 230
1792140 230
1792150 230
1792160 230
1792170 230
1792180 230
1792190 230
1792200 230
1792210 229
1792220 229
1792230 229
1792240 229
1792250 229
1792260 228
1792270 227
1792280 227
1792290 228
1792300 228
1792310 228
1792320 228
1792330 228
1792340 228
1792350 228
1792360 228
1792370 228
1792380 228
1792390 228
1792400 228
1792410 228
1792420 228
1792430 229
1792440 229
1792450 229
1792460 229
1792470 229
1792480 229
1792490 229
1792500 229
1792510 229
1792520 229
1792530 229
1792540 229
1792550 229
1792560 229
1792570 229
1792580 229
1792590 229
1792600 229
1792610 229
1792620 229
1792630 230
1792640 230
1792650 230
1792660 230
1792670 230
1792680 230
1792690 230
1792700 230
1792710 230
1792720 230
1792730 230
1792740 231
1792750 231
1792760 231
1792770 231
1792780 230
1792790 230
1792800 230
1792810 230
1792820 230
1792830 230
1792840 230
1792850 230
1792860 230
1792870 230
1792880 230
1792890 230
1792900 230
1792910 230
1792920 230
1792930 231
1792940 231
1792950 231
1792960 231
1792970 231
1792980 231
1792990 231
1793000 231
1793010 231
1793020 231
1793030 231
1793040 232
1793050 232
1793060 232
1793070 232
1793080 232
1793090 232
1793100 232
1793110 232
1793120 232
1793130 232
1793140 232
1793150 232
1793160 232
1793170 232
1793180 233
1793190 233
1793200 233
1793210 233
1793220 233
1793230 234
1793240 234
1793250 234
1793260 234
1793270 235
1793280 235
1793290 235
1793300 235
1793310 236
1793320 236
1793330 236
1793340 236
1793350 237
1793360 237
1793370 237
1793380 237
1793390 238
1793400 238
1793410 238
1793420 238
1793430 239
1793440 239
1793450 239
1793460 239
1793470 240
1793480 240
1793490 240
1793500 240
1793510 241
1793520 241
1793530 241
1793540 241
1793550 242
1793560 242
1793570 242
1793580 242
1793590 243
1793600 243
1793610 243
1793620 243
1793630 243
1793640 244
1793650 244
1793660 244
1793670 244
1793680 244
1793690 245
1793700 245
1793710 245
1793720 245
1793730 245
1793740 245
1793750 246
1793760 246
1793770 246
1793780 246
1793790 246
1793800 246
1793810 246
1793820 246
1793830 246
1793840 247
1793850 247
1793860 246
1793870 246
1793880 246
1793890 246
1793900 246
1793910 246
1793920 246
1793930 245
1793940 245
1793950 245
1793960 245
1793970 245
1793980 244
1793990 244
1794000 244
1794010 244
1794020 244
1794030 244
1794040 244
1794050 243
1794060 243
1794070 243
1794080 243
1794090 243
1794100 243
1794110 243
1794120 243
1794130 243
1794140 243
1794150 243
1794160 243
1794170 243
1794180 243
1794190 243
1794200 243
1794210 243
1794220 243
1794230 243
1794240 243
1794250 243
1794260 243
1794270 242
1794280 242
1794290 242
1794300 242
1794310 242
1794320 242
1794330 241
1794340 241
1794350 241
1794360 241
1794370 240
1794380 240
1794390 240
1794400 240
1794410 239
1794420 239
1794430 239
1794440 238
1794450 238
1794460 237
1794470 237
1794480 237
1794490 237
1794500 236
1794510 236
1794520 236
1794530 236
1794540 236
1794550 236
1794560 236
1794570 236
1794580 236
1794590 235
1794600 235
1794610 235
1794620 235
1794630 235
1794640 235
1794650 235
1794660 235
1794670 235
1794680 235
1794690 235
1794700 235
1794710 235
1794720 235
1794730 235
1794740 235
1794750 235
1794760 235
1794770 235
1794780 235
1794790 235
1794800 235
1794810 235
1794820 235
1794830 234
1794840 234
1794850 234
1794860 234
1794870 235
1794880 235
1794890 235
1794900 235
1794910 235
1794920 235
1794930 235
1794940 234
1794950 234
1794960 235
1794970 235
1794980 235
1794990 235
1795000 235
1795010 235
1795020 235
1795030 235
1795040 235
1795050 235
1795060 235
1795070 235
1795080 235
1795090 235
1795100 235
1795110 235
1795120 235
1795130 235
1795140 235
1795150 235
1795160 235
1795170 235
1795180 235
1795190 235
1795200 236
1795210 236
1795220 236
1795230 236
1795240 236
1795250 236
1795260 236
1795270 236
1795280 236
1795290 236
1795300 236
1795310 236
1795320 236
1795330 236
1795340 236
1795350 236
1795360 236
1795370 236
1795380 236
1795390 236
1795400 236
1795410 236
1795420 236
1795430 236
1795440 236
1795450 236
1795460 236
1795470 236
1795480 236
1795490 236
1795500 236
1795510 236
1795520 237
1795530 237
1795540 237
1795550 237
1795560 237
1795570 237
1795580 236
1795590 236
1795600 237
1795610 237
1795620 237
1795630 237
1795640 237
1795650 237
1795660 237
1795670 237
1795680 237
1795690 237
1795700 237
1795710 237
1795720 237
1795730 237
1795740 237
1795750 237
1795760 237
1795770 237
1795780 237
1795790 237
1795800 237
1795810 237
1795820 237
1795830 237
1795840 237
1795850 237
1795860 237
1795870 237
1795880 237
1795890 237
1795900 237
1795910 237
1795920 237
1795930 237
1795940 237
1795950 237
1795960 237
1795970 237
1795980 237
1795990 238
1796000 238
1796010 238
1796020 238
1796030 238
1796040 238
1796050 238
1796060 238
1796070 238
1796080 238
1796090 239
1796100 239
1796110 239
1796120 239
1796130 239
1796140 239
1796150 239
1796160 240
1796170 240
1796180 240
1796190 240
1796200 240
1796210 240
1796220 240
1796230 240
1796240 241
1796250 241
1796260 241
1796270 240
1796280 240
1796290 240
1796300 240
1796310 240
1796320 240
1796330 239
1796340 239
1796350 239
1796360 239
1796370 239
1796380 239
1796390 239
1796400 239
1796410 239
1796420 239
1796430 239
1796440 239
1796450 240
1796460 240
1796470 240
1796480 240
1796490 240
1796500 240
1796510 241
1796520 241
1796530 241
1796540 241
1796550 241
1796560 241
1796570 241
1796580 241
1796590 241
1796600 242
1796610 242
1796620 242
1796630 242
1796640 242
1796650 242
1796660 242
1796670 242
1796680 242
1796690 242
1796700 242
1796710 242
1796720 242
1796730 242
1796740 242
1796750 242
1796760 242
1796770 242
1796780 242
1796790 242
1796800 242
1796810 242
1796820 242
1796830 242
1796840 243
1796850 243
1796860 243
1796870 243
1796880 243
1796890 243
1796900 244
1796910 244
1796920 244
1796930 244
1796940 244
1796950 244
1796960 244
1796970 244
1796980 244
1796990 244
1797000 244
1797010 244
1797020 244
1797030 244
1797040 243
1797050 243
1797060 243
1797070 243
1797080 243
1797090 243
1797100 243
1797110 243
1797120 243
1797130 243
1797140 244
1797150 244
1797160 244
1797170 244
1797180 244
1797190 244
1797200 244
1797210 244
1797220 244
1797230 244
1797240 244
1797250 244
1797260 244
1797270 245
1797280 245
1797290 245
1797300 245
1797310 245
1797320 245
1797330 245
1797340 245
1797350 246
1797360 246
1797370 246
1797380 246
1797390 246
1797400 246
1797410 247
1797420 247
1797430 247
1797440 247
1797450 248
1797460 248
1797470 248
1797480 248
1797490 249
1797500 249
1797510 249
1797520 249
1797530 249
1797540 250
1797550 250
1797560 250
1797570 250
1797580 250
1797590 250
1797600 251
1797610 251
1797620 251
1797630 251
1797640 251
1797650 251
1797660 251
1797670 251
1797680 251
1797690 251
1797700 251
1797710 251
1797720 251
1797730 251
1797740 251
1797750 251
1797760 251
1797770 251
1797780 251
1797790 251
1797800 251
1797810 252
1797820 252
1797830 252
1797840 252
1797850 252
1797860 252
1797870 252
1797880 252
1797890 252
1797900 252
1797910 252
1797920 252
1797930 252
1797940 253
1797950 253
1797960 253
1797970 253
1797980 254
1797990 254
1798000 254
1798010 254
1798020 254
1798030 254
1798040 254
1798050 254
1798060 254
1798070 255
1798080 255
1798090 255
1798100 255
1798110 255
1798120 256
1798130 256
1798140 256
1798150 256
1798160 256
1798170 257
1798180 257
1798190 257
1798200 257
1798210 257
1798220 257
1798230 257
1798240 257
1798250 257
1798260 257
1798270 257
1798280 257
1798290 257
1798300 257
1798310 257
1798320 256
1798330 256
1798340 256
1798350 256
1798360 256
1798370 256
1798380 256
1798390 256
1798400 256
1798410 256
1798420 256
1798430 256
1798440 256
1798450 256
1798460 256
1798470 256
1798480 256
1798490 256
1798500 256
1798510 256
1798520 256
1798530 256
1798540 256
1798550 256
1798560 257
1798570 257
1798580 257
1798590 257
1798600 257
1798610 258
1798620 258
1798630 258
1798640 259
1798650 259
1798660 260
1798670 260
1798680 261
1798690 261
1798700 261
1798710 262
1798720 262
1798730 263
1798740 264
1798750 264
1798760 264
1798770 264
1798780 265
1798790 265
1798800 265
1798810 265
1798820 265
1798830 265
1798840 265
1798850 264
1798860 263
1798870 263
1798880 262
1798890 262
1798900 261
1798910 260
1798920 259
1798930 258
1798940 257
1798950 256
1798960 255
1798970 255
1798980 254
1798990 252
1799000 251
1799010 250
1799020 249
1799030 249
1799040 249
1799050 249
1799060 250
1799070 251
1799080 252
1799090 253
1799100 254
1799110 255
1799120 256
1799130 257
1799140 259
1799150 260
1799160 261
1799170 262
1799180 262
1799190 262
1799200 262
1799210 263
1799220 263
1799230 264
1799240 265
1799250 266
1799260 266
1799270 266
1799280 267
1799290 267
1799300 267
1799310 267
1799320 267
1799330 267
1799340 267
1799350 267
1799360 267
1799370 266
1799380 266
1799390 265
1799400 265
1799410 265
1799420 264
1799430 264
1799440 264
1799450 263
1799460 263
1799470 262
1799480 262
1799490 261
1799500 261
1799510 261
1799520 260
1799530 260
1799540 260
1799550 259
1799560 259
1799570 258
1799580 258
1799590 257
1799600 257
1799610 256
1799620 256
1799630 256
1799640 255
1799650 255
1799660 254
1799670 254
1799680 253
1799690 253
1799700 252
1799710 252
1799720 251
1799730 251
1799740 251
1799750 250
1799760 250
1799770 250
1799780 250
1799790 249
1799800 249
1799810 249
1799820 248
1799830 248
1799840 248
1799850 247
1799860 247
1799870 246
1799880 246
1799890 245
1799900 245
1799910 244
1799920 244
1799930 244
1799940 243
1799950 243
1799960 242
1799970 242
1799980 242
1799990 242
