1780000 272
1780010 272
1780020 272
1780030 272
1780040 272
1780050 272
1780060 272
1780070 272
1780080 272
1780090 272
1780100 272
1780110 272
1780120 272
1780130 272
1780140 272
1780150 271
1780160 271
1780170 271
1780180 271
1780190 271
1780200 271
1780210 271
1780220 271
1780230 271
1780240 271
1780250 271
1780260 271
1780270 271
1780280 271
1780290 270
1780300 270
1780310 270
1780320 270
1780330 270
1780340 270
1780350 270
1780360 270
1780370 270
1780380 270
1780390 270
1780400 270
1780410 270
1780420 270
1780430 270
1780440 269
1780450 269
1780460 269
1780470 269
1780480 269
1780490 269
1780500 269
1780510 269
1780520 269
1780530 269
1780540 269
1780550 269
1780560 269
1780570 269
1780580 269
1780590 269
1780600 269
1780610 269
1780620 269
1780630 269
1780640 269
1780650 269
1780660 269
1780670 269
1780680 268
1780690 268
1780700 268
1780710 268
1780720 268
1780730 268
1780740 269
1780750 269
1780760 268
1780770 268
1780780 268
1780790 268
1780800 268
1780810 268
1780820 268
1780830 268
1780840 268
1780850 268
1780860 268
1780870 268
1780880 268
1780890 268
1780900 267
1780910 267
1780920 267
1780930 267
1780940 267
1780950 267
1780960 267
1780970 267
1780980 267
1780990 267
1781000 267
1781010 267
1781020 267
1781030 267
1781040 267
1781050 267
1781060 267
1781070 267
1781080 267
1781090 267
1781100 267
1781110 266
1781120 266
1781130 266
1781140 266
1781150 266
1781160 266
1781170 266
1781180 266
1781190 266
1781200 266
1781210 266
1781220 266
1781230 266
1781240 266
1781250 266
1781260 266
1781270 266
1781280 266
1781290 266
1781300 266
1781310 266
1781320 266
1781330 266
1781340 266
1781350 266
1781360 266
1781370 266
1781380 266
1781390 266
1781400 266
1781410 266
1781420 266
1781430 266
1781440 266
1781450 266
1781460 266
1781470 266
1781480 266
1781490 266
1781500 266
1781510 266
1781520 266
1781530 266
1781540 266
1781550 266
1781560 266
1781570 266
1781580 266
1781590 266
1781600 266
1781610 266
1781620 266
1781630 266
1781640 266
1781650 266
1781660 266
1781670 266
1781680 266
1781690 266
1781700 266
1781710 266
1781720 266
1781730 266
1781740 266
1781750 266
1781760 266
1781770 266
1781780 266
1781790 266
1781800 266
1781810 266
1781820 266
1781830 266
1781840 266
1781850 267
1781860 267
1781870 267
1781880 267
1781890 267
1781900 267
1781910 267
1781920 267
1781930 267
1781940 267
1781950 267
1781960 267
1781970 268
1781980 268
1781990 268
1782000 268
1782010 268
1782020 268
1782030 268
1782040 268
1782050 268
1782060 268
1782070 268
1782080 267
1782090 267
1782100 267
1782110 267
1782120 267
1782130 267
1782140 268
1782150 268
1782160 268
1782170 268
1782180 268
1782190 268
1782200 267
1782210 267
1782220 267
1782230 267
1782240 267
1782250 268
1782260 268
1782270 267
1782280 267
1782290 267
1782300 267
1782310 267
1782320 267
1782330 267
1782340 267
1782350 267
1782360 267
1782370 267
1782380 267
1782390 267
1782400 267
1782410 267
1782420 267
1782430 267
1782440 267
1782450 267
1782460 267
1782470 267
1782480 267
1782490 267
1782500 267
1782510 267
1782520 267
1782530 267
1782540 266
1782550 266
1782560 266
1782570 266
1782580 266
1782590 266
1782600 266
1782610 266
1782620 266
1782630 266
1782640 266
1782650 265
1782660 265
1782670 265
1782680 265
1782690 265
1782700 265
1782710 265
1782720 265
1782730 265
1782740 265
1782750 265
1782760 265
1782770 265
1782780 264
1782790 264
1782800 264
1782810 264
1782820 264
1782830 264
1782840 264
1782850 264
1782860 264
1782870 264
1782880 264
1782890 264
1782900 264
1782910 264
1782920 264
1782930 264
1782940 264
1782950 264
1782960 264
1782970 264
1782980 264
1782990 264
1783000 264
1783010 264
1783020 264
1783030 264
1783040 264
1783050 264
1783060 264
1783070 264
1783080 264
1783090 264
1783100 264
1783110 264
1783120 264
1783130 264
1783140 264
1783150 264
1783160 264
1783170 264
1783180 264
1783190 264
1783200 264
1783210 264
1783220 264
1783230 264
1783240 264
1783250 265
1783260 265
1783270 265
1783280 265
1783290 265
1783300 265
1783310 265
1783320 265
1783330 265
1783340 265
1783350 266
1783360 266
1783370 266
1783380 266
1783390 266
1783400 266
1783410 266
1783420 266
1783430 266
1783440 266
1783450 266
1783460 267
1783470 267
1783480 267
1783490 267
1783500 267
1783510 267
1783520 267
1783530 267
1783540 267
1783550 267
1783560 267
1783570 267
1783580 267
1783590 267
1783600 267
1783610 267
1783620 267
1783630 267
1783640 267
1783650 267
1783660 267
1783670 267
1783680 267
1783690 267
1783700 267
1783710 267
1783720 267
1783730 266
1783740 266
1783750 266
1783760 266
1783770 266
1783780 266
1783790 266
1783800 266
1783810 266
1783820 266
1783830 266
1783840 266
1783850 266
1783860 265
1783870 265
1783880 265
1783890 265
1783900 265
1783910 265
1783920 265
1783930 265
1783940 265
1783950 265
1783960 265
1783970 265
1783980 265
1783990 265
1784000 265
1784010 265
1784020 265
1784030 265
1784040 265
1784050 264
1784060 264
1784070 264
1784080 264
1784090 264
1784100 264
1784110 264
1784120 264
1784130 264
1784140 264
1784150 264
1784160 264
1784170 263
1784180 263
1784190 263
1784200 263
1784210 263
1784220 263
1784230 263
1784240 262
1784250 262
1784260 262
1784270 262
1784280 262
1784290 262
1784300 261
1784310 261
1784320 261
1784330 261
1784340 261
1784350 260
1784360 260
1784370 260
1784380 260
1784390 260
1784400 259
1784410 259
1784420 259
1784430 259
1784440 259
1784450 259
1784460 258
1784470 258
1784480 258
1784490 258
1784500 258
1784510 257
1784520 257
1784530 257
1784540 257
1784550 257
1784560 257
1784570 257
1784580 257
1784590 256
1784600 256
1784610 256
1784620 255
1784630 255
1784640 255
1784650 255
1784660 255
1784670 255
1784680 255
1784690 255
1784700 255
1784710 254
1784720 254
1784730 254
1784740 254
1784750 255
1784760 255
1784770 255
1784780 255
1784790 254
1784800 254
1784810 254
1784820 254
1784830 254
1784840 254
1784850 254
1784860 253
1784870 253
1784880 254
1784890 254
1784900 254
1784910 254
1784920 254
1784930 254
1784940 254
1784950 253
1784960 253
1784970 253
1784980 253
1784990 253
1785000 253
1785010 253
1785020 253
1785030 253
1785040 253
1785050 253
1785060 252
1785070 252
1785080 252
1785090 252
1785100 252
1785110 252
1785120 252
1785130 251
1785140 251
1785150 251
1785160 251
1785170 251
1785180 251
1785190 251
1785200 251
1785210 251
1785220 251
1785230 250
1785240 250
1785250 250
1785260 250
1785270 250
1785280 250
1785290 250
1785300 250
1785310 250
1785320 250
1785330 249
1785340 249
1785350 249
1785360 249
1785370 249
1785380 249
1785390 249
1785400 249
1785410 249
1785420 249
1785430 249
1785440 248
1785450 248
1785460 248
1785470 248
1785480 248
1785490 248
1785500 248
1785510 248
1785520 248
1785530 248
1785540 248
1785550 248
1785560 248
1785570 248
1785580 248
1785590 248
1785600 248
1785610 248
1785620 248
1785630 248
1785640 248
1785650 249
1785660 249
1785670 249
1785680 249
1785690 249
1785700 249
1785710 249
1785720 249
1785730 249
1785740 249
1785750 249
1785760 249
1785770 249
1785780 249
1785790 249
1785800 249
1785810 249
1785820 249
1785830 249
1785840 249
1785850 249
1785860 249
1785870 249
1785880 249
1785890 249
1785900 249
1785910 249
1785920 249
1785930 249
1785940 249
1785950 249
1785960 249
1785970 249
1785980 249
1785990 249
1786000 249
1786010 249
1786020 249
1786030 250
1786040 250
1786050 250
1786060 250
1786070 250
1786080 250
1786090 250
1786100 250
1786110 250
1786120 250
1786130 250
1786140 250
1786150 250
1786160 250
1786170 251
1786180 251
1786190 251
1786200 251
1786210 251
1786220 251
1786230 251
1786240 251
1786250 252
1786260 252
1786270 252
1786280 252
1786290 252
1786300 253
1786310 253
1786320 253
1786330 253
1786340 254
1786350 254
1786360 254
1786370 255
1786380 255
1786390 255
1786400 255
1786410 256
1786420 256
1786430 255
1786440 255
1786450 255
1786460 255
1786470 255
1786480 255
1786490 255
1786500 255
1786510 255
1786520 255
1786530 255
1786540 254
1786550 254
1786560 254
1786570 254
1786580 254
1786590 254
1786600 254
1786610 254
1786620 254
1786630 254
1786640 254
1786650 254
1786660 254
1786670 253
1786680 253
1786690 253
1786700 253
1786710 253
1786720 252
1786730 252
1786740 252
1786750 252
1786760 252
1786770 252
1786780 252
1786790 252
1786800 252
1786810 251
1786820 251
1786830 251
1786840 252
1786850 251
1786860 251
1786870 250
1786880 250
1786890 250
1786900 250
1786910 250
1786920 250
1786930 250
1786940 250
1786950 249
1786960 249
1786970 249
1786980 249
1786990 249
1787000 249
1787010 249
1787020 249
1787030 248
1787040 248
1787050 248
1787060 248
1787070 248
1787080 248
1787090 249
1787100 249
1787110 249
1787120 248
1787130 248
1787140 248
1787150 248
1787160 248
1787170 248
1787180 248
1787190 248
1787200 248
1787210 248
1787220 248
1787230 248
1787240 248
1787250 248
1787260 248
1787270 249
1787280 249
1787290 249
1787300 249
1787310 249
1787320 249
1787330 249
1787340 249
1787350 249
1787360 249
1787370 249
1787380 249
1787390 250
1787400 250
1787410 250
1787420 250
1787430 250
1787440 250
1787450 250
1787460 250
1787470 251
1787480 251
1787490 251
1787500 251
1787510 251
1787520 251
1787530 251
1787540 251
1787550 251
1787560 252
1787570 252
1787580 252
1787590 252
1787600 252
1787610 252
1787620 252
1787630 252
1787640 252
1787650 253
1787660 253
1787670 253
1787680 253
1787690 253
1787700 253
1787710 254
1787720 254
1787730 254
1787740 254
1787750 254
1787760 254
1787770 254
1787780 255
1787790 255
1787800 255
1787810 255
1787820 256
1787830 256
1787840 255
1787850 256
1787860 256
1787870 256
1787880 256
1787890 256
1787900 256
1787910 256
1787920 257
1787930 257
1787940 257
1787950 257
1787960 257
1787970 258
1787980 258
1787990 258
1788000 258
1788010 258
1788020 258
1788030 259
1788040 259
1788050 259
1788060 259
1788070 259
1788080 259
1788090 259
1788100 259
1788110 260
1788120 260
1788130 261
1788140 261
1788150 262
1788160 262
1788170 262
1788180 262
1788190 262
1788200 263
1788210 263
1788220 263
1788230 263
1788240 264
1788250 264
1788260 264
1788270 265
1788280 265
1788290 265
1788300 266
1788310 266
1788320 266
1788330 266
1788340 267
1788350 267
1788360 267
1788370 268
1788380 268
1788390 268
1788400 268
1788410 269
1788420 269
1788430 269
1788440 269
1788450 269
1788460 269
1788470 269
1788480 269
1788490 269
1788500 270
1788510 270
1788520 271
1788530 271
1788540 271
1788550 272
1788560 272
1788570 273
1788580 273
1788590 273
1788600 274
1788610 274
1788620 274
1788630 274
1788640 275
1788650 275
1788660 275
1788670 275
1788680 275
1788690 275
1788700 275
1788710 275
1788720 275
1788730 275
1788740 276
1788750 276
1788760 276
1788770 276
1788780 276
1788790 276
1788800 275
1788810 275
1788820 275
1788830 274
1788840 274
1788850 273
1788860 273
1788870 273
1788880 274
1788890 274
1788900 275
1788910 275
1788920 276
1788930 276
1788940 276
1788950 276
1788960 277
1788970 277
1788980 277
1788990 277
1789000 277
1789010 278
1789020 278
1789030 278
1789040 278
1789050 278
1789060 278
1789070 278
1789080 277
1789090 277
1789100 277
1789110 277
1789120 277
1789130 277
1789140 277
1789150 277
1789160 277
1789170 277
1789180 277
1789190 277
1789200 277
1789210 277
1789220 277
1789230 277
1789240 278
1789250 278
1789260 278
1789270 278
1789280 278
1789290 278
1789300 277
1789310 277
1789320 277
1789330 277
1789340 277
1789350 277
1789360 277
1789370 276
1789380 276
1789390 276
1789400 276
1789410 275
1789420 275
1789430 275
1789440 275
1789450 274
1789460 274
1789470 274
1789480 274
1789490 274
1789500 273
1789510 273
1789520 273
1789530 273
1789540 273
1789550 273
1789560 272
1789570 272
1789580 272
1789590 272
1789600 272
1789610 272
1789620 272
1789630 271
1789640 271
1789650 271
1789660 271
1789670 270
1789680 270
1789690 270
1789700 270
1789710 270
1789720 269
1789730 269
1789740 269
1789750 269
1789760 269
1789770 268
1789780 268
1789790 268
1789800 268
1789810 267
1789820 267
1789830 267
1789840 266
1789850 266
1789860 266
1789870 266
1789880 265
1789890 265
1789900 265
1789910 264
1789920 264
1789930 264
1789940 264
1789950 263
1789960 263
1789970 263
1789980 263
1789990 262
1790000 262
1790010 262
1790020 262
1790030 262
1790040 261
1790050 261
1790060 261
1790070 261
1790080 261
1790090 260
1790100 260
1790110 260
1790120 260
1790130 260
1790140 260
1790150 259
1790160 259
1790170 259
1790180 259
1790190 259
1790200 259
1790210 259
1790220 259
1790230 259
1790240 259
1790250 259
1790260 258
1790270 258
1790280 258
1790290 258
1790300 258
1790310 258
1790320 258
1790330 258
1790340 258
1790350 258
1790360 258
1790370 258
1790380 258
1790390 258
1790400 258
1790410 258
1790420 258
1790430 258
1790440 258
1790450 258
1790460 258
1790470 258
1790480 258
1790490 258
1790500 258
1790510 258
1790520 257
1790530 257
1790540 257
1790550 257
1790560 257
1790570 257
1790580 257
1790590 257
1790600 257
1790610 257
1790620 257
1790630 257
1790640 257
1790650 257
1790660 257
1790670 257
1790680 257
1790690 257
1790700 257
1790710 257
1790720 257
1790730 257
1790740 257
1790750 257
1790760 257
1790770 257
1790780 257
1790790 257
1790800 257
1790810 257
1790820 257
1790830 257
1790840 257
1790850 257
1790860 257
1790870 257
1790880 257
1790890 258
1790900 258
1790910 258
1790920 258
1790930 258
1790940 258
1790950 258
1790960 258
1790970 258
1790980 258
1790990 258
1791000 258
1791010 258
1791020 258
1791030 258
1791040 258
1791050 258
1791060 258
1791070 258
1791080 258
1791090 258
1791100 258
1791110 258
1791120 258
1791130 258
1791140 258
1791150 258
1791160 258
1791170 258
1791180 258
1791190 258
1791200 257
1791210 257
1791220 257
1791230 257
1791240 257
1791250 257
1791260 257
1791270 257
1791280 258
1791290 258
1791300 258
1791310 258
1791320 258
1791330 258
1791340 258
1791350 258
1791360 258
1791370 258
1791380 258
1791390 258
1791400 258
1791410 258
1791420 258
1791430 258
1791440 258
1791450 258
1791460 258
1791470 258
1791480 259
1791490 259
1791500 259
1791510 259
1791520 259
1791530 259
1791540 259
1791550 259
1791560 260
1791570 260
1791580 260
1791590 260
1791600 260
1791610 261
1791620 261
1791630 261
1791640 262
1791650 262
1791660 262
1791670 262
1791680 263
1791690 262
1791700 262
1791710 262
1791720 262
1791730 262
1791740 262
1791750 262
1791760 261
1791770 261
1791780 261
1791790 261
1791800 261
1791810 261
1791820 261
1791830 261
1791840 261
1791850 261
1791860 261
1791870 262
1791880 262
1791890 262
1791900 262
1791910 262
1791920 262
1791930 262
1791940 262
1791950 263
1791960 263
1791970 263
1791980 263
1791990 264
1792000 264
1792010 264
1792020 264
1792030 265
1792040 265
1792050 266
1792060 266
1792070 266
1792080 267
1792090 267
1792100 267
1792110 268
1792120 268
1792130 268
1792140 268
1792150 269
1792160 269
1792170 269
1792180 269
1792190 270
1792200 270
1792210 270
1792220 270
1792230 271
1792240 271
1792250 271
1792260 272
1792270 272
1792280 273
1792290 273
1792300 274
1792310 274
1792320 274
1792330 275
1792340 275
1792350 275
1792360 275
1792370 275
1792380 275
1792390 275
1792400 275
1792410 275
1792420 274
1792430 274
1792440 274
1792450 274
1792460 273
1792470 273
1792480 273
1792490 273
1792500 272
1792510 272
1792520 272
1792530 272
1792540 271
1792550 271
1792560 271
1792570 271
1792580 271
1792590 271
1792600 271
1792610 271
1792620 271
1792630 271
1792640 271
1792650 271
1792660 271
1792670 271
1792680 271
1792690 271
1792700 271
1792710 271
1792720 271
1792730 271
1792740 270
1792750 270
1792760 270
1792770 270
1792780 270
1792790 270
1792800 269
1792810 269
1792820 269
1792830 269
1792840 269
1792850 269
1792860 269
1792870 269
1792880 270
1792890 270
1792900 270
1792910 270
1792920 270
1792930 270
1792940 270
1792950 270
1792960 270
1792970 270
1792980 270
1792990 270
1793000 270
1793010 270
1793020 270
1793030 269
1793040 269
1793050 269
1793060 270
1793070 270
1793080 270
1793090 270
1793100 270
1793110 270
1793120 270
1793130 270
1793140 270
1793150 270
1793160 270
1793170 270
1793180 270
1793190 271
1793200 271
1793210 271
1793220 271
1793230 271
1793240 271
1793250 271
1793260 271
1793270 272
1793280 272
1793290 272
1793300 272
1793310 272
1793320 272
1793330 273
1793340 273
1793350 273
1793360 273
1793370 274
1793380 274
1793390 274
1793400 274
1793410 274
1793420 274
1793430 274
1793440 274
1793450 274
1793460 274
1793470 274
1793480 275
1793490 275
1793500 275
1793510 275
1793520 276
1793530 276
1793540 276
1793550 276
1793560 276
1793570 276
1793580 276
1793590 276
1793600 276
1793610 276
1793620 276
1793630 276
1793640 276
1793650 276
1793660 276
1793670 276
1793680 276
1793690 276
1793700 276
1793710 276
1793720 276
1793730 276
1793740 276
1793750 276
1793760 276
1793770 276
1793780 276
1793790 276
1793800 277
1793810 277
1793820 277
1793830 277
1793840 278
1793850 278
1793860 278
1793870 278
1793880 279
1793890 279
1793900 279
1793910 279
1793920 279
1793930 279
1793940 279
1793950 279
1793960 278
1793970 278
1793980 277
1793990 277
1794000 277
1794010 277
1794020 278
1794030 279
1794040 280
1794050 282
1794060 283
1794070 284
1794080 286
1794090 288
1794100 290
1794110 292
1794120 294
1794130 295
1794140 296
1794150 296
1794160 296
1794170 297
1794180 297
1794190 297
1794200 297
1794210 297
1794220 297
1794230 297
1794240 297
1794250 297
1794260 297
1794270 297
1794280 297
1794290 297
1794300 297
1794310 297
1794320 297
1794330 297
1794340 297
1794350 297
1794360 297
1794370 297
1794380 297
1794390 297
1794400 297
1794410 297
1794420 297
1794430 297
1794440 297
1794450 297
1794460 296
1794470 296
1794480 296
1794490 296
1794500 296
1794510 296
1794520 296
1794530 295
1794540 295
1794550 295
1794560 295
1794570 295
1794580 295
1794590 295
1794600 294
1794610 294
1794620 294
1794630 294
1794640 294
1794650 294
1794660 294
1794670 294
1794680 294
1794690 294
1794700 294
1794710 294
1794720 294
1794730 294
1794740 294
1794750 294
1794760 294
1794770 294
1794780 295
1794790 295
1794800 295
1794810 295
1794820 295
1794830 295
1794840 296
1794850 296
1794860 296
1794870 296
1794880 296
1794890 297
1794900 297
1794910 297
1794920 297
1794930 297
1794940 297
1794950 297
1794960 297
1794970 298
1794980 298
1794990 298
1795000 298
1795010 298
1795020 298
1795030 298
1795040 299
1795050 299
1795060 299
1795070 299
1795080 299
1795090 299
1795100 299
1795110 299
1795120 299
1795130 299
1795140 299
1795150 299
1795160 299
1795170 299
1795180 299
1795190 299
1795200 299
1795210 299
1795220 298
1795230 298
1795240 298
1795250 298
1795260 297
1795270 297
1795280 297
1795290 297
1795300 297
1795310 297
1795320 297
1795330 297
1795340 297
1795350 297
1795360 297
1795370 297
1795380 297
1795390 297
1795400 297
1795410 297
1795420 297
1795430 297
1795440 297
1795450 296
1795460 296
1795470 296
1795480 296
1795490 295
1795500 295
1795510 295
1795520 295
1795530 295
1795540 294
1795550 294
1795560 294
1795570 294
1795580 294
1795590 294
1795600 294
1795610 294
1795620 293
1795630 293
1795640 293
1795650 293
1795660 293
1795670 293
1795680 292
1795690 292
1795700 292
1795710 292
1795720 292
1795730 292
1795740 291
1795750 291
1795760 291
1795770 291
1795780 291
1795790 290
1795800 290
1795810 290
1795820 290
1795830 290
1795840 290
1795850 289
1795860 289
1795870 289
1795880 289
1795890 289
1795900 289
1795910 289
1795920 289
1795930 289
1795940 289
1795950 289
1795960 289
1795970 289
1795980 289
1795990 289
1796000 288
1796010 288
1796020 288
1796030 288
1796040 288
1796050 288
1796060 287
1796070 287
1796080 287
1796090 287
1796100 287
1796110 286
1796120 286
1796130 286
1796140 286
1796150 285
1796160 285
1796170 285
1796180 285
1796190 285
1796200 285
1796210 285
1796220 285
1796230 285
1796240 285
1796250 286
1796260 286
1796270 286
1796280 286
1796290 287
1796300 288
1796310 289
1796320 290
1796330 290
1796340 291
1796350 291
1796360 291
1796370 292
1796380 293
1796390 293
1796400 294
1796410 294
1796420 295
1796430 295
1796440 296
1796450 297
1796460 297
1796470 298
1796480 299
1796490 300
1796500 302
1796510 304
1796520 306
1796530 306
1796540 307
1796550 307
1796560 308
1796570 308
1796580 308
1796590 309
1796600 309
1796610 310
1796620 310
1796630 311
1796640 311
1796650 312
1796660 312
1796670 313
1796680 314
1796690 314
1796700 315
1796710 315
1796720 316
1796730 317
1796740 318
1796750 319
1796760 319
1796770 320
1796780 321
1796790 321
1796800 322
1796810 323
1796820 323
1796830 324
1796840 324
1796850 325
1796860 325
1796870 326
1796880 326
1796890 327
1796900 327
1796910 328
1796920 328
1796930 329
1796940 329
1796950 329
1796960 329
1796970 329
1796980 330
1796990 330
1797000 331
1797010 331
1797020 331
1797030 331
1797040 331
1797050 331
1797060 331
1797070 331
1797080 331
1797090 331
1797100 331
1797110 331
1797120 331
1797130 331
1797140 331
1797150 331
1797160 331
1797170 331
1797180 331
1797190 331
1797200 330
1797210 330
1797220 330
1797230 329
1797240 329
1797250 328
1797260 328
1797270 327
1797280 327
1797290 327
1797300 326
1797310 326
1797320 326
1797330 326
1797340 326
1797350 325
1797360 325
1797370 324
1797380 324
1797390 324
1797400 324
1797410 324
1797420 324
1797430 325
1797440 325
1797450 325
1797460 326
1797470 327
1797480 328
1797490 330
1797500 331
1797510 331
1797520 331
1797530 331
1797540 332
1797550 332
1797560 332
1797570 333
1797580 333
1797590 334
1797600 335
1797610 335
1797620 336
1797630 337
1797640 337
1797650 338
1797660 338
1797670 339
1797680 340
1797690 340
1797700 341
1797710 341
1797720 342
1797730 342
1797740 342
1797750 343
1797760 343
1797770 343
1797780 344
1797790 344
1797800 345
1797810 345
1797820 345
1797830 346
1797840 346
1797850 346
1797860 346
1797870 347
1797880 347
1797890 347
1797900 347
1797910 348
1797920 348
1797930 348
1797940 348
1797950 348
1797960 349
1797970 349
1797980 349
1797990 349
1798000 349
1798010 349
1798020 349
1798030 350
1798040 350
1798050 350
1798060 350
1798070 350
1798080 350
1798090 349
1798100 349
1798110 349
1798120 349
1798130 349
1798140 349
1798150 349
1798160 349
1798170 349
1798180 348
1798190 348
1798200 348
1798210 348
1798220 348
1798230 348
1798240 347
1798250 347
1798260 347
1798270 347
1798280 347
1798290 346
1798300 346
1798310 346
1798320 346
1798330 345
1798340 345
1798350 345
1798360 344
1798370 344
1798380 344
1798390 343
1798400 343
1798410 343
1798420 342
1798430 342
1798440 342
1798450 341
1798460 341
1798470 340
1798480 340
1798490 340
1798500 339
1798510 339
1798520 339
1798530 338
1798540 338
1798550 337
1798560 337
1798570 336
1798580 336
1798590 335
1798600 335
1798610 334
1798620 334
1798630 333
1798640 333
1798650 332
1798660 332
1798670 331
1798680 330
1798690 330
1798700 329
1798710 328
1798720 328
1798730 327
1798740 326
1798750 325
1798760 324
1798770 322
1798780 320
1798790 317
1798800 314
1798810 311
1798820 308
1798830 306
1798840 305
1798850 304
1798860 303
1798870 302
1798880 301
1798890 300
1798900 300
1798910 299
1798920 299
1798930 298
1798940 297
1798950 295
1798960 294
1798970 292
1798980 291
1798990 290
1799000 290
1799010 291
1799020 291
1799030 290
1799040 289
1799050 288
1799060 288
1799070 286
1799080 285
1799090 284
1799100 283
1799110 282
1799120 281
1799130 279
1799140 278
1799150 277
1799160 276
1799170 276
1799180 276
1799190 278
1799200 280
1799210 281
1799220 283
1799230 283
1799240 283
1799250 282
1799260 281
1799270 279
1799280 278
1799290 277
1799300 276
1799310 275
1799320 276
1799330 276
1799340 277
1799350 278
1799360 279
1799370 279
1799380 280
1799390 280
1799400 280
1799410 279
1799420 279
1799430 278
1799440 276
1799450 275
1799460 274
1799470 273
1799480 272
1799490 271
1799500 270
1799510 270
1799520 269
1799530 269
1799540 268
1799550 267
1799560 266
1799570 265
1799580 263
1799590 262
1799600 261
1799610 259
1799620 258
1799630 257
1799640 256
1799650 255
1799660 254
1799670 254
1799680 253
1799690 252
1799700 251
1799710 250
1799720 250
1799730 249
1799740 248
1799750 247
1799760 246
1799770 245
1799780 244
1799790 243
1799800 241
1799810 240
1799820 239
1799830 238
1799840 236
1799850 235
1799860 235
1799870 235
1799880 235
1799890 235
1799900 235
1799910 235
1799920 236
1799930 237
1799940 238
1799950 239
1799960 240
1799970 241
1799980 242
1799990 242
