1780000 267
1780010 268
1780020 268
1780030 268
1780040 268
1780050 268
1780060 269
1780070 269
1780080 269
1780090 269
1780100 269
1780110 270
1780120 270
1780130 270
1780140 270
1780150 270
1780160 270
1780170 271
1780180 271
1780190 271
1780200 271
1780210 271
1780220 271
1780230 271
1780240 271
1780250 272
1780260 272
1780270 272
1780280 272
1780290 272
1780300 272
1780310 272
1780320 272
1780330 272
1780340 273
1780350 273
1780360 273
1780370 273
1780380 273
1780390 274
1780400 274
1780410 274
1780420 274
1780430 274
1780440 274
1780450 274
1780460 275
1780470 275
1780480 275
1780490 275
1780500 275
1780510 275
1780520 275
1780530 276
1780540 276
1780550 276
1780560 276
1780570 276
1780580 276
1780590 277
1780600 277
1780610 277
1780620 277
1780630 277
1780640 278
1780650 278
1780660 278
1780670 278
1780680 278
1780690 278
1780700 278
1780710 278
1780720 278
1780730 279
1780740 279
1780750 279
1780760 279
1780770 279
1780780 279
1780790 279
1780800 279
1780810 279
1780820 279
1780830 279
1780840 279
1780850 279
1780860 279
1780870 279
1780880 279
1780890 279
1780900 279
1780910 279
1780920 279
1780930 279
1780940 278
1780950 278
1780960 278
1780970 278
1780980 278
1780990 278
1781000 278
1781010 278
1781020 278
1781030 278
1781040 278
1781050 278
1781060 278
1781070 278
1781080 277
1781090 277
1781100 277
1781110 277
1781120 277
1781130 277
1781140 277
1781150 277
1781160 277
1781170 277
1781180 277
1781190 277
1781200 276
1781210 276
1781220 276
1781230 276
1781240 276
1781250 276
1781260 276
1781270 275
1781280 275
1781290 275
1781300 275
1781310 275
1781320 275
1781330 275
1781340 275
1781350 275
1781360 275
1781370 275
1781380 274
1781390 274
1781400 274
1781410 274
1781420 274
1781430 274
1781440 274
1781450 274
1781460 274
1781470 274
1781480 274
1781490 274
1781500 274
1781510 274
1781520 274
1781530 274
1781540 274
1781550 274
1781560 274
1781570 274
1781580 274
1781590 274
1781600 274
1781610 273
1781620 273
1781630 274
1781640 274
1781650 274
1781660 274
1781670 274
1781680 274
1781690 274
1781700 274
1781710 274
1781720 274
1781730 274
1781740 274
1781750 274
1781760 274
1781770 274
1781780 274
1781790 274
1781800 274
1781810 274
1781820 274
1781830 274
1781840 274
1781850 274
1781860 274
1781870 274
1781880 274
1781890 274
1781900 274
1781910 274
1781920 274
1781930 274
1781940 274
1781950 274
1781960 274
1781970 273
1781980 273
1781990 273
1782000 273
1782010 273
1782020 273
1782030 273
1782040 273
1782050 273
1782060 272
1782070 272
1782080 272
1782090 272
1782100 272
1782110 272
1782120 272
1782130 272
1782140 272
1782150 271
1782160 271
1782170 271
1782180 271
1782190 271
1782200 271
1782210 271
1782220 271
1782230 270
1782240 270
1782250 270
1782260 270
1782270 269
1782280 269
1782290 269
1782300 269
1782310 269
1782320 269
1782330 268
1782340 268
1782350 268
1782360 268
1782370 268
1782380 268
1782390 268
1782400 268
1782410 267
1782420 267
1782430 267
1782440 267
1782450 267
1782460 267
1782470 267
1782480 267
1782490 267
1782500 267
1782510 267
1782520 267
1782530 266
1782540 266
1782550 266
1782560 266
1782570 266
1782580 266
1782590 266
1782600 266
1782610 266
1782620 266
1782630 266
1782640 266
1782650 266
1782660 266
1782670 266
1782680 266
1782690 266
1782700 266
1782710 266
1782720 266
1782730 266
1782740 266
1782750 266
1782760 266
1782770 266
1782780 266
1782790 266
1782800 266
1782810 266
1782820 266
1782830 266
1782840 266
1782850 266
1782860 266
1782870 266
1782880 266
1782890 266
1782900 266
1782910 266
1782920 266
1782930 266
1782940 266
1782950 266
1782960 266
1782970 266
1782980 266
1782990 266
1783000 266
1783010 266
1783020 266
1783030 266
1783040 265
1783050 265
1783060 265
1783070 265
1783080 265
1783090 265
1783100 265
1783110 265
1783120 265
1783130 265
1783140 265
1783150 264
1783160 264
1783170 264
1783180 264
1783190 263
1783200 263
1783210 263
1783220 263
1783230 263
1783240 262
1783250 262
1783260 262
1783270 262
1783280 262
1783290 262
1783300 262
1783310 262
1783320 262
1783330 262
1783340 262
1783350 262
1783360 262
1783370 262
1783380 263
1783390 263
1783400 263
1783410 263
1783420 262
1783430 262
1783440 261
1783450 261
1783460 261
1783470 261
1783480 260
1783490 260
1783500 260
1783510 260
1783520 260
1783530 260
1783540 260
1783550 260
1783560 261
1783570 261
1783580 261
1783590 261
1783600 262
1783610 262
1783620 261
1783630 261
1783640 261
1783650 261
1783660 261
1783670 261
1783680 261
1783690 261
1783700 261
1783710 261
1783720 261
1783730 261
1783740 261
1783750 261
1783760 262
1783770 262
1783780 262
1783790 262
1783800 262
1783810 262
1783820 262
1783830 262
1783840 262
1783850 262
1783860 262
1783870 262
1783880 263
1783890 263
1783900 263
1783910 263
1783920 263
1783930 264
1783940 264
1783950 264
1783960 264
1783970 265
1783980 265
1783990 265
1784000 266
1784010 266
1784020 266
1784030 266
1784040 266
1784050 266
1784060 266
1784070 266
1784080 266
1784090 266
1784100 266
1784110 266
1784120 266
1784130 265
1784140 265
1784150 265
1784160 265
1784170 265
1784180 265
1784190 265
1784200 265
1784210 265
1784220 265
1784230 265
1784240 264
1784250 264
1784260 264
1784270 264
1784280 264
1784290 264
1784300 264
1784310 264
1784320 264
1784330 264
1784340 264
1784350 264
1784360 264
1784370 264
1784380 263
1784390 263
1784400 263
1784410 263
1784420 263
1784430 263
1784440 263
1784450 263
1784460 263
1784470 262
1784480 262
1784490 262
1784500 262
1784510 262
1784520 262
1784530 262
1784540 261
1784550 261
1784560 261
1784570 261
1784580 261
1784590 261
1784600 261
1784610 261
1784620 261
1784630 260
1784640 260
1784650 260
1784660 260
1784670 260
1784680 260
1784690 260
1784700 260
1784710 259
1784720 259
1784730 259
1784740 258
1784750 258
1784760 258
1784770 258
1784780 258
1784790 257
1784800 257
1784810 257
1784820 258
1784830 258
1784840 258
1784850 258
1784860 258
1784870 258
1784880 258
1784890 258
1784900 258
1784910 259
1784920 259
1784930 259
1784940 259
1784950 259
1784960 259
1784970 259
1784980 259
1784990 259
1785000 259
1785010 259
1785020 259
1785030 259
1785040 259
1785050 259
1785060 259
1785070 259
1785080 259
1785090 259
1785100 259
1785110 259
1785120 260
1785130 260
1785140 260
1785150 260
1785160 260
1785170 261
1785180 261
1785190 261
1785200 261
1785210 261
1785220 262
1785230 262
1785240 262
1785250 263
1785260 263
1785270 263
1785280 263
1785290 263
1785300 263
1785310 263
1785320 263
1785330 264
1785340 264
1785350 264
1785360 264
1785370 264
1785380 264
1785390 264
1785400 264
1785410 265
1785420 265
1785430 265
1785440 265
1785450 266
1785460 266
1785470 266
1785480 266
1785490 267
1785500 267
1785510 267
1785520 268
1785530 268
1785540 268
1785550 269
1785560 269
1785570 269
1785580 269
1785590 270
1785600 270
1785610 270
1785620 271
1785630 271
1785640 271
1785650 271
1785660 271
1785670 271
1785680 271
1785690 271
1785700 271
1785710 270
1785720 270
1785730 270
1785740 270
1785750 270
1785760 270
1785770 270
1785780 270
1785790 270
1785800 270
1785810 270
1785820 270
1785830 270
1785840 270
1785850 270
1785860 270
1785870 270
1785880 270
1785890 270
1785900 270
1785910 270
1785920 270
1785930 270
1785940 270
1785950 270
1785960 270
1785970 270
1785980 270
1785990 270
1786000 270
1786010 270
1786020 270
1786030 270
1786040 270
1786050 270
1786060 270
1786070 270
1786080 270
1786090 270
1786100 270
1786110 270
1786120 270
1786130 270
1786140 270
1786150 270
1786160 270
1786170 270
1786180 270
1786190 270
1786200 270
1786210 270
1786220 270
1786230 270
1786240 271
1786250 271
1786260 271
1786270 271
1786280 271
1786290 271
1786300 271
1786310 271
1786320 271
1786330 271
1786340 271
1786350 272
1786360 272
1786370 272
1786380 272
1786390 272
1786400 272
1786410 272
1786420 272
1786430 272
1786440 272
1786450 272
1786460 272
1786470 272
1786480 271
1786490 271
1786500 271
1786510 271
1786520 271
1786530 271
1786540 271
1786550 271
1786560 270
1786570 270
1786580 270
1786590 270
1786600 270
1786610 270
1786620 270
1786630 270
1786640 270
1786650 270
1786660 270
1786670 270
1786680 270
1786690 270
1786700 270
1786710 270
1786720 270
1786730 270
1786740 270
1786750 270
1786760 270
1786770 270
1786780 269
1786790 270
1786800 270
1786810 269
1786820 269
1786830 269
1786840 269
1786850 269
1786860 269
1786870 269
1786880 269
1786890 269
1786900 269
1786910 269
1786920 269
1786930 269
1786940 269
1786950 269
1786960 269
1786970 269
1786980 269
1786990 269
1787000 269
1787010 269
1787020 269
1787030 269
1787040 269
1787050 269
1787060 269
1787070 269
1787080 269
1787090 269
1787100 269
1787110 269
1787120 269
1787130 269
1787140 269
1787150 269
1787160 269
1787170 269
1787180 269
1787190 269
1787200 269
1787210 269
1787220 269
1787230 269
1787240 269
1787250 269
1787260 269
1787270 269
1787280 269
1787290 269
1787300 269
1787310 269
1787320 269
1787330 269
1787340 269
1787350 269
1787360 269
1787370 269
1787380 269
1787390 268
1787400 268
1787410 268
1787420 268
1787430 268
1787440 268
1787450 268
1787460 268
1787470 268
1787480 268
1787490 267
1787500 267
1787510 267
1787520 267
1787530 267
1787540 267
1787550 267
1787560 268
1787570 268
1787580 268
1787590 268
1787600 268
1787610 268
1787620 268
1787630 268
1787640 268
1787650 268
1787660 268
1787670 268
1787680 268
1787690 268
1787700 269
1787710 269
1787720 269
1787730 269
1787740 269
1787750 269
1787760 269
1787770 269
1787780 269
1787790 269
1787800 268
1787810 268
1787820 268
1787830 268
1787840 268
1787850 268
1787860 268
1787870 268
1787880 268
1787890 268
1787900 269
1787910 269
1787920 269
1787930 269
1787940 269
1787950 269
1787960 269
1787970 269
1787980 270
1787990 270
1788000 270
1788010 270
1788020 270
1788030 270
1788040 270
1788050 270
1788060 270
1788070 270
1788080 270
1788090 270
1788100 270
1788110 270
1788120 270
1788130 269
1788140 269
1788150 269
1788160 269
1788170 269
1788180 269
1788190 269
1788200 269
1788210 269
1788220 269
1788230 269
1788240 269
1788250 269
1788260 269
1788270 269
1788280 269
1788290 269
1788300 269
1788310 269
1788320 269
1788330 269
1788340 269
1788350 269
1788360 269
1788370 269
1788380 269
1788390 269
1788400 270
1788410 270
1788420 270
1788430 270
1788440 270
1788450 270
1788460 270
1788470 270
1788480 270
1788490 270
1788500 270
1788510 270
1788520 270
1788530 270
1788540 270
1788550 270
1788560 270
1788570 270
1788580 270
1788590 270
1788600 271
1788610 271
1788620 271
1788630 271
1788640 271
1788650 272
1788660 272
1788670 271
1788680 272
1788690 272
1788700 272
1788710 272
1788720 272
1788730 272
1788740 272
1788750 272
1788760 272
1788770 273
1788780 273
1788790 273
1788800 273
1788810 273
1788820 274
1788830 274
1788840 274
1788850 275
1788860 275
1788870 275
1788880 275
1788890 275
1788900 276
1788910 276
1788920 276
1788930 277
1788940 277
1788950 277
1788960 277
1788970 278
1788980 278
1788990 278
1789000 278
1789010 278
1789020 279
1789030 279
1789040 279
1789050 279
1789060 279
1789070 279
1789080 279
1789090 279
1789100 280
1789110 280
1789120 280
1789130 280
1789140 280
1789150 280
1789160 280
1789170 280
1789180 280
1789190 280
1789200 280
1789210 280
1789220 280
1789230 280
1789240 281
1789250 281
1789260 281
1789270 281
1789280 281
1789290 281
1789300 281
1789310 281
1789320 281
1789330 281
1789340 281
1789350 282
1789360 282
1789370 282
1789380 282
1789390 282
1789400 282
1789410 282
1789420 282
1789430 282
1789440 282
1789450 282
1789460 282
1789470 282
1789480 282
1789490 282
1789500 282
1789510 282
1789520 282
1789530 282
1789540 282
1789550 282
1789560 282
1789570 282
1789580 282
1789590 282
1789600 282
1789610 282
1789620 282
1789630 282
1789640 282
1789650 282
1789660 282
1789670 282
1789680 282
1789690 282
1789700 282
1789710 282
1789720 282
1789730 282
1789740 282
1789750 282
1789760 282
1789770 282
1789780 283
1789790 283
1789800 283
1789810 283
1789820 283
1789830 283
1789840 283
1789850 283
1789860 283
1789870 283
1789880 283
1789890 283
1789900 283
1789910 283
1789920 283
1789930 283
1789940 283
1789950 283
1789960 284
1789970 284
1789980 284
1789990 284
1790000 284
1790010 284
1790020 284
1790030 284
1790040 284
1790050 284
1790060 284
1790070 285
1790080 285
1790090 285
1790100 285
1790110 285
1790120 285
1790130 285
1790140 285
1790150 285
1790160 285
1790170 285
1790180 285
1790190 285
1790200 285
1790210 285
1790220 285
1790230 285
1790240 285
1790250 285
1790260 285
1790270 285
1790280 285
1790290 285
1790300 285
1790310 285
1790320 285
1790330 285
1790340 285
1790350 285
1790360 285
1790370 285
1790380 285
1790390 285
1790400 285
1790410 285
1790420 285
1790430 285
1790440 285
1790450 285
1790460 285
1790470 285
1790480 285
1790490 285
1790500 285
1790510 285
1790520 285
1790530 285
1790540 285
1790550 285
1790560 284
1790570 284
1790580 284
1790590 284
1790600 284
1790610 284
1790620 284
1790630 284
1790640 284
1790650 284
1790660 284
1790670 284
1790680 284
1790690 284
1790700 284
1790710 284
1790720 284
1790730 284
1790740 284
1790750 284
1790760 284
1790770 284
1790780 284
1790790 284
1790800 284
1790810 284
1790820 284
1790830 284
1790840 284
1790850 284
1790860 284
1790870 284
1790880 284
1790890 284
1790900 284
1790910 284
1790920 284
1790930 284
1790940 284
1790950 284
1790960 285
1790970 284
1790980 284
1790990 284
1791000 284
1791010 284
1791020 284
1791030 284
1791040 284
1791050 284
1791060 284
1791070 284
1791080 284
1791090 284
1791100 284
1791110 284
1791120 284
1791130 284
1791140 284
1791150 284
1791160 284
1791170 284
1791180 284
1791190 284
1791200 285
1791210 285
1791220 285
1791230 285
1791240 285
1791250 285
1791260 285
1791270 285
1791280 285
1791290 285
1791300 285
1791310 285
1791320 285
1791330 285
1791340 285
1791350 285
1791360 285
1791370 285
1791380 286
1791390 286
1791400 286
1791410 286
1791420 286
1791430 286
1791440 286
1791450 286
1791460 286
1791470 286
1791480 286
1791490 287
1791500 287
1791510 287
1791520 287
1791530 287
1791540 287
1791550 287
1791560 287
1791570 287
1791580 287
1791590 287
1791600 287
1791610 287
1791620 287
1791630 287
1791640 287
1791650 287
1791660 287
1791670 287
1791680 287
1791690 287
1791700 287
1791710 288
1791720 288
1791730 288
1791740 288
1791750 288
1791760 288
1791770 288
1791780 288
1791790 289
1791800 289
1791810 289
1791820 289
1791830 289
1791840 289
1791850 290
1791860 290
1791870 290
1791880 290
1791890 290
1791900 290
1791910 291
1791920 291
1791930 291
1791940 291
1791950 291
1791960 292
1791970 292
1791980 292
1791990 292
1792000 292
1792010 293
1792020 293
1792030 293
1792040 293
1792050 293
1792060 294
1792070 294
1792080 294
1792090 295
1792100 295
1792110 295
1792120 295
1792130 296
1792140 296
1792150 296
1792160 296
1792170 297
1792180 297
1792190 297
1792200 298
1792210 298
1792220 298
1792230 298
1792240 298
1792250 299
1792260 299
1792270 299
1792280 299
1792290 299
1792300 299
1792310 300
1792320 300
1792330 300
1792340 300
1792350 300
1792360 300
1792370 301
1792380 301
1792390 301
1792400 301
1792410 301
1792420 301
1792430 301
1792440 301
1792450 302
1792460 302
1792470 302
1792480 302
1792490 302
1792500 302
1792510 302
1792520 302
1792530 302
1792540 302
1792550 302
1792560 302
1792570 302
1792580 302
1792590 302
1792600 302
1792610 303
1792620 303
1792630 303
1792640 303
1792650 303
1792660 303
1792670 304
1792680 304
1792690 304
1792700 304
1792710 304
1792720 305
1792730 305
1792740 305
1792750 305
1792760 306
1792770 306
1792780 306
1792790 307
1792800 307
1792810 307
1792820 308
1792830 308
1792840 308
1792850 309
1792860 309
1792870 310
1792880 310
1792890 311
1792900 311
1792910 312
1792920 312
1792930 313
1792940 314
1792950 315
1792960 316
1792970 316
1792980 317
1792990 318
1793000 319
1793010 319
1793020 320
1793030 320
1793040 320
1793050 321
1793060 322
1793070 322
1793080 322
1793090 323
1793100 323
1793110 323
1793120 323
1793130 323
1793140 323
1793150 323
1793160 323
1793170 323
1793180 323
1793190 323
1793200 323
1793210 323
1793220 324
1793230 324
1793240 324
1793250 324
1793260 324
1793270 324
1793280 324
1793290 324
1793300 324
1793310 324
1793320 324
1793330 323
1793340 323
1793350 323
1793360 323
1793370 323
1793380 323
1793390 323
1793400 323
1793410 323
1793420 323
1793430 323
1793440 323
1793450 323
1793460 323
1793470 323
1793480 323
1793490 323
1793500 323
1793510 323
1793520 323
1793530 323
1793540 323
1793550 323
1793560 324
1793570 324
1793580 324
1793590 324
1793600 324
1793610 324
1793620 324
1793630 324
1793640 324
1793650 324
1793660 325
1793670 325
1793680 325
1793690 325
1793700 325
1793710 325
1793720 325
1793730 325
1793740 326
1793750 326
1793760 326
1793770 326
1793780 326
1793790 327
1793800 327
1793810 327
1793820 327
1793830 327
1793840 328
1793850 327
1793860 327
1793870 324
1793880 323
1793890 323
1793900 324
1793910 326
1793920 328
1793930 328
1793940 328
1793950 328
1793960 328
1793970 328
1793980 328
1793990 328
1794000 328
1794010 328
1794020 328
1794030 328
1794040 329
1794050 329
1794060 329
1794070 329
1794080 329
1794090 329
1794100 330
1794110 330
1794120 330
1794130 330
1794140 330
1794150 330
1794160 330
1794170 331
1794180 331
1794190 331
1794200 331
1794210 331
1794220 332
1794230 332
1794240 332
1794250 332
1794260 333
1794270 333
1794280 333
1794290 333
1794300 333
1794310 334
1794320 334
1794330 334
1794340 334
1794350 334
1794360 335
1794370 335
1794380 335
1794390 335
1794400 336
1794410 336
1794420 336
1794430 337
1794440 337
1794450 337
1794460 338
1794470 338
1794480 338
1794490 338
1794500 339
1794510 339
1794520 339
1794530 339
1794540 339
1794550 339
1794560 339
1794570 339
1794580 338
1794590 338
1794600 338
1794610 338
1794620 338
1794630 338
1794640 338
1794650 338
1794660 338
1794670 338
1794680 338
1794690 338
1794700 338
1794710 338
1794720 338
1794730 338
1794740 338
1794750 338
1794760 337
1794770 337
1794780 337
1794790 337
1794800 337
1794810 337
1794820 336
1794830 336
1794840 336
1794850 336
1794860 335
1794870 334
1794880 333
1794890 332
1794900 330
1794910 328
1794920 326
1794930 325
1794940 324
1794950 323
1794960 322
1794970 322
1794980 321
1794990 321
1795000 321
1795010 320
1795020 321
1795030 322
1795040 323
1795050 324
1795060 325
1795070 325
1795080 326
1795090 326
1795100 326
1795110 327
1795120 327
1795130 328
1795140 328
1795150 328
1795160 328
1795170 328
1795180 328
1795190 328
1795200 328
1795210 328
1795220 328
1795230 328
1795240 328
1795250 328
1795260 327
1795270 327
1795280 327
1795290 326
1795300 326
1795310 326
1795320 326
1795330 325
1795340 325
1795350 324
1795360 324
1795370 324
1795380 323
1795390 323
1795400 322
1795410 322
1795420 322
1795430 321
1795440 321
1795450 321
1795460 320
1795470 320
1795480 320
1795490 319
1795500 319
1795510 318
1795520 318
1795530 317
1795540 317
1795550 316
1795560 316
1795570 315
1795580 314
1795590 314
1795600 313
1795610 312
1795620 312
1795630 311
1795640 311
1795650 310
1795660 309
1795670 307
1795680 306
1795690 306
1795700 304
1795710 304
1795720 305
1795730 308
1795740 310
1795750 312
1795760 312
1795770 313
1795780 313
1795790 314
1795800 314
1795810 314
1795820 314
1795830 314
1795840 314
1795850 314
1795860 315
1795870 316
1795880 317
1795890 317
1795900 318
1795910 319
1795920 320
1795930 321
1795940 322
1795950 323
1795960 323
1795970 324
1795980 325
1795990 326
1796000 326
1796010 327
1796020 328
1796030 328
1796040 329
1796050 330
1796060 330
1796070 331
1796080 332
1796090 332
1796100 333
1796110 333
1796120 333
1796130 333
1796140 334
1796150 335
1796160 336
1796170 337
1796180 338
1796190 338
1796200 338
1796210 339
1796220 339
1796230 339
1796240 340
1796250 340
1796260 341
1796270 341
1796280 341
1796290 342
1796300 342
1796310 343
1796320 343
1796330 344
1796340 344
1796350 345
1796360 345
1796370 346
1796380 346
1796390 347
1796400 347
1796410 348
1796420 348
1796430 349
1796440 350
1796450 350
1796460 351
1796470 351
1796480 351
1796490 352
1796500 352
1796510 352
1796520 353
1796530 353
1796540 354
1796550 354
1796560 355
1796570 355
1796580 355
1796590 356
1796600 356
1796610 357
1796620 357
1796630 357
1796640 358
1796650 358
1796660 358
1796670 359
1796680 359
1796690 359
1796700 360
1796710 360
1796720 360
1796730 361
1796740 361
1796750 361
1796760 362
1796770 362
1796780 362
1796790 362
1796800 363
1796810 363
1796820 363
1796830 363
1796840 364
1796850 364
1796860 364
1796870 364
1796880 364
1796890 364
1796900 365
1796910 365
1796920 365
1796930 365
1796940 365
1796950 365
1796960 366
1796970 366
1796980 366
1796990 366
1797000 366
1797010 366
1797020 366
1797030 366
1797040 367
1797050 367
1797060 367
1797070 367
1797080 367
1797090 367
1797100 368
1797110 368
1797120 368
1797130 369
1797140 369
1797150 369
1797160 370
1797170 370
1797180 370
1797190 371
1797200 371
1797210 371
1797220 371
1797230 371
1797240 372
1797250 372
1797260 372
1797270 372
1797280 372
1797290 372
1797300 372
1797310 372
1797320 372
1797330 372
1797340 372
1797350 372
1797360 372
1797370 372
1797380 372
1797390 372
1797400 372
1797410 371
1797420 371
1797430 371
1797440 371
1797450 371
1797460 371
1797470 371
1797480 371
1797490 371
1797500 371
1797510 372
1797520 372
1797530 372
1797540 372
1797550 372
1797560 372
1797570 373
1797580 373
1797590 373
1797600 373
1797610 374
1797620 374
1797630 375
1797640 375
1797650 376
1797660 376
1797670 377
1797680 377
1797690 378
1797700 379
1797710 379
1797720 380
1797730 380
1797740 381
1797750 381
1797760 381
1797770 382
1797780 382
1797790 382
1797800 383
1797810 383
1797820 383
1797830 383
1797840 383
1797850 383
1797860 383
1797870 384
1797880 384
1797890 384
1797900 384
1797910 384
1797920 384
1797930 383
1797940 383
1797950 383
1797960 383
1797970 383
1797980 383
1797990 383
1798000 383
1798010 383
1798020 383
1798030 384
1798040 384
1798050 384
1798060 384
1798070 384
1798080 384
1798090 384
1798100 384
1798110 384
1798120 384
1798130 384
1798140 385
1798150 385
1798160 385
1798170 385
1798180 386
1798190 386
1798200 387
1798210 387
1798220 387
1798230 388
1798240 388
1798250 388
1798260 388
1798270 389
1798280 389
1798290 389
1798300 390
1798310 390
1798320 390
1798330 390
1798340 390
1798350 391
1798360 390
1798370 390
1798380 390
1798390 390
1798400 390
1798410 391
1798420 390
1798430 390
1798440 389
1798450 389
1798460 388
1798470 387
1798480 387
1798490 386
1798500 385
1798510 384
1798520 383
1798530 381
1798540 380
1798550 380
1798560 379
1798570 378
1798580 377
1798590 376
1798600 375
1798610 373
1798620 372
1798630 371
1798640 370
1798650 369
1798660 368
1798670 367
1798680 366
1798690 365
1798700 364
1798710 363
1798720 362
1798730 362
1798740 361
1798750 361
1798760 360
1798770 360
1798780 359
1798790 358
1798800 357
1798810 356
1798820 356
1798830 355
1798840 354
1798850 353
1798860 352
1798870 351
1798880 350
1798890 350
1798900 349
1798910 349
1798920 348
1798930 348
1798940 347
1798950 346
1798960 345
1798970 344
1798980 343
1798990 343
1799000 342
1799010 341
1799020 340
1799030 339
1799040 338
1799050 338
1799060 337
1799070 337
1799080 336
1799090 335
1799100 334
1799110 333
1799120 332
1799130 331
1799140 330
1799150 329
1799160 328
1799170 327
1799180 325
1799190 324
1799200 323
1799210 322
1799220 321
1799230 320
1799240 319
1799250 319
1799260 318
1799270 318
1799280 317
1799290 317
1799300 316
1799310 315
1799320 314
1799330 313
1799340 311
1799350 310
1799360 308
1799370 307
1799380 306
1799390 304
1799400 303
1799410 301
1799420 299
1799430 298
1799440 296
1799450 294
1799460 292
1799470 291
1799480 290
1799490 289
1799500 288
1799510 287
1799520 286
1799530 284
1799540 283
1799550 282
1799560 281
1799570 280
1799580 280
1799590 279
1799600 278
1799610 278
1799620 277
1799630 277
1799640 277
1799650 276
1799660 276
1799670 275
1799680 275
1799690 274
1799700 273
1799710 272
1799720 270
1799730 268
1799740 264
1799750 262
1799760 259
1799770 257
1799780 255
1799790 253
1799800 254
1799810 253
1799820 253
1799830 252
1799840 251
1799850 250
1799860 249
1799870 248
1799880 248
1799890 247
1799900 246
1799910 245
1799920 243
1799930 242
1799940 241
1799950 239
1799960 238
1799970 237
1799980 236
1799990 235
