1780000 268
1780010 268
1780020 268
1780030 268
1780040 268
1780050 268
1780060 268
1780070 268
1780080 269
1780090 269
1780100 269
1780110 270
1780120 270
1780130 270
1780140 271
1780150 271
1780160 271
1780170 271
1780180 272
1780190 272
1780200 272
1780210 272
1780220 272
1780230 273
1780240 273
1780250 272
1780260 272
1780270 271
1780280 271
1780290 271
1780300 271
1780310 271
1780320 271
1780330 271
1780340 272
1780350 272
1780360 272
1780370 272
1780380 272
1780390 272
1780400 272
1780410 273
1780420 273
1780430 273
1780440 273
1780450 272
1780460 272
1780470 272
1780480 272
1780490 272
1780500 272
1780510 272
1780520 272
1780530 273
1780540 273
1780550 273
1780560 274
1780570 274
1780580 274
1780590 274
1780600 274
1780610 274
1780620 274
1780630 274
1780640 274
1780650 274
1780660 274
1780670 274
1780680 274
1780690 274
1780700 274
1780710 274
1780720 274
1780730 274
1780740 274
1780750 274
1780760 274
1780770 274
1780780 274
1780790 274
1780800 274
1780810 274
1780820 274
1780830 274
1780840 274
1780850 274
1780860 274
1780870 274
1780880 274
1780890 274
1780900 274
1780910 274
1780920 274
1780930 274
1780940 274
1780950 274
1780960 274
1780970 274
1780980 274
1780990 274
1781000 274
1781010 274
1781020 274
1781030 274
1781040 274
1781050 274
1781060 274
1781070 274
1781080 274
1781090 274
1781100 274
1781110 274
1781120 274
1781130 274
1781140 275
1781150 275
1781160 275
1781170 275
1781180 275
1781190 275
1781200 275
1781210 275
1781220 275
1781230 275
1781240 275
1781250 275
1781260 275
1781270 275
1781280 275
1781290 275
1781300 275
1781310 275
1781320 275
1781330 275
1781340 275
1781350 275
1781360 275
1781370 275
1781380 275
1781390 275
1781400 275
1781410 275
1781420 275
1781430 275
1781440 275
1781450 275
1781460 275
1781470 275
1781480 275
1781490 275
1781500 275
1781510 275
1781520 275
1781530 275
1781540 275
1781550 275
1781560 275
1781570 275
1781580 275
1781590 275
1781600 275
1781610 275
1781620 275
1781630 275
1781640 275
1781650 275
1781660 275
1781670 275
1781680 275
1781690 275
1781700 275
1781710 275
1781720 275
1781730 275
1781740 275
1781750 275
1781760 275
1781770 275
1781780 275
1781790 275
1781800 275
1781810 275
1781820 275
1781830 275
1781840 275
1781850 275
1781860 275
1781870 275
1781880 275
1781890 275
1781900 275
1781910 275
1781920 275
1781930 275
1781940 275
1781950 275
1781960 275
1781970 274
1781980 274
1781990 274
1782000 274
1782010 274
1782020 274
1782030 274
1782040 274
1782050 274
1782060 274
1782070 274
1782080 274
1782090 274
1782100 273
1782110 273
1782120 273
1782130 273
1782140 273
1782150 273
1782160 273
1782170 273
1782180 273
1782190 273
1782200 273
1782210 273
1782220 273
1782230 273
1782240 273
1782250 273
1782260 272
1782270 272
1782280 272
1782290 272
1782300 272
1782310 272
1782320 272
1782330 272
1782340 272
1782350 272
1782360 272
1782370 271
1782380 271
1782390 271
1782400 271
1782410 271
1782420 271
1782430 271
1782440 271
1782450 271
1782460 271
1782470 271
1782480 271
1782490 271
1782500 271
1782510 271
1782520 271
1782530 271
1782540 271
1782550 271
1782560 270
1782570 270
1782580 270
1782590 270
1782600 270
1782610 270
1782620 270
1782630 269
1782640 269
1782650 269
1782660 269
1782670 269
1782680 269
1782690 269
1782700 269
1782710 269
1782720 268
1782730 268
1782740 268
1782750 268
1782760 268
1782770 268
1782780 268
1782790 268
1782800 268
1782810 268
1782820 268
1782830 268
1782840 268
1782850 268
1782860 268
1782870 268
1782880 268
1782890 268
1782900 268
1782910 268
1782920 268
1782930 268
1782940 268
1782950 268
1782960 268
1782970 268
1782980 269
1782990 269
1783000 269
1783010 269
1783020 269
1783030 269
1783040 269
1783050 269
1783060 269
1783070 269
1783080 269
1783090 269
1783100 269
1783110 269
1783120 270
1783130 270
1783140 270
1783150 270
1783160 270
1783170 270
1783180 270
1783190 270
1783200 270
1783210 270
1783220 271
1783230 271
1783240 271
1783250 271
1783260 271
1783270 271
1783280 271
1783290 272
1783300 272
1783310 272
1783320 273
1783330 273
1783340 273
1783350 273
1783360 273
1783370 273
1783380 273
1783390 273
1783400 273
1783410 274
1783420 274
1783430 274
1783440 274
1783450 274
1783460 274
1783470 274
1783480 274
1783490 274
1783500 274
1783510 274
1783520 274
1783530 274
1783540 274
1783550 274
1783560 274
1783570 274
1783580 274
1783590 274
1783600 273
1783610 273
1783620 273
1783630 273
1783640 273
1783650 273
1783660 273
1783670 273
1783680 273
1783690 273
1783700 273
1783710 273
1783720 273
1783730 273
1783740 273
1783750 273
1783760 273
1783770 272
1783780 272
1783790 272
1783800 272
1783810 272
1783820 272
1783830 272
1783840 272
1783850 272
1783860 271
1783870 271
1783880 271
1783890 271
1783900 271
1783910 271
1783920 271
1783930 271
1783940 271
1783950 271
1783960 270
1783970 270
1783980 270
1783990 270
1784000 270
1784010 270
1784020 270
1784030 270
1784040 269
1784050 269
1784060 269
1784070 269
1784080 269
1784090 269
1784100 269
1784110 269
1784120 269
1784130 269
1784140 269
1784150 269
1784160 270
1784170 270
1784180 270
1784190 271
1784200 271
1784210 271
1784220 271
1784230 272
1784240 272
1784250 272
1784260 272
1784270 272
1784280 272
1784290 272
1784300 272
1784310 272
1784320 271
1784330 272
1784340 272
1784350 272
1784360 272
1784370 272
1784380 272
1784390 272
1784400 272
1784410 272
1784420 272
1784430 272
1784440 272
1784450 271
1784460 271
1784470 271
1784480 271
1784490 271
1784500 271
1784510 271
1784520 271
1784530 271
1784540 271
1784550 270
1784560 270
1784570 270
1784580 270
1784590 270
1784600 270
1784610 270
1784620 270
1784630 270
1784640 270
1784650 270
1784660 269
1784670 269
1784680 269
1784690 269
1784700 269
1784710 269
1784720 269
1784730 269
1784740 269
1784750 269
1784760 269
1784770 269
1784780 269
1784790 269
1784800 269
1784810 269
1784820 269
1784830 269
1784840 269
1784850 269
1784860 269
1784870 268
1784880 268
1784890 268
1784900 268
1784910 268
1784920 268
1784930 268
1784940 268
1784950 268
1784960 268
1784970 268
1784980 268
1784990 268
1785000 268
1785010 268
1785020 268
1785030 268
1785040 268
1785050 268
1785060 268
1785070 268
1785080 268
1785090 268
1785100 268
1785110 268
1785120 268
1785130 268
1785140 268
1785150 268
1785160 268
1785170 268
1785180 268
1785190 268
1785200 268
1785210 268
1785220 268
1785230 268
1785240 268
1785250 268
1785260 268
1785270 268
1785280 268
1785290 269
1785300 269
1785310 269
1785320 269
1785330 269
1785340 270
1785350 270
1785360 270
1785370 271
1785380 271
1785390 271
1785400 271
1785410 272
1785420 272
1785430 272
1785440 273
1785450 273
1785460 274
1785470 274
1785480 275
1785490 275
1785500 276
1785510 276
1785520 277
1785530 277
1785540 277
1785550 278
1785560 278
1785570 279
1785580 279
1785590 279
1785600 280
1785610 280
1785620 280
1785630 280
1785640 280
1785650 281
1785660 281
1785670 281
1785680 281
1785690 281
1785700 281
1785710 281
1785720 281
1785730 282
1785740 282
1785750 282
1785760 282
1785770 282
1785780 282
1785790 282
1785800 283
1785810 283
1785820 283
1785830 283
1785840 283
1785850 283
1785860 283
1785870 284
1785880 284
1785890 284
1785900 284
1785910 284
1785920 284
1785930 284
1785940 284
1785950 284
1785960 284
1785970 284
1785980 284
1785990 284
1786000 284
1786010 284
1786020 284
1786030 284
1786040 284
1786050 284
1786060 284
1786070 284
1786080 284
1786090 284
1786100 284
1786110 284
1786120 284
1786130 284
1786140 283
1786150 283
1786160 283
1786170 283
1786180 283
1786190 283
1786200 282
1786210 282
1786220 282
1786230 282
1786240 282
1786250 282
1786260 281
1786270 281
1786280 281
1786290 281
1786300 281
1786310 281
1786320 281
1786330 280
1786340 280
1786350 280
1786360 280
1786370 280
1786380 280
1786390 280
1786400 280
1786410 280
1786420 280
1786430 280
1786440 280
1786450 280
1786460 280
1786470 280
1786480 280
1786490 280
1786500 280
1786510 280
1786520 280
1786530 280
1786540 280
1786550 280
1786560 280
1786570 279
1786580 279
1786590 279
1786600 279
1786610 279
1786620 279
1786630 279
1786640 279
1786650 279
1786660 279
1786670 279
1786680 279
1786690 278
1786700 278
1786710 278
1786720 278
1786730 278
1786740 278
1786750 278
1786760 277
1786770 277
1786780 277
1786790 277
1786800 277
1786810 277
1786820 277
1786830 276
1786840 276
1786850 276
1786860 276
1786870 276
1786880 276
1786890 276
1786900 275
1786910 275
1786920 275
1786930 275
1786940 275
1786950 275
1786960 275
1786970 275
1786980 275
1786990 275
1787000 274
1787010 274
1787020 274
1787030 274
1787040 274
1787050 274
1787060 274
1787070 274
1787080 274
1787090 274
1787100 274
1787110 274
1787120 273
1787130 273
1787140 274
1787150 274
1787160 274
1787170 274
1787180 274
1787190 274
1787200 274
1787210 274
1787220 274
1787230 274
1787240 274
1787250 274
1787260 274
1787270 274
1787280 274
1787290 274
1787300 274
1787310 274
1787320 274
1787330 274
1787340 274
1787350 274
1787360 274
1787370 274
1787380 274
1787390 274
1787400 274
1787410 274
1787420 274
1787430 274
1787440 275
1787450 275
1787460 275
1787470 275
1787480 275
1787490 275
1787500 275
1787510 275
1787520 275
1787530 275
1787540 275
1787550 276
1787560 276
1787570 276
1787580 276
1787590 276
1787600 276
1787610 276
1787620 276
1787630 277
1787640 277
1787650 277
1787660 277
1787670 277
1787680 277
1787690 277
1787700 277
1787710 278
1787720 278
1787730 278
1787740 278
1787750 278
1787760 278
1787770 278
1787780 278
1787790 278
1787800 278
1787810 279
1787820 279
1787830 279
1787840 279
1787850 279
1787860 279
1787870 279
1787880 279
1787890 280
1787900 280
1787910 280
1787920 280
1787930 280
1787940 279
1787950 279
1787960 279
1787970 279
1787980 279
1787990 279
1788000 280
1788010 280
1788020 280
1788030 280
1788040 280
1788050 280
1788060 280
1788070 280
1788080 280
1788090 280
1788100 280
1788110 280
1788120 280
1788130 280
1788140 280
1788150 280
1788160 280
1788170 280
1788180 280
1788190 280
1788200 280
1788210 280
1788220 281
1788230 281
1788240 281
1788250 281
1788260 281
1788270 281
1788280 281
1788290 281
1788300 281
1788310 281
1788320 282
1788330 282
1788340 282
1788350 282
1788360 282
1788370 282
1788380 282
1788390 282
1788400 282
1788410 282
1788420 282
1788430 282
1788440 282
1788450 282
1788460 282
1788470 282
1788480 282
1788490 282
1788500 282
1788510 283
1788520 283
1788530 283
1788540 283
1788550 283
1788560 283
1788570 283
1788580 284
1788590 284
1788600 284
1788610 284
1788620 284
1788630 284
1788640 285
1788650 285
1788660 286
1788670 286
1788680 286
1788690 286
1788700 286
1788710 286
1788720 286
1788730 286
1788740 286
1788750 286
1788760 286
1788770 287
1788780 287
1788790 287
1788800 287
1788810 287
1788820 287
1788830 287
1788840 287
1788850 287
1788860 287
1788870 287
1788880 287
1788890 287
1788900 287
1788910 287
1788920 287
1788930 287
1788940 287
1788950 287
1788960 287
1788970 287
1788980 287
1788990 287
1789000 287
1789010 287
1789020 287
1789030 287
1789040 287
1789050 287
1789060 287
1789070 287
1789080 287
1789090 287
1789100 287
1789110 287
1789120 287
1789130 287
1789140 287
1789150 287
1789160 287
1789170 287
1789180 287
1789190 287
1789200 287
1789210 286
1789220 286
1789230 286
1789240 286
1789250 286
1789260 286
1789270 286
1789280 286
1789290 286
1789300 286
1789310 286
1789320 286
1789330 286
1789340 286
1789350 286
1789360 286
1789370 286
1789380 286
1789390 286
1789400 286
1789410 286
1789420 286
1789430 286
1789440 286
1789450 286
1789460 287
1789470 287
1789480 287
1789490 287
1789500 287
1789510 287
1789520 287
1789530 287
1789540 287
1789550 287
1789560 287
1789570 288
1789580 288
1789590 288
1789600 288
1789610 288
1789620 288
1789630 288
1789640 288
1789650 288
1789660 288
1789670 288
1789680 288
1789690 288
1789700 288
1789710 288
1789720 289
1789730 289
1789740 289
1789750 289
1789760 289
1789770 289
1789780 289
1789790 289
1789800 289
1789810 289
1789820 289
1789830 289
1789840 290
1789850 290
1789860 290
1789870 290
1789880 290
1789890 290
1789900 290
1789910 291
1789920 291
1789930 291
1789940 292
1789950 292
1789960 292
1789970 293
1789980 293
1789990 293
1790000 293
1790010 294
1790020 294
1790030 295
1790040 295
1790050 296
1790060 296
1790070 297
1790080 297
1790090 298
1790100 298
1790110 299
1790120 299
1790130 299
1790140 299
1790150 299
1790160 299
1790170 299
1790180 299
1790190 299
1790200 299
1790210 299
1790220 298
1790230 298
1790240 298
1790250 298
1790260 298
1790270 298
1790280 298
1790290 298
1790300 298
1790310 298
1790320 298
1790330 298
1790340 298
1790350 298
1790360 298
1790370 297
1790380 297
1790390 297
1790400 297
1790410 297
1790420 297
1790430 297
1790440 296
1790450 296
1790460 296
1790470 296
1790480 296
1790490 296
1790500 295
1790510 295
1790520 295
1790530 295
1790540 295
1790550 295
1790560 295
1790570 294
1790580 294
1790590 294
1790600 294
1790610 294
1790620 294
1790630 294
1790640 294
1790650 294
1790660 294
1790670 293
1790680 293
1790690 293
1790700 293
1790710 293
1790720 293
1790730 293
1790740 293
1790750 293
1790760 293
1790770 292
1790780 292
1790790 292
1790800 292
1790810 292
1790820 292
1790830 292
1790840 292
1790850 292
1790860 292
1790870 291
1790880 291
1790890 291
1790900 291
1790910 291
1790920 291
1790930 291
1790940 291
1790950 291
1790960 291
1790970 291
1790980 291
1790990 291
1791000 291
1791010 291
1791020 291
1791030 291
1791040 292
1791050 292
1791060 292
1791070 292
1791080 292
1791090 292
1791100 292
1791110 292
1791120 292
1791130 292
1791140 292
1791150 292
1791160 292
1791170 292
1791180 292
1791190 293
1791200 293
1791210 293
1791220 293
1791230 293
1791240 293
1791250 293
1791260 294
1791270 294
1791280 294
1791290 294
1791300 294
1791310 294
1791320 294
1791330 294
1791340 295
1791350 295
1791360 295
1791370 295
1791380 295
1791390 295
1791400 296
1791410 296
1791420 296
1791430 296
1791440 297
1791450 297
1791460 297
1791470 297
1791480 298
1791490 298
1791500 298
1791510 298
1791520 299
1791530 299
1791540 299
1791550 299
1791560 300
1791570 300
1791580 300
1791590 300
1791600 300
1791610 301
1791620 301
1791630 301
1791640 301
1791650 302
1791660 302
1791670 302
1791680 302
1791690 302
1791700 303
1791710 303
1791720 303
1791730 304
1791740 304
1791750 304
1791760 305
1791770 305
1791780 305
1791790 305
1791800 306
1791810 306
1791820 306
1791830 306
1791840 307
1791850 307
1791860 307
1791870 307
1791880 308
1791890 308
1791900 308
1791910 308
1791920 309
1791930 309
1791940 309
1791950 310
1791960 310
1791970 311
1791980 311
1791990 311
1792000 312
1792010 312
1792020 312
1792030 312
1792040 313
1792050 313
1792060 313
1792070 313
1792080 313
1792090 313
1792100 313
1792110 313
1792120 313
1792130 314
1792140 314
1792150 314
1792160 315
1792170 315
1792180 316
1792190 317
1792200 317
1792210 318
1792220 319
1792230 320
1792240 320
1792250 321
1792260 322
1792270 322
1792280 323
1792290 323
1792300 324
1792310 325
1792320 325
1792330 326
1792340 327
1792350 329
1792360 330
1792370 331
1792380 331
1792390 332
1792400 333
1792410 333
1792420 333
1792430 333
1792440 333
1792450 333
1792460 333
1792470 333
1792480 333
1792490 332
1792500 332
1792510 332
1792520 331
1792530 331
1792540 332
1792550 332
1792560 332
1792570 332
1792580 332
1792590 332
1792600 332
1792610 332
1792620 332
1792630 332
1792640 332
1792650 332
1792660 332
1792670 331
1792680 331
1792690 331
1792700 330
1792710 329
1792720 328
1792730 327
1792740 325
1792750 324
1792760 322
1792770 320
1792780 319
1792790 317
1792800 315
1792810 314
1792820 312
1792830 311
1792840 309
1792850 308
1792860 307
1792870 307
1792880 307
1792890 306
1792900 305
1792910 303
1792920 301
1792930 299
1792940 297
1792950 295
1792960 293
1792970 292
1792980 291
1792990 290
1793000 289
1793010 289
1793020 288
1793030 288
1793040 289
1793050 289
1793060 290
1793070 291
1793080 292
1793090 293
1793100 294
1793110 296
1793120 297
1793130 299
1793140 301
1793150 302
1793160 304
1793170 307
1793180 308
1793190 310
1793200 310
1793210 311
1793220 311
1793230 311
1793240 312
1793250 312
1793260 312
1793270 312
1793280 312
1793290 311
1793300 311
1793310 311
1793320 311
1793330 310
1793340 310
1793350 310
1793360 310
1793370 310
1793380 310
1793390 310
1793400 311
1793410 313
1793420 314
1793430 316
1793440 317
1793450 318
1793460 319
1793470 320
1793480 321
1793490 321
1793500 322
1793510 323
1793520 324
1793530 325
1793540 326
1793550 327
1793560 328
1793570 329
1793580 330
1793590 331
1793600 332
1793610 333
1793620 334
1793630 334
1793640 335
1793650 336
1793660 336
1793670 337
1793680 337
1793690 337
1793700 338
1793710 338
1793720 338
1793730 338
1793740 339
1793750 339
1793760 339
1793770 339
1793780 339
1793790 340
1793800 340
1793810 340
1793820 341
1793830 341
1793840 341
1793850 341
1793860 342
1793870 342
1793880 342
1793890 343
1793900 343
1793910 343
1793920 344
1793930 344
1793940 344
1793950 344
1793960 344
1793970 344
1793980 345
1793990 345
1794000 345
1794010 345
1794020 345
1794030 345
1794040 345
1794050 345
1794060 344
1794070 344
1794080 343
1794090 343
1794100 342
1794110 342
1794120 341
1794130 341
1794140 340
1794150 340
1794160 340
1794170 339
1794180 339
1794190 339
1794200 339
1794210 339
1794220 339
1794230 339
1794240 339
1794250 339
1794260 339
1794270 340
1794280 340
1794290 340
1794300 340
1794310 341
1794320 341
1794330 342
1794340 342
1794350 343
1794360 343
1794370 343
1794380 344
1794390 344
1794400 344
1794410 345
1794420 345
1794430 345
1794440 345
1794450 345
1794460 345
1794470 345
1794480 345
1794490 345
1794500 345
1794510 344
1794520 344
1794530 344
1794540 344
1794550 343
1794560 343
1794570 343
1794580 342
1794590 342
1794600 341
1794610 341
1794620 341
1794630 340
1794640 340
1794650 339
1794660 339
1794670 338
1794680 338
1794690 337
1794700 337
1794710 336
1794720 336
1794730 336
1794740 335
1794750 335
1794760 335
1794770 334
1794780 332
1794790 331
1794800 330
1794810 329
1794820 328
1794830 327
1794840 326
1794850 325
1794860 324
1794870 322
1794880 321
1794890 320
1794900 319
1794910 318
1794920 317
1794930 316
1794940 315
1794950 314
1794960 313
1794970 312
1794980 311
1794990 310
1795000 309
1795010 308
1795020 307
1795030 306
1795040 305
1795050 304
1795060 304
1795070 303
1795080 303
1795090 302
1795100 301
1795110 300
1795120 298
1795130 297
1795140 296
1795150 295
1795160 295
1795170 294
1795180 293
1795190 293
1795200 292
1795210 291
1795220 291
1795230 290
1795240 290
1795250 289
1795260 288
1795270 287
1795280 287
1795290 286
1795300 285
1795310 284
1795320 283
1795330 282
1795340 281
1795350 280
1795360 279
1795370 278
1795380 277
1795390 276
1795400 274
1795410 273
1795420 271
1795430 270
1795440 269
1795450 267
1795460 266
1795470 266
1795480 265
1795490 265
1795500 265
1795510 265
1795520 265
1795530 265
1795540 267
1795550 268
1795560 271
1795570 274
1795580 277
1795590 279
1795600 280
1795610 281
1795620 282
1795630 282
1795640 282
1795650 282
1795660 281
1795670 280
1795680 279
1795690 278
1795700 278
1795710 278
1795720 278
1795730 279
1795740 279
1795750 280
1795760 281
1795770 282
1795780 284
1795790 285
1795800 286
1795810 287
1795820 287
1795830 287
1795840 287
1795850 288
1795860 288
1795870 289
1795880 290
1795890 292
1795900 294
1795910 295
1795920 298
1795930 301
1795940 304
1795950 307
1795960 310
1795970 314
1795980 317
1795990 320
1796000 323
1796010 326
1796020 328
1796030 330
1796040 331
1796050 332
1796060 334
1796070 335
1796080 336
1796090 337
1796100 338
1796110 340
1796120 341
1796130 343
1796140 344
1796150 345
1796160 347
1796170 348
1796180 349
1796190 351
1796200 352
1796210 354
1796220 355
1796230 357
1796240 358
1796250 360
1796260 361
1796270 361
1796280 363
1796290 364
1796300 365
1796310 366
1796320 367
1796330 368
1796340 368
1796350 369
1796360 370
1796370 370
1796380 371
1796390 371
1796400 372
1796410 372
1796420 372
1796430 372
1796440 372
1796450 372
1796460 372
1796470 372
1796480 372
1796490 372
1796500 372
1796510 371
1796520 371
1796530 371
1796540 370
1796550 370
1796560 369
1796570 369
1796580 368
1796590 367
1796600 366
1796610 365
1796620 365
1796630 364
1796640 363
1796650 362
1796660 361
1796670 360
1796680 359
1796690 358
1796700 357
1796710 356
1796720 355
1796730 354
1796740 354
1796750 353
1796760 352
1796770 352
1796780 351
1796790 350
1796800 349
1796810 348
1796820 347
1796830 347
1796840 346
1796850 346
1796860 345
1796870 344
1796880 343
1796890 342
1796900 341
1796910 340
1796920 339
1796930 338
1796940 337
1796950 336
1796960 335
1796970 334
1796980 334
1796990 333
1797000 332
1797010 331
1797020 330
1797030 329
1797040 328
1797050 328
1797060 327
1797070 326
1797080 325
1797090 324
1797100 323
1797110 322
1797120 321
1797130 319
1797140 318
1797150 317
1797160 317
1797170 317
1797180 318
1797190 319
1797200 321
1797210 322
1797220 324
1797230 326
1797240 327
1797250 328
1797260 328
1797270 329
1797280 329
1797290 329
1797300 329
1797310 329
1797320 329
1797330 329
1797340 330
1797350 330
1797360 330
1797370 330
1797380 331
1797390 332
1797400 332
1797410 333
1797420 334
1797430 335
1797440 336
1797450 336
1797460 337
1797470 337
1797480 338
1797490 338
1797500 339
1797510 339
1797520 339
1797530 340
1797540 340
1797550 341
1797560 341
1797570 342
1797580 343
1797590 344
1797600 345
1797610 346
1797620 347
1797630 348
1797640 349
1797650 350
1797660 351
1797670 352
1797680 353
1797690 354
1797700 355
1797710 356
1797720 357
1797730 358
1797740 359
1797750 360
1797760 361
1797770 361
1797780 362
1797790 363
1797800 364
1797810 365
1797820 365
1797830 366
1797840 367
1797850 368
1797860 369
1797870 370
1797880 370
1797890 371
1797900 372
1797910 372
1797920 373
1797930 373
1797940 374
1797950 374
1797960 375
1797970 375
1797980 375
1797990 375
1798000 375
1798010 375
1798020 375
1798030 375
1798040 375
1798050 375
1798060 375
1798070 375
1798080 375
1798090 375
1798100 375
1798110 375
1798120 375
1798130 375
1798140 376
1798150 376
1798160 377
1798170 377
1798180 377
1798190 378
1798200 378
1798210 379
1798220 379
1798230 380
1798240 380
1798250 381
1798260 381
1798270 382
1798280 382
1798290 383
1798300 383
1798310 384
1798320 385
1798330 385
1798340 386
1798350 386
1798360 386
1798370 386
1798380 385
1798390 384
1798400 384
1798410 384
1798420 383
1798430 382
1798440 381
1798450 380
1798460 380
1798470 380
1798480 380
1798490 379
1798500 379
1798510 379
1798520 378
1798530 378
1798540 378
1798550 378
1798560 379
1798570 379
1798580 379
1798590 378
1798600 377
1798610 376
1798620 375
1798630 374
1798640 374
1798650 373
1798660 373
1798670 373
1798680 372
1798690 372
1798700 372
1798710 372
1798720 371
1798730 371
1798740 371
1798750 371
1798760 371
1798770 370
1798780 371
1798790 370
1798800 370
1798810 370
1798820 369
1798830 369
1798840 370
1798850 370
1798860 370
1798870 370
1798880 371
1798890 372
1798900 373
1798910 374
1798920 374
1798930 373
1798940 373
1798950 372
1798960 371
1798970 371
1798980 370
1798990 369
1799000 369
1799010 368
1799020 368
1799030 367
1799040 367
1799050 367
1799060 367
1799070 367
1799080 367
1799090 366
1799100 366
1799110 366
1799120 365
1799130 364
1799140 363
1799150 362
1799160 362
1799170 361
1799180 360
1799190 359
1799200 358
1799210 358
1799220 357
1799230 356
1799240 355
1799250 355
1799260 354
1799270 354
1799280 353
1799290 353
1799300 352
1799310 351
1799320 351
1799330 350
1799340 349
1799350 349
1799360 348
1799370 347
1799380 346
1799390 345
1799400 343
1799410 342
1799420 341
1799430 340
1799440 340
1799450 339
1799460 338
1799470 337
1799480 336
1799490 334
1799500 333
1799510 332
1799520 331
1799530 330
1799540 330
1799550 328
1799560 327
1799570 325
1799580 324
1799590 323
1799600 322
1799610 321
1799620 320
1799630 319
1799640 317
1799650 315
1799660 313
1799670 311
1799680 310
1799690 308
1799700 307
1799710 305
1799720 304
1799730 303
1799740 302
1799750 301
1799760 300
1799770 299
1799780 299
1799790 299
1799800 298
1799810 297
1799820 293
1799830 289
1799840 288
1799850 287
1799860 285
1799870 284
1799880 283
1799890 281
1799900 281
1799910 280
1799920 280
1799930 279
1799940 277
1799950 275
1799960 273
1799970 272
1799980 271
1799990 270
