1780000 268
1780010 268
1780020 268
1780030 268
1780040 268
1780050 268
1780060 268
1780070 268
1780080 268
1780090 268
1780100 268
1780110 268
1780120 269
1780130 269
1780140 269
1780150 269
1780160 269
1780170 270
1780180 270
1780190 270
1780200 271
1780210 271
1780220 271
1780230 271
1780240 272
1780250 272
1780260 272
1780270 272
1780280 273
1780290 273
1780300 273
1780310 273
1780320 273
1780330 273
1780340 273
1780350 274
1780360 274
1780370 274
1780380 274
1780390 274
1780400 274
1780410 274
1780420 274
1780430 274
1780440 274
1780450 274
1780460 274
1780470 274
1780480 274
1780490 274
1780500 274
1780510 274
1780520 274
1780530 274
1780540 274
1780550 274
1780560 274
1780570 274
1780580 274
1780590 274
1780600 274
1780610 274
1780620 274
1780630 274
1780640 274
1780650 274
1780660 274
1780670 274
1780680 274
1780690 274
1780700 274
1780710 274
1780720 274
1780730 274
1780740 274
1780750 274
1780760 274
1780770 274
1780780 274
1780790 274
1780800 274
1780810 274
1780820 274
1780830 274
1780840 274
1780850 274
1780860 274
1780870 274
1780880 274
1780890 274
1780900 274
1780910 274
1780920 274
1780930 275
1780940 275
1780950 275
1780960 275
1780970 275
1780980 275
1780990 275
1781000 275
1781010 275
1781020 274
1781030 274
1781040 274
1781050 274
1781060 274
1781070 274
1781080 274
1781090 274
1781100 274
1781110 274
1781120 274
1781130 274
1781140 274
1781150 274
1781160 274
1781170 274
1781180 274
1781190 274
1781200 274
1781210 274
1781220 274
1781230 275
1781240 275
1781250 275
1781260 275
1781270 275
1781280 275
1781290 275
1781300 275
1781310 275
1781320 275
1781330 275
1781340 275
1781350 275
1781360 275
1781370 275
1781380 275
1781390 275
1781400 275
1781410 275
1781420 275
1781430 275
1781440 275
1781450 275
1781460 275
1781470 275
1781480 275
1781490 275
1781500 275
1781510 275
1781520 275
1781530 275
1781540 275
1781550 275
1781560 275
1781570 275
1781580 275
1781590 275
1781600 274
1781610 274
1781620 274
1781630 274
1781640 274
1781650 275
1781660 275
1781670 275
1781680 275
1781690 275
1781700 274
1781710 274
1781720 274
1781730 274
1781740 274
1781750 274
1781760 274
1781770 274
1781780 274
1781790 274
1781800 274
1781810 274
1781820 274
1781830 274
1781840 274
1781850 274
1781860 274
1781870 274
1781880 274
1781890 274
1781900 274
1781910 274
1781920 274
1781930 274
1781940 274
1781950 274
1781960 274
1781970 274
1781980 273
1781990 273
1782000 273
1782010 273
1782020 273
1782030 273
1782040 273
1782050 273
1782060 273
1782070 273
1782080 273
1782090 273
1782100 273
1782110 273
1782120 273
1782130 273
1782140 273
1782150 273
1782160 273
1782170 273
1782180 273
1782190 273
1782200 273
1782210 273
1782220 273
1782230 273
1782240 273
1782250 273
1782260 273
1782270 273
1782280 273
1782290 273
1782300 273
1782310 273
1782320 273
1782330 273
1782340 273
1782350 273
1782360 273
1782370 273
1782380 273
1782390 273
1782400 273
1782410 273
1782420 273
1782430 273
1782440 273
1782450 272
1782460 272
1782470 272
1782480 272
1782490 272
1782500 272
1782510 272
1782520 271
1782530 271
1782540 271
1782550 271
1782560 271
1782570 270
1782580 270
1782590 270
1782600 270
1782610 270
1782620 270
1782630 269
1782640 269
1782650 269
1782660 269
1782670 269
1782680 269
1782690 269
1782700 269
1782710 269
1782720 268
1782730 268
1782740 268
1782750 268
1782760 268
1782770 268
1782780 268
1782790 268
1782800 267
1782810 267
1782820 267
1782830 267
1782840 267
1782850 267
1782860 267
1782870 267
1782880 267
1782890 267
1782900 267
1782910 267
1782920 266
1782930 266
1782940 266
1782950 266
1782960 266
1782970 266
1782980 266
1782990 266
1783000 266
1783010 266
1783020 266
1783030 266
1783040 266
1783050 266
1783060 266
1783070 266
1783080 266
1783090 266
1783100 266
1783110 266
1783120 266
1783130 266
1783140 267
1783150 268
1783160 269
1783170 269
1783180 270
1783190 270
1783200 271
1783210 271
1783220 271
1783230 271
1783240 271
1783250 272
1783260 272
1783270 272
1783280 271
1783290 271
1783300 271
1783310 271
1783320 271
1783330 271
1783340 271
1783350 271
1783360 272
1783370 272
1783380 272
1783390 271
1783400 271
1783410 270
1783420 269
1783430 269
1783440 269
1783450 270
1783460 270
1783470 270
1783480 270
1783490 270
1783500 270
1783510 271
1783520 271
1783530 271
1783540 271
1783550 272
1783560 272
1783570 272
1783580 272
1783590 272
1783600 272
1783610 272
1783620 273
1783630 273
1783640 273
1783650 273
1783660 273
1783670 273
1783680 273
1783690 273
1783700 273
1783710 272
1783720 272
1783730 272
1783740 272
1783750 272
1783760 272
1783770 272
1783780 272
1783790 272
1783800 272
1783810 271
1783820 271
1783830 271
1783840 271
1783850 271
1783860 271
1783870 271
1783880 270
1783890 270
1783900 270
1783910 270
1783920 270
1783930 270
1783940 270
1783950 269
1783960 269
1783970 269
1783980 269
1783990 269
1784000 269
1784010 269
1784020 268
1784030 268
1784040 268
1784050 268
1784060 268
1784070 268
1784080 268
1784090 267
1784100 267
1784110 267
1784120 267
1784130 267
1784140 267
1784150 266
1784160 266
1784170 266
1784180 266
1784190 266
1784200 266
1784210 266
1784220 266
1784230 266
1784240 266
1784250 266
1784260 266
1784270 266
1784280 266
1784290 267
1784300 267
1784310 267
1784320 267
1784330 267
1784340 267
1784350 267
1784360 267
1784370 267
1784380 267
1784390 267
1784400 267
1784410 267
1784420 267
1784430 267
1784440 267
1784450 267
1784460 267
1784470 267
1784480 267
1784490 267
1784500 267
1784510 267
1784520 267
1784530 267
1784540 267
1784550 267
1784560 267
1784570 267
1784580 267
1784590 267
1784600 267
1784610 267
1784620 266
1784630 266
1784640 266
1784650 266
1784660 266
1784670 266
1784680 266
1784690 266
1784700 266
1784710 266
1784720 266
1784730 266
1784740 266
1784750 266
1784760 266
1784770 266
1784780 266
1784790 266
1784800 266
1784810 266
1784820 266
1784830 266
1784840 265
1784850 266
1784860 266
1784870 266
1784880 266
1784890 265
1784900 265
1784910 265
1784920 265
1784930 265
1784940 265
1784950 265
1784960 265
1784970 265
1784980 265
1784990 265
1785000 265
1785010 265
1785020 265
1785030 265
1785040 265
1785050 265
1785060 265
1785070 265
1785080 265
1785090 265
1785100 265
1785110 265
1785120 265
1785130 265
1785140 265
1785150 265
1785160 265
1785170 265
1785180 265
1785190 265
1785200 265
1785210 265
1785220 265
1785230 265
1785240 266
1785250 266
1785260 266
1785270 266
1785280 266
1785290 267
1785300 267
1785310 267
1785320 267
1785330 267
1785340 267
1785350 268
1785360 268
1785370 268
1785380 268
1785390 268
1785400 269
1785410 269
1785420 269
1785430 270
1785440 270
1785450 270
1785460 270
1785470 271
1785480 271
1785490 271
1785500 272
1785510 272
1785520 273
1785530 273
1785540 273
1785550 273
1785560 274
1785570 274
1785580 274
1785590 274
1785600 274
1785610 275
1785620 275
1785630 275
1785640 275
1785650 275
1785660 275
1785670 276
1785680 276
1785690 276
1785700 276
1785710 277
1785720 277
1785730 277
1785740 277
1785750 278
1785760 278
1785770 278
1785780 278
1785790 279
1785800 279
1785810 280
1785820 280
1785830 280
1785840 281
1785850 281
1785860 282
1785870 282
1785880 282
1785890 282
1785900 282
1785910 282
1785920 282
1785930 282
1785940 282
1785950 282
1785960 282
1785970 281
1785980 281
1785990 281
1786000 281
1786010 281
1786020 281
1786030 281
1786040 281
1786050 281
1786060 281
1786070 281
1786080 281
1786090 281
1786100 280
1786110 280
1786120 280
1786130 280
1786140 280
1786150 280
1786160 280
1786170 280
1786180 279
1786190 279
1786200 279
1786210 279
1786220 279
1786230 279
1786240 279
1786250 279
1786260 279
1786270 279
1786280 279
1786290 278
1786300 278
1786310 278
1786320 278
1786330 278
1786340 278
1786350 278
1786360 278
1786370 278
1786380 278
1786390 278
1786400 278
1786410 278
1786420 278
1786430 278
1786440 278
1786450 278
1786460 278
1786470 278
1786480 278
1786490 278
1786500 278
1786510 279
1786520 279
1786530 279
1786540 279
1786550 279
1786560 279
1786570 279
1786580 279
1786590 279
1786600 279
1786610 279
1786620 279
1786630 279
1786640 278
1786650 278
1786660 278
1786670 278
1786680 278
1786690 278
1786700 278
1786710 278
1786720 278
1786730 278
1786740 278
1786750 278
1786760 278
1786770 277
1786780 277
1786790 277
1786800 277
1786810 277
1786820 277
1786830 277
1786840 276
1786850 276
1786860 276
1786870 276
1786880 276
1786890 276
1786900 276
1786910 276
1786920 275
1786930 275
1786940 275
1786950 275
1786960 275
1786970 275
1786980 274
1786990 274
1787000 274
1787010 274
1787020 274
1787030 274
1787040 274
1787050 274
1787060 274
1787070 274
1787080 274
1787090 274
1787100 274
1787110 274
1787120 274
1787130 274
1787140 274
1787150 274
1787160 273
1787170 273
1787180 273
1787190 273
1787200 273
1787210 273
1787220 273
1787230 272
1787240 272
1787250 272
1787260 272
1787270 272
1787280 272
1787290 272
1787300 272
1787310 272
1787320 272
1787330 272
1787340 272
1787350 272
1787360 272
1787370 272
1787380 272
1787390 272
1787400 272
1787410 272
1787420 272
1787430 272
1787440 272
1787450 273
1787460 273
1787470 273
1787480 273
1787490 273
1787500 273
1787510 273
1787520 273
1787530 273
1787540 273
1787550 273
1787560 273
1787570 273
1787580 273
1787590 273
1787600 274
1787610 274
1787620 274
1787630 274
1787640 274
1787650 274
1787660 274
1787670 274
1787680 274
1787690 274
1787700 274
1787710 274
1787720 274
1787730 274
1787740 275
1787750 275
1787760 275
1787770 275
1787780 275
1787790 275
1787800 275
1787810 275
1787820 275
1787830 275
1787840 275
1787850 276
1787860 276
1787870 276
1787880 276
1787890 276
1787900 276
1787910 276
1787920 276
1787930 276
1787940 276
1787950 276
1787960 276
1787970 276
1787980 276
1787990 276
1788000 276
1788010 276
1788020 276
1788030 277
1788040 277
1788050 277
1788060 277
1788070 277
1788080 277
1788090 277
1788100 277
1788110 277
1788120 277
1788130 277
1788140 276
1788150 276
1788160 276
1788170 276
1788180 277
1788190 277
1788200 277
1788210 277
1788220 277
1788230 277
1788240 277
1788250 277
1788260 277
1788270 277
1788280 277
1788290 277
1788300 277
1788310 277
1788320 277
1788330 277
1788340 277
1788350 277
1788360 277
1788370 277
1788380 277
1788390 277
1788400 277
1788410 278
1788420 278
1788430 278
1788440 278
1788450 278
1788460 278
1788470 278
1788480 278
1788490 278
1788500 278
1788510 279
1788520 279
1788530 279
1788540 279
1788550 279
1788560 279
1788570 279
1788580 279
1788590 279
1788600 279
1788610 280
1788620 280
1788630 280
1788640 281
1788650 281
1788660 282
1788670 282
1788680 282
1788690 283
1788700 283
1788710 284
1788720 284
1788730 284
1788740 284
1788750 284
1788760 284
1788770 284
1788780 284
1788790 285
1788800 285
1788810 285
1788820 285
1788830 285
1788840 285
1788850 285
1788860 285
1788870 285
1788880 285
1788890 285
1788900 285
1788910 284
1788920 284
1788930 284
1788940 284
1788950 284
1788960 284
1788970 284
1788980 284
1788990 284
1789000 284
1789010 284
1789020 284
1789030 284
1789040 284
1789050 284
1789060 284
1789070 284
1789080 284
1789090 284
1789100 285
1789110 285
1789120 285
1789130 285
1789140 285
1789150 285
1789160 285
1789170 285
1789180 285
1789190 285
1789200 285
1789210 285
1789220 285
1789230 285
1789240 285
1789250 285
1789260 285
1789270 285
1789280 285
1789290 285
1789300 285
1789310 285
1789320 285
1789330 285
1789340 284
1789350 284
1789360 284
1789370 285
1789380 285
1789390 285
1789400 285
1789410 285
1789420 285
1789430 285
1789440 285
1789450 285
1789460 285
1789470 285
1789480 285
1789490 285
1789500 285
1789510 285
1789520 285
1789530 285
1789540 286
1789550 286
1789560 286
1789570 286
1789580 286
1789590 286
1789600 286
1789610 286
1789620 286
1789630 287
1789640 287
1789650 287
1789660 287
1789670 287
1789680 287
1789690 287
1789700 287
1789710 287
1789720 287
1789730 287
1789740 288
1789750 288
1789760 288
1789770 288
1789780 288
1789790 288
1789800 288
1789810 288
1789820 288
1789830 289
1789840 289
1789850 289
1789860 289
1789870 289
1789880 289
1789890 289
1789900 289
1789910 289
1789920 290
1789930 290
1789940 290
1789950 290
1789960 290
1789970 290
1789980 290
1789990 291
1790000 291
1790010 291
1790020 291
1790030 291
1790040 291
1790050 292
1790060 292
1790070 292
1790080 292
1790090 293
1790100 293
1790110 293
1790120 293
1790130 294
1790140 294
1790150 295
1790160 295
1790170 295
1790180 296
1790190 296
1790200 296
1790210 296
1790220 296
1790230 297
1790240 296
1790250 296
1790260 296
1790270 296
1790280 296
1790290 296
1790300 296
1790310 296
1790320 295
1790330 295
1790340 295
1790350 295
1790360 295
1790370 295
1790380 296
1790390 296
1790400 296
1790410 296
1790420 296
1790430 296
1790440 295
1790450 295
1790460 295
1790470 295
1790480 295
1790490 295
1790500 294
1790510 294
1790520 294
1790530 294
1790540 294
1790550 293
1790560 293
1790570 293
1790580 293
1790590 293
1790600 292
1790610 292
1790620 292
1790630 292
1790640 292
1790650 292
1790660 291
1790670 291
1790680 291
1790690 291
1790700 291
1790710 291
1790720 290
1790730 290
1790740 290
1790750 290
1790760 290
1790770 290
1790780 290
1790790 290
1790800 289
1790810 289
1790820 289
1790830 289
1790840 289
1790850 289
1790860 289
1790870 289
1790880 289
1790890 289
1790900 289
1790910 289
1790920 289
1790930 289
1790940 289
1790950 289
1790960 289
1790970 289
1790980 289
1790990 289
1791000 289
1791010 289
1791020 289
1791030 289
1791040 289
1791050 289
1791060 289
1791070 289
1791080 289
1791090 289
1791100 289
1791110 289
1791120 289
1791130 289
1791140 289
1791150 290
1791160 290
1791170 290
1791180 290
1791190 290
1791200 290
1791210 290
1791220 291
1791230 291
1791240 291
1791250 291
1791260 291
1791270 292
1791280 292
1791290 292
1791300 292
1791310 292
1791320 292
1791330 292
1791340 292
1791350 292
1791360 292
1791370 292
1791380 292
1791390 292
1791400 293
1791410 293
1791420 293
1791430 293
1791440 293
1791450 293
1791460 293
1791470 293
1791480 293
1791490 294
1791500 294
1791510 294
1791520 294
1791530 294
1791540 294
1791550 295
1791560 295
1791570 295
1791580 295
1791590 295
1791600 295
1791610 296
1791620 296
1791630 296
1791640 296
1791650 297
1791660 297
1791670 297
1791680 297
1791690 297
1791700 297
1791710 297
1791720 297
1791730 298
1791740 298
1791750 298
1791760 298
1791770 298
1791780 298
1791790 298
1791800 298
1791810 298
1791820 298
1791830 298
1791840 298
1791850 298
1791860 299
1791870 299
1791880 299
1791890 299
1791900 299
1791910 299
1791920 299
1791930 300
1791940 300
1791950 300
1791960 300
1791970 301
1791980 301
1791990 301
1792000 301
1792010 301
1792020 302
1792030 302
1792040 302
1792050 302
1792060 302
1792070 303
1792080 303
1792090 303
1792100 304
1792110 304
1792120 304
1792130 305
1792140 305
1792150 305
1792160 306
1792170 306
1792180 306
1792190 307
1792200 307
1792210 308
1792220 309
1792230 310
1792240 311
1792250 312
1792260 314
1792270 314
1792280 315
1792290 315
1792300 316
1792310 316
1792320 317
1792330 317
1792340 317
1792350 317
1792360 318
1792370 319
1792380 320
1792390 321
1792400 323
1792410 324
1792420 324
1792430 325
1792440 326
1792450 327
1792460 327
1792470 328
1792480 328
1792490 329
1792500 329
1792510 329
1792520 329
1792530 329
1792540 329
1792550 329
1792560 329
1792570 329
1792580 329
1792590 329
1792600 329
1792610 329
1792620 329
1792630 329
1792640 329
1792650 329
1792660 329
1792670 330
1792680 330
1792690 330
1792700 330
1792710 330
1792720 330
1792730 330
1792740 331
1792750 331
1792760 331
1792770 331
1792780 331
1792790 331
1792800 331
1792810 332
1792820 332
1792830 332
1792840 332
1792850 331
1792860 331
1792870 331
1792880 330
1792890 329
1792900 328
1792910 327
1792920 325
1792930 323
1792940 322
1792950 322
1792960 321
1792970 321
1792980 320
1792990 320
1793000 319
1793010 319
1793020 318
1793030 318
1793040 318
1793050 318
1793060 318
1793070 319
1793080 320
1793090 320
1793100 321
1793110 322
1793120 322
1793130 323
1793140 324
1793150 324
1793160 324
1793170 325
1793180 325
1793190 325
1793200 325
1793210 325
1793220 325
1793230 325
1793240 325
1793250 325
1793260 324
1793270 324
1793280 324
1793290 324
1793300 324
1793310 323
1793320 323
1793330 323
1793340 324
1793350 324
1793360 324
1793370 324
1793380 324
1793390 324
1793400 324
1793410 324
1793420 324
1793430 324
1793440 324
1793450 323
1793460 323
1793470 323
1793480 323
1793490 323
1793500 323
1793510 323
1793520 324
1793530 325
1793540 325
1793550 326
1793560 327
1793570 327
1793580 328
1793590 328
1793600 329
1793610 329
1793620 330
1793630 330
1793640 331
1793650 331
1793660 331
1793670 332
1793680 332
1793690 333
1793700 333
1793710 333
1793720 333
1793730 334
1793740 334
1793750 335
1793760 335
1793770 335
1793780 335
1793790 335
1793800 336
1793810 336
1793820 336
1793830 337
1793840 337
1793850 337
1793860 337
1793870 338
1793880 338
1793890 338
1793900 338
1793910 338
1793920 338
1793930 339
1793940 339
1793950 339
1793960 339
1793970 339
1793980 340
1793990 340
1794000 340
1794010 340
1794020 341
1794030 341
1794040 341
1794050 341
1794060 342
1794070 342
1794080 342
1794090 342
1794100 343
1794110 343
1794120 343
1794130 343
1794140 343
1794150 343
1794160 343
1794170 344
1794180 344
1794190 344
1794200 344
1794210 344
1794220 344
1794230 344
1794240 345
1794250 345
1794260 345
1794270 345
1794280 345
1794290 345
1794300 345
1794310 345
1794320 346
1794330 346
1794340 346
1794350 345
1794360 345
1794370 346
1794380 346
1794390 346
1794400 346
1794410 346
1794420 346
1794430 346
1794440 346
1794450 346
1794460 346
1794470 346
1794480 345
1794490 345
1794500 345
1794510 345
1794520 345
1794530 345
1794540 345
1794550 345
1794560 344
1794570 344
1794580 344
1794590 343
1794600 343
1794610 343
1794620 342
1794630 342
1794640 341
1794650 340
1794660 340
1794670 339
1794680 339
1794690 338
1794700 337
1794710 336
1794720 335
1794730 334
1794740 332
1794750 331
1794760 329
1794770 328
1794780 327
1794790 327
1794800 326
1794810 325
1794820 325
1794830 324
1794840 323
1794850 323
1794860 322
1794870 321
1794880 320
1794890 319
1794900 319
1794910 318
1794920 317
1794930 315
1794940 314
1794950 314
1794960 312
1794970 311
1794980 309
1794990 308
1795000 306
1795010 305
1795020 303
1795030 301
1795040 299
1795050 297
1795060 296
1795070 295
1795080 294
1795090 294
1795100 294
1795110 294
1795120 293
1795130 292
1795140 289
1795150 287
1795160 285
1795170 282
1795180 280
1795190 278
1795200 277
1795210 276
1795220 275
1795230 274
1795240 274
1795250 274
1795260 273
1795270 273
1795280 273
1795290 273
1795300 273
1795310 273
1795320 273
1795330 274
1795340 273
1795350 273
1795360 273
1795370 272
1795380 272
1795390 271
1795400 271
1795410 270
1795420 270
1795430 270
1795440 270
1795450 270
1795460 269
1795470 270
1795480 270
1795490 270
1795500 270
1795510 270
1795520 270
1795530 271
1795540 271
1795550 272
1795560 273
1795570 274
1795580 275
1795590 277
1795600 279
1795610 281
1795620 283
1795630 285
1795640 286
1795650 287
1795660 288
1795670 290
1795680 291
1795690 292
1795700 294
1795710 295
1795720 297
1795730 299
1795740 300
1795750 302
1795760 303
1795770 304
1795780 304
1795790 304
1795800 305
1795810 305
1795820 307
1795830 308
1795840 309
1795850 310
1795860 311
1795870 312
1795880 313
1795890 315
1795900 316
1795910 316
1795920 316
1795930 315
1795940 315
1795950 315
1795960 316
1795970 317
1795980 318
1795990 320
1796000 322
1796010 324
1796020 326
1796030 328
1796040 330
1796050 332
1796060 334
1796070 336
1796080 337
1796090 339
1796100 342
1796110 344
1796120 345
1796130 346
1796140 348
1796150 349
1796160 351
1796170 352
1796180 354
1796190 355
1796200 356
1796210 357
1796220 357
1796230 358
1796240 359
1796250 360
1796260 361
1796270 362
1796280 362
1796290 362
1796300 363
1796310 364
1796320 365
1796330 365
1796340 366
1796350 366
1796360 367
1796370 367
1796380 368
1796390 368
1796400 369
1796410 369
1796420 370
1796430 370
1796440 370
1796450 370
1796460 371
1796470 371
1796480 371
1796490 371
1796500 371
1796510 371
1796520 371
1796530 371
1796540 371
1796550 371
1796560 371
1796570 371
1796580 371
1796590 371
1796600 370
1796610 370
1796620 369
1796630 369
1796640 368
1796650 367
1796660 367
1796670 366
1796680 365
1796690 364
1796700 363
1796710 362
1796720 360
1796730 359
1796740 358
1796750 357
1796760 356
1796770 356
1796780 355
1796790 355
1796800 355
1796810 354
1796820 353
1796830 353
1796840 352
1796850 351
1796860 350
1796870 349
1796880 348
1796890 347
1796900 346
1796910 346
1796920 345
1796930 345
1796940 344
1796950 343
1796960 343
1796970 342
1796980 342
1796990 341
1797000 341
1797010 340
1797020 340
1797030 339
1797040 339
1797050 338
1797060 337
1797070 337
1797080 336
1797090 336
1797100 335
1797110 335
1797120 335
1797130 334
1797140 334
1797150 333
1797160 333
1797170 332
1797180 331
1797190 330
1797200 330
1797210 330
1797220 331
1797230 332
1797240 333
1797250 335
1797260 337
1797270 339
1797280 340
1797290 342
1797300 343
1797310 345
1797320 346
1797330 347
1797340 348
1797350 349
1797360 349
1797370 350
1797380 350
1797390 351
1797400 351
1797410 351
1797420 351
1797430 352
1797440 352
1797450 352
1797460 353
1797470 353
1797480 354
1797490 354
1797500 354
1797510 355
1797520 355
1797530 355
1797540 355
1797550 356
1797560 356
1797570 356
1797580 357
1797590 357
1797600 358
1797610 358
1797620 359
1797630 359
1797640 359
1797650 360
1797660 361
1797670 361
1797680 362
1797690 363
1797700 365
1797710 366
1797720 367
1797730 369
1797740 370
1797750 371
1797760 373
1797770 374
1797780 376
1797790 378
1797800 379
1797810 380
1797820 382
1797830 383
1797840 384
1797850 385
1797860 387
1797870 388
1797880 389
1797890 390
1797900 390
1797910 391
1797920 392
1797930 393
1797940 394
1797950 395
1797960 395
1797970 396
1797980 396
1797990 397
1798000 397
1798010 397
1798020 397
1798030 397
1798040 397
1798050 396
1798060 396
1798070 396
1798080 396
1798090 396
1798100 396
1798110 395
1798120 395
1798130 395
1798140 395
1798150 395
1798160 395
1798170 396
1798180 396
1798190 396
1798200 397
1798210 397
1798220 397
1798230 398
1798240 398
1798250 398
1798260 399
1798270 399
1798280 399
1798290 400
1798300 400
1798310 401
1798320 401
1798330 402
1798340 403
1798350 404
1798360 404
1798370 406
1798380 406
1798390 408
1798400 409
1798410 410
1798420 410
1798430 410
1798440 410
1798450 410
1798460 409
1798470 410
1798480 410
1798490 409
1798500 409
1798510 409
1798520 408
1798530 406
1798540 405
1798550 404
1798560 403
1798570 401
1798580 400
1798590 399
1798600 398
1798610 397
1798620 397
1798630 396
1798640 395
1798650 394
1798660 393
1798670 393
1798680 392
1798690 391
1798700 391
1798710 390
1798720 389
1798730 388
1798740 387
1798750 386
1798760 385
1798770 385
1798780 384
1798790 383
1798800 382
1798810 382
1798820 381
1798830 380
1798840 379
1798850 379
1798860 378
1798870 377
1798880 376
1798890 376
1798900 375
1798910 374
1798920 373
1798930 373
1798940 372
1798950 371
1798960 370
1798970 370
1798980 369
1798990 369
1799000 368
1799010 367
1799020 367
1799030 366
1799040 365
1799050 364
1799060 364
1799070 363
1799080 363
1799090 362
1799100 362
1799110 361
1799120 361
1799130 360
1799140 360
1799150 359
1799160 359
1799170 358
1799180 358
1799190 357
1799200 357
1799210 356
1799220 355
1799230 355
1799240 354
1799250 354
1799260 353
1799270 352
1799280 352
1799290 351
1799300 351
1799310 350
1799320 349
1799330 348
1799340 347
1799350 347
1799360 346
1799370 346
1799380 345
1799390 345
1799400 344
1799410 344
1799420 343
1799430 343
1799440 342
1799450 342
1799460 341
1799470 341
1799480 340
1799490 339
1799500 338
1799510 337
1799520 337
1799530 336
1799540 335
1799550 334
1799560 332
1799570 331
1799580 330
1799590 329
1799600 328
1799610 327
1799620 325
1799630 324
1799640 323
1799650 322
1799660 320
1799670 319
1799680 317
1799690 316
1799700 315
1799710 314
1799720 312
1799730 309
1799740 307
1799750 305
1799760 305
1799770 302
1799780 300
1799790 299
1799800 297
1799810 294
1799820 290
1799830 288
1799840 287
1799850 285
1799860 283
1799870 281
1799880 280
1799890 279
1799900 278
1799910 277
1799920 276
1799930 275
1799940 272
1799950 271
1799960 270
1799970 269
1799980 268
1799990 266
