1780000 234
1780010 235
1780020 235
1780030 235
1780040 236
1780050 236
1780060 236
1780070 237
1780080 237
1780090 238
1780100 238
1780110 238
1780120 239
1780130 239
1780140 239
1780150 240
1780160 240
1780170 240
1780180 240
1780190 240
1780200 240
1780210 240
1780220 240
1780230 240
1780240 240
1780250 240
1780260 240
1780270 240
1780280 240
1780290 239
1780300 239
1780310 239
1780320 239
1780330 239
1780340 239
1780350 239
1780360 239
1780370 239
1780380 239
1780390 240
1780400 240
1780410 240
1780420 240
1780430 240
1780440 240
1780450 240
1780460 240
1780470 240
1780480 240
1780490 240
1780500 240
1780510 240
1780520 240
1780530 241
1780540 241
1780550 241
1780560 241
1780570 241
1780580 241
1780590 242
1780600 242
1780610 242
1780620 242
1780630 242
1780640 242
1780650 242
1780660 243
1780670 243
1780680 243
1780690 243
1780700 243
1780710 242
1780720 242
1780730 242
1780740 242
1780750 243
1780760 243
1780770 243
1780780 244
1780790 244
1780800 243
1780810 243
1780820 243
1780830 243
1780840 243
1780850 243
1780860 243
1780870 243
1780880 243
1780890 243
1780900 243
1780910 244
1780920 244
1780930 244
1780940 244
1780950 244
1780960 244
1780970 244
1780980 244
1780990 244
1781000 244
1781010 244
1781020 244
1781030 244
1781040 244
1781050 244
1781060 244
1781070 244
1781080 244
1781090 244
1781100 244
1781110 244
1781120 244
1781130 244
1781140 244
1781150 244
1781160 244
1781170 244
1781180 244
1781190 244
1781200 244
1781210 244
1781220 244
1781230 244
1781240 244
1781250 244
1781260 244
1781270 244
1781280 244
1781290 244
1781300 244
1781310 244
1781320 244
1781330 244
1781340 244
1781350 244
1781360 244
1781370 244
1781380 244
1781390 244
1781400 244
1781410 244
1781420 244
1781430 244
1781440 244
1781450 244
1781460 244
1781470 244
1781480 244
1781490 244
1781500 244
1781510 244
1781520 244
1781530 244
1781540 244
1781550 244
1781560 245
1781570 245
1781580 245
1781590 245
1781600 245
1781610 245
1781620 245
1781630 246
1781640 246
1781650 246
1781660 246
1781670 246
1781680 246
1781690 246
1781700 246
1781710 247
1781720 247
1781730 247
1781740 247
1781750 247
1781760 247
1781770 247
1781780 247
1781790 247
1781800 247
1781810 247
1781820 247
1781830 247
1781840 247
1781850 246
1781860 246
1781870 246
1781880 246
1781890 246
1781900 246
1781910 246
1781920 246
1781930 246
1781940 246
1781950 246
1781960 246
1781970 246
1781980 246
1781990 246
1782000 246
1782010 246
1782020 247
1782030 247
1782040 247
1782050 247
1782060 247
1782070 247
1782080 247
1782090 247
1782100 247
1782110 247
1782120 247
1782130 247
1782140 248
1782150 248
1782160 248
1782170 248
1782180 248
1782190 247
1782200 247
1782210 247
1782220 247
1782230 247
1782240 247
1782250 247
1782260 247
1782270 247
1782280 247
1782290 247
1782300 246
1782310 246
1782320 246
1782330 246
1782340 245
1782350 245
1782360 245
1782370 244
1782380 244
1782390 244
1782400 244
1782410 245
1782420 245
1782430 246
1782440 246
1782450 246
1782460 247
1782470 247
1782480 247
1782490 248
1782500 248
1782510 248
1782520 248
1782530 248
1782540 249
1782550 249
1782560 249
1782570 249
1782580 249
1782590 249
1782600 250
1782610 250
1782620 250
1782630 250
1782640 250
1782650 250
1782660 251
1782670 251
1782680 251
1782690 251
1782700 251
1782710 251
1782720 251
1782730 251
1782740 251
1782750 251
1782760 251
1782770 251
1782780 251
1782790 251
1782800 251
1782810 251
1782820 251
1782830 251
1782840 251
1782850 251
1782860 251
1782870 251
1782880 251
1782890 251
1782900 251
1782910 251
1782920 251
1782930 251
1782940 251
1782950 251
1782960 251
1782970 251
1782980 251
1782990 251
1783000 251
1783010 250
1783020 250
1783030 250
1783040 250
1783050 250
1783060 250
1783070 250
1783080 249
1783090 249
1783100 249
1783110 249
1783120 249
1783130 249
1783140 249
1783150 249
1783160 249
1783170 249
1783180 249
1783190 249
1783200 249
1783210 249
1783220 249
1783230 249
1783240 249
1783250 249
1783260 249
1783270 249
1783280 249
1783290 249
1783300 249
1783310 249
1783320 249
1783330 249
1783340 249
1783350 249
1783360 249
1783370 249
1783380 250
1783390 250
1783400 250
1783410 250
1783420 250
1783430 250
1783440 250
1783450 250
1783460 250
1783470 250
1783480 249
1783490 249
1783500 249
1783510 249
1783520 249
1783530 249
1783540 248
1783550 248
1783560 248
1783570 248
1783580 248
1783590 248
1783600 248
1783610 248
1783620 248
1783630 248
1783640 248
1783650 248
1783660 248
1783670 248
1783680 248
1783690 248
1783700 248
1783710 248
1783720 248
1783730 247
1783740 247
1783750 247
1783760 248
1783770 247
1783780 247
1783790 247
1783800 247
1783810 247
1783820 247
1783830 247
1783840 247
1783850 247
1783860 247
1783870 247
1783880 247
1783890 247
1783900 247
1783910 247
1783920 247
1783930 246
1783940 246
1783950 246
1783960 246
1783970 246
1783980 246
1783990 246
1784000 246
1784010 246
1784020 246
1784030 246
1784040 245
1784050 245
1784060 245
1784070 245
1784080 246
1784090 245
1784100 245
1784110 245
1784120 245
1784130 245
1784140 245
1784150 245
1784160 244
1784170 244
1784180 244
1784190 244
1784200 244
1784210 244
1784220 244
1784230 244
1784240 244
1784250 244
1784260 244
1784270 244
1784280 244
1784290 244
1784300 244
1784310 244
1784320 244
1784330 244
1784340 244
1784350 244
1784360 244
1784370 244
1784380 244
1784390 244
1784400 244
1784410 244
1784420 244
1784430 243
1784440 243
1784450 243
1784460 243
1784470 243
1784480 243
1784490 243
1784500 243
1784510 243
1784520 243
1784530 243
1784540 243
1784550 243
1784560 243
1784570 243
1784580 243
1784590 243
1784600 243
1784610 243
1784620 243
1784630 243
1784640 243
1784650 243
1784660 243
1784670 243
1784680 242
1784690 242
1784700 242
1784710 242
1784720 242
1784730 242
1784740 242
1784750 242
1784760 242
1784770 242
1784780 242
1784790 242
1784800 242
1784810 242
1784820 242
1784830 242
1784840 242
1784850 242
1784860 242
1784870 242
1784880 242
1784890 242
1784900 242
1784910 242
1784920 241
1784930 241
1784940 241
1784950 241
1784960 241
1784970 241
1784980 241
1784990 240
1785000 240
1785010 240
1785020 240
1785030 240
1785040 240
1785050 239
1785060 239
1785070 239
1785080 239
1785090 239
1785100 239
1785110 238
1785120 238
1785130 238
1785140 238
1785150 238
1785160 238
1785170 238
1785180 237
1785190 237
1785200 237
1785210 237
1785220 237
1785230 237
1785240 237
1785250 237
1785260 237
1785270 236
1785280 236
1785290 236
1785300 236
1785310 236
1785320 236
1785330 236
1785340 236
1785350 235
1785360 235
1785370 235
1785380 235
1785390 235
1785400 235
1785410 234
1785420 234
1785430 234
1785440 234
1785450 233
1785460 233
1785470 233
1785480 233
1785490 233
1785500 233
1785510 232
1785520 232
1785530 232
1785540 232
1785550 232
1785560 232
1785570 232
1785580 231
1785590 231
1785600 231
1785610 231
1785620 230
1785630 230
1785640 230
1785650 230
1785660 230
1785670 229
1785680 229
1785690 229
1785700 229
1785710 229
1785720 229
1785730 229
1785740 229
1785750 228
1785760 228
1785770 228
1785780 228
1785790 228
1785800 228
1785810 228
1785820 228
1785830 228
1785840 228
1785850 227
1785860 227
1785870 227
1785880 226
1785890 226
1785900 226
1785910 226
1785920 225
1785930 225
1785940 224
1785950 224
1785960 224
1785970 223
1785980 223
1785990 223
1786000 222
1786010 222
1786020 222
1786030 222
1786040 222
1786050 222
1786060 222
1786070 223
1786080 223
1786090 223
1786100 223
1786110 223
1786120 223
1786130 223
1786140 223
1786150 223
1786160 223
1786170 223
1786180 222
1786190 222
1786200 222
1786210 222
1786220 222
1786230 222
1786240 222
1786250 222
1786260 222
1786270 222
1786280 222
1786290 222
1786300 222
1786310 221
1786320 221
1786330 221
1786340 221
1786350 221
1786360 221
1786370 221
1786380 221
1786390 221
1786400 221
1786410 221
1786420 221
1786430 221
1786440 221
1786450 221
1786460 221
1786470 221
1786480 221
1786490 221
1786500 221
1786510 221
1786520 221
1786530 221
1786540 221
1786550 222
1786560 222
1786570 222
1786580 222
1786590 222
1786600 222
1786610 222
1786620 222
1786630 222
1786640 222
1786650 223
1786660 224
1786670 225
1786680 225
1786690 225
1786700 226
1786710 227
1786720 228
1786730 228
1786740 229
1786750 228
1786760 228
1786770 228
1786780 227
1786790 227
1786800 227
1786810 227
1786820 228
1786830 228
1786840 228
1786850 229
1786860 230
1786870 230
1786880 231
1786890 232
1786900 233
1786910 234
1786920 235
1786930 236
1786940 237
1786950 238
1786960 238
1786970 239
1786980 241
1786990 242
1787000 242
1787010 243
1787020 244
1787030 245
1787040 246
1787050 246
1787060 247
1787070 247
1787080 248
1787090 249
1787100 249
1787110 250
1787120 251
1787130 252
1787140 252
1787150 253
1787160 253
1787170 254
1787180 254
1787190 254
1787200 253
1787210 253
1787220 253
1787230 252
1787240 252
1787250 251
1787260 251
1787270 251
1787280 251
1787290 252
1787300 253
1787310 254
1787320 254
1787330 255
1787340 255
1787350 257
1787360 258
1787370 259
1787380 260
1787390 262
1787400 262
1787410 262
1787420 262
1787430 262
1787440 262
1787450 262
1787460 262
1787470 262
1787480 262
1787490 262
1787500 261
1787510 261
1787520 260
1787530 260
1787540 260
1787550 260
1787560 260
1787570 261
1787580 261
1787590 261
1787600 261
1787610 260
1787620 260
1787630 259
1787640 260
1787650 260
1787660 260
1787670 261
1787680 261
1787690 260
1787700 260
1787710 260
1787720 260
1787730 260
1787740 260
1787750 260
1787760 260
1787770 260
1787780 260
1787790 260
1787800 260
1787810 260
1787820 260
1787830 260
1787840 260
1787850 260
1787860 260
1787870 260
1787880 260
1787890 260
1787900 260
1787910 259
1787920 259
1787930 259
1787940 259
1787950 259
1787960 259
1787970 259
1787980 259
1787990 258
1788000 258
1788010 258
1788020 258
1788030 257
1788040 257
1788050 257
1788060 257
1788070 257
1788080 257
1788090 256
1788100 256
1788110 256
1788120 256
1788130 256
1788140 255
1788150 255
1788160 255
1788170 254
1788180 254
1788190 254
1788200 253
1788210 253
1788220 253
1788230 253
1788240 253
1788250 252
1788260 252
1788270 252
1788280 251
1788290 251
1788300 250
1788310 250
1788320 250
1788330 249
1788340 249
1788350 249
1788360 248
1788370 248
1788380 248
1788390 248
1788400 247
1788410 247
1788420 247
1788430 247
1788440 246
1788450 246
1788460 246
1788470 245
1788480 245
1788490 245
1788500 245
1788510 244
1788520 244
1788530 244
1788540 243
1788550 243
1788560 243
1788570 243
1788580 242
1788590 242
1788600 242
1788610 242
1788620 242
1788630 241
1788640 241
1788650 241
1788660 241
1788670 240
1788680 240
1788690 240
1788700 240
1788710 239
1788720 239
1788730 239
1788740 239
1788750 239
1788760 238
1788770 238
1788780 238
1788790 238
1788800 237
1788810 237
1788820 237
1788830 237
1788840 236
1788850 236
1788860 236
1788870 236
1788880 236
1788890 235
1788900 235
1788910 235
1788920 235
1788930 235
1788940 234
1788950 234
1788960 234
1788970 234
1788980 234
1788990 233
1789000 233
1789010 233
1789020 233
1789030 233
1789040 232
1789050 232
1789060 232
1789070 232
1789080 232
1789090 232
1789100 232
1789110 231
1789120 231
1789130 231
1789140 231
1789150 231
1789160 231
1789170 230
1789180 230
1789190 230
1789200 230
1789210 230
1789220 230
1789230 229
1789240 229
1789250 229
1789260 229
1789270 229
1789280 229
1789290 228
1789300 228
1789310 228
1789320 228
1789330 228
1789340 228
1789350 228
1789360 227
1789370 227
1789380 227
1789390 227
1789400 227
1789410 227
1789420 227
1789430 227
1789440 226
1789450 226
1789460 226
1789470 226
1789480 226
1789490 226
1789500 226
1789510 226
1789520 225
1789530 225
1789540 225
1789550 225
1789560 225
1789570 225
1789580 225
1789590 225
1789600 225
1789610 224
1789620 224
1789630 224
1789640 224
1789650 224
1789660 224
1789670 224
1789680 224
1789690 224
1789700 223
1789710 223
1789720 223
1789730 223
1789740 223
1789750 223
1789760 223
1789770 223
1789780 222
1789790 222
1789800 222
1789810 222
1789820 222
1789830 222
1789840 222
1789850 221
1789860 221
1789870 221
1789880 221
1789890 221
1789900 221
1789910 221
1789920 221
1789930 220
1789940 220
1789950 220
1789960 220
1789970 220
1789980 219
1789990 219
1790000 220
1790010 220
1790020 220
1790030 220
1790040 220
1790050 220
1790060 220
1790070 220
1790080 220
1790090 220
1790100 220
1790110 220
1790120 220
1790130 220
1790140 220
1790150 220
1790160 220
1790170 220
1790180 220
1790190 220
1790200 220
1790210 220
1790220 220
1790230 219
1790240 219
1790250 219
1790260 219
1790270 219
1790280 219
1790290 219
1790300 219
1790310 218
1790320 218
1790330 218
1790340 218
1790350 218
1790360 218
1790370 218
1790380 218
1790390 217
1790400 217
1790410 217
1790420 217
1790430 217
1790440 217
1790450 217
1790460 217
1790470 216
1790480 216
1790490 216
1790500 216
1790510 216
1790520 216
1790530 216
1790540 216
1790550 215
1790560 215
1790570 215
1790580 215
1790590 215
1790600 215
1790610 214
1790620 214
1790630 214
1790640 214
1790650 214
1790660 214
1790670 214
1790680 214
1790690 214
1790700 213
1790710 213
1790720 213
1790730 213
1790740 213
1790750 214
1790760 214
1790770 214
1790780 214
1790790 214
1790800 214
1790810 214
1790820 213
1790830 213
1790840 213
1790850 213
1790860 213
1790870 213
1790880 213
1790890 213
1790900 213
1790910 213
1790920 213
1790930 213
1790940 213
1790950 213
1790960 213
1790970 213
1790980 213
1790990 213
1791000 213
1791010 213
1791020 213
1791030 213
1791040 213
1791050 213
1791060 213
1791070 213
1791080 213
1791090 214
1791100 214
1791110 214
1791120 214
1791130 215
1791140 214
1791150 214
1791160 214
1791170 214
1791180 214
1791190 214
1791200 214
1791210 214
1791220 214
1791230 214
1791240 214
1791250 214
1791260 214
1791270 214
1791280 214
1791290 214
1791300 214
1791310 214
1791320 215
1791330 216
1791340 216
1791350 217
1791360 217
1791370 218
1791380 218
1791390 219
1791400 219
1791410 219
1791420 220
1791430 220
1791440 220
1791450 220
1791460 221
1791470 221
1791480 221
1791490 221
1791500 221
1791510 221
1791520 221
1791530 221
1791540 221
1791550 221
1791560 221
1791570 221
1791580 221
1791590 220
1791600 220
1791610 220
1791620 220
1791630 220
1791640 220
1791650 219
1791660 219
1791670 219
1791680 219
1791690 219
1791700 218
1791710 218
1791720 218
1791730 218
1791740 218
1791750 217
1791760 217
1791770 217
1791780 217
1791790 217
1791800 217
1791810 217
1791820 216
1791830 216
1791840 216
1791850 216
1791860 216
1791870 216
1791880 216
1791890 216
1791900 216
1791910 216
1791920 216
1791930 216
1791940 216
1791950 216
1791960 216
1791970 216
1791980 216
1791990 216
1792000 216
1792010 216
1792020 217
1792030 217
1792040 217
1792050 217
1792060 217
1792070 217
1792080 217
1792090 217
1792100 217
1792110 217
1792120 217
1792130 217
1792140 217
1792150 216
1792160 216
1792170 216
1792180 216
1792190 216
1792200 216
1792210 216
1792220 217
1792230 217
1792240 217
1792250 217
1792260 217
1792270 217
1792280 217
1792290 217
1792300 217
1792310 217
1792320 217
1792330 217
1792340 217
1792350 217
1792360 217
1792370 217
1792380 217
1792390 217
1792400 217
1792410 217
1792420 217
1792430 217
1792440 217
1792450 217
1792460 217
1792470 217
1792480 217
1792490 218
1792500 218
1792510 218
1792520 218
1792530 218
1792540 218
1792550 218
1792560 218
1792570 218
1792580 218
1792590 219
1792600 219
1792610 219
1792620 219
1792630 219
1792640 219
1792650 219
1792660 219
1792670 219
1792680 220
1792690 220
1792700 220
1792710 220
1792720 220
1792730 220
1792740 220
1792750 220
1792760 220
1792770 220
1792780 220
1792790 220
1792800 220
1792810 220
1792820 220
1792830 220
1792840 220
1792850 220
1792860 220
1792870 220
1792880 220
1792890 220
1792900 220
1792910 220
1792920 220
1792930 220
1792940 219
1792950 219
1792960 219
1792970 219
1792980 218
1792990 218
1793000 218
1793010 218
1793020 218
1793030 217
1793040 217
1793050 217
1793060 217
1793070 217
1793080 216
1793090 216
1793100 216
1793110 216
1793120 216
1793130 216
1793140 216
1793150 216
1793160 216
1793170 216
1793180 216
1793190 216
1793200 216
1793210 216
1793220 216
1793230 216
1793240 216
1793250 216
1793260 216
1793270 216
1793280 216
1793290 216
1793300 217
1793310 217
1793320 217
1793330 217
1793340 217
1793350 217
1793360 217
1793370 217
1793380 217
1793390 217
1793400 218
1793410 218
1793420 218
1793430 219
1793440 219
1793450 220
1793460 220
1793470 221
1793480 221
1793490 221
1793500 221
1793510 222
1793520 222
1793530 222
1793540 222
1793550 222
1793560 223
1793570 223
1793580 223
1793590 223
1793600 223
1793610 223
1793620 223
1793630 223
1793640 223
1793650 223
1793660 223
1793670 223
1793680 223
1793690 223
1793700 223
1793710 223
1793720 223
1793730 223
1793740 223
1793750 223
1793760 223
1793770 223
1793780 223
1793790 224
1793800 224
1793810 224
1793820 224
1793830 224
1793840 224
1793850 224
1793860 223
1793870 223
1793880 223
1793890 223
1793900 223
1793910 223
1793920 223
1793930 223
1793940 223
1793950 223
1793960 223
1793970 223
1793980 223
1793990 223
1794000 223
1794010 223
1794020 223
1794030 223
1794040 223
1794050 223
1794060 223
1794070 223
1794080 222
1794090 222
1794100 222
1794110 222
1794120 222
1794130 221
1794140 221
1794150 221
1794160 221
1794170 221
1794180 221
1794190 221
1794200 221
1794210 221
1794220 221
1794230 221
1794240 221
1794250 221
1794260 221
1794270 221
1794280 221
1794290 221
1794300 221
1794310 221
1794320 221
1794330 222
1794340 222
1794350 222
1794360 222
1794370 222
1794380 222
1794390 222
1794400 222
1794410 222
1794420 222
1794430 223
1794440 223
1794450 223
1794460 223
1794470 223
1794480 223
1794490 223
1794500 223
1794510 223
1794520 223
1794530 223
1794540 223
1794550 223
1794560 223
1794570 223
1794580 223
1794590 224
1794600 224
1794610 224
1794620 224
1794630 224
1794640 223
1794650 223
1794660 224
1794670 224
1794680 224
1794690 224
1794700 224
1794710 224
1794720 224
1794730 224
1794740 224
1794750 224
1794760 225
1794770 225
1794780 225
1794790 225
1794800 225
1794810 225
1794820 225
1794830 226
1794840 226
1794850 226
1794860 226
1794870 226
1794880 227
1794890 227
1794900 227
1794910 228
1794920 228
1794930 228
1794940 227
1794950 227
1794960 227
1794970 226
1794980 226
1794990 226
1795000 225
1795010 225
1795020 225
1795030 225
1795040 224
1795050 224
1795060 224
1795070 223
1795080 223
1795090 223
1795100 222
1795110 222
1795120 222
1795130 222
1795140 222
1795150 221
1795160 221
1795170 221
1795180 221
1795190 221
1795200 221
1795210 220
1795220 220
1795230 220
1795240 219
1795250 219
1795260 219
1795270 219
1795280 219
1795290 218
1795300 218
1795310 218
1795320 218
1795330 218
1795340 218
1795350 217
1795360 217
1795370 217
1795380 217
1795390 217
1795400 217
1795410 217
1795420 217
1795430 216
1795440 216
1795450 216
1795460 216
1795470 216
1795480 216
1795490 215
1795500 215
1795510 215
1795520 215
1795530 215
1795540 215
1795550 215
1795560 215
1795570 215
1795580 215
1795590 215
1795600 215
1795610 215
1795620 215
1795630 215
1795640 215
1795650 214
1795660 214
1795670 214
1795680 214
1795690 214
1795700 214
1795710 214
1795720 214
1795730 214
1795740 214
1795750 214
1795760 214
1795770 214
1795780 214
1795790 215
1795800 215
1795810 216
1795820 216
1795830 217
1795840 218
1795850 218
1795860 219
1795870 219
1795880 220
1795890 220
1795900 221
1795910 221
1795920 222
1795930 222
1795940 222
1795950 222
1795960 222
1795970 222
1795980 222
1795990 222
1796000 222
1796010 222
1796020 222
1796030 222
1796040 222
1796050 222
1796060 222
1796070 222
1796080 221
1796090 221
1796100 221
1796110 221
1796120 221
1796130 220
1796140 220
1796150 220
1796160 220
1796170 220
1796180 220
1796190 220
1796200 220
1796210 220
1796220 220
1796230 220
1796240 220
1796250 220
1796260 220
1796270 219
1796280 219
1796290 219
1796300 219
1796310 219
1796320 219
1796330 218
1796340 218
1796350 218
1796360 216
1796370 216
1796380 216
1796390 217
1796400 218
1796410 219
1796420 220
1796430 221
1796440 222
1796450 223
1796460 224
1796470 227
1796480 229
1796490 230
1796500 231
1796510 232
1796520 233
1796530 233
1796540 234
1796550 236
1796560 240
1796570 243
1796580 245
1796590 246
1796600 247
1796610 247
1796620 247
1796630 248
1796640 249
1796650 252
1796660 253
1796670 254
1796680 254
1796690 253
1796700 253
1796710 252
1796720 251
1796730 251
1796740 250
1796750 249
1796760 248
1796770 247
1796780 246
1796790 244
1796800 243
1796810 242
1796820 241
1796830 239
1796840 238
1796850 237
1796860 236
1796870 235
1796880 234
1796890 233
1796900 232
1796910 231
1796920 230
1796930 230
1796940 229
1796950 228
1796960 227
1796970 227
1796980 226
1796990 225
1797000 224
1797010 224
1797020 223
1797030 223
1797040 222
1797050 221
1797060 221
1797070 220
1797080 219
1797090 219
1797100 219
1797110 218
1797120 218
1797130 218
1797140 218
1797150 217
1797160 217
1797170 217
1797180 217
1797190 216
1797200 216
1797210 216
1797220 216
1797230 216
1797240 216
1797250 216
1797260 216
1797270 215
1797280 215
1797290 215
1797300 215
1797310 215
1797320 215
1797330 215
1797340 215
1797350 215
1797360 214
1797370 214
1797380 214
1797390 214
1797400 214
1797410 213
1797420 213
1797430 212
1797440 212
1797450 212
1797460 212
1797470 212
1797480 212
1797490 212
1797500 212
1797510 212
1797520 212
1797530 212
1797540 211
1797550 211
1797560 211
1797570 211
1797580 211
1797590 211
1797600 211
1797610 211
1797620 211
1797630 211
1797640 211
1797650 211
1797660 210
1797670 210
1797680 210
1797690 210
1797700 210
1797710 210
1797720 210
1797730 210
1797740 210
1797750 211
1797760 211
1797770 211
1797780 212
1797790 212
1797800 212
1797810 213
1797820 213
1797830 213
1797840 214
1797850 214
1797860 214
1797870 214
1797880 214
1797890 215
1797900 215
1797910 215
1797920 215
1797930 215
1797940 215
1797950 215
1797960 215
1797970 215
1797980 214
1797990 214
1798000 214
1798010 214
1798020 214
1798030 213
1798040 213
1798050 213
1798060 213
1798070 212
1798080 212
1798090 212
1798100 211
1798110 211
1798120 211
1798130 210
1798140 210
1798150 209
1798160 209
1798170 209
1798180 209
1798190 209
1798200 209
1798210 208
1798220 208
1798230 208
1798240 208
1798250 208
1798260 208
1798270 208
1798280 208
1798290 208
1798300 208
1798310 209
1798320 209
1798330 210
1798340 211
1798350 211
1798360 211
1798370 211
1798380 212
1798390 212
1798400 212
1798410 212
1798420 212
1798430 212
1798440 212
1798450 212
1798460 212
1798470 211
1798480 211
1798490 211
1798500 211
1798510 211
1798520 210
1798530 210
1798540 210
1798550 210
1798560 209
1798570 209
1798580 209
1798590 209
1798600 209
1798610 209
1798620 208
1798630 208
1798640 208
1798650 208
1798660 208
1798670 208
1798680 208
1798690 208
1798700 208
1798710 208
1798720 208
1798730 208
1798740 208
1798750 208
1798760 208
1798770 207
1798780 207
1798790 207
1798800 207
1798810 207
1798820 207
1798830 207
1798840 207
1798850 206
1798860 206
1798870 206
1798880 206
1798890 206
1798900 206
1798910 206
1798920 206
1798930 206
1798940 206
1798950 207
1798960 207
1798970 207
1798980 207
1798990 207
1799000 207
1799010 207
1799020 207
1799030 207
1799040 207
1799050 207
1799060 206
1799070 206
1799080 206
1799090 206
1799100 206
1799110 206
1799120 206
1799130 206
1799140 206
1799150 206
1799160 206
1799170 206
1799180 206
1799190 206
1799200 206
1799210 206
1799220 206
1799230 206
1799240 206
1799250 205
1799260 205
1799270 205
1799280 205
1799290 205
1799300 204
1799310 204
1799320 204
1799330 204
1799340 204
1799350 204
1799360 204
1799370 204
1799380 205
1799390 205
1799400 205
1799410 206
1799420 206
1799430 206
1799440 207
1799450 207
1799460 206
1799470 206
1799480 206
1799490 206
1799500 206
1799510 206
1799520 206
1799530 206
1799540 205
1799550 205
1799560 205
1799570 205
1799580 205
1799590 205
1799600 205
1799610 205
1799620 205
1799630 205
1799640 205
1799650 205
1799660 205
1799670 205
1799680 204
1799690 204
1799700 204
1799710 204
1799720 204
1799730 203
1799740 203
1799750 203
1799760 203
1799770 202
1799780 202
1799790 202
1799800 202
1799810 202
1799820 202
1799830 202
1799840 202
1799850 201
1799860 201
1799870 201
1799880 201
1799890 200
1799900 200
1799910 200
1799920 200
1799930 200
1799940 199
1799950 199
1799960 199
1799970 199
1799980 198
1799990 198
