1780000 248
1780010 248
1780020 248
1780030 248
1780040 248
1780050 248
1780060 247
1780070 247
1780080 247
1780090 247
1780100 247
1780110 247
1780120 247
1780130 247
1780140 247
1780150 247
1780160 247
1780170 247
1780180 248
1780190 248
1780200 248
1780210 248
1780220 248
1780230 247
1780240 247
1780250 247
1780260 247
1780270 247
1780280 247
1780290 247
1780300 247
1780310 247
1780320 247
1780330 247
1780340 247
1780350 247
1780360 247
1780370 247
1780380 247
1780390 246
1780400 246
1780410 246
1780420 246
1780430 246
1780440 246
1780450 246
1780460 246
1780470 246
1780480 245
1780490 245
1780500 245
1780510 245
1780520 245
1780530 245
1780540 245
1780550 245
1780560 245
1780570 244
1780580 244
1780590 244
1780600 244
1780610 244
1780620 244
1780630 244
1780640 244
1780650 244
1780660 244
1780670 244
1780680 244
1780690 244
1780700 244
1780710 244
1780720 244
1780730 244
1780740 244
1780750 244
1780760 244
1780770 244
1780780 244
1780790 244
1780800 244
1780810 244
1780820 244
1780830 244
1780840 244
1780850 244
1780860 244
1780870 244
1780880 244
1780890 244
1780900 244
1780910 244
1780920 244
1780930 244
1780940 245
1780950 245
1780960 245
1780970 245
1780980 245
1780990 245
1781000 245
1781010 245
1781020 245
1781030 245
1781040 245
1781050 245
1781060 245
1781070 245
1781080 245
1781090 245
1781100 245
1781110 245
1781120 245
1781130 244
1781140 244
1781150 244
1781160 244
1781170 244
1781180 244
1781190 244
1781200 244
1781210 244
1781220 244
1781230 244
1781240 244
1781250 244
1781260 244
1781270 244
1781280 244
1781290 244
1781300 244
1781310 243
1781320 243
1781330 243
1781340 243
1781350 243
1781360 243
1781370 243
1781380 243
1781390 243
1781400 242
1781410 242
1781420 242
1781430 242
1781440 242
1781450 242
1781460 242
1781470 242
1781480 242
1781490 242
1781500 241
1781510 241
1781520 241
1781530 241
1781540 241
1781550 241
1781560 241
1781570 241
1781580 241
1781590 241
1781600 241
1781610 241
1781620 240
1781630 240
1781640 240
1781650 240
1781660 240
1781670 240
1781680 240
1781690 240
1781700 240
1781710 240
1781720 240
1781730 240
1781740 240
1781750 239
1781760 239
1781770 239
1781780 239
1781790 239
1781800 239
1781810 239
1781820 239
1781830 239
1781840 239
1781850 238
1781860 238
1781870 238
1781880 238
1781890 238
1781900 238
1781910 237
1781920 237
1781930 237
1781940 237
1781950 237
1781960 237
1781970 237
1781980 237
1781990 236
1782000 236
1782010 236
1782020 236
1782030 236
1782040 236
1782050 236
1782060 236
1782070 236
1782080 236
1782090 235
1782100 235
1782110 235
1782120 235
1782130 235
1782140 235
1782150 235
1782160 235
1782170 235
1782180 235
1782190 235
1782200 235
1782210 235
1782220 235
1782230 234
1782240 234
1782250 234
1782260 234
1782270 234
1782280 234
1782290 234
1782300 234
1782310 234
1782320 234
1782330 234
1782340 234
1782350 234
1782360 234
1782370 233
1782380 233
1782390 233
1782400 233
1782410 233
1782420 233
1782430 233
1782440 233
1782450 233
1782460 233
1782470 233
1782480 232
1782490 232
1782500 232
1782510 232
1782520 232
1782530 232
1782540 232
1782550 232
1782560 232
1782570 232
1782580 232
1782590 232
1782600 232
1782610 232
1782620 231
1782630 231
1782640 231
1782650 231
1782660 231
1782670 231
1782680 231
1782690 231
1782700 231
1782710 231
1782720 231
1782730 231
1782740 231
1782750 231
1782760 231
1782770 231
1782780 231
1782790 231
1782800 231
1782810 231
1782820 231
1782830 231
1782840 231
1782850 231
1782860 231
1782870 231
1782880 230
1782890 230
1782900 230
1782910 230
1782920 230
1782930 230
1782940 230
1782950 230
1782960 230
1782970 230
1782980 230
1782990 230
1783000 229
1783010 229
1783020 229
1783030 229
1783040 229
1783050 229
1783060 229
1783070 229
1783080 229
1783090 229
1783100 229
1783110 228
1783120 228
1783130 228
1783140 228
1783150 228
1783160 228
1783170 228
1783180 228
1783190 228
1783200 228
1783210 228
1783220 228
1783230 227
1783240 227
1783250 227
1783260 227
1783270 227
1783280 227
1783290 227
1783300 227
1783310 227
1783320 227
1783330 227
1783340 227
1783350 227
1783360 227
1783370 227
1783380 227
1783390 227
1783400 227
1783410 226
1783420 226
1783430 226
1783440 226
1783450 226
1783460 226
1783470 226
1783480 226
1783490 226
1783500 226
1783510 226
1783520 226
1783530 226
1783540 225
1783550 225
1783560 225
1783570 225
1783580 225
1783590 224
1783600 224
1783610 224
1783620 224
1783630 224
1783640 224
1783650 224
1783660 224
1783670 224
1783680 224
1783690 224
1783700 224
1783710 224
1783720 224
1783730 224
1783740 223
1783750 223
1783760 222
1783770 222
1783780 222
1783790 222
1783800 222
1783810 222
1783820 221
1783830 221
1783840 221
1783850 221
1783860 220
1783870 220
1783880 219
1783890 219
1783900 219
1783910 219
1783920 219
1783930 219
1783940 219
1783950 218
1783960 218
1783970 218
1783980 218
1783990 218
1784000 218
1784010 218
1784020 218
1784030 218
1784040 218
1784050 218
1784060 218
1784070 218
1784080 218
1784090 217
1784100 217
1784110 217
1784120 217
1784130 217
1784140 217
1784150 217
1784160 217
1784170 217
1784180 218
1784190 218
1784200 218
1784210 218
1784220 218
1784230 218
1784240 218
1784250 218
1784260 218
1784270 218
1784280 218
1784290 218
1784300 218
1784310 218
1784320 218
1784330 218
1784340 218
1784350 218
1784360 218
1784370 218
1784380 218
1784390 217
1784400 217
1784410 217
1784420 217
1784430 217
1784440 217
1784450 217
1784460 217
1784470 217
1784480 217
1784490 218
1784500 218
1784510 217
1784520 217
1784530 218
1784540 218
1784550 218
1784560 218
1784570 218
1784580 218
1784590 218
1784600 218
1784610 218
1784620 218
1784630 218
1784640 219
1784650 219
1784660 219
1784670 219
1784680 220
1784690 220
1784700 220
1784710 221
1784720 221
1784730 222
1784740 222
1784750 223
1784760 224
1784770 225
1784780 227
1784790 229
1784800 232
1784810 233
1784820 234
1784830 235
1784840 236
1784850 236
1784860 237
1784870 236
1784880 236
1784890 237
1784900 238
1784910 239
1784920 240
1784930 242
1784940 243
1784950 244
1784960 245
1784970 245
1784980 245
1784990 245
1785000 246
1785010 247
1785020 249
1785030 250
1785040 250
1785050 251
1785060 251
1785070 252
1785080 253
1785090 253
1785100 254
1785110 255
1785120 255
1785130 256
1785140 256
1785150 257
1785160 258
1785170 258
1785180 259
1785190 260
1785200 260
1785210 261
1785220 262
1785230 262
1785240 263
1785250 263
1785260 264
1785270 264
1785280 265
1785290 265
1785300 266
1785310 266
1785320 267
1785330 267
1785340 267
1785350 268
1785360 268
1785370 269
1785380 269
1785390 270
1785400 271
1785410 272
1785420 273
1785430 274
1785440 275
1785450 276
1785460 277
1785470 277
1785480 277
1785490 278
1785500 278
1785510 279
1785520 279
1785530 280
1785540 280
1785550 281
1785560 281
1785570 282
1785580 283
1785590 283
1785600 284
1785610 285
1785620 285
1785630 286
1785640 286
1785650 287
1785660 288
1785670 288
1785680 288
1785690 289
1785700 289
1785710 290
1785720 290
1785730 291
1785740 291
1785750 292
1785760 292
1785770 293
1785780 293
1785790 294
1785800 294
1785810 295
1785820 295
1785830 296
1785840 296
1785850 296
1785860 297
1785870 297
1785880 297
1785890 298
1785900 298
1785910 298
1785920 298
1785930 298
1785940 298
1785950 298
1785960 299
1785970 299
1785980 299
1785990 299
1786000 299
1786010 299
1786020 299
1786030 299
1786040 300
1786050 300
1786060 300
1786070 300
1786080 301
1786090 301
1786100 301
1786110 301
1786120 301
1786130 302
1786140 302
1786150 302
1786160 302
1786170 303
1786180 303
1786190 303
1786200 303
1786210 303
1786220 304
1786230 304
1786240 304
1786250 304
1786260 304
1786270 304
1786280 304
1786290 304
1786300 305
1786310 305
1786320 305
1786330 305
1786340 305
1786350 305
1786360 305
1786370 305
1786380 305
1786390 305
1786400 305
1786410 304
1786420 304
1786430 304
1786440 304
1786450 304
1786460 304
1786470 303
1786480 303
1786490 303
1786500 303
1786510 302
1786520 302
1786530 302
1786540 301
1786550 301
1786560 301
1786570 301
1786580 300
1786590 300
1786600 300
1786610 299
1786620 299
1786630 299
1786640 298
1786650 298
1786660 297
1786670 297
1786680 297
1786690 296
1786700 296
1786710 296
1786720 295
1786730 295
1786740 295
1786750 294
1786760 294
1786770 294
1786780 293
1786790 293
1786800 293
1786810 293
1786820 292
1786830 292
1786840 292
1786850 291
1786860 291
1786870 291
1786880 290
1786890 290
1786900 290
1786910 289
1786920 289
1786930 289
1786940 288
1786950 288
1786960 288
1786970 287
1786980 287
1786990 287
1787000 287
1787010 286
1787020 286
1787030 286
1787040 285
1787050 285
1787060 285
1787070 284
1787080 284
1787090 284
1787100 283
1787110 283
1787120 283
1787130 282
1787140 282
1787150 282
1787160 282
1787170 281
1787180 281
1787190 281
1787200 280
1787210 280
1787220 280
1787230 279
1787240 279
1787250 279
1787260 278
1787270 278
1787280 278
1787290 278
1787300 277
1787310 277
1787320 277
1787330 277
1787340 276
1787350 276
1787360 276
1787370 276
1787380 275
1787390 275
1787400 275
1787410 275
1787420 274
1787430 274
1787440 274
1787450 274
1787460 274
1787470 273
1787480 273
1787490 273
1787500 273
1787510 273
1787520 272
1787530 272
1787540 272
1787550 272
1787560 272
1787570 272
1787580 272
1787590 271
1787600 271
1787610 271
1787620 271
1787630 271
1787640 271
1787650 270
1787660 270
1787670 270
1787680 270
1787690 269
1787700 269
1787710 269
1787720 269
1787730 269
1787740 269
1787750 268
1787760 268
1787770 268
1787780 268
1787790 268
1787800 268
1787810 268
1787820 267
1787830 267
1787840 267
1787850 267
1787860 266
1787870 266
1787880 266
1787890 266
1787900 266
1787910 266
1787920 266
1787930 265
1787940 265
1787950 265
1787960 265
1787970 265
1787980 265
1787990 264
1788000 264
1788010 264
1788020 264
1788030 264
1788040 263
1788050 263
1788060 263
1788070 263
1788080 263
1788090 263
1788100 263
1788110 262
1788120 262
1788130 262
1788140 262
1788150 262
1788160 262
1788170 262
1788180 261
1788190 261
1788200 261
1788210 261
1788220 261
1788230 261
1788240 260
1788250 260
1788260 260
1788270 260
1788280 260
1788290 260
1788300 260
1788310 259
1788320 259
1788330 259
1788340 259
1788350 259
1788360 259
1788370 259
1788380 259
1788390 258
1788400 258
1788410 258
1788420 258
1788430 258
1788440 258
1788450 258
1788460 258
1788470 257
1788480 257
1788490 257
1788500 257
1788510 257
1788520 257
1788530 256
1788540 256
1788550 256
1788560 256
1788570 256
1788580 256
1788590 256
1788600 256
1788610 255
1788620 255
1788630 255
1788640 255
1788650 255
1788660 255
1788670 255
1788680 255
1788690 255
1788700 255
1788710 255
1788720 255
1788730 255
1788740 255
1788750 255
1788760 255
1788770 255
1788780 254
1788790 254
1788800 254
1788810 254
1788820 254
1788830 254
1788840 254
1788850 254
1788860 254
1788870 254
1788880 254
1788890 254
1788900 254
1788910 254
1788920 254
1788930 253
1788940 253
1788950 253
1788960 253
1788970 253
1788980 253
1788990 253
1789000 253
1789010 252
1789020 252
1789030 252
1789040 252
1789050 252
1789060 252
1789070 252
1789080 251
1789090 251
1789100 251
1789110 251
1789120 251
1789130 251
1789140 250
1789150 250
1789160 250
1789170 250
1789180 250
1789190 250
1789200 249
1789210 249
1789220 249
1789230 249
1789240 249
1789250 249
1789260 249
1789270 248
1789280 248
1789290 248
1789300 248
1789310 248
1789320 248
1789330 247
1789340 247
1789350 247
1789360 247
1789370 247
1789380 246
1789390 246
1789400 246
1789410 246
1789420 246
1789430 245
1789440 245
1789450 245
1789460 245
1789470 245
1789480 244
1789490 244
1789500 244
1789510 244
1789520 244
1789530 243
1789540 243
1789550 243
1789560 243
1789570 243
1789580 242
1789590 242
1789600 242
1789610 242
1789620 242
1789630 241
1789640 241
1789650 241
1789660 241
1789670 241
1789680 240
1789690 240
1789700 240
1789710 240
1789720 240
1789730 240
1789740 240
1789750 240
1789760 240
1789770 240
1789780 240
1789790 239
1789800 239
1789810 239
1789820 239
1789830 239
1789840 239
1789850 239
1789860 239
1789870 239
1789880 239
1789890 239
1789900 239
1789910 239
1789920 239
1789930 239
1789940 239
1789950 239
1789960 239
1789970 239
1789980 239
1789990 239
1790000 239
1790010 239
1790020 239
1790030 239
1790040 239
1790050 239
1790060 239
1790070 239
1790080 239
1790090 239
1790100 239
1790110 239
1790120 239
1790130 239
1790140 239
1790150 239
1790160 239
1790170 239
1790180 239
1790190 239
1790200 239
1790210 239
1790220 239
1790230 239
1790240 239
1790250 239
1790260 239
1790270 239
1790280 239
1790290 239
1790300 239
1790310 239
1790320 240
1790330 240
1790340 240
1790350 240
1790360 240
1790370 240
1790380 240
1790390 240
1790400 240
1790410 240
1790420 240
1790430 240
1790440 240
1790450 240
1790460 241
1790470 241
1790480 241
1790490 241
1790500 241
1790510 241
1790520 241
1790530 241
1790540 241
1790550 242
1790560 242
1790570 242
1790580 242
1790590 242
1790600 243
1790610 243
1790620 243
1790630 243
1790640 244
1790650 244
1790660 244
1790670 245
1790680 245
1790690 245
1790700 245
1790710 245
1790720 246
1790730 246
1790740 246
1790750 247
1790760 247
1790770 247
1790780 247
1790790 248
1790800 248
1790810 248
1790820 249
1790830 249
1790840 249
1790850 250
1790860 250
1790870 250
1790880 251
1790890 251
1790900 251
1790910 252
1790920 252
1790930 252
1790940 252
1790950 253
1790960 253
1790970 253
1790980 254
1790990 254
1791000 254
1791010 254
1791020 254
1791030 254
1791040 255
1791050 255
1791060 255
1791070 255
1791080 255
1791090 255
1791100 255
1791110 255
1791120 255
1791130 256
1791140 256
1791150 256
1791160 256
1791170 256
1791180 256
1791190 256
1791200 256
1791210 256
1791220 256
1791230 256
1791240 256
1791250 256
1791260 256
1791270 256
1791280 256
1791290 257
1791300 257
1791310 257
1791320 258
1791330 258
1791340 258
1791350 259
1791360 259
1791370 260
1791380 261
1791390 262
1791400 263
1791410 264
1791420 266
1791430 267
1791440 269
1791450 271
1791460 273
1791470 275
1791480 277
1791490 280
1791500 282
1791510 284
1791520 286
1791530 287
1791540 289
1791550 290
1791560 290
1791570 291
1791580 292
1791590 292
1791600 293
1791610 293
1791620 294
1791630 294
1791640 295
1791650 295
1791660 296
1791670 297
1791680 297
1791690 298
1791700 298
1791710 299
1791720 299
1791730 300
1791740 300
1791750 300
1791760 301
1791770 301
1791780 302
1791790 302
1791800 303
1791810 303
1791820 304
1791830 304
1791840 304
1791850 305
1791860 305
1791870 306
1791880 306
1791890 307
1791900 307
1791910 308
1791920 308
1791930 309
1791940 309
1791950 310
1791960 310
1791970 310
1791980 311
1791990 311
1792000 311
1792010 311
1792020 312
1792030 312
1792040 312
1792050 312
1792060 312
1792070 313
1792080 313
1792090 313
1792100 313
1792110 313
1792120 313
1792130 313
1792140 314
1792150 314
1792160 314
1792170 314
1792180 314
1792190 314
1792200 314
1792210 314
1792220 314
1792230 314
1792240 314
1792250 314
1792260 314
1792270 314
1792280 313
1792290 313
1792300 313
1792310 313
1792320 313
1792330 313
1792340 313
1792350 313
1792360 313
1792370 312
1792380 312
1792390 312
1792400 312
1792410 312
1792420 312
1792430 311
1792440 311
1792450 311
1792460 311
1792470 311
1792480 311
1792490 311
1792500 310
1792510 310
1792520 310
1792530 310
1792540 310
1792550 309
1792560 309
1792570 309
1792580 309
1792590 309
1792600 309
1792610 308
1792620 308
1792630 308
1792640 308
1792650 308
1792660 308
1792670 308
1792680 308
1792690 308
1792700 308
1792710 307
1792720 307
1792730 307
1792740 307
1792750 307
1792760 306
1792770 306
1792780 306
1792790 306
1792800 306
1792810 306
1792820 305
1792830 305
1792840 305
1792850 305
1792860 305
1792870 304
1792880 304
1792890 304
1792900 304
1792910 304
1792920 303
1792930 303
1792940 302
1792950 302
1792960 302
1792970 301
1792980 301
1792990 300
1793000 300
1793010 299
1793020 299
1793030 298
1793040 297
1793050 297
1793060 296
1793070 296
1793080 295
1793090 294
1793100 294
1793110 293
1793120 292
1793130 292
1793140 291
1793150 291
1793160 290
1793170 290
1793180 289
1793190 288
1793200 287
1793210 286
1793220 286
1793230 285
1793240 284
1793250 283
1793260 282
1793270 281
1793280 281
1793290 280
1793300 279
1793310 278
1793320 277
1793330 276
1793340 275
1793350 274
1793360 273
1793370 273
1793380 272
1793390 271
1793400 270
1793410 270
1793420 269
1793430 268
1793440 268
1793450 267
1793460 266
1793470 266
1793480 265
1793490 264
1793500 263
1793510 263
1793520 262
1793530 261
1793540 261
1793550 260
1793560 259
1793570 259
1793580 258
1793590 258
1793600 257
1793610 257
1793620 257
1793630 256
1793640 256
1793650 255
1793660 255
1793670 254
1793680 254
1793690 254
1793700 254
1793710 254
1793720 255
1793730 255
1793740 256
1793750 257
1793760 258
1793770 259
1793780 260
1793790 261
1793800 261
1793810 262
1793820 263
1793830 264
1793840 266
1793850 267
1793860 269
1793870 270
1793880 270
1793890 270
1793900 270
1793910 270
1793920 270
1793930 269
1793940 269
1793950 268
1793960 267
1793970 266
1793980 266
1793990 266
1794000 267
1794010 268
1794020 269
1794030 269
1794040 269
1794050 269
1794060 269
1794070 269
1794080 269
1794090 269
1794100 269
1794110 269
1794120 268
1794130 268
1794140 268
1794150 268
1794160 268
1794170 268
1794180 267
1794190 267
1794200 266
1794210 266
1794220 265
1794230 265
1794240 265
1794250 265
1794260 263
1794270 262
1794280 265
1794290 266
1794300 267
1794310 265
1794320 266
1794330 266
1794340 268
1794350 269
1794360 269
1794370 270
1794380 270
1794390 270
1794400 271
1794410 271
1794420 271
1794430 271
1794440 272
1794450 272
1794460 272
1794470 272
1794480 273
1794490 273
1794500 273
1794510 273
1794520 273
1794530 273
1794540 273
1794550 273
1794560 273
1794570 273
1794580 273
1794590 273
1794600 273
1794610 273
1794620 273
1794630 272
1794640 272
1794650 272
1794660 272
1794670 272
1794680 271
1794690 271
1794700 271
1794710 271
1794720 271
1794730 270
1794740 270
1794750 270
1794760 270
1794770 270
1794780 270
1794790 269
1794800 269
1794810 269
1794820 269
1794830 268
1794840 268
1794850 268
1794860 268
1794870 267
1794880 267
1794890 267
1794900 267
1794910 267
1794920 267
1794930 267
1794940 267
1794950 267
1794960 266
1794970 266
1794980 266
1794990 266
1795000 266
1795010 266
1795020 265
1795030 265
1795040 265
1795050 265
1795060 265
1795070 265
1795080 265
1795090 264
1795100 264
1795110 264
1795120 263
1795130 263
1795140 263
1795150 263
1795160 262
1795170 262
1795180 262
1795190 261
1795200 261
1795210 261
1795220 260
1795230 260
1795240 260
1795250 259
1795260 259
1795270 259
1795280 259
1795290 258
1795300 258
1795310 258
1795320 257
1795330 257
1795340 257
1795350 256
1795360 256
1795370 256
1795380 255
1795390 255
1795400 255
1795410 254
1795420 254
1795430 254
1795440 253
1795450 253
1795460 253
1795470 253
1795480 252
1795490 252
1795500 252
1795510 251
1795520 251
1795530 251
1795540 250
1795550 250
1795560 250
1795570 250
1795580 249
1795590 249
1795600 249
1795610 248
1795620 248
1795630 248
1795640 248
1795650 247
1795660 247
1795670 247
1795680 246
1795690 246
1795700 246
1795710 245
1795720 245
1795730 245
1795740 244
1795750 244
1795760 243
1795770 243
1795780 243
1795790 242
1795800 242
1795810 242
1795820 241
1795830 241
1795840 240
1795850 240
1795860 240
1795870 239
1795880 239
1795890 239
1795900 239
1795910 238
1795920 238
1795930 238
1795940 237
1795950 237
1795960 237
1795970 237
1795980 236
1795990 236
1796000 236
1796010 235
1796020 235
1796030 235
1796040 235
1796050 234
1796060 234
1796070 234
1796080 233
1796090 233
1796100 233
1796110 233
1796120 233
1796130 232
1796140 232
1796150 232
1796160 232
1796170 232
1796180 231
1796190 231
1796200 231
1796210 231
1796220 231
1796230 231
1796240 231
1796250 231
1796260 231
1796270 231
1796280 230
1796290 230
1796300 230
1796310 230
1796320 230
1796330 230
1796340 229
1796350 229
1796360 229
1796370 229
1796380 229
1796390 229
1796400 228
1796410 228
1796420 228
1796430 228
1796440 228
1796450 228
1796460 228
1796470 228
1796480 228
1796490 228
1796500 227
1796510 227
1796520 227
1796530 227
1796540 227
1796550 227
1796560 227
1796570 227
1796580 227
1796590 227
1796600 227
1796610 227
1796620 227
1796630 227
1796640 227
1796650 226
1796660 226
1796670 226
1796680 226
1796690 225
1796700 225
1796710 225
1796720 224
1796730 224
1796740 224
1796750 223
1796760 223
1796770 223
1796780 223
1796790 223
1796800 223
1796810 223
1796820 222
1796830 222
1796840 222
1796850 222
1796860 222
1796870 222
1796880 222
1796890 222
1796900 222
1796910 222
1796920 222
1796930 222
1796940 221
1796950 221
1796960 221
1796970 221
1796980 221
1796990 221
1797000 221
1797010 220
1797020 220
1797030 220
1797040 220
1797050 220
1797060 219
1797070 219
1797080 219
1797090 219
1797100 219
1797110 219
1797120 219
1797130 219
1797140 219
1797150 219
1797160 219
1797170 219
1797180 219
1797190 219
1797200 219
1797210 219
1797220 219
1797230 219
1797240 219
1797250 219
1797260 219
1797270 219
1797280 219
1797290 218
1797300 218
1797310 218
1797320 218
1797330 218
1797340 218
1797350 218
1797360 218
1797370 218
1797380 218
1797390 218
1797400 218
1797410 218
1797420 218
1797430 217
1797440 217
1797450 217
1797460 216
1797470 216
1797480 215
1797490 215
1797500 214
1797510 213
1797520 212
1797530 212
1797540 211
1797550 211
1797560 210
1797570 210
1797580 209
1797590 209
1797600 209
1797610 209
1797620 208
1797630 208
1797640 208
1797650 208
1797660 207
1797670 207
1797680 207
1797690 206
1797700 206
1797710 206
1797720 206
1797730 206
1797740 206
1797750 206
1797760 206
1797770 206
1797780 206
1797790 206
1797800 205
1797810 205
1797820 205
1797830 205
1797840 205
1797850 205
1797860 205
1797870 205
1797880 205
1797890 206
1797900 206
1797910 205
1797920 205
1797930 205
1797940 205
1797950 205
1797960 205
1797970 205
1797980 205
1797990 205
1798000 206
1798010 206
1798020 206
1798030 206
1798040 206
1798050 206
1798060 206
1798070 207
1798080 207
1798090 207
1798100 208
1798110 208
1798120 209
1798130 209
1798140 210
1798150 210
1798160 210
1798170 210
1798180 210
1798190 210
1798200 210
1798210 210
1798220 210
1798230 210
1798240 209
1798250 208
1798260 208
1798270 208
1798280 209
1798290 209
1798300 210
1798310 210
1798320 211
1798330 211
1798340 212
1798350 212
1798360 212
1798370 213
1798380 213
1798390 214
1798400 215
1798410 216
1798420 218
1798430 219
1798440 220
1798450 220
1798460 221
1798470 222
1798480 223
1798490 224
1798500 225
1798510 226
1798520 228
1798530 229
1798540 229
1798550 230
1798560 230
1798570 230
1798580 230
1798590 230
1798600 230
1798610 230
1798620 229
1798630 229
1798640 228
1798650 228
1798660 227
1798670 226
1798680 225
1798690 223
1798700 222
1798710 220
1798720 219
1798730 218
1798740 216
1798750 215
1798760 214
1798770 213
1798780 212
1798790 211
1798800 211
1798810 211
1798820 211
1798830 210
1798840 210
1798850 210
1798860 209
1798870 210
1798880 209
1798890 210
1798900 211
1798910 212
1798920 213
1798930 214
1798940 215
1798950 216
1798960 217
1798970 218
1798980 219
1798990 220
1799000 221
1799010 222
1799020 222
1799030 223
1799040 224
1799050 224
1799060 224
1799070 224
1799080 223
1799090 223
1799100 223
1799110 222
1799120 221
1799130 221
1799140 221
1799150 221
1799160 222
1799170 223
1799180 223
1799190 224
1799200 224
1799210 225
1799220 226
1799230 226
1799240 226
1799250 226
1799260 226
1799270 226
1799280 227
1799290 227
1799300 227
1799310 227
1799320 228
1799330 229
1799340 230
1799350 230
1799360 231
1799370 232
1799380 233
1799390 234
1799400 234
1799410 235
1799420 235
1799430 236
1799440 236
1799450 236
1799460 236
1799470 236
1799480 236
1799490 236
1799500 236
1799510 236
1799520 235
1799530 235
1799540 234
1799550 234
1799560 233
1799570 233
1799580 233
1799590 233
1799600 234
1799610 234
1799620 234
1799630 234
1799640 234
1799650 234
1799660 234
1799670 234
1799680 234
1799690 234
1799700 234
1799710 234
1799720 235
1799730 235
1799740 235
1799750 236
1799760 236
1799770 236
1799780 236
1799790 237
1799800 237
1799810 237
1799820 237
1799830 237
1799840 236
1799850 236
1799860 236
1799870 236
1799880 236
1799890 236
1799900 236
1799910 237
1799920 237
1799930 237
1799940 237
1799950 237
1799960 237
1799970 238
1799980 238
1799990 238
