1780000 242
1780010 242
1780020 242
1780030 242
1780040 242
1780050 242
1780060 243
1780070 243
1780080 243
1780090 244
1780100 244
1780110 244
1780120 245
1780130 245
1780140 245
1780150 245
1780160 246
1780170 246
1780180 246
1780190 246
1780200 247
1780210 247
1780220 247
1780230 247
1780240 247
1780250 248
1780260 248
1780270 248
1780280 248
1780290 249
1780300 249
1780310 249
1780320 250
1780330 250
1780340 250
1780350 250
1780360 250
1780370 250
1780380 251
1780390 251
1780400 251
1780410 251
1780420 251
1780430 251
1780440 252
1780450 252
1780460 252
1780470 253
1780480 253
1780490 253
1780500 253
1780510 254
1780520 254
1780530 254
1780540 254
1780550 255
1780560 255
1780570 255
1780580 255
1780590 256
1780600 256
1780610 256
1780620 256
1780630 256
1780640 256
1780650 254
1780660 254
1780670 255
1780680 257
1780690 257
1780700 258
1780710 258
1780720 258
1780730 258
1780740 258
1780750 258
1780760 259
1780770 259
1780780 259
1780790 259
1780800 259
1780810 259
1780820 259
1780830 259
1780840 259
1780850 259
1780860 259
1780870 259
1780880 260
1780890 260
1780900 260
1780910 260
1780920 261
1780930 261
1780940 261
1780950 261
1780960 261
1780970 261
1780980 261
1780990 260
1781000 261
1781010 261
1781020 261
1781030 261
1781040 262
1781050 262
1781060 263
1781070 263
1781080 263
1781090 263
1781100 263
1781110 263
1781120 263
1781130 263
1781140 263
1781150 263
1781160 264
1781170 264
1781180 264
1781190 264
1781200 264
1781210 263
1781220 263
1781230 262
1781240 262
1781250 262
1781260 262
1781270 262
1781280 263
1781290 263
1781300 264
1781310 265
1781320 265
1781330 266
1781340 267
1781350 267
1781360 267
1781370 268
1781380 268
1781390 267
1781400 267
1781410 266
1781420 266
1781430 266
1781440 266
1781450 267
1781460 267
1781470 268
1781480 268
1781490 269
1781500 269
1781510 270
1781520 270
1781530 270
1781540 270
1781550 271
1781560 271
1781570 271
1781580 271
1781590 271
1781600 271
1781610 271
1781620 271
1781630 271
1781640 270
1781650 270
1781660 270
1781670 270
1781680 270
1781690 270
1781700 269
1781710 270
1781720 270
1781730 270
1781740 270
1781750 269
1781760 269
1781770 269
1781780 269
1781790 269
1781800 269
1781810 268
1781820 268
1781830 268
1781840 268
1781850 268
1781860 267
1781870 267
1781880 267
1781890 267
1781900 266
1781910 266
1781920 265
1781930 265
1781940 264
1781950 264
1781960 263
1781970 263
1781980 262
1781990 262
1782000 261
1782010 261
1782020 260
1782030 259
1782040 259
1782050 258
1782060 257
1782070 257
1782080 256
1782090 256
1782100 255
1782110 254
1782120 254
1782130 253
1782140 252
1782150 252
1782160 251
1782170 250
1782180 250
1782190 249
1782200 249
1782210 249
1782220 249
1782230 248
1782240 248
1782250 248
1782260 247
1782270 247
1782280 247
1782290 247
1782300 246
1782310 246
1782320 246
1782330 246
1782340 246
1782350 245
1782360 245
1782370 245
1782380 245
1782390 245
1782400 245
1782410 245
1782420 245
1782430 246
1782440 247
1782450 248
1782460 249
1782470 250
1782480 251
1782490 253
1782500 254
1782510 255
1782520 255
1782530 257
1782540 259
1782550 261
1782560 264
1782570 265
1782580 266
1782590 267
1782600 268
1782610 269
1782620 269
1782630 269
1782640 270
1782650 270
1782660 270
1782670 270
1782680 269
1782690 269
1782700 269
1782710 269
1782720 269
1782730 269
1782740 269
1782750 269
1782760 269
1782770 269
1782780 269
1782790 269
1782800 269
1782810 269
1782820 269
1782830 269
1782840 269
1782850 269
1782860 269
1782870 269
1782880 269
1782890 270
1782900 270
1782910 270
1782920 270
1782930 270
1782940 270
1782950 270
1782960 270
1782970 270
1782980 270
1782990 270
1783000 270
1783010 270
1783020 270
1783030 270
1783040 270
1783050 270
1783060 270
1783070 270
1783080 270
1783090 270
1783100 270
1783110 270
1783120 270
1783130 270
1783140 270
1783150 270
1783160 270
1783170 270
1783180 270
1783190 270
1783200 271
1783210 271
1783220 271
1783230 271
1783240 271
1783250 271
1783260 271
1783270 271
1783280 271
1783290 271
1783300 271
1783310 271
1783320 271
1783330 271
1783340 271
1783350 271
1783360 271
1783370 271
1783380 272
1783390 272
1783400 272
1783410 272
1783420 272
1783430 273
1783440 273
1783450 273
1783460 274
1783470 274
1783480 274
1783490 274
1783500 275
1783510 275
1783520 275
1783530 275
1783540 275
1783550 276
1783560 276
1783570 276
1783580 275
1783590 275
1783600 275
1783610 274
1783620 274
1783630 274
1783640 273
1783650 272
1783660 272
1783670 271
1783680 270
1783690 270
1783700 269
1783710 269
1783720 268
1783730 268
1783740 268
1783750 267
1783760 267
1783770 267
