1780000 257
1780010 258
1780020 258
1780030 258
1780040 259
1780050 259
1780060 259
1780070 260
1780080 260
1780090 260
1780100 261
1780110 261
1780120 261
1780130 262
1780140 262
1780150 263
1780160 263
1780170 264
1780180 264
1780190 264
1780200 265
1780210 265
1780220 265
1780230 265
1780240 266
1780250 266
1780260 266
1780270 267
1780280 267
1780290 267
1780300 267
1780310 268
1780320 268
1780330 268
1780340 268
1780350 268
1780360 269
1780370 269
1780380 270
1780390 270
1780400 270
1780410 270
1780420 270
1780430 271
1780440 271
1780450 271
1780460 271
1780470 272
1780480 272
1780490 272
1780500 272
1780510 272
1780520 273
1780530 273
1780540 273
1780550 273
1780560 273
1780570 274
1780580 274
1780590 274
1780600 274
1780610 274
1780620 274
1780630 274
1780640 274
1780650 274
1780660 274
1780670 275
1780680 275
1780690 276
1780700 276
1780710 276
1780720 276
1780730 276
1780740 276
1780750 277
1780760 277
1780770 277
1780780 277
1780790 277
1780800 277
1780810 278
1780820 278
1780830 278
1780840 278
1780850 278
1780860 278
1780870 278
1780880 278
1780890 279
1780900 279
1780910 279
1780920 279
1780930 279
1780940 279
1780950 279
1780960 279
1780970 280
1780980 280
1780990 280
1781000 280
1781010 280
1781020 280
1781030 280
1781040 280
1781050 281
1781060 281
1781070 281
1781080 281
1781090 281
1781100 281
1781110 281
1781120 281
1781130 281
1781140 281
1781150 281
1781160 282
1781170 282
1781180 282
1781190 282
1781200 282
1781210 282
1781220 282
1781230 282
1781240 282
1781250 282
1781260 282
1781270 282
1781280 283
1781290 283
1781300 283
1781310 283
1781320 283
1781330 283
1781340 283
1781350 283
1781360 283
1781370 283
1781380 283
1781390 283
1781400 283
1781410 284
1781420 284
1781430 284
1781440 284
1781450 284
1781460 283
1781470 283
1781480 283
1781490 283
1781500 283
1781510 283
1781520 283
1781530 283
1781540 283
1781550 283
1781560 283
1781570 283
1781580 283
1781590 283
1781600 283
1781610 283
1781620 283
1781630 283
1781640 283
1781650 283
1781660 283
1781670 283
1781680 283
1781690 283
1781700 283
1781710 283
1781720 282
1781730 282
1781740 282
1781750 282
1781760 282
1781770 282
1781780 282
1781790 281
1781800 281
1781810 280
1781820 280
1781830 279
1781840 278
1781850 277
1781860 275
1781870 273
1781880 272
1781890 271
1781900 270
1781910 270
1781920 269
1781930 269
1781940 269
1781950 269
1781960 269
1781970 269
1781980 269
1781990 269
1782000 269
1782010 270
1782020 270
1782030 271
1782040 272
1782050 273
1782060 274
1782070 275
1782080 275
1782090 276
1782100 277
1782110 277
1782120 278
1782130 278
1782140 278
1782150 278
1782160 278
1782170 277
1782180 276
1782190 275
1782200 274
1782210 272
1782220 271
1782230 270
1782240 268
1782250 267
1782260 266
1782270 265
1782280 264
1782290 263
1782300 262
1782310 261
1782320 261
1782330 260
1782340 260
1782350 260
1782360 259
1782370 259
1782380 259
1782390 258
1782400 258
1782410 258
1782420 258
1782430 258
1782440 257
1782450 257
1782460 257
1782470 257
1782480 257
